0.0	0.932847950133	3.10389334039	0	0.0
1.30015580209e-23	0.932847950133	3.10389334039	1.6154156634e-15	1e-08
1.43455338889e-23	0.932847950133	3.10389334039	1.69920279527e-15	1.03333333333e-08
1.58284370402e-23	0.932847950133	3.10389334039	1.78866883275e-15	1.06777777778e-08
1.74646284394e-23	0.932847950133	3.10389334039	1.88419867943e-15	1.10337037037e-08
1.92699535496e-23	0.932847950133	3.10389334039	1.98620332684e-15	1.14014938272e-08
2.1261895785e-23	0.932847950133	3.10389334039	2.09512162256e-15	1.17815436214e-08
2.34597458271e-23	0.932847950133	3.10389334039	2.21142215834e-15	1.21742617421e-08
2.5884788442e-23	0.932847950133	3.10389334039	2.33560528598e-15	1.25800704668e-08
2.85605086102e-23	0.932847950133	3.10389334039	2.46820527005e-15	1.29994061491e-08
3.15128189632e-23	0.932847950133	3.10389334039	2.60979258637e-15	1.34327196874e-08
3.47703107309e-23	0.932847950133	3.10389334039	2.76097637635e-15	1.38804770103e-08
3.8364530629e-23	0.932847950133	3.10389334039	2.92240706766e-15	1.43431595773e-08
4.23302863692e-23	0.932847950133	3.10389334039	3.09477917249e-15	1.48212648965e-08
4.67059837491e-23	0.932847950133	3.10389334039	3.27883427553e-15	1.53153070598e-08
5.15339985878e-23	0.932847950133	3.10389334039	3.47536422445e-15	1.58258172951e-08
5.68610871084e-23	0.932847950133	3.10389334039	3.68521453657e-15	1.63533445383e-08
6.27388387425e-23	0.932847950133	3.10389334039	3.90928803651e-15	1.68984560229e-08
6.92241757399e-23	0.932847950133	3.10389334039	4.14854874034e-15	1.74617378903e-08
7.63799044248e-23	0.932847950133	3.10389334039	4.40402600298e-15	1.804379582e-08
8.4275323434e-23	0.932847950133	3.10389334039	4.67681894676e-15	1.86452556806e-08
9.29868948304e-23	0.932847950133	3.10389334039	4.96810119006e-15	1.92667642033e-08
1.02598984589e-22	0.932847950133	3.10389334039	5.27912589652e-15	1.99089896768e-08
1.13204679625e-22	0.932847950133	3.10389334039	5.61123116641e-15	2.0572622666e-08
1.24906689286e-22	0.932847950133	3.10389334039	5.96584579349e-15	2.12583767549e-08
1.37818340019e-22	0.932847950133	3.10389334039	6.34449541196e-15	2.19669893134e-08
1.52064672871e-22	0.932847950133	3.10389334039	6.74880906012e-15	2.26992222905e-08
1.67783654425e-22	0.932847950133	3.10389334039	7.18052618888e-15	2.34558630335e-08
1.85127512925e-22	0.932847950133	3.10389334039	7.64150414526e-15	2.42377251346e-08
2.04264212502e-22	0.932847950133	3.10389334039	8.13372616313e-15	2.50456493058e-08
2.25379079802e-22	0.932847950133	3.10389334039	8.65930989554e-15	2.58805042826e-08
2.48676598755e-22	0.932847950133	3.10389334039	9.22051652536e-15	2.67431877587e-08
2.74382390871e-22	0.932847950133	3.10389334039	9.81976049344e-15	2.76346273507e-08
3.02745400238e-22	0.932847950133	3.10389334039	1.0459619886e-14	2.85557815957e-08
3.34040304389e-22	0.932847950133	3.10389334039	1.11428475263e-14	2.95076409822e-08
3.68570174372e-22	0.932847950133	3.10389334039	1.18723828178e-14	3.04912290149e-08
4.06669409804e-22	0.932847950133	3.10389334039	1.26513643901e-14	3.15076033154e-08
4.48706977314e-22	0.932847950133	3.10389334039	1.34831436023e-14	3.25578567593e-08
4.95089983747e-22	0.932847950133	3.10389334039	1.43712989612e-14	3.36431186513e-08
5.46267618733e-22	0.932847950133	3.10389334039	1.53196515166e-14	3.47645559396e-08
6.02735504803e-22	0.932847950133	3.10389334039	1.63322813007e-14	3.5923374471e-08
6.6504049717e-22	0.932847950133	3.10389334039	1.74135448814e-14	3.71208202867e-08
7.33785979674e-22	0.932847950133	3.10389334039	1.85680941047e-14	3.83581809629e-08
8.09637708165e-22	0.932847950133	3.10389334039	1.98008961087e-14	3.9636786995e-08
8.93330257924e-22	0.932847950133	3.10389334039	2.11172546929e-14	4.09580132281e-08
9.85674137549e-22	0.932847950133	3.10389334039	2.25228331368e-14	4.23232803358e-08
1.08756363821e-21	0.932847950133	3.10389334039	2.40236785641e-14	4.37340563469e-08
1.19998549429e-21	0.932847950133	3.10389334039	2.56262479593e-14	4.51918582252e-08
1.32402843928e-21	0.932847950133	3.10389334039	2.73374359467e-14	4.66982534993e-08
1.46089374943e-21	0.932847950133	3.10389334039	2.91646044534e-14	4.82548619493e-08
1.61190687738e-21	0.932847950133	3.10389334039	3.1115614381e-14	4.98633573476e-08
1.7785302883e-21	0.932847950133	3.10389334039	3.3198859426e-14	5.15254692592e-08
1.96237762291e-21	0.932847950133	3.10389334039	3.54233021906e-14	5.32429849012e-08
2.1652293246e-21	0.932847950133	3.10389334039	3.77985127427e-14	5.50177510646e-08
2.38904988182e-21	0.932847950133	3.10389334039	4.03347097877e-14	5.68516761001e-08
2.63600685294e-21	0.932847950133	3.10389334039	4.30428046324e-14	5.87467319701e-08
2.90849185762e-21	0.932847950133	3.10389334039	4.59344481278e-14	6.07049563691e-08
3.20914373816e-21	0.932847950133	3.10389334038	4.90220807933e-14	6.27284549147e-08
3.54087411495e-21	0.932847950133	3.10389334038	5.23189863396e-14	6.48194034119e-08
3.90689558365e-21	0.932847950133	3.10389334038	5.58393488173e-14	6.69800501922e-08
4.31075282713e-21	0.932847950133	3.10389334038	5.95983136407e-14	6.9212718532e-08
4.75635694344e-21	0.932847950133	3.10389334038	6.36120527466e-14	7.15198091497e-08
5.2480233223e-21	0.932847950133	3.10389334038	6.78978341696e-14	7.3903802788e-08
5.79051343684e-21	0.932847950133	3.10389334038	7.24740963336e-14	7.6367262881e-08
6.38908095544e-21	0.932847950133	3.10389334038	7.73605273776e-14	7.89128383103e-08
7.04952262013e-21	0.932847950133	3.10389334038	8.25781498589e-14	8.1543266254e-08
7.7782343843e-21	0.932847950133	3.10389334038	8.81494111974e-14	8.42613751292e-08
8.58227335344e-21	0.932847950133	3.10389334038	9.40982802488e-14	8.70700876335e-08
9.4694261286e-21	0.932847950133	3.10389334038	1.00450350425e-13	8.99724238879e-08
1.04482842147e-20	0.932847950133	3.10389334038	1.07232949802e-13	9.29715046842e-08
1.15283272237e-20	0.932847950133	3.10389334038	1.14475258692e-13	9.60705548403e-08
1.27200146786e-20	0.932847950133	3.10389334038	1.22208435184e-13	9.92729066683e-08
1.4034887307e-20	0.932847950133	3.10389334038	1.30465749195e-13	1.02582003557e-07
1.54856788061e-20	0.932847950133	3.10389334038	1.39282725599e-13	1.06001403676e-07
1.70864391597e-20	0.932847950133	3.10389334038	1.48697297071e-13	1.09534783798e-07
1.88526707039e-20	0.932847950133	3.10389334038	1.58749967277e-13	1.13185943258e-07
2.08014782571e-20	0.932847950133	3.10389334038	1.69483985129e-13	1.16958808034e-07
2.29517347687e-20	0.932847950133	3.10389334038	1.80945530858e-13	1.20857434968e-07
2.53242640924e-20	0.932847950132	3.10389334038	1.93183914686e-13	1.24886016134e-07
2.7942042651e-20	0.932847950132	3.10389334038	2.06251788974e-13	1.29048883338e-07
3.08304219488e-20	0.932847950132	3.10389334038	2.20205374741e-13	1.33350512783e-07
3.40173740843e-20	0.932847950132	3.10389334038	2.35104703544e-13	1.37795529875e-07
3.75337626424e-20	0.932847950132	3.10389334038	2.51013875744e-13	1.42388714205e-07
4.14136415881e-20	0.932847950132	3.10389334038	2.68001336281e-13	1.47135004678e-07
4.56945850575e-20	0.932847950132	3.10389334038	2.86140169143e-13	1.52039504834e-07
5.04180512388e-20	0.932847950132	3.10389334038	3.05508411789e-13	1.57107488329e-07
5.56297838687e-20	0.932847950132	3.10389334038	3.2618939088e-13	1.62344404606e-07
6.13802552308e-20	0.932847950132	3.10389334038	3.48272080777e-13	1.6775588476e-07
6.77251549474e-20	0.932847950132	3.10389334038	3.71851486322e-13	1.73347747585e-07
7.47259292977e-20	0.932847950132	3.10389334038	3.97029051576e-13	1.79126005838e-07
8.24503762855e-20	0.932847950132	3.10389334038	4.23913096253e-13	1.85096872699e-07
9.09733022193e-20	0.932847950131	3.10389334038	4.52619281736e-13	1.91266768456e-07
1.00377246163e-19	0.932847950131	3.10389334038	4.8327110868e-13	1.97642327404e-07
1.10753279276e-19	0.932847950131	3.10389334038	5.16000448338e-13	2.04230404984e-07
1.22201886775e-19	0.932847950131	3.10389334038	5.50948109907e-13	2.11038085151e-07
1.3483394107e-19	0.932847950131	3.10389334038	5.88264446315e-13	2.18072687989e-07
1.48771775497e-19	0.932847950131	3.10389334038	6.2811000108e-13	2.25341777588e-07
1.64150369031e-19	0.932847950131	3.10389334038	6.70656199001e-13	2.32853170175e-07
1.81118653474e-19	0.93284795013	3.10389334038	7.16086083671e-13	2.40614942514e-07
1.99840955765e-19	0.93284795013	3.10389334038	7.64595104967e-13	2.48635440598e-07
2.20498589377e-19	0.93284795013	3.10389334038	8.1639195993e-13	2.56923288618e-07
2.43291610227e-19	0.93284795013	3.10389334037	8.71699490617e-13	2.65487398238e-07
2.68440754085e-19	0.93284795013	3.10389334037	9.30755642829e-13	2.74336978179e-07
2.96189574257e-19	0.932847950129	3.10389334037	9.93814489802e-13	2.83481544119e-07
3.26806800247e-19	0.932847950129	3.10389334037	1.06114732529e-12	2.92930928923e-07
3.60588940228e-19	0.932847950129	3.10389334037	1.13304383074e-12	3.0269529322e-07
3.97863152531e-19	0.932847950128	3.10389334037	1.20981332156e-12	3.12785136327e-07
4.38990413965e-19	0.932847950128	3.10389334037	1.29178607787e-12	3.23211307538e-07
4.84369015645e-19	0.932847950128	3.10389334037	1.37931476544e-12	3.3398501779e-07
5.34438420188e-19	0.932847950127	3.10389334037	1.47277595295e-12	3.45117851716e-07
5.89683517623e-19	0.932847950127	3.10389334037	1.57257173205e-12	3.56621780106e-07
6.50639321241e-19	0.932847950126	3.10389334036	1.67913144729e-12	3.68509172777e-07
7.17896148855e-19	0.932847950126	3.10389334036	1.79291354324e-12	3.80792811869e-07
7.92105339649e-19	0.932847950126	3.10389334036	1.91440753679e-12	3.93485905598e-07
8.7398556198e-19	0.932847950125	3.10389334036	2.04413612325e-12	4.06602102451e-07
9.6432977322e-19	0.932847950124	3.10389334036	2.182657425e-12	4.20155505866e-07
1.06401289904e-18	0.932847950124	3.10389334036	2.33056739277e-12	4.34160689395e-07
1.17400030649e-18	0.932847950123	3.10389334035	2.48850236946e-12	4.48632712375e-07
1.29535715298e-18	0.932847950123	3.10389334035	2.6571418279e-12	4.63587136121e-07
1.42925870165e-18	0.932847950122	3.10389334035	2.83721129408e-12	4.79040040658e-07
1.57700170299e-18	0.932847950121	3.10389334035	3.02948546853e-12	4.95008042013e-07
1.7400169531e-18	0.93284795012	3.10389334035	3.23479155924e-12	5.1150831008e-07
1.91988314999e-18	0.932847950119	3.10389334034	3.45401284055e-12	5.28558587083e-07
2.11834218227e-18	0.932847950118	3.10389334034	3.68809245314e-12	5.46177206652e-07
2.33731599822e-18	0.932847950117	3.10389334034	3.9380374617e-12	5.64383113541e-07
2.57892521863e-18	0.932847950116	3.10389334033	4.20492318751e-12	5.83195883992e-07
2.84550967363e-18	0.932847950115	3.10389334033	4.48989783473e-12	6.02635746791e-07
3.13965106249e-18	0.932847950114	3.10389334033	4.79418743026e-12	6.22723605018e-07
3.46419795564e-18	0.932847950113	3.10389334032	5.11910109838e-12	6.43481058518e-07
3.82229338135e-18	0.932847950111	3.10389334032	5.46603669289e-12	6.64930427135e-07
4.21740526384e-18	0.93284795011	3.10389334031	5.83648681103e-12	6.87094774706e-07
4.65336000796e-18	0.932847950108	3.10389334031	6.23204521496e-12	7.09997933863e-07
5.13437955544e-18	0.932847950106	3.1038933403	6.65441368848e-12	7.33664531658e-07
5.66512227169e-18	0.932847950105	3.1038933403	7.10540935854e-12	7.58120016047e-07
6.2507280591e-18	0.932847950103	3.10389334029	7.58697251291e-12	7.83390683248e-07
6.89686813364e-18	0.932847950101	3.10389334028	8.10117494773e-12	8.09503706023e-07
7.60979994699e-18	0.932847950098	3.10389334028	8.65022888092e-12	8.3648716289e-07
8.39642778593e-18	0.932847950096	3.10389334027	9.23649646957e-12	8.64370068319e-07
9.26436963593e-18	0.932847950093	3.10389334026	9.86249997257e-12	8.9318240393e-07
1.02220309564e-17	0.932847950091	3.10389334025	1.05309326019e-11	9.22955150727e-07
1.12786860823e-17	0.932847950088	3.10389334024	1.12446701094e-11	9.53720322417e-07
1.24445680399e-17	0.932847950085	3.10389334023	1.20067831591e-11	9.85510999831e-07
1.37309676472e-17	0.932847950082	3.10389334022	1.28205505377e-11	1.01836136649e-06
1.51503428584e-17	0.932847950078	3.10389334021	1.36894732609e-11	1.05230674537e-06
1.67164394108e-17	0.932847950074	3.1038933402	1.46172896353e-11	1.08738363689e-06
1.84444239439e-17	0.93284795007	3.10389334019	1.56079913417e-11	1.12362975811e-06
2.03510308782e-17	0.932847950066	3.10389334018	1.66658406082e-11	1.16108408338e-06
2.24547244773e-17	0.932847950061	3.10389334016	1.77953885472e-11	1.19978688616e-06
2.4775877663e-17	0.932847950057	3.10389334015	1.90014947355e-11	1.23977978237e-06
2.73369693131e-17	0.932847950051	3.10389334013	2.02893481209e-11	1.28110577511e-06
3.01628019557e-17	0.932847950046	3.10389334011	2.16644893469e-11	1.32380930095e-06
3.3280741965e-17	0.93284795004	3.1038933401	2.31328345893e-11	1.36793627764e-06
3.67209845879e-17	0.932847950034	3.10389334008	2.47007010092e-11	1.41353415357e-06
4.05168463648e-17	0.932847950027	3.10389334005	2.6374833931e-11	1.46065195868e-06
4.47050877795e-17	0.93284795002	3.10389334003	2.81624358618e-11	1.5093403573e-06
4.93262692603e-17	0.932847950012	3.10389334001	3.00711974791e-11	1.55965170255e-06
5.44251439822e-17	0.932847950004	3.10389333998	3.21093307171e-11	1.61164009263e-06
6.00510912726e-17	0.932847949995	3.10389333996	3.42856040967e-11	1.66536142905e-06
6.62585948179e-17	0.932847949985	3.10389333993	3.66093804499e-11	1.72087347668e-06
7.31077703037e-17	0.932847949975	3.1038933399	3.90906572002e-11	1.7782359259e-06
8.0664947596e-17	0.932847949965	3.10389333986	4.17401093748e-11	1.83751045676e-06
8.90033131038e-17	0.932847949953	3.10389333983	4.456913553e-11	1.89876080532e-06
9.82036185423e-17	0.932847949941	3.10389333979	4.75899067913e-11	1.96205283216e-06
1.08354962961e-16	0.932847949928	3.10389333975	5.08154192158e-11	2.02745459322e-06
1.19555655612e-16	0.932847949914	3.1038933397	5.42595497047e-11	2.09503641299e-06
1.31914168011e-16	0.932847949899	3.10389333966	5.79371157043e-11	2.16487096009e-06
1.45550184413e-16	0.932847949884	3.10389333961	6.1863938955e-11	2.23703332542e-06
1.6059576088e-16	0.932847949867	3.10389333956	6.60569135593e-11	2.31160110293e-06
1.77196604159e-16	0.932847949849	3.1038933395	7.05340786645e-11	2.38865447302e-06
1.95513482755e-16	0.932847949829	3.10389333944	7.53146960712e-11	2.46827628878e-06
2.15723783875e-16	0.932847949809	3.10389333938	8.0419333102e-11	2.55055216506e-06
2.38023231307e-16	0.932847949787	3.10389333931	8.5869951087e-11	2.63557057056e-06
2.62627780877e-16	0.932847949763	3.10389333924	9.16899998464e-11	2.7234229229e-06
2.89775711848e-16	0.932847949738	3.10389333916	9.79045185772e-11	2.81420368698e-06
3.19729934497e-16	0.932847949711	3.10389333907	1.04540243577e-10	2.90801047654e-06
3.52780536234e-16	0.932847949683	3.10389333899	1.11625723272e-10	3.00494415908e-06
3.89247590912e-16	0.932847949652	3.10389333889	1.19191441034e-10	3.10510896437e-06
4.29484258535e-16	0.93284794962	3.10389333879	1.27269946334e-10	3.2086125965e-06
4.73880205391e-16	0.932847949585	3.10389333868	1.3589599477e-10	3.3155663497e-06
5.22865377713e-16	0.932847949548	3.10389333857	1.451066976e-10	3.426085228e-06
5.76914165437e-16	0.932847949508	3.10389333844	1.54941681399e-10	3.54028806891e-06
6.36549996362e-16	0.932847949465	3.10389333831	1.65443258544e-10	3.65829767119e-06
7.02350405212e-16	0.93284794942	3.10389333817	1.7665660925e-10	3.78024092687e-06
7.74952626689e-16	0.932847949372	3.10389333802	1.88629975949e-10	3.90624895773e-06
8.55059766683e-16	0.93284794932	3.10389333786	2.01414870834e-10	4.03645725629e-06
9.434476114e-16	0.932847949265	3.10389333769	2.15066297483e-10	4.17100583147e-06
1.04097214035e-15	0.932847949206	3.1038933375	2.29642987493e-10	4.31003935915e-06
1.14857781597e-15	0.932847949143	3.10389333731	2.45207653159e-10	4.45370733774e-06
1.26730673011e-15	0.932847949076	3.1038933371	2.61827257274e-10	4.60216424896e-06
1.39830869607e-15	0.932847949005	3.10389333688	2.79573301222e-10	4.75556972387e-06
1.54285238376e-15	0.932847948928	3.10389333664	2.98522132592e-10	4.91408871461e-06
1.70233760595e-15	0.932847948847	3.10389333639	3.18755273643e-10	5.0778916717e-06
1.8783088746e-15	0.932847948759	3.10389333612	3.4035977203e-10	5.24715472736e-06
2.07247035843e-15	0.932847948666	3.10389333583	3.63428575306e-10	5.42205988486e-06
2.28670238672e-15	0.932847948567	3.10389333552	3.88060930802e-10	5.60279521427e-06
2.52307965909e-15	0.932847948461	3.10389333519	4.14362812612e-10	5.78955505465e-06
2.78389133759e-15	0.932847948347	3.10389333484	4.4244737752e-10	5.98254022304e-06
3.07166321584e-15	0.932847948226	3.10389333446	4.72435451823e-10	6.18195823036e-06
3.38918217965e-15	0.932847948097	3.10389333406	5.0445605116e-10	6.38802350459e-06
3.73952319627e-15	0.932847947959	3.10389333363	5.38646935558e-10	6.60095762127e-06
4.12607909344e-15	0.932847947812	3.10389333317	5.75155202117e-10	6.82098954183e-06
4.55259341675e-15	0.932847947654	3.10389333268	6.14137917848e-10	7.04835585972e-06
5.0231966835e-15	0.932847947486	3.10389333216	6.55762795417e-10	7.28330105486e-06
5.54244638408e-15	0.932847947307	3.1038933316	7.00208914681e-10	7.52607775649e-06
6.11537111833e-15	0.932847947115	3.10389333101	7.47667493132e-10	7.77694701482e-06
6.74751929433e-15	0.932847946911	3.10389333037	7.98342708557e-10	8.03617858173e-06
7.44501286117e-15	0.932847946692	3.10389332969	8.52452577462e-10	8.30405120085e-06
8.21460659603e-15	0.932847946459	3.10389332897	9.10229893026e-10	8.58085290725e-06
9.06375351994e-15	0.93284794621	3.10389332819	9.71923226631e-10	8.86688133716e-06
1.00006770754e-14	0.932847945944	3.10389332737	1.03779799728e-09	9.16244404803e-06
1.10344507654e-14	0.93284794566	3.10389332648	1.10813761347e-09	9.46785884923e-06
1.2175086024e-14	0.932847945357	3.10389332554	1.18324469252e-09	9.78345414376e-06
1.3433629171e-14	0.932847945033	3.10389332454	1.26344236246e-09	1.01095692814e-05
1.48222683885e-14	0.932847944687	3.10389332346	1.34907565222e-09	1.04465549236e-05
1.63544517552e-14	0.932847944318	3.10389332232	1.44051297604e-09	1.07947734204e-05
1.80450174828e-14	0.932847943924	3.10389332109	1.53814771845e-09	1.11545992005e-05
1.99103376146e-14	0.932847943503	3.10389331978	1.64239992668e-09	1.15264191731e-05
2.19684765776e-14	0.932847943054	3.10389331839	1.75371811788e-09	1.19106331447e-05
2.42393661258e-14	0.932847942574	3.1038933169	1.87258120865e-09	1.23076542487e-05
2.67449983653e-14	0.932847942062	3.1038933153	1.99950057552e-09	1.27179093893e-05
2.9509638735e-14	0.932847941515	3.1038933136	2.13502225496e-09	1.31418397012e-05
3.25600610005e-14	0.932847940931	3.10389331179	2.27972929261e-09	1.35799010234e-05
3.59258065419e-14	0.932847940307	3.10389330985	2.43424425161e-09	1.40325643895e-05
3.96394704423e-14	0.932847939641	3.10389330778	2.59923189107e-09	1.45003165344e-05
4.37370171506e-14	0.93284793893	3.10389330557	2.77540202598e-09	1.49836604173e-05
4.82581287739e-14	0.93284793817	3.10389330321	2.96351258103e-09	1.54831157628e-05
5.32465893733e-14	0.93284793736	3.10389330069	3.16437285133e-09	1.59992196196e-05
5.87507089845e-14	0.932847936494	3.103893298	3.37884698423e-09	1.65325269381e-05
6.48237914688e-14	0.932847935569	3.10389329513	3.60785769707e-09	1.7083611167e-05
7.15246507277e-14	0.932847934582	3.10389329206	3.8523902469e-09	1.765306487e-05
7.89181802767e-14	0.932847933528	3.10389328879	4.11349666931e-09	1.82415003628e-05
8.70759816981e-14	0.932847932403	3.10389328529	4.39230030452e-09	1.88495503717e-05
9.60770580554e-14	0.932847931201	3.10389328155	4.69000063025e-09	1.94778687139e-05
1.06008578988e-13	0.932847929918	3.10389327757	5.00787842215e-09	2.01271310005e-05
1.16966724892e-13	0.932847928548	3.10389327331	5.34730126398e-09	2.07980353629e-05
1.29057618367e-13	0.932847927085	3.10389326876	5.70972943129e-09	2.14913032037e-05
1.42398351943e-13	0.932847925522	3.10389326391	6.09672217387e-09	2.22076799719e-05
1.57118122049e-13	0.932847923854	3.10389325872	6.50994442394e-09	2.29479359653e-05
1.73359480193e-13	0.932847922073	3.10389325319	6.95117395917e-09	2.37128671578e-05
1.91279713486e-13	0.932847920171	3.10389324728	7.42230905101e-09	2.45032960561e-05
2.11052367864e-13	0.932847918141	3.10389324097	7.92537663151e-09	2.53200725836e-05
2.32868928768e-13	0.932847915972	3.10389323423	8.46254101368e-09	2.61640749946e-05
2.56940675558e-13	0.932847913657	3.10389322704	9.03611320281e-09	2.70362108184e-05
2.83500727618e-13	0.932847911185	3.10389321935	9.64856083899e-09	2.79374178353e-05
3.12806301966e-13	0.932847908545	3.10389321115	1.03025188135e-08	2.88686650851e-05
3.45141204233e-13	0.932847905726	3.10389320239	1.10008006045e-08	2.98309539087e-05
3.80818577142e-13	0.932847902716	3.10389319304	1.17464103816e-08	3.08253190251e-05
4.20183933088e-13	0.932847899502	3.10389318305	1.25425559302e-08	3.1852829644e-05
4.63618500206e-13	0.932847896071	3.10389317239	1.33926624524e-08	3.29145906152e-05
5.11542914316e-13	0.932847892406	3.103893161	1.43003873027e-08	3.40117436171e-05
5.64421292512e-13	0.932847888494	3.10389314884	1.52696357228e-08	3.51454683837e-05
6.22765727834e-13	0.932847884316	3.10389313586	1.63045776432e-08	3.63169839739e-05
6.87141248557e-13	0.932847879855	3.103893122	1.74096656227e-08	3.75275500813e-05
7.58171290128e-13	0.932847875092	3.10389310719	1.85896540049e-08	3.87784683897e-05
8.36543732728e-13	0.932847870005	3.10389309139	1.98496193718e-08	4.00710839722e-05
9.23017562951e-13	0.932847864575	3.10389307451	2.1194982385e-08	4.14067867377e-05
1.01843022409e-12	0.932847858776	3.10389305649	2.26315311062e-08	4.27870129251e-05
1.12370572625e-12	0.932847852584	3.10389303725	2.41654458992e-08	4.42132466484e-05
1.23986359476e-12	0.932847845972	3.1038930167	2.58033260187e-08	4.56870214915e-05
1.36802874363e-12	0.932847838912	3.10389299477	2.75522180022e-08	4.7209922158e-05
1.50944236959e-12	0.932847831374	3.10389297134	2.94196459856e-08	4.8783586175e-05
1.66547397233e-12	0.932847823325	3.10389294633	3.14136440738e-08	5.04097056535e-05
1.83763461711e-12	0.93284781473	3.10389291962	3.35427909054e-08	5.20900291083e-05
2.02759156857e-12	0.932847805552	3.1038928911	3.58162465597e-08	5.3826363338e-05
2.23718443696e-12	0.932847795753	3.10389286065	3.82437919652e-08	5.56205753678e-05
2.4684429937e-12	0.932847785289	3.10389282813	4.08358709802e-08	5.74745944568e-05
2.72360682826e-12	0.932847774117	3.10389279341	4.36036353236e-08	5.93904141728e-05
3.00514703723e-12	0.932847762187	3.10389275634	4.65589925529e-08	6.13700945357e-05
3.31579015516e-12	0.932847749448	3.10389271676	4.97146572926e-08	6.34157642328e-05
3.65854455935e-12	0.932847735846	3.10389267449	5.30842059358e-08	6.55296229073e-05
4.03672960395e-12	0.932847721322	3.10389262936	5.66821350526e-08	6.77139435238e-05
4.45400776571e-12	0.932847705814	3.10389258116	6.05239237575e-08	6.99710748123e-05
4.9144201127e-12	0.932847689254	3.10389252971	6.46261003043e-08	7.23034437937e-05
5.4224254393e-12	0.932847671573	3.10389247476	6.90063131938e-08	7.47135583893e-05
5.98294344673e-12	0.932847652692	3.10389241609	7.36834071022e-08	7.72040101176e-05
6.60140238708e-12	0.932847632533	3.10389235344	7.86775039542e-08	7.9777476881e-05
7.28379163227e-12	0.932847611006	3.10389228655	8.40100894928e-08	8.2436725845e-05
8.03671967717e-12	0.932847588021	3.10389221512	8.97041057147e-08	8.51846164137e-05
8.86747813839e-12	0.932847563478	3.10389213886	9.57840495726e-08	8.80241033045e-05
9.78411236876e-12	0.932847537271	3.10389205742	1.02276078366e-07	9.09582397248e-05
1.07954993711e-11	0.932847509288	3.10389197046	1.09208122274e-07	9.39901806557e-05
1.19114337659e-11	0.932847479409	3.10389187761	1.16610004522e-07	9.71231862436e-05
1.3142722646e-11	0.932847447504	3.10389177847	1.24513569679e-07	0.000100360625306
1.45012902352e-11	0.932847413437	3.1038916726	1.32952820668e-07	0.000103705978955
1.60002933669e-11	0.932847377061	3.10389155957	1.4196406505e-07	0.000107162844337
1.76542488988e-11	0.93284733822	3.10389143887	1.51586071224e-07	0.000110734938505
1.94791742983e-11	0.932847296746	3.10389130999	1.61860235224e-07	0.000114426102412
2.14927427613e-11	0.93284725246	3.10389117237	1.72830758803e-07	0.000118240305043
2.37144543642e-11	0.932847205174	3.10389102543	1.84544839608e-07	0.00012218164768
2.61658249086e-11	0.932847154682	3.10389086852	1.97052874228e-07	0.000126254368317
2.88705942872e-11	0.932847100768	3.10389070099	2.10408675011e-07	0.000130462846209
3.18549563872e-11	0.9328470432	3.10389052209	2.24669701574e-07	0.000134811606588
3.51478127601e-11	0.93284698173	3.10389033108	2.39897308011e-07	0.000139305325528
3.87810525118e-11	0.932846916094	3.10389012711	2.56157006841e-07	0.000143948834966
4.27898611265e-11	0.932846846009	3.10388990933	2.73518750863e-07	0.000148747127906
4.72130612119e-11	0.932846771174	3.10388967678	2.92057234102e-07	0.000153705363782
5.20934884678e-11	0.932846691267	3.10388942846	3.11852213159e-07	0.000158828874011
5.74784065185e-11	0.932846605944	3.10388916332	3.32988850334e-07	0.000164123167717
6.34199646258e-11	0.932846514838	3.10388888021	3.55558080012e-07	0.000169593937664
6.99757027151e-11	0.932846417557	3.10388857791	3.79656999878e-07	0.00017524706637
7.72091086062e-11	0.932846313683	3.10388825512	4.05389288647e-07	0.000181088632436
8.5190232844e-11	0.932846202768	3.10388791046	4.32865652106e-07	0.00018712491708
9.39963670839e-11	0.932846084336	3.10388754243	4.6220429939e-07	0.000193362410892
1.03712792601e-10	0.932845957876	3.10388714946	4.93531451533e-07	0.00019980782081
1.1443360617e-10	0.932845822846	3.10388672985	5.26981884491e-07	0.000206468077334
1.2626263132e-10	0.932845678664	3.1038862818	5.62699508967e-07	0.000213350341979
1.39314423778e-10	0.932845524709	3.10388580339	6.00837989533e-07	0.000220462014969
1.53715380846e-10	0.932845360319	3.10388529255	6.41561405718e-07	0.000227810743201
1.69604965457e-10	0.932845184788	3.10388474709	6.85044957896e-07	0.000235404428462
1.87137056749e-10	0.932844997359	3.10388416465	7.31475721016e-07	0.000243251235927
2.06481440254e-10	0.932844797228	3.10388354274	7.81053449422e-07	0.000251359602935
2.27825452121e-10	0.932844583531	3.10388287868	8.33991436216e-07	0.000259738248066
2.513757933e-10	0.932844355351	3.10388216961	8.9051743086e-07	0.00026839618051
2.77360531245e-10	0.932844111706	3.10388141249	9.50874618974e-07	0.000277342709756
3.06031308543e-10	0.932843851547	3.10388060404	1.01532266854e-06	0.000286587455599
3.37665779826e-10	0.932843573755	3.10387974081	1.08413884701e-06	0.000296140358484
3.72570300587e-10	0.932843277135	3.10387881906	1.15761921411e-06	0.000306011690193
4.11082893927e-10	0.932842960411	3.10387783484	1.23607989551e-06	0.00031621206489
4.53576523966e-10	0.932842622221	3.10387678392	1.31985844283e-06	0.000326752450528
5.00462707604e-10	0.932842261109	3.10387566176	1.40931528571e-06	0.000337644180646
5.52195499626e-10	0.932841875521	3.10387446355	1.50483528247e-06	0.00034889896655
6.09275889717e-10	0.9328414638	3.10387318413	1.60682937571e-06	0.000360528909905
6.72256653979e-10	0.932841024174	3.10387181799	1.71573636014e-06	0.000372546515744
7.4174770792e-10	0.932840554751	3.10387035926	1.83202477034e-06	0.000384964705912
8.18422012754e-10	0.932840053512	3.10386880166	1.95619489624e-06	0.000397796832959
9.0302209219e-10	0.932839518301	3.10386713849	2.08878093543e-06	0.000411056694492
9.96367222821e-10	0.932838946815	3.1038653626	2.23035329111e-06	0.000424758548009
1.09936136773e-09	0.932838336596	3.10386346635	2.38152102596e-06	0.000438917126225
1.21300193014e-09	0.932837685018	3.10386144157	2.54293448217e-06	0.000453547652907
1.33838941183e-09	0.932836989279	3.10385927956	2.71528807911e-06	0.000468665859244
1.47673806986e-09	0.932836246385	3.10385697102	2.89932330054e-06	0.000484288000752
1.62938767483e-09	0.93283545314	3.10385450601	3.09583188429e-06	0.000500430874749
1.79781648438e-09	0.932834606133	3.10385187394	3.30565922806e-06	0.000517111838409
1.9836555577e-09	0.932833701718	3.10384906347	3.52970802609e-06	0.000534348827421
2.18870454948e-09	0.932832736007	3.10384606252	3.76894215217e-06	0.000552160375264
2.41494913635e-09	0.932831704843	3.10384285818	4.02439080581e-06	0.000570565633125
2.66458024444e-09	0.932830603792	3.10383943667	4.29715293946e-06	0.000589584390487
2.94001526419e-09	0.932829428116	3.10383578325	4.5884019856e-06	0.000609237096393
3.24392145778e-09	0.932828172759	3.10383188223	4.89939090418e-06	0.000629544881424
3.57924178589e-09	0.932826832319	3.10382771681	5.23145757215e-06	0.000650529580406
3.94922340362e-09	0.932825401032	3.10382326909	5.58603053809e-06	0.000672213755876
4.35744910154e-09	0.932823872739	3.10381851992	5.9646351668e-06	0.000694620722322
4.80787199612e-09	0.932822240867	3.10381344887	6.36890020021e-06	0.000717774571239
5.30485380544e-09	0.932820498396	3.10380803414	6.80056476284e-06	0.000741700197015
5.85320708048e-09	0.932818637831	3.10380225243	7.26148584193e-06	0.000766423323672
6.45824180081e-09	0.932816651168	3.10379607887	7.75364627424e-06	0.000791970532508
7.12581678578e-09	0.932814529861	3.1037894869	8.27916327416e-06	0.000818369290652
7.86239641839e-09	0.932812264787	3.10378244817	8.84029753937e-06	0.000845647980564
8.67511323122e-09	0.932809846202	3.10377493241	9.43946297352e-06	0.000873835930532
9.57183695972e-09	0.932807263703	3.10376690728	1.00792370675e-05	0.000902963446162
1.05612507311e-08	0.932804506182	3.10375833827	1.0762371984e-05	0.000933061842934
1.16529351263e-08	0.932801561779	3.10374918852	1.14918063928e-05	0.000964163479826
1.28574609276e-08	0.932798417829	3.10373941868	1.22706781079e-05	0.000996301794063
1.41864914503e-08	0.932795060809	3.10372898671	1.31023375806e-05	0.00102951133702
1.56528954475e-08	0.932791476283	3.10371784777	1.39903623064e-05	0.00106382781132
1.727087168e-08	0.932787648832	3.10370595393	1.49385722077e-05	0.00109928810915
1.90560863575e-08	0.932783561996	3.10369325405	1.59510460579e-05	0.00113593035187
2.10258247785e-08	0.932779198199	3.10367969351	1.70321390187e-05	0.00117379393092
2.31991586373e-08	0.932774538674	3.10366521398	1.81865013639e-05	0.00121291955009
2.55971306141e-08	0.932769563383	3.1036497532	1.94190984719e-05	0.0012533492692
2.82429580346e-08	0.93276425093	3.10363324467	2.07352321709e-05	0.00129512654922
3.11622575667e-08	0.93275857847	3.10361561742	2.21405635304e-05	0.00133829629888
3.43832931274e-08	0.932752521612	3.10359679563	2.36411371946e-05	0.00138290492285
3.79372493953e-08	0.932746054311	3.10357669838	2.52434073637e-05	0.00142900037147
4.18585335719e-08	0.93273914876	3.10355523925	2.69542655336e-05	0.00147663219219
4.6185108309e-08	0.932731775266	3.10353232596	2.87810701127e-05	0.00152585158262
5.0958859016e-08	0.932723902129	3.10350786001	3.07316780435e-05	0.00157671144549
5.62259990985e-08	0.932715495499	3.10348173621	3.28144785641e-05	0.00162926644522
6.20375170385e-08	0.932706519237	3.10345384224	3.50384292528e-05	0.00168357306655
6.84496696372e-08	0.932696934754	3.10342405819	3.7413094513e-05	0.00173968967497
7.55245261782e-08	0.93268670085	3.10339225602	3.99486866599e-05	0.00179767657924
8.33305687674e-08	0.932675773538	3.10335829904	4.26561097865e-05	0.00185759609593
9.19433546402e-08	0.932664105849	3.10332204129	4.55470065965e-05	0.00191951261604
1.01446246828e-07	0.932651647638	3.10328332693	4.86338084032e-05	0.00198349267394
1.11931220228e-07	0.932638345367	3.10324198958	5.19297885087e-05	0.00204960501842
1.23499750858e-07	0.932624141872	3.1031978516	5.54491191909e-05	0.00211792068624
1.3626379685e-07	0.932608976124	3.10315072332	5.9206932542e-05	0.00218851307794
1.50346880663e-07	0.932592782961	3.10310040225	6.32193854172e-05	0.00226145803626
1.65885282918e-07	0.932575492818	3.1030466722	6.75037287709e-05	0.00233683392706
1.83029359357e-07	0.932557031421	3.10298930233	7.20783816754e-05	0.00241472172293
2.0194499362e-07	0.932537319474	3.10292804623	7.69630103377e-05	0.00249520508947
2.22815199791e-07	0.932516272317	3.10286264079	8.21786124494e-05	0.00257837047449
2.45841890157e-07	0.93249379957	3.10279280512	8.77476072294e-05	0.00266430720004
2.71247825153e-07	0.93246980474	3.10271823935	9.36939315402e-05	0.00275310755745
2.99278764244e-07	0.932444184814	3.10263862333	0.000100043142488	0.00284486690544
3.3020583839e-07	0.932416829818	3.10255361527	0.000106822526938	0.00293968377152
3.64328166884e-07	0.932387622346	3.1024628503	0.000114061218411	0.00303765995653
4.01975743645e-07	0.932356437064	3.10236593889	0.000121790321857	0.00313890064264
4.43512620653e-07	0.932323140174	3.10226246522	0.000130043046829	0.00324351450483
4.89340419018e-07	0.932287588845	3.10215198536	0.000138854849618	0.00335161382593
5.39902201292e-07	0.932249630604	3.10203402543	0.000148263584959	0.00346331461542
5.95686742068e-07	0.932209102692	3.10190807959	0.000158309667931	0.00357873673191
6.57233237686e-07	0.93216583137	3.10177360783	0.000169036246736	0.00369800400965
7.2513650001e-07	0.932119631182	3.10163003376	0.000180489387097	0.00382124438904
8.00052683828e-07	0.932070304172	3.1014767421	0.000192718269015	0.00394859005122
8.82705602461e-07	0.932017639046	3.1013130761	0.000205775396743	0.004080177557
9.73893691692e-07	0.931961410274	3.10113833479	0.000219716822824	0.0042161479901
1.07449768824e-06	0.931901377144	3.10095176996	0.000234602387142	0.00435664710493
1.18548909568e-06	0.931837282742	3.10075258305	0.000250495971974	0.00450182547897
1.30793951814e-06	0.931768852875	3.10053992177	0.000267465774091	0.00465183866986
1.4430309501e-06	0.931695794913	3.10031287649	0.000285584595053	0.00480684737743
1.5920671196e-06	0.931617796564	3.10007047647	0.000304930150864	0.00496701761062
1.75648599205e-06	0.931534524562	3.09981168573	0.000325585402287	0.00513252085956
1.93787355224e-06	0.931445623275	3.09953539875	0.000347638907154	0.0053035342729
2.13797899445e-06	0.931350713221	3.09924043583	0.00037118519611	0.00548024084046
2.35873146298e-06	0.931249389484	3.09892553817	0.000396325173324	0.00566282958134
2.60225850014e-06	0.931141220029	3.09858936264	0.000423166543783	0.00585149573772
2.87090637388e-06	0.931025743915	3.09823047619	0.000451824268895	0.00604644097425
3.16726247477e-06	0.930902469383	3.0978473499	0.000482421052222	0.00624787358334
3.49417999028e-06	0.930770871828	3.0974383527	0.000515087857296	0.00645600869643
3.85480508546e-06	0.93063039164	3.09700174461	0.000549964459548	0.00667106850118
4.25260684098e-06	0.930480431911	3.09653566959	0.000587200034564	0.00689328246497
4.69141022437e-06	0.93032035599	3.09603814795	0.000626953784944	0.00712288756448
5.17543239852e-06	0.93014948489	3.09550710989	0.000669395608223	0.00736012852173
5.70932274007e-06	0.929967094524	3.09494077043	0.000714706807918	0.00760525804318
6.29820672117e-06	0.929772412812	3.09433625697	0.000763080845151	0.00785853703556
6.94773446853e-06	0.929564616532	3.09369101162	0.000814724159103	0.00812023493391
7.66413403338e-06	0.929342828039	3.09300230724	0.00086985701998	0.0083906299267
8.45427004734e-06	0.929106111766	3.09226723651	0.000928714444041	0.00867000922425
9.32570825033e-06	0.928853470512	3.0914827004	0.00099154716753	0.00895866933384
1.0286786464e-05	0.928583841516	3.09064539586	0.00105862268308	0.00925691634127
1.13466926376e-05	0.928296092292	3.0897518029	0.00113022634234	0.00956506619903
1.25155506512e-05	0.927989016218	3.08879817076	0.00120666252875	0.00988344502086
1.38045146236e-05	0.927661327881	3.08778050343	0.00128825590459	0.0102123893827
1.52258725407e-05	0.927311658141	3.08669454421	0.00137535273665	0.0105522466297
1.6793160093e-05	0.926938548932	3.08553575946	0.00146832230499	0.0109033751896
1.85212856894e-05	0.92654044776	3.08429932142	0.00156755839949	0.0112661448917
2.04266677011e-05	0.926115701916	3.08298009009	0.00167348090924	0.0116409372913
2.25273850783e-05	0.925662552362	3.08157259412	0.00178653750958	0.0120281459997
2.4843342581e-05	0.925179127314	3.08007101068	0.00190720545245	0.0124281770188
2.73964519714e-05	0.924663435478	3.07846914432	0.00203599346513	0.0128414490804
3.0210830621e-05	0.924113358964	3.07676040468	0.00217344376326	0.0132683939892
3.33130191102e-05	0.923526645839	3.07493778321	0.00232013418386	0.0137094569695
3.67322195163e-05	0.922900902346	3.07299382861	0.00247668044412	0.0141650970142
4.05005562212e-05	0.922233584751	3.07092062132	0.0026437385322	0.0146357872359
4.4653361204e-05	0.921521990851	3.06870974671	0.00282200723596	0.0151220152196
4.92294859285e-05	0.920763251112	3.06635226716	0.00301223081578	0.0156242833745
5.42716420834e-05	0.919954319473	3.0638386931	0.00321520182771	0.0161431092857
5.98267735816e-05	0.919091963792	3.06115895275	0.00343176410283	0.0166790260634
6.59464623842e-05	0.918172755978	3.05830236095	0.00366281588899	0.0172325826887
7.26873718726e-05	0.917193061689	3.05525853201	0.00390931316114	0.0178043443537
8.01117259329e-05	0.916149030222	3.05201463046	0.00417227302799	0.0183948926218
8.82878354772e-05	0.915036583404	3.04855788241	0.00445277753154	0.0190048260774
9.72906677302e-05	0.913851404761	3.0448748209	0.00475197743346	0.0196347604982
0.000107202464836	0.912588928427	3.04095119553	0.00507109624302	0.0202853291465
0.000118113414867	0.911244327911	3.03677193639	0.00541143443989	0.020957183055
0.000130122378638	0.909812504837	3.03232111772	0.00577437388974	0.0216509912954
0.000143337675899	0.908288077712	3.02758192155	0.00616138245377	0.0223674412246
0.000157877934512	0.906665370836	3.02253660151	0.0065740187923	0.0231072387074
0.000173873010544	0.904938403094	3.01716863844	0.00701393736201	0.023871108312
0.00019146496613	0.90310087841	3.01145714793	0.00748289327966	0.0246597929213
0.000210809128378	0.901146175375	3.00538057247	0.00798274815912	0.0254740547053
0.000232075232659	0.899067337485	2.99891711878	0.00851547561135	0.026314675113
0.000255448634449	0.896857065195	2.99204390198	0.00908316683296	0.0271824547103
0.000281131606484	0.894507708685	2.98473691976	0.00968803646058	0.0280782131725
0.000309344753191	0.892011259663	2.97697835717	0.0103324285694	0.0290027892227
0.000340328386508	0.889359354495	2.96873546631	0.0110188211839	0.0299570382756
0.000374344153825	0.88654326402	2.95998038992	0.0117498353159	0.0309418364257
0.000411676655273	0.883553895991	2.9506845107	0.0125282399675	0.0319580783457
0.000452635187075	0.880381796185	2.94082370424	0.0133569582952	0.03300667682
0.000497555484565	0.877017158395	2.93036401458	0.0142390722275	0.0340885603196
0.000546801585077	0.873449831595	2.91927117733	0.0151778309235	0.0352046755273
0.000600767825272	0.869669329664	2.90751554195	0.0161766565887	0.0363559864154
0.000659880863371	0.865664848644	2.89506588458	0.017239148468	0.0375434713546
0.000724601490754	0.861425300325	2.88188100985	0.0183690883988	0.0387681224941
0.000795426932111	0.856939324837	2.86792788211	0.0195704490786	0.040030948299
0.000872892830098	0.85219533159	2.85316890269	0.0208473954598	0.0413329687754
0.000957575215739	0.847181542026	2.83756686155	0.0222042903556	0.0426752158923
0.00105009279572	0.841886024682	2.82109181588	0.0236456973537	0.0440587316299
0.0011511083038	0.836296778958	2.8036961141	0.0251763795925	0.0454845628538
0.00126133102909	0.830401760459	2.78534960507	0.0268013098638	0.0469537677766
0.00138151777381	0.824188990471	2.76600942442	0.0285256620643	0.0484674055312
0.00151247522306	0.817646594372	2.7456483227	0.030354817395	0.050026540478
0.00165505979359	0.810762952517	2.72421724344	0.0322943530081	0.0516322320599
0.00181017975091	0.803526741882	2.70167839754	0.0343500522011	0.053285544467
0.0019787954416	0.79592706362	2.67800573657	0.0365278931585	0.0549875388402
0.00216191879822	0.787953588664	2.65316454585	0.0388340331738	0.0567392641344
0.00236061381252	0.779596648867	2.62712532901	0.0412748064233	0.058541760313
0.00257599509358	0.77084739151	2.59986159597	0.0438567098985	0.0603960536722
0.00280922578193	0.761697938347	2.57134593103	0.0465863880023	0.0623031532572
0.00306151551525	0.752141523857	2.54155341488	0.0494706186221	0.0642640501219
0.00333411739444	0.742172648323	2.51046373908	0.0525162945099	0.0662797148917
0.00362832434671	0.731787229483	2.47806900508	0.0557304002363	0.0683510941649
0.00394546388236	0.720982781222	2.44436404347	0.0591199767463	0.0704791009305
0.00428689121425	0.709758598677	2.40933352009	0.0626920937036	0.0726646126161
0.00465398515737	0.698115831922	2.37299835267	0.0664538385326	0.0749084809993
0.00504813503464	0.686057796346	2.33534387595	0.0704122373255	0.0772115025556
0.00547073907201	0.673589895776	2.29639911307	0.0745742789437	0.0795744529084
0.00592319021678	0.660719896133	2.25618705535	0.0789468178022	0.0819980506107
0.00640686487019	0.647458030064	2.21473243038	0.0835365493205	0.0844829665188
0.00692311338532	0.633817035044	2.17207573758	0.0883499736441	0.0870298272918
0.00747324966623	0.619812191371	2.12826838178	0.0933933323435	0.0896392051728
0.00805853296117	0.605461469002	2.08335323687	0.0986725506884	0.0923116129969
0.00868016119285	0.590785382738	2.03740366739	0.104193222039	0.0950475219245
0.00933925287489	0.575807081932	1.99047934145	0.109960503014	0.0978473340517
0.0100368390245	0.560552157244	1.94266957979	0.115979114438	0.100711409096
0.0107738444258	0.545048666957	1.89405001321	0.122253230213	0.103640036022
0.0115510812652	0.529326855428	1.84471971204	0.128786484768	0.106633462169
0.0123692338785	0.513419055894	1.79477417393	0.135581874707	0.109691871371
0.0132288498734	0.497359424525	1.74431940166	0.142641742283	0.112815400034
0.0141303317807	0.48118368037	1.69347163306	0.149967715209	0.116004131869
0.0150739298172	0.46492881905	1.64233998863	0.157560644319	0.119258090569
0.0160597298395	0.448632858341	1.59103440162	0.165420609596	0.122577261295
0.0170876637189	0.432334310595	1.53968287879	0.173546902384	0.125961598899
0.0181574931779	0.416072045101	1.48840302503	0.181937929312	0.129411000764
0.0192688185978	0.399884793236	1.43732073282	0.190591241441	0.132925330754
0.0204210723752	0.383810903054	1.38654201141	0.199503475848	0.136504403702
0.0216135413546	0.367887743437	1.33620081767	0.208670450507	0.140148029561
0.022845350539	0.352151666453	1.28639317485	0.21808698895	0.143855944827
0.0241145190272	0.336646525109	1.23167237362	0.227747130135	0.147627896676
0.025409697839	0.321489343162	1.16317195977	0.237681682253	0.151479209196
0.0267403039952	0.306586970996	1.09953264121	0.247996363187	0.155455627362
0.028105795241	0.291984364616	1.04036526137	0.258665668934	0.159552145478
0.029505787237	0.277718467097	0.985418211391	0.26966323695	0.163763716549
0.0309399632856	0.263819595594	0.934499445015	0.280961115948	0.168084841349
0.0324079171092	0.250313013397	0.887387704893	0.292529408354	0.172509309927
0.0339091608283	0.237218928148	0.84384395075	0.304336749179	0.177030272824
0.0354430834909	0.224552943628	0.803635084612	0.316350770704	0.181640315805
0.0370089472147	0.212326336534	0.766522707119	0.328538357081	0.18633146399
0.0386057975802	0.200546847646	0.732243154113	0.340866059462	0.191095262635
0.0402324879157	0.189218712485	0.700509983026	0.353300861162	0.195923014717
0.0418876262798	0.17834321556	0.671073839661	0.365811001332	0.200806070776
0.0435696688621	0.167918633934	0.64373427607	0.378365948747	0.205735804139
0.0452768134696	0.157941233488	0.618274173265	0.390936059632	0.210703463183
0.0470069881121	0.148405527176	0.594462873646	0.40349324465	0.215700438219
0.0487578493	0.139304528802	0.572112851805	0.416011626563	0.220718553787
0.0505267485564	0.130630261912	0.551021700591	0.428467178306	0.225749965975
0.0523108171478	0.122373621076	0.530995685918	0.440838378381	0.230787475684
0.0541070450697	0.114524396316	0.511890533415	0.453106426776	0.235824676967
0.0559121653773	0.107072071326	0.493564830134	0.46525458194	0.240855745522
0.0577228450282	0.100005366113	0.47590420495	0.477268403528	0.245875592401
0.0595356244471	0.0933127245187	0.458818380583	0.489135434019	0.250879781221
0.0613470346634	0.0869821702683	0.442242076746	0.500844917619	0.255864450632
0.063153581612	0.0810015663836	0.426124276062	0.512387431159	0.260826185221
0.0649518304987	0.0753585325345	0.410441538293	0.523754726517	0.265761966278
0.0667384550758	0.0700404862156	0.395198987902	0.534939219372	0.270668953703
0.0685101994462	0.0650348740902	0.38037923493	0.545933383388	0.275544203841
0.0702638249989	0.0603293191105	0.365958291102	0.556730341724	0.280384918029
0.0719962963035	0.0559112493411	0.351943206422	0.567324130779	0.285188561568
0.0737047153461	0.0517681824178	0.338342008623	0.577708953161	0.289952515784
0.0753864107207	0.0478875942205	0.325182860998	0.587879173033	0.29467405075
0.0770387910431	0.044257289378	0.312468988884	0.597828750349	0.29935003025
0.0786595120561	0.0408650711452	0.300228406789	0.607551913781	0.303977194672
0.0802463967114	0.0376989709676	0.288478258738	0.617042435895	0.3085517841
0.081797399998	0.0347473187869	0.27722659372	0.626293887702	0.313069620531
0.0833106469671	0.0319986914196	0.266493287814	0.635299874944	0.317526195663
0.0847845044283	0.0294418366436	0.256289967985	0.644053673586	0.321916460246
0.0862173137315	0.0270661037482	0.246611080071	0.652548402768	0.32623488322
0.0876077987016	0.0248608220735	0.237473896738	0.660777607295	0.330475734411
0.0889545552935	0.0228160938794	0.228870512941	0.668734481087	0.334632680369
0.0902565258169	0.0209220978235	0.220774368653	0.67641276444	0.338699247813
0.0915128005024	0.0191693969844	0.213218283522	0.683807274513	0.34266913352
0.09272238789	0.017549264237	0.206174399038	0.690912129841	0.346535280211
0.0938845272616	0.0160532386192	0.199617063021	0.697722771925	0.350290992031
0.0949987375404	0.0146731027889	0.193534846495	0.704235933724	0.353929986138
0.0960648863895	0.0134008425093	0.188056301571	0.710449220022	0.357446223689
0.0970837038583	0.0122281516967	0.183616218021	0.71635703645	0.360831585823
0.098055333669	0.0111480263437	0.179867405708	0.721942059113	0.364070729278
0.0989780188843	0.0101557372264	0.176412834521	0.727198767133	0.367154730181
0.099851892251	0.0092449954251	0.173220207771	0.732134675084	0.37008239381
0.100677350504	0.00840986925567	0.170307247145	0.736758760442	0.372853730121
0.101454849422	0.00764496218858	0.167666184508	0.741080099105	0.375469177936
0.102185072192	0.00694520304393	0.165160556552	0.745108603339	0.377930063892
0.102869419145	0.00630536860578	0.162918769544	0.748857748674	0.380240318261
0.103509034573	0.00572098284901	0.160869940449	0.752338217094	0.382402583859
0.104105366677	0.00518773068203	0.158998924461	0.755562515694	0.384421039394
0.104661180505	0.00470058633969	0.158278885158	0.758543521568	0.386300499708
0.105178076454	0.00425594852063	0.158063170387	0.761277216878	0.388035353863
0.105656296792	0.00385156311243	0.157846733595	0.763773264634	0.389628868566
0.106097736388	0.00348406433117	0.157629639198	0.766050101371	0.391090339624
0.106504180684	0.00315047733583	0.15698469364	0.768125058389	0.39242880665
0.106871841019	0.00285250692862	0.151566580778	0.770019431417	0.393656325375
0.10720960656	0.0025819188718	0.146284814669	0.771803639027	0.394817479178
0.107519567093	0.00233634020039	0.141127960424	0.773483622924	0.395915446968
0.107803733861	0.00211356598967	0.136097932721	0.775065222257	0.39695339844
0.108063994682	0.00191158208106	0.131190523628	0.776554000605	0.397934379914
0.108302138245	0.0017285343124	0.126394963507	0.777955319293	0.398861360257
0.108519864899	0.00156271002981	0.121708861882	0.77927439805	0.399737269108
0.108718765234	0.00141254513596	0.117129449023	0.780516214282	0.400564927874
0.108900323813	0.00127661252807	0.112656269811	0.781685512595	0.401347052905
0.109065930999	0.00115360558262	0.108280910555	0.782786789558	0.402086241917
0.109216885496	0.00104232943541	0.103994894033	0.783824373995	0.402785024587
0.109354402444	0.000941689130872	0.099796091948	0.784802428302	0.403445860723
0.109479604876	0.000850690551403	0.0956811881299	0.785724889604	0.40407109752
0.109593534566	0.000768427710954	0.091649232471	0.786595493138	0.404662982037
0.109697152582	0.000694078151218	0.0876960591133	0.787417759675	0.405223649447
0.109791346727	0.000626893880697	0.0838192593281	0.788195036665	0.40575514801
0.109876936474	0.000566194655756	0.0800159330301	0.788930492919	0.406259432694
0.109954674516	0.00051136404841	0.0762848464359	0.78962713349	0.406738372712
0.110025256042	0.000461840466199	0.0726273082415	0.790287798673	0.407193748363
0.110089317274	0.000417116029931	0.0690430169891	0.790915151863	0.40762724022
0.110147442252	0.000376729944261	0.0655345609678	0.791511707968	0.408040446457
0.110200206471	0.000340236906553	0.0623877737362	0.792079820592	0.408434871893
0.110248382722	0.000307065515893	0.0599524808575	0.792619208146	0.408810201131
0.110292068529	0.000277114035828	0.0576111086014	0.79312618842	0.409163743625
0.110331605618	0.000250115885519	0.0548177163731	0.793602665043	0.409496698716
0.110367121821	0.000225954268476	0.0515675260325	0.794054918391	0.409813350458
0.110399333428	0.00020411966262	0.0485088092088	0.794489457216	0.410118181807
0.110428538431	0.000184392148549	0.0455874005451	0.794906956898	0.410411607377
0.110454951836	0.000166610396726	0.0426549042201	0.795308452426	0.410694299281
0.110478902114	0.00015053950482	0.0399103660846	0.795696321045	0.410967883193
0.110500616077	0.000136015535915	0.0373418358159	0.796071012309	0.411232633563
0.110520300017	0.000122890144923	0.0349381088493	0.796432962387	0.411488817703
0.110538141513	0.000111029116151	0.0326886819058	0.796782594289	0.41173669591
0.11055430213	0.000100316946146	0.0304800048397	0.797120318114	0.411976521592
0.110568906651	9.06636208036e-05	0.0283263295818	0.797447655714	0.412209341924
0.110582144185	8.1938011882e-05	0.0263245493721	0.797766061062	0.412436162902
0.110594141651	7.40511676265e-05	0.0244639923829	0.798075772272	0.412657128886
0.110605014308	6.69226298119e-05	0.0227347304085	0.798377021696	0.412872381232
0.110614864783	6.04809511347e-05	0.0211008177076	0.798670036003	0.413082058341
0.110623779527	5.46658727434e-05	0.0195526297178	0.798955401903	0.413286557955
0.110631857769	4.94094331325e-05	0.0181179052507	0.799233798509	0.413486346773
0.110639177517	4.4658043141e-05	0.0167883475892	0.799505392977	0.413681526179
0.110645808917	4.03636551711e-05	0.0155510821802	0.799770348756	0.413872195674
0.110651815965	3.6482594976e-05	0.0144021366433	0.800028914124	0.414058516705
0.110657258111	3.29744842282e-05	0.0133380088678	0.800281294028	0.414240620537
0.110662188187	2.98035211306e-05	0.0123524472645	0.800527634446	0.414418596729
0.110666654292	2.69372253077e-05	0.0114423480998	0.800768078105	0.414592533187
0.110670700642	2.43458542717e-05	0.010602553527	0.801002708602	0.414762475652
0.11067436554	2.20036631861e-05	0.00982435714494	0.801231588406	0.414928455007
0.110677684767	1.98867092672e-05	0.00910324596409	0.801454857097	0.415090558569
0.110680690765	1.79733473667e-05	0.00843503688514	0.801672650994	0.415248871958
0.110683413572	1.62436183691e-05	0.00782066328521	0.801885103214	0.415403479123
0.110685879594	1.46800027106e-05	0.0072526293948	0.802092211623	0.415554366054
0.110688112467	1.32668534685e-05	0.00672583517686	0.802294060839	0.415701582247
0.110690134132	1.19896986644e-05	0.0062372889882	0.802490783525	0.415845212779
0.11069196448	1.08354570615e-05	0.00578421587388	0.802682509073	0.415985340951
0.110693621579	9.79227797047e-06	0.00536488888803	0.80286936368	0.416122048326
0.110695121969	8.84934784757e-06	0.00497709888825	0.803051441237	0.416255393369
0.110696480156	7.99719445037e-06	0.004617330481	0.803228819247	0.416385422995
0.110697709564	7.22708175945e-06	0.00428355997251	0.803401618425	0.416512216256
0.110698822353	6.53111399057e-06	0.00397390966549	0.803569956432	0.416635850487
0.110699829545	5.90215485901e-06	0.00368663734798	0.803733947948	0.416756401331
0.110700741101	5.333767249e-06	0.00341965841473	0.803893704741	0.416873942773
0.110701565821	4.82027386099e-06	0.00317022759424	0.804049357375	0.4169885631
0.110702312216	4.35620759039e-06	0.00293898628315	0.804201101193	0.417100398861
0.110702987701	3.93681189173e-06	0.00272460851431	0.804349034008	0.417209515264
0.110703598774	3.55792093167e-06	0.00252310231074	0.80449325121	0.417315976108
0.110704151517	3.21564862377e-06	0.00233523760755	0.804634004745	0.417419961263
0.110704651737	2.90629879092e-06	0.0021613585394	0.804771458198	0.417521585942
0.110705104411	2.62670526027e-06	0.0020004242191	0.804905688705	0.417620901855
0.110705513588	2.37428820195e-06	0.00184634004635	0.805036771618	0.417717959664
0.110705883658	2.14626949902e-06	0.00170286484979	0.805165150925	0.417813083536
0.110706218585	1.94014691966e-06	0.00157053749167	0.805290983414	0.417906385627
0.110706521699	1.75381809982e-06	0.00144849195224	0.805414319469	0.417997899504
0.110706795805	1.58551076349e-06	0.00133063129454	0.805535208486	0.418087658168
0.110707043164	1.43379465301e-06	0.00121824532352	0.805654179577	0.418176051316
0.110707267099	1.29659532351e-06	0.00111535094112	0.805771693988	0.418263419253
0.110707469824	1.17252385845e-06	0.00102114660523	0.805887769497	0.418349773175
0.110707653346	1.06032421335e-06	0.000934898452543	0.80600242367	0.418435124173
0.110707812897	9.6287726858e-07	0.000785282937311	0.806115673855	0.418519483231
0.110707956942	8.74985429388e-07	0.00065460792551	0.806238095725	0.418610733773
0.110708087973	7.95118186398e-07	0.000545680228854	0.806371531731	0.418710264616
0.110708207177	7.22542885831e-07	0.000454880400649	0.806516970641	0.418818832518
0.110708315632	6.56593763529e-07	0.000379191399212	0.80667548958	0.418937264415
0.11070841432	5.9666583855e-07	0.000316098325952	0.80684826185	0.419066464119
0.110708504131	5.42209364139e-07	0.000263504850429	0.807036565427	0.419207419691
0.110708587437	4.91781610448e-07	0.000230956330083	0.807241792192	0.419361211573
0.110708665152	4.44827261662e-07	0.00021204215033	0.807454145245	0.419520528909
0.110708736154	4.02013348778e-07	0.000196515607895	0.807663365094	0.419677680093
0.110708800432	3.63329937059e-07	0.000181827446841	0.80786740077	0.419831114001
0.110708858263	3.28591002268e-07	0.00016627503703	0.808066711579	0.419981163595
0.110708910662	2.97173355113e-07	0.00015205279725	0.808263831273	0.420129727945
0.110708958211	2.68715862563e-07	0.000140077244044	0.808458783859	0.42027681999
0.110709001507	2.42850832692e-07	0.00012982204539	0.808650147451	0.420421360092
0.110709040706	2.19475106045e-07	0.000120317510831	0.808836764466	0.420562464069
0.110709076025	1.98448948716e-07	0.000110406268281	0.809018752296	0.420700209807
0.110709108	1.79446525443e-07	0.000101252276667	0.809198083481	0.420836082073
0.11070913696	1.62263554779e-07	9.28572011363e-05	0.809374909017	0.420970189579
0.110709163055	1.46806400528e-07	8.41933575677e-05	0.809549263815	0.421102553389
0.110709186767	1.32783219643e-07	7.73306398687e-05	0.809723243188	0.421234761197
0.110709208415	1.20001424484e-07	7.16704814098e-05	0.80989457458	0.421365082912
0.110709228012	1.08449840318e-07	6.64247798902e-05	0.810061650992	0.421492288811
0.110709245746	9.80119973094e-08	6.14949234253e-05	0.810224577207	0.421616449837
0.110709261728	8.86200190008e-08	5.64724893159e-05	0.810383634542	0.421737772133
0.110709276199	8.01279678549e-08	5.18602178716e-05	0.810540245538	0.421857334424
0.110709289287	7.24593310342e-08	4.72637191377e-05	0.810694447728	0.421975160606
0.110709300917	6.56542009198e-08	4.2553517373e-05	0.810847455613	0.422092175223
0.110709311735	5.93339025563e-08	3.94395529063e-05	0.811001437268	0.422210036247
0.110709321525	5.36219754772e-08	3.65534331139e-05	0.811151590322	0.42232506515
0.110709330385	4.84598329202e-08	3.38789367562e-05	0.811298009736	0.422437327452
0.110709338404	4.37945977236e-08	3.14000989292e-05	0.811440786143	0.422546885761
0.11070934566	3.95784432945e-08	2.9102608281e-05	0.811580009984	0.422653802918
0.110709352185	3.57920047671e-08	2.66279152154e-05	0.811715769464	0.422758140415
0.110709358092	3.23689095854e-08	2.43544386542e-05	0.811849953541	0.422861345628
0.11070936344	2.92731816736e-08	2.22750617663e-05	0.811982635054	0.422963471979
0.110709368311	2.64576028551e-08	2.06227508553e-05	0.812113830795	0.423064529893
0.110709372722	2.39103898505e-08	1.91142365519e-05	0.81224191334	0.423163261957
0.110709376714	2.16083874012e-08	1.77161687161e-05	0.812366805023	0.423259603107
0.110709380326	1.95279820297e-08	1.64204802473e-05	0.812488584385	0.423353608857
0.110709383594	1.76478571874e-08	1.52195427619e-05	0.812607327806	0.423445333335
0.110709386548	1.59501019005e-08	1.40366687191e-05	0.812723110834	0.423534830297
0.110709389207	1.44236271296e-08	1.2854090914e-05	0.812836577118	0.423622593311
0.110709391614	1.30432354635e-08	1.17711401185e-05	0.81294862623	0.423709315438
0.110709393795	1.17940838329e-08	1.08255652941e-05	0.813059275838	0.423795008332
0.110709395779	1.06585181317e-08	1.00341048666e-05	0.813168070358	0.42387931685
0.110709397574	9.63227985068e-09	9.30050266443e-06	0.813274148698	0.423961570487
0.110709399198	8.70483859289e-09	8.62065706892e-06	0.813377578559	0.424041818036
0.110709400667	7.86668731599e-09	7.99052781215e-06	0.813478424405	0.424120105986
0.110709401996	7.10923261403e-09	7.406453815e-06	0.813576750346	0.424196480752
0.110709403198	6.42470114008e-09	6.86518439022e-06	0.813672619255	0.424270987972
0.110709404285	5.8060749826e-09	6.36349720744e-06	0.813766090807	0.424343670986
0.110709405269	5.24701184341e-09	5.8984687142e-06	0.813857224409	0.42441457309
0.110709406156	4.74335620165e-09	5.42241193818e-06	0.813946078457	0.424483736961
0.110709406956	4.28911389693e-09	4.97115480434e-06	0.81403345722	0.424551786453
0.11070940768	3.87837026363e-09	4.55745025916e-06	0.814119641806	0.424618938967
0.110709408338	3.50599061064e-09	4.21030727034e-06	0.814204648513	0.424685205868
0.110709408934	3.16838548347e-09	3.90280795478e-06	0.814287831205	0.424750081799
0.110709409473	2.86328783291e-09	3.61776511257e-06	0.814368928893	0.42481336107
0.110709409961	2.58756627859e-09	3.35359804656e-06	0.81444799377	0.424875082212
0.110709410402	2.33839206399e-09	3.10874787972e-06	0.814525075329	0.424935281766
0.110709410801	2.1132111559e-09	2.88178303935e-06	0.814600222497	0.424993995952
0.110709411162	1.90970870072e-09	2.67150733028e-06	0.81467348351	0.425051260562
0.110709411488	1.72580259237e-09	2.47657382426e-06	0.814744902274	0.425107108112
0.110709411784	1.55960590721e-09	2.29586321764e-06	0.814814525063	0.425161573069
0.11070941205	1.40941339913e-09	2.128337857e-06	0.814882396993	0.425214689092
0.110709412292	1.27368400878e-09	1.97303578397e-06	0.814948562048	0.425266489048
0.11070941251	1.15102505653e-09	1.82906521417e-06	0.81501306311	0.425317005031
0.110709412707	1.04044645634e-09	1.68727856003e-06	0.815075941984	0.425366268378
0.110709412885	9.40496789416e-10	1.55637294383e-06	0.815137557368	0.425414558908
0.110709413046	8.5014839559e-10	1.43562307093e-06	0.815197939262	0.425461899116
0.110709413191	7.6847900181e-10	1.32424109258e-06	0.815257112336	0.425508307365
0.110709413323	6.94654922086e-10	1.22150027482e-06	0.815315100768	0.425553801676
0.110709413442	6.2792254891e-10	1.12673025812e-06	0.815371928254	0.425598399737
0.11070941355	5.67475469724e-10	1.04409094627e-06	0.815427618016	0.425642118904
0.110709413648	5.12819448956e-10	9.68084998013e-07	0.815481931251	0.425684770776
0.110709413736	4.63427392737e-10	8.97611721049e-07	0.815534867795	0.425726354227
0.110709413816	4.18792347515e-10	8.3226840468e-07	0.815586462515	0.425766895685
0.110709413888	3.78456179878e-10	7.71681648033e-07	0.815636749395	0.425806420944
0.110709413953	3.42004875451e-10	7.155052271e-07	0.815685761562	0.425844955173
0.110709414012	3.0922823919e-10	6.55266542835e-07	0.815733531303	0.425882522932
0.110709414065	2.79675385458e-10	5.9815763957e-07	0.815780693924	0.425919623258
0.110709414113	2.52946857737e-10	5.46025926358e-07	0.815827421989	0.425956391569
0.110709414157	2.28674742078e-10	5.04104647852e-07	0.815873719498	0.425992830744
0.110709414196	2.06647785809e-10	4.67480844918e-07	0.815919055629	0.426028522566
0.110709414232	1.86742092316e-10	4.33540825246e-07	0.815963235083	0.426063312638
0.110709414264	1.68753521926e-10	4.02071812925e-07	0.816006284962	0.426097221625
0.110709414293	1.52497710954e-10	3.72886918653e-07	0.816048233331	0.426130270991
0.11070941432	1.3780722655e-10	3.45856818172e-07	0.816089108355	0.426162482313
0.110709414344	1.24531352328e-10	3.20800720679e-07	0.816128933132	0.426193873211
0.110709414365	1.12534395023e-10	2.97559779426e-07	0.816167732691	0.42622446286
0.110709414385	1.01693155762e-10	2.76002504425e-07	0.816205533409	0.426254271527
0.110709414402	9.18963029935e-11	2.56006930189e-07	0.816242360985	0.426283318977
0.110709414418	8.30432294132e-11	2.37459925887e-07	0.816278240456	0.426311624483
0.110709414433	7.50427483549e-11	2.20288206074e-07	0.816313196217	0.426339206839
0.110709414446	6.78123722689e-11	2.04379725362e-07	0.816347247024	0.426366080413
0.110709414458	6.12786270656e-11	1.89620064253e-07	0.816380412481	0.426392260268
0.110709414468	5.53743958685e-11	1.75926265204e-07	0.816412715596	0.426417764177
0.110709414478	5.00390279368e-11	1.63221360777e-07	0.81644417878	0.426442609462
0.110709414487	4.52177157374e-11	1.51433941147e-07	0.816474823862	0.426466813009
0.110709414494	4.08643516177e-11	1.39821284657e-07	0.816504672104	0.426490391278
0.110709414502	3.69489750171e-11	1.28276306558e-07	0.816533887261	0.426513473338
0.110709414508	3.34087421137e-11	1.17684579365e-07	0.81656268081	0.426536226061
0.110709414514	3.01968260047e-11	1.08932071796e-07	0.816591058833	0.426558654093
0.110709414519	2.72864586661e-11	1.01124335538e-07	0.816618769745	0.426580558391
0.110709414524	2.46565867039e-11	9.3876205386e-08	0.816645743469	0.4266018833
0.110709414528	2.22801772046e-11	8.71475740272e-08	0.816671999606	0.426622644052
0.110709414532	2.01328024876e-11	8.09012085215e-08	0.81669755724	0.426642855484
0.110709414535	1.81923890421e-11	7.51025443165e-08	0.816722434946	0.42666253205
0.110709414539	1.6438990657e-11	6.97194940237e-08	0.816746650805	0.426681687823
0.110709414541	1.48545834131e-11	6.47222698971e-08	0.816770222419	0.426700336514
0.110709414544	1.34228804312e-11	6.00832190322e-08	0.816793166921	0.426718491476
0.110709414546	1.2129091819e-11	5.5795921948e-08	0.816815500988	0.426736165712
0.110709414549	1.09596416093e-11	5.18348779961e-08	0.816837233228	0.426753365851
0.11070941455	9.90294443069e-12	4.81550286623e-08	0.816858370856	0.426770097427
0.110709414552	8.94812937136e-12	4.47364125481e-08	0.816878930136	0.426786373147
0.110709414554	8.08537359541e-12	4.15604852119e-08	0.816898926887	0.426802205375
0.110709414555	7.30580129995e-12	3.86100185931e-08	0.816918376497	0.426817606144
0.110709414556	6.60139241325e-12	3.5869007573e-08	0.81693729393	0.426832587161
0.110709414558	5.96490009465e-12	3.33225831686e-08	0.816955693745	0.42684715982
0.110709414559	5.38977618804e-12	3.09569318876e-08	0.8169735901	0.426861335208
0.11070941456	4.87009734575e-12	2.87614219548e-08	0.816990996767	0.426875124113
0.11070941456	4.40030004707e-12	2.67459574665e-08	0.817007925824	0.426888535988
0.110709414561	3.97582148038e-12	2.48717245658e-08	0.817024374551	0.426901568569
0.110709414562	3.59229007151e-12	2.31288268494e-08	0.817040356573	0.426914232546
0.110709414562	3.24575593203e-12	2.15080613522e-08	0.81705588513	0.426926538309
0.110709414563	2.93265018419e-12	2.00008699601e-08	0.817070973083	0.426938495957
0.110709414564	2.6497482091e-12	1.85992942278e-08	0.817085632933	0.426950115308
0.110709414564	2.39413643992e-12	1.72959333618e-08	0.817099876823	0.426961405902
0.110709414564	2.16318235793e-12	1.60839051473e-08	0.817113716552	0.426972377014
0.110709414565	1.95450738278e-12	1.49568096123e-08	0.817127163588	0.426983037657
0.110709414565	1.76593068475e-12	1.39187268824e-08	0.817140229068	0.426993396594
0.110709414565	1.59547042865e-12	1.29596080295e-08	0.817152914443	0.427003454904
0.110709414566	1.44146404748e-12	1.20665796481e-08	0.817165223596	0.427013215603
0.110709414566	1.30232333244e-12	1.12350877052e-08	0.817177167682	0.427022687473
0.110709414566	1.17661337394e-12	1.04608919588e-08	0.817188757527	0.427031879043
0.110709414566	1.06303776488e-12	9.74004433768e-09	0.817200003636	0.427040798587
0.110709414567	9.60425232233e-13	9.06886881024e-09	0.8172109162	0.427049454137
0.110709414567	8.67717558858e-13	8.44394264046e-09	0.817221505111	0.427057853491
0.110709414567	7.83958671113e-13	7.8620789354e-09	0.817231779967	0.427066004214
0.110709414567	7.08284779729e-13	7.32031039497e-09	0.81724175008	0.427073913653
0.110709414567	6.39874350376e-13	6.82493872908e-09	0.817251424488	0.427081588935
0.110709414567	5.7806245868e-13	6.36416093542e-09	0.81726079889	0.42708902661
0.110709414567	5.22221551105e-13	5.93449164701e-09	0.81726988092	0.427096232695
0.110709414568	4.71774840815e-13	5.53383067023e-09	0.817278679693	0.427103214389
0.110709414568	4.26201256855e-13	5.16021959599e-09	0.817287204044	0.427109978668
0.110709414568	3.85030062258e-13	4.8118322282e-09	0.817295462529	0.427116532291
0.110709414568	3.47835992002e-13	4.48696565832e-09	0.817303463441	0.427122881807
0.110709414568	3.14234860611e-13	4.18403194237e-09	0.817311214812	0.427129033565
0.110709414568	2.83879594037e-13	3.9015503399e-09	0.817318724422	0.427134993715
0.110709414568	2.56456811854e-13	3.63802239598e-09	0.817325999813	0.427140768215
0.110709414568	2.3179007643e-13	3.36300197783e-09	0.817333048521	0.427146363024
0.110709414568	2.0949584682e-13	3.10877192416e-09	0.817339940267	0.427151833466
0.110709414568	1.89343108363e-13	2.87622371445e-09	0.817346678545	0.427157182298
0.110709414568	1.71030299861e-13	2.68855658221e-09	0.817353261033	0.427162407663
0.110709414568	1.54488651285e-13	2.51313419285e-09	0.81735962193	0.42716745731
0.110709414568	1.39546862721e-13	2.34915762317e-09	0.817365768694	0.427172337141
0.110709414568	1.26050201563e-13	2.19588007558e-09	0.817371708534	0.42717705286
0.110709414568	1.13858900226e-13	2.05260347732e-09	0.817377448415	0.427181609981
0.110709414568	1.02846708815e-13	1.91867530147e-09	0.817382995067	0.427186013833
0.110709414568	9.28995877768e-14	1.79348559543e-09	0.817388354996	0.427190269564
0.110709414568	8.39145269781e-14	1.67646420319e-09	0.817393534485	0.427194382153
0.110709414568	7.5798479003e-14	1.56707816888e-09	0.81739853961	0.427198356409
0.110709414568	6.84673956099e-14	1.46482930966e-09	0.817403376239	0.427202196982
0.110709414568	6.1845357377e-14	1.36925194701e-09	0.817408050046	0.427205908365
0.110709414568	5.58637875234e-14	1.27991078602e-09	0.817412566509	0.427209494898
0.110709414568	5.04607417634e-14	1.19639893302e-09	0.817416930927	0.42721296078
0.110709414568	4.55795071827e-14	1.11940352671e-09	0.817421148417	0.427216310065
0.110709414568	4.11663058332e-14	1.04867040292e-09	0.817425219971	0.427219543534
0.110709414568	3.7180407658e-14	9.82406750784e-10	0.817429145344	0.427222660982
0.110709414568	3.35804397371e-14	9.20330156962e-10	0.817432929785	0.427225666571
0.110709414568	3.03290349861e-14	8.62176052736e-10	0.817436578352	0.427228564311
0.110709414568	2.73924443046e-14	8.07696586515e-10	0.817440095924	0.42723135807
0.110709414568	2.47401862757e-14	7.56659567566e-10	0.817443487203	0.427234051578
0.110709414568	2.2344730783e-14	7.08847476476e-10	0.817446756725	0.427236648429
0.110709414568	2.0181213259e-14	6.64056538148e-10	0.817449908859	0.42723915209
0.110709414568	1.82271766008e-14	6.22095853355e-10	0.817452947821	0.427241565904
0.110709414568	1.64623380741e-14	5.82786585179e-10	0.817455877673	0.427243893093
0.110709414568	1.4868378785e-14	5.45961196843e-10	0.817458702333	0.427246136764
0.110709414568	1.34287535364e-14	5.11462737703e-10	0.817461425578	0.427248299914
0.110709414568	1.21285190936e-14	4.79144174358e-10	0.817464051048	0.427250385431
0.110709414568	1.09540615783e-14	4.49142858517e-10	0.817466582253	0.427252396099
0.110709414568	9.89242451029e-15	4.21571102829e-10	0.817469021058	0.427254333396
0.110709414568	8.93367808189e-15	3.95691901007e-10	0.817471367549	0.427256197388
0.110709414568	8.06785047912e-15	3.71401352545e-10	0.817473625219	0.427257990846
0.110709414568	7.28593631812e-15	3.48601934992e-10	0.817475797431	0.42725971644
0.110709414568	6.579802983e-15	3.27202112431e-10	0.81747788742	0.427261376736
0.110709414568	5.94210604097e-15	3.07115968001e-10	0.817479898297	0.427262974205
0.110709414568	5.36621285499e-15	2.88262858961e-10	0.817481833058	0.427264511222
0.110709414568	4.84613359949e-15	2.70567092943e-10	0.817483694582	0.427265990076
0.110709414568	4.37645896175e-15	2.53957624064e-10	0.817485485643	0.427267412966
0.110709414568	3.95230388086e-15	2.38367767706e-10	0.817487208908	0.427268782009
0.110709414568	3.56925673938e-15	2.2373493279e-10	0.817488866942	0.427270099243
0.110709414568	3.22333347899e-15	2.10000370493e-10	0.817490462216	0.427271366628
0.110709414568	2.91093616308e-15	1.9710893839e-10	0.817491997103	0.42727258605
0.110709414568	2.62881555532e-15	1.85008879067e-10	0.817493473891	0.427273759323
0.110709414568	2.37403728261e-15	1.73651685063e-10	0.817494894778	0.427274888194
0.110709414568	2.14395142728e-15	1.62991696078e-10	0.81749626188	0.427275974343
0.110709414568	1.93616489549e-15	1.52986092303e-10	0.817497577233	0.427277019384
0.110709414568	1.74851649888e-15	1.43594703116e-10	0.817498842794	0.427278024875
0.110709414568	1.57905450489e-15	1.34779823826e-10	0.81750006045	0.427278992311
0.110709414568	1.42601633705e-15	1.26506064301e-10	0.817501232013	0.427279923133
0.110709414568	1.28781024257e-15	1.18740206887e-10	0.817502359229	0.427280818725
0.110709414568	1.16299873665e-15	1.11451073045e-10	0.817503443775	0.427281680422
0.110709414568	1.05028365139e-15	1.04609398182e-10	0.817504487267	0.427282509505
0.110709414568	9.48492633571e-16	9.81877141594e-11	0.817505491259	0.427283307209
0.110709414568	8.56566951144e-16	9.21602390153e-11	0.817506457246	0.427284074721
0.110709414568	7.73550481387e-16	8.65027734571e-11	0.817507386667	0.427284813185
0.110709414568	6.98579766339e-16	8.11926037072e-11	0.817508280906	0.427285523698
0.110709414568	6.30875032007e-16	7.62084103128e-11	0.817509141295	0.427286207319
0.110709414568	5.69732077968e-16	7.15301825534e-11	0.817509969115	0.427286865066
0.110709414568	5.14514953001e-16	6.71391381023e-11	0.817510765599	0.427287497917
0.110709414568	4.64649340575e-16	6.30176476202e-11	0.817511531932	0.427288106816
0.110709414568	4.19616585395e-16	5.91491639772e-11	0.817512269257	0.427288692668
0.110709414568	3.78948296777e-16	5.55181664143e-11	0.817512978672	0.427289256345
0.110709414568	3.42221479803e-16	5.21100714659e-11	0.817513661232	0.427289798687
0.110709414568	3.0905414083e-16	4.8911189071e-11	0.817514317955	0.427290320501
0.110709414568	2.79101303831e-16	4.59086763333e-11	0.817514949818	0.427290822564
0.110709414568	2.52051426978e-16	4.30904787386e-11	0.817515557762	0.427291305624
0.110709414568	2.27623162294e-16	4.04452817596e-11	0.817516142693	0.427291770399
0.110709414568	2.05562429344e-16	3.79624654301e-11	0.817516705482	0.427292217582
0.110709414568	1.85639772538e-16	3.56320617087e-11	0.817517246966	0.427292647839
0.110709414568	1.67647974554e-16	3.34447144595e-11	0.817517767954	0.42729306181
0.110709414568	1.51399901068e-16	3.13916418892e-11	0.817518269219	0.427293460111
0.110709414568	1.36726554357e-16	2.94646012903e-11	0.81751875151	0.427293843336
0.110709414568	1.23475315546e-16	2.76558559486e-11	0.817519215544	0.427294212056
0.110709414568	1.11508357218e-16	2.59581440816e-11	0.817519662012	0.427294566819
0.110709414568	1.00701209856e-16	2.43646496848e-11	0.81752009158	0.427294908153
0.110709414568	9.09414672335e-17	2.28689751662e-11	0.817520504886	0.427295236567
0.110709414568	8.21276172691e-17	2.14651156616e-11	0.817520902547	0.42729555255
0.110709414568	7.41679861928e-17	2.01474349267e-11	0.817521285155	0.427295856572
0.110709414568	6.69797850414e-17	1.89106427083e-11	0.81752165328	0.427296149086
0.110709414568	6.04882484929e-17	1.77497747097e-11	0.817522007469	0.427296430528
0.110709414568	5.46258570701e-17	1.66601703488e-11	0.817522348251	0.427296701317
0.110709414568	4.93316358597e-17	1.56374534261e-11	0.817522676132	0.427296961856
0.110709414568	4.45505190683e-17	1.46775179326e-11	0.817522991602	0.427297212532
0.110709414568	4.02327777531e-17	1.37765099141e-11	0.81752329513	0.42729745372
0.110709414568	3.63335025875e-17	1.2930811998e-11	0.817523587168	0.427297685778
0.110709414568	3.28121367545e-17	1.21370288706e-11	0.81752386815	0.427297909052
0.110709414568	2.96320541125e-17	1.13919736456e-11	0.817524138497	0.427298123874
0.110709414568	2.67601782428e-17	1.06926550694e-11	0.817524398609	0.427298330565
0.110709414568	2.41666384191e-17	1.00362655118e-11	0.817524648876	0.427298529431
0.110709414568	2.1824458919e-17	9.4201696943e-12	0.817524889668	0.42729872077
0.110709414568	1.97092784471e-17	8.84189410945e-12	0.817525121345	0.427298904866
0.110709414568	1.77990967504e-17	8.29911709076e-12	0.817525344252	0.427299081994
0.110709414568	1.60740457919e-17	7.7896594914e-12	0.817525558722	0.427299252417
0.110709414568	1.45161831007e-17	7.3114759355e-12	0.817525765072	0.427299416388
0.110709414568	1.31093051506e-17	6.86264660633e-12	0.817525963611	0.427299574153
0.110709414568	1.18387788257e-17	6.44136953867e-12	0.817526154635	0.427299725945
0.110709414568	1.06913892195e-17	6.04595338428e-12	0.817526338427	0.427299871992
0.110709414568	9.65520218211e-18	5.67481073523e-12	0.817526515262	0.427300012511
0.110709414568	8.7194401696e-18	5.32645169824e-12	0.817526685403	0.42730014771
0.110709414568	7.87437023918e-18	4.99947733615e-12	0.817526849104	0.427300277791
0.110709414568	7.11120270749e-18	4.69257491106e-12	0.817527006607	0.427300402949
0.110709414568	6.4219997683e-18	4.40451226988e-12	0.817527158149	0.427300523368
0.110709414568	5.79959293041e-18	4.13413289747e-12	0.817527303953	0.42730063923
0.110709414568	5.23750845736e-18	3.88035127344e-12	0.817527444239	0.427300750705
0.110709414568	4.72990003331e-18	3.64214851409e-12	0.817527579214	0.427300857961
0.110709414568	4.27148795483e-18	3.41856828172e-12	0.817527709079	0.427300961156
0.110709414568	3.85750421601e-18	3.2087129452e-12	0.817527834029	0.427301060446
0.110709414568	3.48364291591e-18	3.0117399761e-12	0.817527954248	0.427301155977
0.110709414568	3.14601547231e-18	2.82685856617e-12	0.817528069917	0.427301247891
0.110709414568	2.84111017609e-18	2.65332645236e-12	0.817528181207	0.427301336326
0.110709414568	2.56575566553e-18	2.49044693683e-12	0.817528288284	0.427301421414
0.110709414568	2.31708794054e-18	2.33756608981e-12	0.817528391308	0.42730150328
0.110709414568	2.09252057383e-18	2.1940701242e-12	0.817528490431	0.427301582048
0.110709414568	1.88971780919e-18	2.0593829314e-12	0.817528585803	0.427301657834
0.110709414568	1.70657026695e-18	1.93296376826e-12	0.817528677564	0.427301730751
0.110709414568	1.54117300399e-18	1.81430509199e-12	0.817528765852	0.427301800908
0.110709414568	1.39180569766e-18	1.70293056385e-12	0.817528850797	0.427301868409
0.110709414568	1.25691476106e-18	1.59839296945e-12	0.817528932527	0.427301933355
0.110709414568	1.13509717461e-18	1.5002726109e-12	0.817529011163	0.427301995843
0.110709414568	1.02508589645e-18	1.40817555428e-12	0.817529086823	0.427302055965
0.110709414568	9.25736683736e-19	1.32173204799e-12	0.817529159618	0.427302113811
0.110709414568	8.36016191262e-19	1.24059503833e-12	0.817529229658	0.427302169467
0.110709414568	7.54991223471e-19	1.16443877612e-12	0.817529297046	0.427302223017
0.110709414568	6.81819028165e-19	1.0929575089e-12	0.817529361883	0.427302274539
0.110709414568	6.15738530932e-19	1.0258642534e-12	0.817529424266	0.427302324112
0.110709414568	5.56062419102e-19	9.62889643321e-13	0.817529484287	0.427302371807
0.110709414568	5.02169992913e-19	9.03780847932e-13	0.817529542037	0.427302417697
0.110709414568	4.53500709533e-19	8.48300556977e-13	0.8175295976	0.42730246185
0.110709414568	4.09548352774e-19	7.96226027931e-13	0.81752965106	0.427302504332
0.110709414568	3.69855767867e-19	7.47348191733e-13	0.817529702496	0.427302545205
0.110709414568	3.34010106531e-19	7.01470813411e-13	0.817529751985	0.427302584532
0.110709414568	3.01638532886e-19	6.58409704244e-13	0.817529799601	0.427302622369
0.110709414568	2.72404345529e-19	6.17991982276e-13	0.817529845414	0.427302658774
0.110709414568	2.46003475459e-19	5.80055378233e-13	0.817529889493	0.427302693801
0.110709414568	2.22161323222e-19	5.44447593428e-13	0.817529931903	0.427302727503
0.110709414568	2.00629903342e-19	5.11025659824e-13	0.817529972708	0.427302759928
0.110709414568	1.81185264435e-19	4.79655393965e-13	0.817530011968	0.427302791126
0.110709414568	1.63625159989e-19	4.50210850413e-13	0.817530049742	0.427302821143
0.110709414568	1.47766944805e-19	4.22573815125e-13	0.817530086086	0.427302850024
0.110709414568	1.3344567528e-19	3.96633330842e-13	0.817530121055	0.427302877811
0.110709414568	1.20512393804e-19	3.72285251625e-13	0.817530154699	0.427302904547
0.110709414568	1.08832579429e-19	3.49431824724e-13	0.81753018707	0.42730293027
0.110709414568	9.82847487032e-20	3.27981298125e-13	0.817530218216	0.42730295502
0.110709414568	8.87591920977e-20	3.07847552178e-13	0.817530248182	0.427302978833
0.110709414568	8.01568329059e-20	2.88949753852e-13	0.817530277014	0.427303001744
0.110709414568	7.23881967314e-20	2.71212032197e-13	0.817530304755	0.427303023788
0.110709414568	6.53724808517e-20	2.54563173744e-13	0.817530331446	0.427303044998
0.110709414568	5.90367137781e-20	2.38936336595e-13	0.817530357126	0.427303065405
0.110709414568	5.3314996268e-20	2.24268782067e-13	0.817530381834	0.427303085039
0.110709414568	4.81478158981e-20	2.10501622806e-13	0.817530405607	0.42730310393
0.110709414568	4.34814280665e-20	1.97579586368e-13	0.81753042848	0.427303122106
0.110709414568	3.92672969879e-20	1.85450793311e-13	0.817530450487	0.427303139594
0.110709414568	3.54615908552e-20	1.74066550122e-13	0.817530471661	0.427303156419
0.110709414568	3.2024725964e-20	1.63381150326e-13	0.817530492033	0.427303172608
0.110709414568	2.8920954985e-20	1.53351693701e-13	0.817530511634	0.427303188184
0.110709414568	2.61179951387e-20	1.43937913954e-13	0.817530530494	0.427303203171
0.110709414568	2.35866924265e-20	1.35102016617e-13	0.817530548639	0.42730321759
0.110709414568	2.13007183954e-20	1.26808527303e-13	0.817530566097	0.427303231463
0.110709414568	1.9236296292e-20	1.19024149285e-13	0.817530582895	0.427303244811
0.110709414568	1.73719537571e-20	1.11717629821e-13	0.817530599057	0.427303257654
0.110709414568	1.56882994887e-20	1.04859634672e-13	0.817530614607	0.427303270011
0.110709414568	1.41678215497e-20	9.84226303405e-14	0.817530629568	0.4273032819
0.110709414568	1.27947052243e-20	9.238077352e-14	0.817530643963	0.427303293339
0.110709414568	1.15546685264e-20	8.67098073452e-14	0.817530657813	0.427303304345
0.110709414568	1.04348136508e-20	8.13869640033e-14	0.817530671138	0.427303314934
0.110709414568	9.42349282125e-21	7.63908733258e-14	0.81753068396	0.427303325122
0.110709414568	8.51018713988e-21	7.17014769919e-14	0.817530696295	0.427303334925
0.110709414568	7.68539717904e-21	6.7299947998e-14	0.817530708164	0.427303344357
0.110709414568	6.94054417609e-21	6.31686150711e-14	0.817530719584	0.427303353431
0.110709414568	6.26788080453e-21	5.92908917223e-14	0.817530730571	0.427303362162
0.110709414568	5.66041059249e-21	5.56512098034e-14	0.817530741143	0.427303370563
0.110709414568	5.11181515171e-21	5.22349566439e-14	0.817530751314	0.427303378645
0.110709414568	4.6163884607e-21	4.90284165435e-14	0.8175307611	0.427303386422
0.110709414568	4.16897751291e-21	4.60187158758e-14	0.817530770516	0.427303393904
0.110709414568	3.76492872061e-21	4.31937712864e-14	0.817530779575	0.427303401103
0.110709414568	3.40003951229e-21	4.05422411796e-14	0.817530788292	0.42730340803
0.110709414568	3.07051462107e-21	3.8053480185e-14	0.817530796678	0.427303414694
0.110709414568	2.77292660958e-21	3.57174964177e-14	0.817530804747	0.427303421106
0.110709414568	2.50418022067e-21	3.35249113634e-14	0.81753081251	0.427303427275
0.110709414568	2.2614801832e-21	3.14669222253e-14	0.81753081998	0.427303433211
0.110709414568	2.04230213797e-21	2.95352665827e-14	0.817530827167	0.427303438922
0.110709414568	1.84436638153e-21	2.77221892188e-14	0.817530834082	0.427303444417
0.110709414568	1.66561415463e-21	2.60204109853e-14	0.817530840735	0.427303449704
0.110709414568	1.50418622877e-21	2.44230995781e-14	0.817530847136	0.42730345479
0.110709414568	1.35840356804e-21	2.29238421064e-14	0.817530853295	0.427303459684
0.110709414568	1.2267498653e-21	2.1516619347e-14	0.81753085922	0.427303464393
0.110709414568	1.10785577079e-21	2.01957815777e-14	0.817530864922	0.427303468924
0.110709414568	1.00048464932e-21	1.89560258952e-14	0.817530870407	0.427303473283
0.110709414568	9.03519717845e-22	1.77923749408e-14	0.817530875685	0.427303477477
0.110709414568	8.15952429608e-22	1.67001568901e-14	0.817530880763	0.427303481512
0.110709414568	7.36871984301e-22	1.56749866767e-14	0.817530885649	0.427303485395
0.110709414568	6.65455854425e-22	1.47127484443e-14	0.81753089035	0.427303489131
0.110709414568	6.00961230171e-22	1.38095789964e-14	0.817530894873	0.427303492725
0.110709414568	5.42717293337e-22	1.29618522856e-14	0.817530899225	0.427303496183
0.110709414568	4.90118240053e-22	1.21661648564e-14	0.817530903412	0.42730349951
0.110709414568	4.42616979724e-22	1.14193221808e-14	0.817530907441	0.427303502711
