0.0	0.00126732152991	0.112695555624	0.0	0.0	0.0
4.72058039515e-19	0.00126732152987	0.112695555623	3.81675430637e-13	4.7206683007e-13	1e-06
5.46466187993e-19	0.00126732152986	0.112695555623	4.06684599309e-13	5.20472553944e-13	1.05e-06
6.32602920874e-19	0.00126732152986	0.112695555623	4.3425720777e-13	5.73763259126e-13	1.1025e-06
7.32316956275e-19	0.00126732152986	0.112695555622	4.64656008598e-13	6.32605079431e-13	1.157625e-06
8.47748416505e-19	0.00126732152985	0.112695555622	4.9817068651e-13	6.97442104069e-13	1.21550625e-06
9.81374760654e-19	0.00126732152985	0.112695555622	5.35120618909e-13	7.68940466855e-13	1.27628156249e-06
1.1360639573e-18	0.00126732152984	0.112695555622	5.75857919378e-13	8.47766301603e-13	1.34009564062e-06
1.31513603856e-18	0.00126732152984	0.112695555622	6.20770793145e-13	9.34696764431e-13	1.40710042265e-06
1.52243435663e-18	0.00126732152983	0.112695555622	6.70287236473e-13	1.03050901146e-12	1.47745544378e-06
1.76240807209e-18	0.00126732152983	0.112695555622	7.24879115242e-13	1.1360912211e-12	1.55132821597e-06
2.04020764444e-18	0.00126732152982	0.112695555621	7.85066661585e-13	1.25255361638e-12	1.62889462676e-06
2.36179537438e-18	0.00126732152981	0.112695555621	8.51423431427e-13	1.38089539803e-12	1.7103393581e-06
2.73407337025e-18	0.0012673215298	0.112695555621	9.24581770177e-13	1.52244883367e-12	1.795856326e-06
3.16503168522e-18	0.00126732152979	0.112695555621	1.00523883865e-12	1.67854619093e-12	1.8856491423e-06
3.66391980457e-18	0.00126732152978	0.11269555562	1.09416325664e-12	1.85051973744e-12	1.97993159941e-06
4.24144516373e-18	0.00126732152977	0.11269555562	1.19220242747e-12	2.04025685235e-12	2.07892817937e-06
4.91000295762e-18	0.00126732152976	0.11269555562	1.30029061331e-12	2.24931184789e-12	2.18287458834e-06
5.68394217376e-18	0.00126732152975	0.112695555619	1.4194578382e-12	2.4799051701e-12	2.29201831775e-06
6.57987355883e-18	0.00126732152973	0.112695555619	1.55083970364e-12	2.73414624274e-12	2.40661923363e-06
7.61702612844e-18	0.00126732152972	0.112695555618	1.69568821028e-12	3.01436653415e-12	2.5269501953e-06
8.81765987182e-18	0.0012673215297	0.112695555618	1.85538368885e-12	3.3233416019e-12	2.65329770506e-06
1.0207543509e-17	0.00126732152968	0.112695555617	2.03144795397e-12	3.66395802585e-12	2.7859625903e-06
1.18165075544e-17	0.00126732152966	0.112695555616	2.22555880627e-12	4.03954647508e-12	2.9252607198e-06
1.36790845574e-17	0.00126732152963	0.112695555616	2.43956602092e-12	4.45354864096e-12	3.07152375578e-06
1.58352502604e-17	0.0012673215296	0.112695555615	2.67550897506e-12	4.91007234868e-12	3.22509994355e-06
1.83312815823e-17	0.00126732152957	0.112695555614	2.935636082e-12	5.41333644574e-12	3.3863549407e-06
2.12207498412e-17	0.00126732152954	0.112695555613	3.22242621739e-12	5.96811489114e-12	3.55567268772e-06
2.45656705343e-17	0.00126732152951	0.112695555612	3.53861234165e-12	6.5798477777e-12	3.73345632208e-06
2.84378343514e-17	0.00126732152947	0.11269555561	3.88720754363e-12	7.25430826515e-12	3.92012913815e-06
3.292034799e-17	0.00126732152942	0.112695555609	4.2715337538e-12	7.99793564703e-12	4.11613559502e-06
3.81094178405e-17	0.00126732152937	0.112695555608	4.69525340049e-12	8.8177243284e-12	4.32194237473e-06
4.41164148259e-17	0.00126732152932	0.112695555606	5.16240431095e-12	9.72144587043e-12	4.53803949342e-06
5.10702647106e-17	0.00126732152926	0.112695555604	5.67743818971e-12	1.07179820573e-11	4.76494146804e-06
5.91202151827e-17	0.0012673215292	0.112695555602	6.245263041e-12	1.18165477402e-11	5.00318854138e-06
6.84390390972e-17	0.00126732152913	0.1126955556	6.87128993951e-12	1.30276900377e-11	5.25334796838e-06
7.92267426303e-17	0.00126732152905	0.112695555598	7.56148459508e-12	1.43630662917e-11	5.51601536671e-06
9.17148579315e-17	0.00126732152896	0.112695555595	8.32242420278e-12	1.58353330446e-11	5.79181613495e-06
1.06171412405e-16	0.00126732152886	0.112695555592	9.16136012019e-12	1.74583680842e-11	6.08140694159e-06
1.22906681276e-16	0.00126732152876	0.112695555589	1.00862869691e-11	1.92478255553e-11	6.38547728854e-06
1.422798469e-16	0.00126732152864	0.112695555585	1.11060188198e-11	2.12208028922e-11	6.70475115281e-06
1.64706707752e-16	0.00126732152852	0.112695555581	1.22302731852e-11	2.3395951842e-11	7.03998871028e-06
1.90668602541e-16	0.00126732152837	0.112695555577	1.34697636228e-11	2.57940335751e-11	7.39198814559e-06
2.20722740991e-16	0.00126732152822	0.112695555572	1.48363018301e-11	2.84378076635e-11	7.76158755263e-06
2.55514163007e-16	0.00126732152805	0.112695555567	1.63429102035e-11	3.13526982144e-11	8.14966693e-06
2.95789582909e-16	0.00126732152786	0.112695555561	1.80039459348e-11	3.45663497813e-11	8.55715027618e-06
3.42413415862e-16	0.00126732152765	0.112695555554	1.98352378282e-11	3.81094045195e-11	8.98500778963e-06
3.9638633047e-16	0.00126732152742	0.112695555547	2.18542371404e-11	4.20156132091e-11	9.43425817869e-06
4.58866725723e-16	0.00126732152716	0.112695555539	2.40801838815e-11	4.63222793435e-11	9.90597108714e-06
5.31195593255e-16	0.00126732152689	0.112695555531	2.65342901629e-11	5.10702591301e-11	1.04012696409e-05
6.149252985e-16	0.00126732152658	0.112695555521	2.92399423375e-11	5.63049606907e-11	1.09213331223e-05
7.11852898496e-16	0.00126732152624	0.112695555511	3.22229238591e-11	6.20762330389e-11	1.14673997777e-05
8.24058711392e-16	0.00126732152586	0.112695555499	3.55116609856e-11	6.84390322145e-11	1.20407697657e-05
9.53950965481e-16	0.00126732152545	0.112695555486	3.91374936662e-11	7.54540874169e-11	1.2642808253e-05
1.10431748604e-15	0.00126732152499	0.112695555472	4.31349741949e-11	8.31881230498e-11	1.32749486645e-05
1.2783855293e-15	0.00126732152449	0.112695555457	4.75421964759e-11	9.17148579221e-11	1.39386960963e-05
1.47989104774e-15	0.00126732152394	0.11269555544	5.24011590384e-11	1.01115671381e-10	1.46356308996e-05
1.71315887337e-15	0.00126732152333	0.112695555421	5.77581652606e-11	1.11480047403e-10	1.53674124427e-05
1.98319553979e-15	0.00126732152265	0.1126955554	6.3664264617e-11	1.22906684815e-10	1.61357830628e-05
2.29579673548e-15	0.00126732152191	0.112695555377	7.01757391533e-11	1.35504607516e-10	1.69425722135e-05
2.65767169429e-15	0.00126732152109	0.112695555352	7.73546398243e-11	1.49393830617e-10	1.77897008213e-05
3.07658719303e-15	0.00126732152019	0.112695555324	8.52693778079e-11	1.64706692702e-10	1.86791858591e-05
3.5615342467e-15	0.0012673215192	0.112695555294	9.3995376427e-11	1.81589188098e-10	1.96131451483e-05
4.12292107896e-15	0.0012673215181	0.11269555526	1.03615789895e-10	2.00202077098e-10	2.05938024014e-05
4.77279650974e-15	0.00126732151689	0.112695555222	1.14222295733e-10	2.20722773343e-10	2.16234925164e-05
5.5251085541e-15	0.00126732151556	0.112695555181	1.25915968405e-10	2.43346898129e-10	2.27046671363e-05
6.39600378294e-15	0.00126732151409	0.112695555136	1.38808242509e-10	2.68289945743e-10	2.38399004864e-05
7.4041738703e-15	0.00126732151247	0.112695555086	1.53021974689e-10	2.95789614936e-10	2.50318955029e-05
8.5712567652e-15	0.00126732151068	0.112695555031	1.68692614393e-10	3.26108029363e-10	2.62834902689e-05
9.92230109827e-15	0.00126732150872	0.11269555497	1.85969494636e-10	3.59534069054e-10	2.75976647718e-05
1.14863037903e-14	0.00126732150654	0.112695554903	2.05017255067e-10	3.96386368016e-10	2.89775479983e-05
1.32968324016e-14	0.00126732150415	0.112695554829	2.26017410899e-10	4.37015978769e-10	3.04264253841e-05
1.53927455786e-14	0.00126732150151	0.112695554748	2.49170082649e-10	4.8181003608e-10	3.1947746637e-05
1.78190270618e-14	0.0012673214986	0.112695554658	2.74695903188e-10	5.31195642745e-10	3.354513395e-05
2.06277511532e-14	0.0012673214954	0.112695554559	3.02838120253e-10	5.85643200258e-10	3.52223906256e-05
2.38792003658e-14	0.00126732149186	0.11269555445	3.33864914471e-10	6.45671626858e-10	3.69835101316e-05
2.76431592432e-14	0.00126732148796	0.11269555433	3.68071954978e-10	7.11852909445e-10	3.88326856089e-05
3.20004121165e-14	0.00126732148366	0.112695554197	4.05785216994e-10	7.84817876737e-10	4.07743198554e-05
3.70444769456e-14	0.00126732147893	0.112695554051	4.47364088193e-10	8.65261639366e-10	4.28130358089e-05
4.28836124573e-14	0.0012673214737	0.112695553889	4.93204793479e-10	9.53950917349e-10	4.49536875539e-05
4.96431416579e-14	0.00126732146794	0.112695553712	5.437441708e-10	1.05173092347e-09	4.7201371879e-05
5.74681415899e-14	0.00126732146159	0.112695553516	5.99463833984e-10	1.15953335687e-09	4.9561440412e-05
6.65265570612e-14	0.00126732145459	0.1126955533	6.60894762266e-10	1.27838550693e-09	5.20395123622e-05
7.70128051752e-14	0.00126732144687	0.112695553061	7.28622360236e-10	1.40942002315e-09	5.46414878987e-05
8.91519480259e-14	0.00126732143836	0.112695552799	8.03292036437e-10	1.55388557335e-09	5.73735621991e-05
1.03204523112e-13	0.00126732142898	0.112695552509	8.85615353767e-10	1.71315883408e-09	6.02422401997e-05
1.19472135148e-13	0.00126732141864	0.11269555219	9.76376810297e-10	1.8887575912e-09	6.32543520831e-05
1.38303929275e-13	0.00126732140723	0.112695551838	1.07644131511e-09	2.08235517284e-09	6.64170695407e-05
1.60104084628e-13	0.00126732139466	0.11269555145	1.18676243045e-09	2.29579654759e-09	6.97379228481e-05
1.85340489054e-13	0.0012673213808	0.112695551022	1.30839145863e-09	2.53111575502e-09	7.32248187941e-05
2.145547812e-13	0.00126732136552	0.112695550551	1.44248746038e-09	2.79055511253e-09	7.68860595064e-05
2.48373975469e-13	0.00126732134867	0.112695550031	1.59032830012e-09	3.07658697571e-09	8.07303622186e-05
2.87523919375e-13	0.0012673213301	0.112695549457	1.75332282326e-09	3.39193705305e-09	8.47668800248e-05
3.32844872089e-13	0.00126732130962	0.112695548825	1.93302428178e-09	3.73961049616e-09	8.90052236734e-05
3.85309538573e-13	0.00126732128704	0.112695548129	2.13114513585e-09	4.12292054351e-09	9.34554844488e-05
4.46043946321e-13	0.00126732126214	0.11269554736	2.34957337267e-09	4.54551982875e-09	9.81282581985e-05
5.16351612805e-13	0.0012673212347	0.112695546513	2.59039049794e-09	5.01143557472e-09	0.000103034670561
5.97741522303e-13	0.00126732120444	0.112695545579	2.85589137147e-09	5.52510767416e-09	0.000108186403456
6.91960512564e-13	0.00126732117108	0.11269554455	3.14860607592e-09	6.09143110017e-09	0.000113595722896
8.01030766414e-13	0.00126732113431	0.112695543415	3.47132402711e-09	6.71580264663e-09	0.000119275508192
9.27293212966e-13	0.00126732109376	0.112695542164	3.82712055557e-09	7.40417222047e-09	0.000125239282618
1.07345776992e-12	0.00126732104906	0.112695540784	4.21938621275e-09	8.16309968508e-09	0.000131501245612
1.24266150529e-12	0.00126732099977	0.112695539263	4.65185908099e-09	8.9998171438e-09	0.000138076306576
1.43853596684e-12	0.00126732094543	0.112695537586	5.12866039538e-09	9.92229810684e-09	0.00014498012038
1.66528512431e-12	0.00126732088552	0.112695535737	5.65433381672e-09	1.09393334305e-08	0.000152229124635
1.92777559719e-12	0.00126732081948	0.112695533699	6.23388873001e-09	1.20606145837e-08	0.000159840578824
2.23164110467e-12	0.00126732074666	0.112695531451	6.87284798087e-09	1.32968271291e-08	0.0001678326054
2.58340337932e-12	0.00126732066638	0.112695528974	7.57730050509e-09	1.46597511979e-08	0.000176224232932
2.99061213984e-12	0.00126732057787	0.112695526242	8.35395935242e-09	1.61623749547e-08	0.00018503544141
3.46200712676e-12	0.00126732048029	0.11269552323	9.21022565793e-09	1.78190174993e-08	0.000194287209812
4.00770567898e-12	0.0012673203727	0.11269551991	1.01542591702e-08	1.96454656458e-08	0.000204001566056
4.63941987677e-12	0.00126732025409	0.112695516249	1.11950560086e-08	2.16591244689e-08	0.000214201639443
5.37070791175e-12	0.00126732012332	0.112695512213	1.23425343907e-08	2.38791830602e-08	0.000224911715724
6.21726507872e-12	0.00126731997914	0.112695507764	1.36076291461e-08	2.63267972708e-08	0.000236157294922
7.19726063468e-12	0.00126731982019	0.112695502858	1.50023959184e-08	2.90252915493e-08	0.000247965152041
8.33172775474e-12	0.00126731964495	0.11269549745	1.65401260473e-08	3.20003809869e-08	0.000260363400814
9.64501495416e-12	0.00126731945174	0.112695491487	1.82354732256e-08	3.52804163427e-08	0.000273381560635
1.11653086649e-11	0.00126731923873	0.112695484913	2.01045931385e-08	3.88966546053e-08	0.000287050626835
1.29252381824e-11	0.00126731900389	0.112695477665	2.21652974159e-08	4.2883556421e-08	0.000301403144481
1.49625759655e-11	0.00126731874497	0.112695469674	2.4437223363e-08	4.72791143864e-08	0.00031647328585
1.73210483195e-11	0.00126731845952	0.112695460865	2.69420210892e-08	5.21252156468e-08	0.000332296931788
2.00512738609e-11	0.00126731814481	0.112695451152	2.9703559816e-08	5.74680405766e-08	0.00034891175713
2.32118499047e-11	0.00126731779784	0.112695440444	3.27481553309e-08	6.33585029822e-08	0.00036635732039
2.687061009e-11	0.0012673174153	0.112695428638	3.61048207538e-08	6.98527352683e-08	0.000384675157936
3.11060802345e-11	0.00126731699356	0.112695415622	3.98055430064e-08	7.70126232318e-08	0.000403908882871
3.6009163661e-11	0.00126731652858	0.112695401271	4.38855876171e-08	8.49063960325e-08	0.000424104288858
4.16850921671e-11	0.00126731601595	0.11269538545	4.83838347671e-08	9.36092760054e-08	0.000445309459129
4.82556845069e-11	0.00126731545078	0.112695368008	5.33431497785e-08	1.03204195641e-07	0.000467574880951
5.5861960852e-11	0.00126731482767	0.112695348777	5.88107915746e-08	1.13782587839e-07	0.000490953565805
6.46671693434e-11	0.00126731414069	0.112695327575	6.48388630032e-08	1.25445256989e-07	0.00051550117557
7.48602896817e-11	0.0012673133833	0.1126953042	7.14848073149e-08	1.3830333986e-07	0.000541276155023
8.66600889462e-11	0.00126731254828	0.11269527843	7.88119555237e-08	1.524793642e-07	0.000568339870945
1.00319816679e-10	0.00126731162767	0.112695250017	8.68901298664e-08	1.68108416349e-07	0.000596756758188
1.16132639991e-10	0.0012673106127	0.112695218693	9.57963091086e-08	1.85339428426e-07	0.000626594473037
1.34437935323e-10	0.0012673094937	0.112695184157	1.05615362035e-07	2.04336597744e-07	0.000657924054232
1.55628571876e-10	0.00126730826	0.112695146082	1.1644085611e-07	2.25280950436e-07	0.000690820092031
1.80159343006e-10	0.00126730689985	0.112695104105	1.28375949013e-07	2.48372067397e-07	0.000725360905726
2.08556726511e-10	0.00126730540028	0.112695057824	1.4153437154e-07	2.73829984866e-07	0.000761628730015
2.41430183235e-10	0.00126730374701	0.1126950068	1.56041511228e-07	3.01897291618e-07	0.000799709910683
2.79485236441e-10	0.00126730192429	0.112694950546	1.72035607028e-07	3.32841439871e-07	0.00083969511006
3.2353861258e-10	0.00126729991474	0.112694888526	1.89669066402e-07	3.66957293342e-07	0.000881679522724
3.74535768344e-10	0.00126729769922	0.112694820149	2.09109917382e-07	4.04569937077e-07	0.000925763101982
4.33571180033e-10	0.00126729525662	0.112694744764	2.30543409425e-07	4.46037773385e-07	0.000972050797645
5.01911830564e-10	0.00126729256365	0.112694661651	2.54173778289e-07	4.91755937509e-07	0.00102065280567
5.81024397999e-10	0.00126728959467	0.11269457002	2.80226191758e-07	5.42160061117e-07	0.00107168483027
6.726067289e-10	0.00126728632138	0.112694468997	3.08948894705e-07	5.97730421813e-07	0.00112526835905
7.78624271662e-10	0.00126728271259	0.112694357619	3.40615573936e-07	6.58996519285e-07	0.00118153095193
9.01352251389e-10	0.00126727873392	0.112694234826	3.75527965305e-07	7.2654211796e-07	0.0012406065444
1.04342449096e-09	0.00126727434745	0.112694099446	4.14018727909e-07	8.0101080744e-07	0.00130263576595
1.20788992547e-09	0.00126726951141	0.11269395019	4.56454612719e-07	8.83112133132e-07	0.00136776627429
1.39827802205e-09	0.0012672641797	0.112693785637	5.03239955763e-07	9.73628352896e-07	0.0014361531063
1.61867450822e-09	0.00126725830152	0.112693604217	5.54820529108e-07	1.07342188744e-06	0.00150795904637
1.87380903258e-09	0.00126725182089	0.112693404203	6.11687786247e-07	1.18344353262e-06	0.00158335501308
2.16915663747e-09	0.00126724467605	0.112693183688	6.74383542236e-07	1.30474151334e-06	0.00166252046515
2.51105521934e-09	0.00126723679893	0.112692940572	7.43505133086e-07	1.43847146353e-06	0.00174564382753
2.90684149487e-09	0.00126722811449	0.112692672537	8.19711103407e-07	1.58590742882e-06	0.00183292293861
3.3650083873e-09	0.00126721854001	0.112692377032	9.03727476334e-07	1.7484539946e-06	0.00192456551974
3.89538720626e-09	0.00126720798427	0.112692051239	9.96354665277e-07	1.92765965561e-06	0.00202078966789
4.50935852507e-09	0.00126719634672	0.112691692055	1.09847509308e-06	2.12523155362e-06	0.00212182437283
5.220096274e-09	0.00126718351651	0.112691296058	1.21106159089e-06	2.34305172324e-06	0.00222791005985
6.0428502783e-09	0.00126716937143	0.112690859475	1.33518665639e-06	2.58319499844e-06	0.00233929915934
6.99527329284e-09	0.00126715377677	0.112690378148	1.47203265913e-06	2.84794875151e-06	0.00245625670452
8.09779953623e-09	0.00126713658399	0.11268984749	1.62290308965e-06	3.13983464992e-06	0.00257906095861
9.37408282851e-09	0.00126711762936	0.112689262447	1.78923495889e-06	3.46163263636e-06	0.00270800407289
1.08515037101e-08	0.00126709673238	0.112688617447	1.9726124652e-06	3.81640736059e-06	0.00284339277724
1.25617563931e-08	0.00126707369408	0.112687906345	2.17478205819e-06	4.20753730987e-06	0.00298554910439
1.45415280996e-08	0.00126704829508	0.112687122367	2.39766904165e-06	4.63874691611e-06	0.00313481114985
1.68332853147e-08	0.0012670202936	0.112686258048	2.64339587233e-06	5.11414193903e-06	0.0032915338689
1.94861837595e-08	0.00126698942305	0.112685305156	2.91430232704e-06	5.63824846028e-06	0.00345608991246
2.25571215268e-08	0.00126695538961	0.112684254615	3.21296772799e-06	6.21605585552e-06	0.00362887050371
2.61119578715e-08	0.00126691786935	0.112683096423	3.54223543558e-06	6.85306414567e-06	0.00381028635716
3.02269236698e-08	0.00126687650523	0.112681819551	3.90523983854e-06	7.55533617353e-06	0.00400076864225
3.49902536391e-08	0.00126683090368	0.112680411842	4.3054360947e-06	8.32955509307e-06	0.00420076999336
4.05040751152e-08	0.00126678063087	0.112678859893	4.74663290098e-06	9.18308770707e-06	0.00441076556831
4.68865936314e-08	0.00126672520863	0.112677148932	5.23302859871e-06	1.01240542455e-05	0.00463125415751
5.42746218254e-08	0.0012666641099	0.112675262674	5.76925095139e-06	1.11614052328e-05	0.00486275934583
6.28265054723e-08	0.00126659675377	0.112673183166	6.360400965e-06	1.23050061556e-05	0.0051058307295
7.27255088237e-08	0.00126652249996	0.112670890621	7.01210115781e-06	1.35657307153e-05	0.00536104519024
8.41837311293e-08	0.00126644064284	0.112668363226	7.73054872678e-06	1.4955563525e-05	0.00562900822895
9.74466373932e-08	0.00126635040473	0.112665576938	8.5225741014e-06	1.64877131945e-05	0.00591035536127
1.12798299332e-07	0.00126625092858	0.112662505256	9.39570542393e-06	1.81767368368e-05	0.00620575357735
1.30567457387e-07	0.00126614126994	0.112659118971	1.03582395471e-05	2.00386771328e-05	0.00651590286816
1.51134531811e-07	0.0012660203881	0.112655385889	1.14193201979e-05	2.20912131952e-05	0.00684153782069
1.74939730667e-07	0.00126588713628	0.112651270527	1.25890240178e-05	2.43538265959e-05	0.0071834292843
2.02492425358e-07	0.00126574025096	0.112646733779	1.38784552581e-05	2.68479840409e-05	0.00754238611035
2.34381990613e-07	0.00126557834004	0.112641732547	1.52998499817e-05	2.95973383273e-05	0.00791925696741
2.71290336069e-07	0.00126539986988	0.112636219336	1.68666907038e-05	3.26279493549e-05	0.00831493223374
3.14006391407e-07	0.00126520315105	0.112630141807	1.85938324887e-05	3.5968527135e-05	0.00873034596916
3.63442846997e-07	0.00126498632264	0.112623442289	2.04976416147e-05	3.96506989095e-05	0.00916647796752
4.20655497945e-07	0.00126474733504	0.112616057232	2.25961480183e-05	4.37093026819e-05	0.00962435589129
4.86865592208e-07	0.00126448393108	0.112607916619	2.49092128381e-05	4.81827096596e-05	0.0101050574891
5.63485643928e-07	0.00126419362524	0.112598943309	2.74587124925e-05	5.31131783187e-05	0.0106097128963
6.5214924244e-07	0.00126387368095	0.11258905232	3.02687408507e-05	5.85472430316e-05	0.0111395070195
7.54745466712e-07	0.00126352108558	0.112578150039	3.33658311855e-05	6.45361404275e-05	0.0116956820027
8.73458605633e-07	0.00126313252317	0.112566133353	3.67791997353e-05	7.11362769075e-05	0.0122795397746
1.01081398796e-06	0.00126270434446	0.112552888696	4.05410128472e-05	7.84097409927e-05	0.0128924446746
1.16973084366e-06	0.00126223253416	0.112538291007	4.46866798243e-05	8.64248644416e-05	0.0135358261533
1.35358325226e-06	0.00126171267509	0.112522202576	4.92551737559e-05	9.52568363447e-05	0.0142111815421
1.56627038623e-06	0.00126113990915	0.112504471787	5.42893827664e-05	0.000104988374662	0.0149200788869
1.81229742925e-06	0.00126050889456	0.11248493174	5.98364942814e-05	0.000115710459935	0.0156641598359
2.09686874425e-06	0.00125981375937	0.112463398735	6.59484150619e-05	0.000127523136133	0.0164451425717
2.42599508462e-06	0.00125904805078	0.112439670617	7.2682229912e-05	0.000140536383826	0.0172648247742
2.80661688822e-06	0.00125820468011	0.112413524964	8.01007021033e-05	0.000154871071047	0.0181250865991
3.24674596823e-06	0.00125727586299	0.11238471711	8.82728186785e-05	0.000170659987327	0.0190278936512
3.75562822045e-06	0.00125625305463	0.112352977977	9.72743838955e-05	0.000188048966461	0.0199752999307
4.34393030506e-06	0.00125512687979	0.11231801172	0.000107188664129	0.000207198103498	0.0209694507237
5.02395363237e-06	0.00125388705721	0.11227949315	0.000118107087555	0.000228283071306	0.0220125854032
5.80987938813e-06	0.00125252231836	0.112237064942	0.0001301300019	0.000251496541711	0.0231070401035
6.71804877263e-06	0.00125102032015	0.112190334587	0.000143367493383	0.000277049715712	0.0242552502202
7.76728309768e-06	0.00124936755166	0.112138871096	0.000157940269746	0.000305173966465	0.0254597526827
8.9792488804e-06	0.00124754923481	0.112082201421	0.000173980609909	0.000336122597653	0.0267231879372
1.03788735865e-05	0.00124554921887	0.112019806594	0.000191633382209	0.000370172718368	0.0280483015663
1.19948181956e-05	0.00124334986931	0.111951117554	0.000211057132484	0.00040762723369	0.0294379454627
1.38600132712e-05	0.00124093195107	0.111875510668	0.000232425242252	0.000448816947623	0.0308950784592
1.60122656942e-05	0.00123827450712	0.111792302916	0.000255927155945	0.000494102771848	0.0324227663046
1.84949436319e-05	0.00123535473297	0.111700746754	0.000281769674532	0.000543878029753	0.034024180858
2.13577476219e-05	0.00123214784844	0.11160002463	0.000310178310778	0.000598570840221	0.0357025983585
2.4657575799e-05	0.00122862696833	0.111489243183	0.000341398698813	0.000658646559601	0.0374613966055
2.84594912159e-05	0.0012247629739	0.11136742711	0.000375698047522	0.00072461025286	0.0393040508655
3.28377988184e-05	0.00122052438811	0.111233512741	0.000413366623419	0.000797009156112	0.0412341282981
3.78772388291e-05	0.00121587725754	0.111086341337	0.000454719244051	0.00087643508215	0.0432552806711
4.36743019365e-05	0.00121078504553	0.110924652177	0.000500096757449	0.000963526708192	0.0453712351061
5.0338669628e-05	0.00120520854114	0.110747075475	0.000549867476677	0.00105897167062	0.047585782574
5.79947800591e-05	0.00119910579017	0.110552125224	0.000604428530957	0.00116350837481	0.0499027638294
6.67835158039e-05	0.00119243205527	0.11033819207	0.000664207086128	0.00127792740924	0.0523260524506
7.6864004447e-05	0.00118513981352	0.110103536353	0.000729661377317	0.00140307243177	0.0548595346244
8.84155159884e-05	0.00117717880113	0.10984628148	0.000801281485575	0.00153984037259	0.0575070852969
0.000101639432163	0.00116849611637	0.109564407838	0.000879589778025	0.00168918077312	0.060272540292
0.000116761251757	0.00115903639315	0.109255747499	0.00096514091788	0.00185209405319	0.0631596639936
0.000134032582564	0.00114874205908	0.108917979999	0.00105852133678	0.00202962847216	0.0661721121851
0.000153733054608	0.00113755369288	0.108548629555	0.00116034804783	0.00222287552266	0.0693133896562
0.000176172070524	0.00112541049713	0.1081450641	0.00127126666385	0.00243296347203	0.0725868022155
0.000201690287657	0.00111225090243	0.107704496611	0.00139194847314	0.00266104874704	0.075995402804
0.000230660702808	0.00109801331927	0.107223989219	0.00152308641453	0.00290830484602	0.0795419314764
0.000263489185245	0.00108263705241	0.106700460691	0.00166538978799	0.00317590846199	0.0832287491361
0.000300614277748	0.00106606339058	0.106130697859	0.00181957753574	0.00346502251598	0.0870577650488
0.000342506060595	0.00104823688058	0.105511371673	0.00198636993706	0.0037767758353	0.0910303583547
0.000389663851886	0.00102910678938	0.104839058497	0.00216647857653	0.00411223927418	0.0951472940321
0.000442612502311	0.0010086287505	0.10411026732	0.00236059447664	0.00447239816734	0.0994086340509
0.000501897037183	0.000986766581479	0.103321473457	0.0025693743307	0.00485812113894	0.10381364479
0.000568075407595	0.000963494247028	0.102469159272	0.00279342483583	0.00527012546128	0.108360702176
0.000641709140808	0.000938797928959	0.101549862278	0.00303328520855	0.00570893937469	0.11304719643
0.000723351732393	0.000912678147694	0.100560230788	0.00328940806905	0.00617486204007	0.117869438757
0.000813534703797	0.000885151863391	0.0994970870428	0.00356213900259	0.00666792209385	0.122822572784
0.000912751362208	0.000856254467507	0.0983574973766	0.00385169524667	0.00718783610232	0.127900494023
0.00102143844612	0.000826041559716	0.097138848609	0.00415814410305	0.00773396854934	0.133095781011
0.0011399560177	0.000794590392326	0.0958389293863	0.00448138182783	0.00830529531515	0.138399642149
0.00126856616579	0.000762000856673	0.0944560146965	0.00482111389785	0.00890037288134	0.143801882433
0.0014074112992	0.000728395885624	0.0929889512687	0.00517683767403	0.00951731568987	0.149290894301
0.00155649302256	0.000693921155437	0.0914372410674	0.00554782856435	0.0101537841507	0.154853676636
0.00171565277294	0.000658743990335	0.0898011196552	0.00593313081469	0.0108069856907	0.160475885499
0.00188438101565	0.000623087220942	0.0875525704472	0.00633155400729	0.0114726161599	0.166141919428
0.00206134056533	0.000587337425164	0.0846175277576	0.0067439507126	0.012139838499	0.171869351464
0.00224681933672	0.000551553257104	0.0816029574183	0.00717159665408	0.0128076990769	0.177683654309
0.00244009799975	0.000515979882596	0.0785229678488	0.00761298695374	0.013472180831	0.183572288417
0.00264032272353	0.000480855694812	0.0753924127766	0.00806647674559	0.0141292191833	0.189522441762
0.00284651789445	0.000446407193458	0.0722266393359	0.0085303049979	0.0147747808581	0.195521119626
0.00305760290878	0.000412844347009	0.0690412253708	0.00900262086378	0.0154049432527	0.201555236018
0.00327241244915	0.00038035661959	0.0658517149443	0.0094815117343	0.0160159713316	0.207611704786
0.00348971947192	0.000349109802847	0.0626733609996	0.00996503210607	0.0166043891511	0.213677528621
0.00370826000092	0.000319243743794	0.059520883534	0.0104512323658	0.017167043432	0.219739884334
0.00392665023823	0.000290885149151	0.0563485474736	0.0109381822043	0.0177006591313	0.225786203104
0.00414372712209	0.000264107403396	0.0532267533931	0.0114245142308	0.0182028266449	0.231810828374
0.00435828595322	0.000238968510135	0.0501508873393	0.0119084908987	0.0186716228559	0.237803040637
0.00456913171704	0.000215506539593	0.0471258764641	0.0123886308147	0.019105197497	0.243754705606
0.00477521748129	0.000193728184635	0.0441669952847	0.012863661914	0.0195023568102	0.249659613636
0.00497560380854	0.000173617880699	0.0412799650655	0.0133324245916	0.0198624051077	0.255512136588
0.00516950876461	0.000155136899089	0.0384827225654	0.0137939660716	0.0201851901325	0.26130833149
0.0053562513497	0.000138232677562	0.035789844743	0.0142473919105	0.0204709584574	0.267044024157
0.00553523706519	0.000122842718397	0.0332115704587	0.0146918743543	0.0207202515926	0.272714868711
0.00570602159032	0.000108891510498	0.030742851103	0.0151266816481	0.020934086752	0.278316676241
0.0058683470814	9.62908917973e-05	0.0284023275264	0.0155513457019	0.0211138739759	0.283847608021
0.00602195958852	8.49565441619e-05	0.0261911283092	0.0159653036143	0.0212610586327	0.289303570315
0.00616677038511	7.4796691221e-05	0.0241052056258	0.0163681180254	0.0213774839538	0.294681067389
0.00630278846577	6.57189651771e-05	0.0221536910963	0.0167595143295	0.0214650768196	0.299977788619
0.00643006403849	5.7634941473e-05	0.0203248218222	0.017139141847	0.0215258755726	0.30518944031
0.00654877294704	5.04553112979e-05	0.0186250148913	0.0175068946893	0.0215619932961	0.310314185998
0.00665910244323	4.40974602136e-05	0.0170430221287	0.017862561954	0.0215755660866	0.315347906546
0.0067613239727	3.84811519728e-05	0.0155787785989	0.0182061339485	0.021568692626	0.320288552191
0.00685573753072	3.35317965157e-05	0.0142236857416	0.0185375659056	0.0215434811703	0.325132903399
0.00694265906039	2.91808152252e-05	0.0129707254472	0.0188569331483	0.0215018576857	0.329878893772
0.00702247195825	2.53628198566e-05	0.0118183753831	0.019164405441	0.0214457578541	0.334525401258
0.00709554299498	2.20194198464e-05	0.0107512917509	0.0194600894502	0.0213770209563	0.33906994719
0.00716218558713	1.91002128512e-05	0.0097537363497	0.0197443725556	0.0212969442139	0.343514119884
0.0072229011418	1.65519127674e-05	0.00884284902631	0.0200180283506	0.0212069185192	0.347865691658
0.00727808614033	1.4330767388e-05	0.00801211669866	0.0202812220744	0.0211085301024	0.352122897153
0.00732808370923	1.2399226758e-05	0.00721483169353	0.0205341482541	0.0210031017047	0.356284220147
0.00737253085887	1.07496333304e-05	0.00629002263366	0.0207783942363	0.0208884405266	0.360371745724
0.00741280284954	9.31407465327e-06	0.00548068863959	0.0210222697297	0.020760613344	0.364524978504
0.00744928461592	8.06601957882e-06	0.00477309867051	0.0212656628623	0.0206211173184	0.368745928176
0.00748232816264	6.9819382321e-06	0.00415499788349	0.0215084749628	0.020471303026	0.373036652718
0.00751226854649	6.04060808661e-06	0.00362570632976	0.0217506190632	0.0203124248102	0.377399259493
0.0075396802144	5.21525134215e-06	0.00322636003	0.0219913344653	0.0201470321236	0.38182311147
0.00756445152973	4.50089788988e-06	0.00287010294447	0.0222255103233	0.0199801167977	0.386213794206
0.0075868111662	3.88299630698e-06	0.00255245522088	0.0224532530082	0.0198123796595	0.390569772086
0.0076069713611	3.34882170868e-06	0.00226937042283	0.0226746760399	0.0196444415293	0.394889544145
0.00762512863142	2.88726403035e-06	0.00201719988684	0.0228898987569	0.0194768499387	0.399171647842
0.00764146453346	2.488636957e-06	0.00179265872669	0.023099045139	0.0193100854917	0.403414662675
0.00765614644899	2.14450639997e-06	0.00159279370985	0.0233022427676	0.0191445678536	0.407617213606
0.0076693283838	1.84753723025e-06	0.00141495313791	0.0234996219096	0.0189806613601	0.411777974248
0.00768115176744	1.59135687753e-06	0.00125675879024	0.0236913147132	0.0188186802475	0.415895669808
0.00769174624451	1.37043436952e-06	0.00111607993567	0.0238774545026	0.0186588935091	0.419969079745
0.00770123045027	1.1799734004e-06	0.000991009375257	0.0240581751632	0.0185015293887	0.423997040148
0.00770971276459	1.01581806413e-06	0.00087984144972	0.0242336106058	0.0183467795238	0.427978445816
0.00771729203966	8.74369958827e-07	0.000781051923974	0.0244038943032	0.0181948027533	0.431912252043
0.00772405829829	7.52515451715e-07	0.000693279647547	0.0245691588905	0.0180457286086	0.435797476106
0.00773005891169	6.48150659072e-07	0.000593999103136	0.0247295358219	0.0178995791959	0.439633198461
0.00773518215987	5.62075945801e-07	0.000473137829779	0.0248908244827	0.0177503289057	0.443557784056
0.00773969793225	4.8893859298e-07	0.000361543225533	0.0250663315238	0.0175853328993	0.447907409192
0.00774409989589	4.20688559193e-07	0.000542617667052	0.0252658749903	0.0173959206309	0.452956584628
0.00774677166487	3.80574275921e-07	0.000187408366278	0.0253809224833	0.0172869703851	0.455919190369
0.00775043775442	3.2810577639e-07	0.000164633726042	0.0256787615037	0.0169973998276	0.463772194952
0.0077538230977	2.82859851737e-07	0.000144619619245	0.0259711479308	0.0167125148747	0.471750118352
0.00775694768651	2.43858439539e-07	0.000126943790698	0.0262581790939	0.0164322862914	0.479854726016
0.00775983470532	2.10203241312e-07	0.000111943736028	0.0265401603583	0.0161564805622	0.488094017124
0.00776252158426	1.80947508364e-07	0.000100025729454	0.0268158848041	0.0158864032443	0.496430376937
0.00776499400101	1.55779448243e-07	8.87439344781e-05	0.0270816698681	0.0156257251509	0.504741991305
0.00776723407518	1.34434960466e-07	7.68000094642e-05	0.0273396884215	0.0153722556463	0.513083178563
0.0077693051013	1.15966787804e-07	6.67821617286e-05	0.0275969636966	0.0151191151187	0.521681463339
0.00777121684853	1.0002440041e-07	5.81190031967e-05	0.0278521875966	0.0148676428303	0.530502999531
0.00777300220985	8.61117476957e-08	5.18398912542e-05	0.0281051397476	0.0146181338019	0.539547849658
0.00777464912209	7.41141340527e-08	4.63050683819e-05	0.0283494038329	0.0143769913297	0.548582152184
0.00777616424836	6.37826594754e-08	4.13686747067e-05	0.0285848834727	0.0141443351697	0.557585166958
0.00777755605809	5.48874682204e-08	3.69576509927e-05	0.0288118327538	0.0139199367921	0.566548655829
0.00777883283228	4.7229278158e-08	3.30192063347e-05	0.0290305481262	0.013703523698	0.575466379314
0.00778000239474	4.06368214634e-08	2.94996093715e-05	0.029241296537	0.0134948509067	0.584331363908
0.00778107218353	3.49625693178e-08	2.63510444493e-05	0.0294443582432	0.0132936583919	0.593137661713
0.00778204938319	3.00788462338e-08	2.35368292733e-05	0.0296400307798	0.0130996674439	0.601880681885
0.00778293447383	2.59051612865e-08	2.0644067746e-05	0.0298285835238	0.0129126153049	0.61055525049
0.00778373834748	2.23259222398e-08	1.80425724606e-05	0.0300137542155	0.0127287876759	0.619323416767
0.00778448058817	1.92056316357e-08	1.61147907575e-05	0.0301963634986	0.0125474004027	0.628222886668
0.00778515661894	1.65204627251e-08	1.43924139336e-05	0.0303723184887	0.0123725423839	0.637045790641
0.00778577155369	1.42097452234e-08	1.28551634438e-05	0.0305418569769	0.0122039876839	0.64578691365
0.00778633012311	1.22215313041e-08	1.14816157759e-05	0.030705187623	0.0120415383661	0.654440122897
0.00778683152881	1.0528597136e-08	1.00416789997e-05	0.0308625341306	0.0118849724002	0.663000651115
0.00778728704367	9.06887456911e-09	8.83408316906e-06	0.0310175347807	0.0117306714717	0.671657574313
0.00778770434933	7.79940767312e-09	7.88813351016e-06	0.0311693206205	0.0115795182054	0.680359073914
0.0077880822092	6.70727095942e-09	7.04373659529e-06	0.0313155697581	0.0114338344191	0.688961283265
0.00778842395482	5.76762637482e-09	6.29097145076e-06	0.0314564702346	0.0112934387895	0.697459233142
0.00778873258706	4.95936804959e-09	5.618161209e-06	0.0315921799967	0.0111581793305	0.705846686214
0.00778901093071	4.26423483843e-09	5.0161846635e-06	0.0317228940327	0.0110278665198	0.714120255027
0.00778926167827	3.66634529539e-09	4.47891790709e-06	0.0318488189696	0.0109022987908	0.722278053093
0.0077894873372	3.15201060751e-09	4.00071850534e-06	0.0319701175558	0.0107813179986	0.730316097187
0.00778969002876	2.70987763515e-09	3.5644032939e-06	0.0320869048567	0.0106648129713	0.738227755474
0.00778987028183	2.33314496791e-09	3.1227855244e-06	0.0321996358208	0.0105523303161	0.746030541747
0.00779003236814	2.00836710679e-09	2.75685130296e-06	0.0323104316363	0.0104417554021	0.753863387131
0.00779017907932	1.72641665942e-09	2.46189647964e-06	0.0324184839831	0.0103339008896	0.761663906306
0.00779031048903	1.48398093141e-09	2.19842376231e-06	0.0325225287822	0.0102300314591	0.769330710389
0.00779042805627	1.27553271386e-09	1.96308228641e-06	0.0326227128187	0.0101300027399	0.776861743347
0.00779053311898	1.09631609608e-09	1.7528867029e-06	0.0327191775986	0.0100336754001	0.784255212606
0.00779062690232	9.42238361324e-10	1.56516611155e-06	0.0328120589952	0.00994091552157	0.791509542093
0.00779071052407	8.09780877687e-10	1.39750500541e-06	0.0329014873733	0.00985159449363	0.798623358694
0.00779078500447	6.95915302511e-10	1.24776542072e-06	0.0329875896115	0.00976558701179	0.805595633186
0.00779085127317	5.98035393258e-10	1.11412379024e-06	0.033070488007	0.00968277219031	0.81242557761
0.00779091018163	5.13889986718e-10	9.94997630986e-07	0.0331502940812	0.00960303977861	0.819112100985
0.00779096248494	4.41566917583e-10	8.88583094268e-07	0.0332271024481	0.00952629627726	0.825653218099
0.00779100887679	3.79407923208e-10	7.93527053115e-07	0.0333010244884	0.00945243131243	0.832048880327
0.00779104998468	3.25986822276e-10	7.08626257416e-07	0.0333721675125	0.00938133847174	0.838299251877
0.00779108637601	2.80076264655e-10	6.32817707129e-07	0.0334406342909	0.00931291578577	0.844404644931
0.00779111851666	2.40676098382e-10	5.60432126656e-07	0.0335065215696	0.00924706716628	0.850365357851
0.00779114614836	2.07733197655e-10	4.72371305519e-07	0.0335704642454	0.00918315749248	0.856231909972
0.00779117114116	1.78763556826e-10	4.1704231695e-07	0.0336359288308	0.00911772254515	0.862323320169
0.00779119349435	1.53575843113e-10	3.72532461895e-07	0.0336997471502	0.00905393054399	0.868346324352
0.00779121323903	1.31932023964e-10	3.32784595205e-07	0.0337611387562	0.00899256202299	0.874220961867
0.00779123066365	1.13334385895e-10	2.97276053631e-07	0.0338201912732	0.00893352974097	0.879947943168
0.0077912460269	9.73551417971e-11	2.65549837946e-07	0.0338769917192	0.00887674701943	0.8855284002
0.00779125956095	8.36261663637e-11	2.37203902393e-07	0.0339316251854	0.00882212906852	0.890963748937
0.00779127147472	7.18298682384e-11	2.11942610748e-07	0.033984173595	0.00876959423317	0.896255549046
0.0077912819537	6.16944006726e-11	1.89394437532e-07	0.0340346999062	0.00871907979073	0.901403862283
0.0077912911619	5.29874991556e-11	1.69241373443e-07	0.0340832733345	0.00867051673199	0.906409752548
0.00779129924707	4.55080734158e-11	1.51229498159e-07	0.034129968721	0.00862383040004	0.911275253843
0.0077913063243	3.90980645261e-11	1.33816699445e-07	0.0341748580777	0.00857894892672	0.916002502402
0.00779131249464	3.36230450217e-11	1.17602629367e-07	0.0342184488627	0.00853536497916	0.920640583516
0.00779131793976	2.88879344739e-11	1.04794861964e-07	0.0342611077075	0.00849271213747	0.925225599477
0.00779132272642	2.48065048917e-11	9.37123870906e-08	0.0343022451704	0.00845157992551	0.929690932448
0.00779132691639	2.13011551444e-11	8.3800298142e-08	0.034341755285	0.00841207438504	0.93402073694
0.0077913305815	1.82906681037e-11	7.49352111217e-08	0.0343797019466	0.00837413170611	0.938217669604
0.00779133378532	1.57052611237e-11	6.70067209438e-08	0.0344161465728	0.0083376905457	0.942284438967
0.00779133658409	1.34849787731e-11	5.99160398275e-08	0.0344511481983	0.00830269193477	0.946223796274
0.00779133902788	1.15779729025e-11	5.36096569335e-08	0.0344847635652	0.00826907918912	0.950038526823
0.00779134116069	9.93986035055e-12	4.79851328159e-08	0.0345170253546	0.00823681967817	0.953728931884
0.00779134302023	8.53332364841e-12	4.29500071155e-08	0.034547973834	0.00820587317765	0.95729637813
0.00779134464053	7.32565832825e-12	3.84426113945e-08	0.0345776621278	0.00817618660166	0.960743941806
0.00779134605157	6.28877308909e-12	3.44077168887e-08	0.0346061412353	0.00814770898479	0.964074698252
0.0077913472797	5.39854000997e-12	3.07958637105e-08	0.0346334601137	0.00812039139927	0.967291715134
0.00779134834815	4.63416327915e-12	2.75791227391e-08	0.0346596657588	0.00809418687523	0.970398046193
0.00779134927771	3.97750182358e-12	2.47210818424e-08	0.0346847880227	0.00806906558352	0.973394899541
0.0077913500854	3.41382389352e-12	2.21589171325e-08	0.0347088464466	0.00804500800178	0.97628239123
0.00779135078684	2.92997431385e-12	1.98620397725e-08	0.0347318858449	0.00802196933267	0.979063814275
0.00779135139572	2.51465713593e-12	1.78030177202e-08	0.034753949162	0.00799990664684	0.981742417401
0.007791351924	2.15817320515e-12	1.59572506903e-08	0.0347750775486	0.00797877880636	0.984321400851
0.00779135238216	1.8521887957e-12	1.43043665457e-08	0.034795310436	0.00795854639132	0.986803912689
0.00779135277968	1.58932238365e-12	1.28450103961e-08	0.0348146832643	0.0079391739719	0.989192756017
0.00779135312408	1.36374058649e-12	1.15344099195e-08	0.0348331972946	0.00792066029498	0.991486621983
0.00779135342233	1.17015886402e-12	1.03574200437e-08	0.0348508904365	0.00790296745843	0.993688824284
0.00779135368051	1.00404100508e-12	9.30043519175e-09	0.034867798939	0.00788605921961	0.99580259953
0.00779135390391	8.61493276467e-13	8.35123312287e-09	0.0348839574625	0.00786990092381	0.99783110562
0.00779135409716	7.39173524223e-13	7.49883457036e-09	0.0348993991473	0.00785445943557	0.999777420511
0.00779135426433	6.34168493063e-13	6.74280928286e-09	0.0349141556794	0.00783970307313	1.00164454135
0.00779135440891	5.44016078525e-13	6.06737648642e-09	0.0349282366759	0.00782562222319	1.0034327532
0.00779135453382	4.66673666327e-13	5.45955463246e-09	0.0349416617709	0.00781219725458	1.00514367201
0.0077913546417	4.00322110328e-13	4.91258248856e-09	0.0349544614188	0.0077993977156	1.00678036757
0.00779135473484	3.43400411365e-13	4.42037404284e-09	0.0349666646685	0.0077871945598	1.00834581175
0.00779135481523	2.94569118473e-13	3.97745119763e-09	0.0349782992274	0.00777556008184	1.00984287942
0.00779135488458	2.52687845068e-13	3.57420701361e-09	0.0349893915227	0.00776446785618	1.01127434955
0.00779135494404	2.16979334121e-13	3.17513838145e-09	0.0349999809498	0.00775387848881	1.01264474544
0.00779135499539	1.86302699924e-13	2.82803278833e-09	0.0350102172626	0.00774364222742	1.01397300693
0.00779135504007	1.59757422986e-13	2.55382268488e-09	0.0350200855894	0.00773377394534	1.01525684749
0.00779135507856	1.36993083809e-13	2.30618522813e-09	0.0350294570611	0.00772440251221	1.01647908546
0.00779135511173	1.17471399206e-13	2.08254749103e-09	0.0350383566355	0.00771550297089	1.01764252675
0.00779135514031	1.00730674468e-13	1.88058537645e-09	0.0350468080226	0.00770705161231	1.01874986391
0.00779135516491	8.63749144667e-14	1.69819959375e-09	0.0350548337458	0.00769902591359	1.01980367931
0.0077913551861	7.40644813599e-14	1.53349394906e-09	0.0350624552013	0.00769140447915	1.02080644836
0.00779135520434	6.35080795005e-14	1.38475572726e-09	0.0350696927139	0.00768416698472	1.02176054273
0.00779135522004	5.44558792344e-14	1.25043796464e-09	0.0350765655901	0.00767729412409	1.02266823369
0.00779135523354	4.66930887594e-14	1.12961720331e-09	0.0350830921692	0.00767076755848	1.02353169539
0.00779135524518	4.00261225408e-14	1.02342573747e-09	0.0350892872035	0.00766457253569	1.02435265436
0.00779135525519	3.43108505958e-14	9.27212929704e-10	0.035095148979	0.00765871077013	1.02513067314
0.0077913552638	2.94114644974e-14	8.40041671112e-10	0.0351006953965	0.00765316436117	1.02586793263
0.0077913552712	2.52115277206e-14	7.61062777458e-10	0.035105943398	0.00764791636694	1.02656650969
0.00779135527756	2.16112139392e-14	6.89506750873e-10	0.0351109090179	0.00764295075328	1.02722838142
0.00779135528302	1.85249387518e-14	6.24676311913e-10	0.0351156074313	0.00763825234535	1.02785542931
0.00779135528772	1.58793288432e-14	5.65939630118e-10	0.0351200529995	0.00763380678178	1.02844944331
0.00779135529175	1.36114805448e-14	5.12724187944e-10	0.0351242593139	0.00762960047131	1.02901212574
0.00779135529522	1.16674665906e-14	4.64511218968e-10	0.035128239237	0.00762562055164	1.02954509514
0.0077913552982	9.99952249599e-15	4.21786344913e-10	0.0351320049411	0.00762185485052	1.03004988999
0.00779135530076	8.56929632422e-15	3.83203549058e-10	0.0351355593315	0.00761830046264	1.03052681595
0.00779135530295	7.34360391565e-15	3.48149199949e-10	0.0351389121188	0.00761494767747	1.030977099
0.00779135530484	6.29320116837e-15	3.16300745176e-10	0.035142074728	0.00761178507012	1.03140220449
0.00779135530646	5.3930241654e-15	2.87365100153e-10	0.0351450579377	0.00760880186209	1.03180351968
0.00779135530785	4.62159186713e-15	2.61075958571e-10	0.0351478719163	0.00760598788477	1.03218235768
0.00779135530904	3.96049411274e-15	2.37191347967e-10	0.0351505262572	0.0076033335451	1.03253996109
0.00779135531007	3.3939527542e-15	2.15491408115e-10	0.0351530300103	0.00760082979302	1.03287750564
0.00779135531095	2.90844548295e-15	1.95776371976e-10	0.0351553917133	0.00759846809086	1.03319610352
0.0077913553117	2.49235218509e-15	1.77946989361e-10	0.0351576194205	0.00759624038438	1.0334968067
0.00779135531235	2.13540167491e-15	1.62038041529e-10	0.0351597197327	0.00759414007287	1.03378047526
0.0077913553129	1.82956826856e-15	1.47551165014e-10	0.0351616959518	0.0075921638543	1.0340475271
0.00779135531338	1.56753265918e-15	1.34359276637e-10	0.0351635554059	0.00759030440064	1.03429892716
0.00779135531379	1.3430233922e-15	1.22346645265e-10	0.0351653049908	0.00758855481617	1.03453558528
0.00779135531414	1.15066688622e-15	1.11407878428e-10	0.0351669511952	0.00758690861204	1.03475835929
0.00779135531444	9.85858913726e-16	1.01446999308e-10	0.0351685001253	0.00758535968227	1.03496805786
0.00779135531469	8.44654472457e-16	9.2376606053e-11	0.0351699575266	0.00758390228124	1.03516544321
0.00779135531491	7.23673416701e-16	8.41171060747e-11	0.0351713288056	0.00758253100242	1.03535123375
0.0077913553151	6.20019594089e-16	7.65960186652e-11	0.0351726190498	0.00758124075842	1.03552610649
0.00779135531527	5.31200770781e-16	6.97996525237e-11	0.0351738330463	0.00758002676214	1.03569069938
0.00779135531541	4.55037312148e-16	6.36878390906e-11	0.0351749744203	0.00757888538824	1.03584549427
0.00779135531552	3.89793581584e-16	5.81111390944e-11	0.0351760459821	0.00757781382651	1.03599086356
0.00779135531563	3.33904104947e-16	5.30227084784e-11	0.0351770520007	0.00757680780808	1.03612737859
0.00779135531571	2.86027815702e-16	4.83798028987e-11	0.0351779964839	0.00757586332498	1.03625557638
0.00779135531579	2.4501589082e-16	4.41434190727e-11	0.0351788831947	0.00757497661419	1.03637596163
0.00779135531585	2.09884195883e-16	4.02779674809e-11	0.0351797156663	0.0075741441427	1.03648900869
0.00779135531591	1.79789679051e-16	3.67509736866e-11	0.0351804972156	0.00757336259347	1.03659516327
0.00779135531596	1.54010148116e-16	3.35328057717e-11	0.0351812309569	0.00757262885222	1.03669484424
0.007791355316	1.31926945897e-16	3.05964256078e-11	0.0351819198141	0.00757193999506	1.03678844515
0.00779135531603	1.13008370499e-16	2.79329860462e-11	0.0351825665323	0.00757129327686	1.03687633578
0.00779135531606	9.67899512993e-17	2.55320874411e-11	0.0351831733356	0.00757068647358	1.03695881553
0.00779135531609	8.28990548169e-17	2.33375401529e-11	0.0351837419279	0.00757011788134	1.03703611344
0.00779135531611	7.10016689932e-17	2.13316103635e-11	0.0351842747149	0.00756958509433	1.03710855431
0.00779135531613	6.08117116932e-17	1.94980880729e-11	0.0351847739511	0.00756908585813	1.03717644267
0.00779135531614	5.20841533907e-17	1.78221561942e-11	0.035185241749	0.00756861806025	1.03724006403
0.00779135531616	4.46091265579e-17	1.62902708893e-11	0.0351856800881	0.00756817972117	1.03729968608
0.00779135531617	3.82068802125e-17	1.48900521802e-11	0.0351860908233	0.007567768986	1.03735555976
0.00779135531618	3.27234583799e-17	1.36101839565e-11	0.0351864756927	0.00756738411658	1.03740792035
0.00779135531619	2.8026998617e-17	1.24403225688e-11	0.0351868363251	0.00756702348421	1.03745698837
0.0077913553162	2.40044710235e-17	1.13725708935e-11	0.0351871742466	0.00756668556271	1.03750297058
0.0077913553162	2.05555986008e-17	1.04178395174e-11	0.0351874908428	0.00756636896654	1.03754605469
0.00779135531621	1.76022395275e-17	9.54325581633e-12	0.0351877867979	0.00756607301141	1.03758633312
0.00779135531621	1.50732029495e-17	8.7420919023e-12	0.0351880634576	0.00756579635169	1.03762398837
0.00779135531622	1.29075257605e-17	8.0081846021e-12	0.0351883220799	0.00756553772947	1.03765919108
0.00779135531622	1.10530032779e-17	7.33588806405e-12	0.0351885638405	0.00756529596883	1.03769210083
0.00779135531622	9.46493098953e-18	6.72003034137e-12	0.0351887898388	0.0075650699705	1.03772286684
0.00779135531622	8.10502705483e-18	6.15587361834e-12	0.0351890011025	0.00756485870687	1.03775162861
0.00779135531623	6.94050959437e-18	5.63907777394e-12	0.035189198592	0.00756466121733	1.03777851662
0.00779135531623	5.94330653437e-18	5.16566700292e-12	0.0351893832055	0.00756447660385	1.03780365282
0.00779135531623	5.08937896428e-18	4.73199923785e-12	0.0351895557824	0.00756430402699	1.03782715129
0.00779135531623	4.35807193588e-18	4.33660797211e-12	0.0351897171073	0.007564142702	1.03784911864
0.00779135531623	3.73167388719e-18	3.97553317033e-12	0.0351898678466	0.00756399196273	1.03786964539
0.00779135531623	3.19530913245e-18	3.64452175945e-12	0.0351900086429	0.00756385116649	1.03788881891
0.00779135531623	2.73603716309e-18	3.34107069837e-12	0.0351901401519	0.00756371965743	1.03790672835
0.00779135531624	2.3427773861e-18	3.06288533718e-12	0.0351902629864	0.00756359682299	1.03792345701
0.00779135531624	2.00604180722e-18	2.80786206883e-12	0.0351903777184	0.00756348209097	1.0379390827
0.00779135531624	1.71770613315e-18	2.57407242481e-12	0.0351904848824	0.00756337492695	1.03795367811
0.00779135531624	1.47081377155e-18	2.35974849469e-12	0.0351905849776	0.00756327483173	1.03796731114
0.00779135531624	1.25940800065e-18	2.16326955936e-12	0.0351906784703	0.00756318133906	1.03798004523
0.00779135531624	1.07838826014e-18	1.98314983701e-12	0.0351907657959	0.00756309401341	1.03799193963
0.00779135531624	9.23387096606e-19	1.81802724913e-12	0.0351908473613	0.00756301244802	1.03800304969
0.00779135531624	7.90664794984e-19	1.66665312173e-12	0.0351909235464	0.00756293626291	1.03801342712
0.00779135531624	6.77019154277e-19	1.52788274389e-12	0.0351909947061	0.0075628651032	1.0380231202
0.00779135531624	5.79708230859e-19	1.40066671227e-12	0.0351910611719	0.00756279863741	1.03803217407
0.00779135531624	4.96384185687e-19	1.28404299625e-12	0.0351911232534	0.00756273655592	1.03804063085
0.00779135531624	4.2503663951e-19	1.17712966356e-12	0.0351911812398	0.00756267856952	1.03804852993
0.00779135531624	3.63944169533e-19	1.07911821156e-12	0.0351912354013	0.0075626244081	1.03805590807
0.00779135531624	3.11632777413e-19	9.89267453699e-13	0.03519128599	0.00756257381935	1.03806279961
0.00779135531624	2.66840326608e-19	9.0689791494e-13	0.0351913332417	0.0075625265676	1.03806923665
0.00779135531624	2.28486091146e-19	8.31386693761e-13	0.0351913773766	0.00756248243275	1.03807524915
0.00779135531624	1.9564468114e-19	7.62162751946e-13	0.0351914186002	0.0075624412092	1.0380808651
0.00779135531624	1.67523716006e-19	6.98702596506e-13	0.0351914571045	0.00756240270489	1.03808611067
0.00779135531624	1.43444706725e-19	6.40526321107e-13	0.0351914930689	0.00756236674048	1.03809101026
0.00779135531624	1.22826685914e-19	5.87193977072e-13	0.0351915266609	0.00756233314841	1.03809558671
0.00779135531624	1.05172190777e-19	5.38302246517e-13	0.0351915580372	0.00756230177219	1.0380998613
0.00779135531624	9.00500468659e-20	4.94529302601e-13	0.0351915873437	0.00756227246568	1.03810385397
0.00779135531624	7.70347872821e-20	4.58461952089e-13	0.0351916146574	0.00756224515191	1.03810757517
0.00779135531624	6.59006673347e-20	4.25025080971e-13	0.0351916398617	0.00756221994769	1.03811100899
0.00779135531624	5.63758001588e-20	3.94026843356e-13	0.0351916631193	0.00756219669008	1.03811417763
0.00779135531624	4.82275953966e-20	3.65289384845e-13	0.0351916845806	0.00756217522874	1.03811710156
0.00779135531624	4.12570796008e-20	3.38647822146e-13	0.0351917043844	0.00756215542493	1.03811979968
0.00779135531624	3.52940375136e-20	3.13949297104e-13	0.0351917226587	0.00756213715065	1.03812228942
0.00779135531624	3.01928555825e-20	2.91052099712e-13	0.0351917395216	0.00756212028776	1.03812458689
0.00779135531624	2.58289662186e-20	2.69824855082e-13	0.0351917550821	0.00756210472725	1.03812670692
0.00779135531624	2.20958059707e-20	2.50145769702e-13	0.0351917694408	0.00756209036854	1.03812866322
0.00779135531624	1.89022133407e-20	2.31901932666e-13	0.0351917826905	0.0075620771188	1.03813046843
0.00779135531624	1.61702026971e-20	2.14988667861e-13	0.035191794917	0.0075620648924	1.03813213423
0.00779135531624	1.38330599298e-20	1.99308933398e-13	0.0351918061991	0.00756205361028	1.03813367138
0.00779135531624	1.18337133439e-20	1.84772764843e-13	0.0351918166098	0.00756204319953	1.03813508981
0.00779135531624	1.01233400124e-20	1.7129675905e-13	0.0351918262165	0.00756203359284	1.03813639869
0.00779135531624	8.66017355585e-21	1.58803595642e-13	0.0351918350812	0.00756202472811	1.03813760649
0.00779135531624	7.40848423739e-21	1.4722159338e-13	0.0351918432613	0.00756201654804	1.038138721
0.00779135531624	6.33770646683e-21	1.36484298903e-13	0.0351918508096	0.00756200899975	1.03813974944
0.00779135531624	5.42169240945e-21	1.26530105441e-13	0.0351918577749	0.00756200203445	1.03814069845
0.00779135531624	4.63807347278e-21	1.1730189935e-13	0.0351918642023	0.0075619956071	1.03814157417
0.00779135531624	3.96771407973e-21	1.08746732423e-13	0.0351918701332	0.00756198967616	1.03814238225
0.00779135531624	3.39424438951e-21	1.00815518092e-13	0.0351918756061	0.00756198420329	1.03814312792
0.00779135531624	2.90366055602e-21	9.34627497923e-14	0.0351918806562	0.00756197915311	1.038143816
0.00779135531624	2.48287304826e-21	8.71751939947e-14	0.0351918853164	0.00756197449298	1.03814445094
0.00779135531624	2.1227558713e-21	8.13921200533e-14	0.0351918895886	0.00756197022077	1.03814503303
0.00779135531624	1.81487025971e-21	7.59926864572e-14	0.0351918935007	0.00756196630868	1.03814556605
0.00779135531624	1.55164052566e-21	7.0951443126e-14	0.035191897083	0.00756196272636	1.03814605414
0.00779135531624	1.32658976156e-21	6.62446282913e-14	0.0351919003634	0.007561959446	1.03814650109
0.00779135531624	1.13418047274e-21	6.18500564973e-14	0.0351919033672	0.00756195644216	1.03814691036
0.00779135531624	9.69678324786e-22	5.77470140325e-14	0.0351919061178	0.00756195369152	1.03814728513
0.00779135531624	8.29035652992e-22	5.39161612966e-14	0.0351919086366	0.00756195117275	1.03814762832
0.00779135531624	7.08791867567e-22	5.03394416456e-14	0.0351919109431	0.00756194886629	1.03814794257
0.00779135531624	6.05988304117e-22	4.69999962824e-14	0.0351919130551	0.00756194675425	1.03814823034
0.00779135531624	5.18095424215e-22	4.38820847946e-14	0.0351919149891	0.00756194482025	1.03814849385
0.00779135531624	4.42950574819e-22	4.09710109628e-14	0.0351919167601	0.00756194304927	1.03814873514
0.00779135531624	3.78704775079e-22	3.82530534907e-14	0.0351919183818	0.00756194142757	1.0381489561
0.00779135531624	3.23777221196e-22	3.57154013307e-14	0.0351919198668	0.00756193994257	1.03814915843
0.00779135531624	2.76816389914e-22	3.33460932995e-14	0.0351919212266	0.00756193858275	1.03814934371
0.00779135531624	2.36666783572e-22	3.11339617e-14	0.0351919224718	0.00756193733756	1.03814951337
0.00779135531624	2.02340498466e-22	2.90685796822e-14	0.035191923612	0.00756193619732	1.03814966873
0.00779135531624	1.72992916944e-22	2.71402120974e-14	0.0351919246561	0.0075619351532	1.03814981099
0.00779135531624	1.47901925134e-22	2.53397696113e-14	0.0351919256123	0.0075619341971	1.03814994126
0.00779135531624	1.26450144934e-22	2.36587658621e-14	0.0351919264878	0.00756193332158	1.03815006055
0.00779135531624	1.08109743086e-22	2.20892774604e-14	0.0351919272895	0.00756193251987	1.03815016978
0.00779135531624	9.24294435493e-23	2.06239066422e-14	0.0351919280236	0.00756193178574	1.03815026981
0.00779135531624	7.90200021417e-23	1.92858757276e-14	0.0351919286959	0.00756193111349	1.0381503614
0.00779135531624	6.75307147356e-23	1.80964124199e-14	0.0351919293105	0.00756193049889	1.03815044514
0.00779135531624	5.77119375302e-23	1.69803096804e-14	0.0351919298702	0.00756192993914	1.03815052141
0.00779135531624	4.93207830378e-23	1.59330429714e-14	0.03519193038	0.00756192942932	1.03815059087
0.00779135531624	4.21496789251e-23	1.49503668075e-14	0.0351919308444	0.007561928965	1.03815065414
0.00779135531624	3.60212332907e-23	1.40282975448e-14	0.0351919312672	0.0075619285421	1.03815071176
0.00779135531624	3.07838465156e-23	1.31630972318e-14	0.0351919316524	0.00756192815694	1.03815076423
0.00779135531624	2.63079611389e-23	1.23512584567e-14	0.0351919320032	0.00756192780614	1.03815081203
0.00779135531624	2.248285699e-23	1.15894901279e-14	0.0351919323227	0.00756192748664	1.03815085556
0.00779135531624	1.92139123002e-23	1.08747041334e-14	0.0351919326137	0.00756192719565	1.03815089521
0.00779135531624	1.64202630401e-23	1.02040028212e-14	0.0351919328787	0.00756192693063	1.03815093132
0.00779135531624	1.40328025836e-23	9.57466725309e-15	0.0351919331201	0.00756192668925	1.03815096421
0.00779135531624	1.19924722142e-23	8.98414618229e-15	0.0351919333399	0.0075619264694	1.03815099416
0.00779135531624	1.02488001872e-23	8.43004571095e-15	0.0351919335402	0.00756192626918	1.03815102144
0.00779135531624	8.75865320852e-24	7.91011958572e-15	0.0351919337225	0.00756192608681	1.03815104629
0.00779135531624	7.48516944407e-24	7.42226009168e-15	0.0351919338886	0.00756192592072	1.03815106892
0.00779135531624	6.39379241696e-24	7.0849688185e-15	0.0351919340399	0.00756192576945	1.03815108953
0.00779135531624	5.4452847019e-24	6.92588164411e-15	0.0351919341753	0.00756192563409	1.03815110798
0.00779135531624	4.63748641484e-24	6.7703666416e-15	0.0351919342932	0.00756192551615	1.03815112404
0.00779135531624	3.94952356354e-24	6.61834360083e-15	0.0351919343959	0.00756192541341	1.03815113804
0.00779135531624	3.36361877511e-24	6.46973411273e-15	0.0351919344855	0.00756192532389	1.03815115024
0.00779135531624	2.86463191806e-24	6.3244615288e-15	0.0351919345634	0.00756192524591	1.03815116087
0.00779135531624	2.43966887236e-24	6.18245092163e-15	0.0351919346314	0.00756192517797	1.03815117012
0.00779135531624	2.07774833759e-24	6.04362904624e-15	0.0351919346906	0.00756192511878	1.03815117819
0.00779135531624	1.76951806965e-24	5.9079243023e-15	0.0351919347421	0.00756192506721	1.03815118521
0.00779135531624	1.50701321315e-24	5.7752666972e-15	0.0351919347871	0.00756192502228	1.03815119134
0.00779135531624	1.28345048478e-24	5.64558780994e-15	0.0351919348262	0.00756192498314	1.03815119667
0.00779135531624	1.09305288919e-24	5.51882075588e-15	0.0351919348603	0.00756192494904	1.03815120131
0.00779135531624	9.30900438011e-25	5.3949001522e-15	0.03519193489	0.00756192491933	1.03815120536
0.00779135531624	7.92803014369e-25	5.2737620842e-15	0.0351919349159	0.00756192489345	1.03815120889
0.00779135531624	6.75192097759e-25	5.15534407233e-15	0.0351919349385	0.0075619248709	1.03815121196
0.00779135531624	5.75028860046e-25	5.03949124764e-15	0.0351919349581	0.00756192485125	1.03815121464
0.00779135531624	4.8972910637e-25	4.92577173719e-15	0.0351919349752	0.00756192483414	1.03815121697
0.00779135531624	4.17082714065e-25	4.81461838397e-15	0.0351919349901	0.00756192481922	1.038151219
0.00779135531624	3.55212684118e-25	4.70597328091e-15	0.0351919350031	0.00756192480623	1.03815122077
0.00779135531624	3.02520451456e-25	4.59977982768e-15	0.0351919350144	0.00756192479491	1.03815122232
0.00779135531624	2.57644582071e-25	4.49598270114e-15	0.0351919350243	0.00756192478504	1.03815122366
0.00779135531624	2.19425597011e-25	4.39452782658e-15	0.0351919350329	0.00756192477644	1.03815122483
0.00779135531624	1.86876014374e-25	4.29536234951e-15	0.0351919350404	0.00756192476895	1.03815122585
0.00779135531624	1.59154835275e-25	4.19843460814e-15	0.0351919350469	0.00756192476243	1.03815122674
0.00779135531624	1.35545814565e-25	4.10369410645e-15	0.0351919350526	0.00756192475674	1.03815122751
0.00779135531624	1.15438954865e-25	4.01109148792e-15	0.0351919350576	0.00756192475179	1.03815122819
