0.0	0.181862476149	0.816407130347	0.0	0.0	0.0
3.41975819068e-18	0.181862476145	0.816407130338	3.84998420571e-12	3.41981998274e-12	1e-06
3.95879757548e-18	0.181862476145	0.816407130337	4.14237110577e-12	3.77031739161e-12	1.05e-06
4.58280304331e-18	0.181862476144	0.816407130337	4.46472766308e-12	4.15678602648e-12	1.1025e-06
5.305167373e-18	0.181862476144	0.816407130336	4.82012576751e-12	4.58277860103e-12	1.157625e-06
6.14139438016e-18	0.181862476144	0.816407130335	5.21195217765e-12	5.05251396274e-12	1.21550625e-06
7.10943166931e-18	0.181862476143	0.816407130334	5.64394079482e-12	5.57043300372e-12	1.2762815625e-06
8.23005583617e-18	0.181862476143	0.816407130333	6.12020824526e-12	6.14142070528e-12	1.34009564062e-06
9.52731838732e-18	0.181862476142	0.816407130331	6.64529310936e-12	6.77091716024e-12	1.40710042265e-06
1.10290619481e-17	0.181862476142	0.81640713033	7.22419917203e-12	7.46491757292e-12	1.47745544378e-06
1.27675178376e-17	0.181862476141	0.816407130328	7.86244310613e-12	8.23008328148e-12	1.55132821597e-06
1.47799978367e-17	0.18186247614	0.816407130327	8.56610704346e-12	9.07363073557e-12	1.62889462677e-06
1.71096949957e-17	0.18186247614	0.816407130325	9.34189653437e-12	1.00036645633e-11	1.7103393581e-06
1.98066106693e-17	0.181862476139	0.816407130323	1.01972044481e-11	1.10290665488e-11	1.79585632601e-06
2.29286276759e-17	0.181862476138	0.816407130321	1.1140181423e-11	1.21596066548e-11	1.88564914231e-06
2.65427526131e-17	0.181862476137	0.816407130318	1.21798135378e-11	1.34059430222e-11	1.97993159942e-06
3.07265539936e-17	0.181862476136	0.816407130315	1.33260079443e-11	1.47800660597e-11	2.07892817939e-06
3.55698270666e-17	0.181862476134	0.816407130312	1.45896872775e-11	1.62949653768e-11	2.18287458835e-06
4.11765210577e-17	0.181862476133	0.816407130309	1.59828937424e-11	1.7965184895e-11	2.29201831777e-06
4.7666970189e-17	0.181862476131	0.816407130305	1.75189038699e-11	1.98066008035e-11	2.40661923365e-06
5.51804763646e-17	0.18186247613	0.816407130301	1.92123550355e-11	2.18368656486e-11	2.52695019533e-06
6.38782989509e-17	0.181862476128	0.816407130297	2.10793849455e-11	2.40750752661e-11	2.65329770509e-06
7.39471158223e-17	0.181862476126	0.816407130292	2.31377854212e-11	2.65427679828e-11	2.78596259034e-06
8.56030299527e-17	0.181862476123	0.816407130287	2.54071719457e-11	2.92633695045e-11	2.92526071985e-06
9.90962075478e-17	0.181862476121	0.816407130281	2.79091705889e-11	3.226285905e-11	3.07152375583e-06
1.14716247261e-16	0.181862476118	0.816407130274	3.0667624093e-11	3.55698803732e-11	3.22509994361e-06
1.32798395733e-16	0.181862476115	0.816407130267	3.37088190813e-11	3.92157417635e-11	3.38635494078e-06
1.53730742858e-16	0.181862476112	0.816407130259	3.70617365558e-11	4.32354152461e-11	3.55567268781e-06
1.77962551197e-16	0.181862476108	0.81640713025	4.07583280713e-11	4.76669814708e-11	3.73345632218e-06
2.06013898326e-16	0.181862476104	0.81640713024	4.48338202171e-11	5.25528509571e-11	3.92012913827e-06
2.38486839044e-16	0.1818624761	0.816407130229	4.93270503077e-11	5.79395420497e-11	4.11613559516e-06
2.76078327041e-16	0.181862476095	0.816407130218	5.42808364825e-11	6.38783470523e-11	4.3219423749e-06
3.19595173331e-16	0.181862476089	0.816407130205	5.97423857401e-11	7.04258873391e-11	4.53803949361e-06
3.69971362516e-16	0.181862476083	0.81640713019	6.57637437963e-11	7.76444464219e-11	4.76494146826e-06
4.28288098518e-16	0.181862476077	0.816407130174	7.24022910531e-11	8.56030801726e-11	5.00318854163e-06
4.95797010028e-16	0.181862476069	0.816407130157	7.97212894035e-11	9.43773947792e-11	5.25334796867e-06
5.73947013709e-16	0.181862476061	0.816407130138	8.77904850844e-11	1.04051101058e-10	5.51601536705e-06
6.64415411714e-16	0.181862476052	0.816407130116	9.66867733221e-11	1.14716236497e-10	5.79181613535e-06
7.69143890946e-16	0.181862476043	0.816407130093	1.06494931104e-10	1.2647471957e-10	6.08140694204e-06
8.90380196706e-16	0.181862476032	0.816407130067	1.17308425057e-10	1.39438349736e-10	6.38547728907e-06
1.03072637515e-15	0.18186247602	0.816407130039	1.29230302141e-10	1.53730805839e-10	6.70475115343e-06
1.19319461995e-15	0.181862476007	0.816407130007	1.42374171624e-10	1.69488201223e-10	7.03998871099e-06
1.38127192181e-15	0.181862475992	0.816407129973	1.56865287728e-10	1.86860749061e-10	7.39198814642e-06
1.59899490836e-15	0.181862475976	0.816407129934	1.72841743232e-10	2.06013872585e-10	7.76158755359e-06
1.85103648062e-15	0.181862475959	0.816407129892	1.90455785423e-10	2.27130314505e-10	8.14966693111e-06
2.14280610565e-15	0.181862475939	0.816407129846	2.09875266937e-10	2.50411247231e-10	8.55715027747e-06
2.48056591778e-15	0.181862475918	0.816407129795	2.31285245303e-10	2.76078382301e-10	8.98500779112e-06
2.87156512022e-15	0.181862475894	0.816407129738	2.54889746449e-10	3.0437641287e-10	9.43425818042e-06
3.32419557184e-15	0.181862475868	0.816407129676	2.80913708959e-10	3.3557501211e-10	9.90597108914e-06
3.84817189827e-15	0.18186247584	0.816407129608	3.09605127622e-10	3.69971386723e-10	1.04012696433e-05
4.454739993e-15	0.181862475808	0.816407129532	3.41237416693e-10	4.0789349659e-10	1.0921333125e-05
5.15691838346e-15	0.181862475773	0.816407129449	3.76112015387e-10	4.4970249726e-10	1.14673997808e-05
5.96977764245e-15	0.181862475735	0.816407129357	4.1456126044e-10	4.9579706982e-10	1.20407697693e-05
6.91076384182e-15	0.181862475693	0.816407129256	4.56951553101e-10	5.46616196452e-10	1.26428082572e-05
8.00007299043e-15	0.181862475646	0.816407129144	5.03686850748e-10	6.02644378481e-10	1.32749486693e-05
9.26108449305e-15	0.181862475595	0.816407129021	5.55212516391e-10	6.64415411136e-10	1.39386961019e-05
1.07208629331e-14	0.181862475538	0.816407128885	6.12019562745e-10	7.32518045684e-10	1.46356309061e-05
1.24107389489e-14	0.181862475475	0.816407128736	6.74649331329e-10	8.07601096456e-10	1.53674124503e-05
1.43669816705e-14	0.181862475406	0.816407128571	7.43698651169e-10	8.9038021321e-10	1.61357830715e-05
1.66315771497e-14	0.18186247533	0.816407128389	8.19825526262e-10	9.81644209399e-10	1.69425722236e-05
1.92531294895e-14	0.181862475247	0.816407128189	9.03755406016e-10	1.08226272271e-09	1.7789700833e-05
2.22879040145e-14	0.181862475154	0.816407127968	9.96288098399e-10	1.19319465277e-09	1.86791858727e-05
2.5801034871e-14	0.181862475052	0.816407127724	1.0983053917e-09	1.3154970429e-09	1.9613145164e-05
2.9867922975e-14	0.18186247494	0.816407127455	1.21077945749e-09	1.45033551625e-09	2.05938024195e-05
3.45758543115e-14	0.181862474816	0.816407127159	1.33478211495e-09	1.5989949339e-09	2.16234925374e-05
4.00258733188e-14	0.18186247468	0.816407126833	1.4714950447e-09	1.76289194043e-09	2.27046671607e-05
4.63349515641e-14	0.181862474529	0.816407126473	1.62222104963e-09	1.94358828653e-09	2.38399005145e-05
5.36384982579e-14	0.181862474364	0.816407126076	1.78839646993e-09	2.14280615015e-09	2.50318955355e-05
6.20932664863e-14	0.181862474181	0.816407125638	1.97160487062e-09	2.36244379056e-09	2.62834903067e-05
7.18807175404e-14	0.181862473979	0.816407125156	2.17359213218e-09	2.60459420019e-09	2.75976648156e-05
8.32109155459e-14	0.181862473757	0.816407124624	2.39628308778e-09	2.87156508857e-09	2.89775480489e-05
9.63270359852e-14	0.181862473512	0.816407124037	2.64179986603e-09	3.1659005317e-09	3.04264254427e-05
1.11510584875e-13	0.181862473241	0.816407123391	2.91248211365e-09	3.49040528594e-09	3.19477467048e-05
1.29087440614e-13	0.181862472943	0.816407122678	3.2109092912e-09	3.84817187744e-09	3.35451340285e-05
1.49434848184e-13	0.181862472615	0.816407121892	3.53992525387e-09	4.24260946795e-09	3.52223907165e-05
1.72989515801e-13	0.181862472253	0.816407121026	3.90266535204e-09	4.67747693943e-09	3.69835102368e-05
2.00256987811e-13	0.181862471854	0.816407120071	4.30258630943e-09	5.15691831021e-09	3.88326857307e-05
2.31822494981e-13	0.181862471414	0.816407119018	4.74349916393e-09	5.68550248091e-09	4.07743199964e-05
2.68363515071e-13	0.181862470928	0.816407117857	5.22960558479e-09	6.26826642215e-09	4.28130359722e-05
3.10664313264e-13	0.181862470393	0.816407116577	5.76553791229e-09	6.91076369128e-09	4.49536877429e-05
3.59632774532e-13	0.181862469803	0.816407115165	6.35640330153e-09	7.61911705695e-09	4.72013720978e-05
4.16319889201e-13	0.181862469153	0.81640711361	7.00783239095e-09	8.40007645269e-09	4.95614406654e-05
4.81942309927e-13	0.181862468436	0.816407111894	7.72603295935e-09	9.2610843691e-09	5.20395126554e-05
5.57908464222e-13	0.181862467646	0.816407110003	8.51784908272e-09	1.02103454648e-08	5.46414882382e-05
6.45848782949e-13	0.181862466774	0.816407107918	9.39082635477e-09	1.12569058362e-08	5.73735625921e-05
7.47650693602e-13	0.181862465813	0.816407105619	1.03532837924e-08	1.2410738616e-08	6.02422406547e-05
8.65499129382e-13	0.181862464754	0.816407103085	1.14143931114e-08	1.36828392298e-08	6.32543526098e-05
1.00192342353e-12	0.181862463586	0.816407100291	1.25842661285e-08	1.50853303127e-08	6.64170701505e-05
1.15985159535e-12	0.181862462299	0.81640709721	1.38740511212e-08	1.66315765058e-08	6.9737923554e-05
1.34267319309e-12	0.181862460879	0.816407093814	1.52960390651e-08	1.83363131314e-08	7.32248196112e-05
1.55431204242e-12	0.181862459314	0.816407090069	1.68637807603e-08	2.02157850814e-08	7.68860604524e-05
1.79931046185e-12	0.181862457589	0.816407085941	1.85922159637e-08	2.2287902915e-08	8.07303633137e-05
2.08292675266e-12	0.181862455686	0.81640708139	2.04978157565e-08	2.45724128335e-08	8.47668812926e-05
2.41124805559e-12	0.181862453589	0.816407076372	2.2598739505e-08	2.70910849742e-08	8.90052251409e-05
2.79132099657e-12	0.181862451277	0.81640707084	2.49150079097e-08	2.98679210214e-08	9.34554861477e-05
3.23130292554e-12	0.181862448728	0.81640706474	2.74686937918e-08	3.2929382691e-08	9.81282601652e-05
3.74063699416e-12	0.181862445917	0.816407058016	3.02841324354e-08	3.6304644083e-08	0.000103034672838
4.33025483013e-12	0.181862442818	0.816407050602	3.33881534897e-08	4.0025869793e-08	0.000108186406092
5.01281115811e-12	0.181862439402	0.816407042428	3.68103366408e-08	4.41285209996e-08	0.000113595725947
5.80295540251e-12	0.181862435636	0.816407033417	4.05832934905e-08	4.86516938603e-08	0.000119275511724
6.71764610184e-12	0.181862431483	0.816407023482	4.4742978327e-08	5.36384918798e-08	0.000125239286707
7.77651488232e-12	0.181862426905	0.816407012528	4.93290307493e-08	5.913643647e-08	0.000131501250345
9.00228780283e-12	0.181862421858	0.816407000452	5.43851534113e-08	6.51979203639e-08	0.000138076312055
1.04212731142e-11	0.181862416293	0.816406987138	5.99595284838e-08	7.18807059942e-08	0.000144980126723
1.20639259015e-11	0.181862410158	0.816406972459	6.6105276804e-08	7.92484769398e-08	0.000152229131978
1.39655017274e-11	0.181862403394	0.816406956276	7.28809640871e-08	8.73714442175e-08	0.000159840587324
1.61668133062e-11	0.181862395937	0.816406938434	8.03511590252e-08	9.63270150781e-08	0.00016783261524
1.87151064482e-11	0.181862387715	0.816406918763	8.85870485901e-08	1.06200531637e-07	0.000176224244324
2.16650740744e-11	0.181862378651	0.816406897076	9.76671164046e-08	1.17086083109e-07	0.000185035454597
2.50800300636e-11	0.181862368657	0.816406873166	1.07677890647e-07	1.29087402868e-07	0.000194287225078
2.90332681282e-11	0.18186235764	0.816406846805	1.18714768612e-07	1.42318857206e-07	0.000204001583728
3.36096348802e-11	0.181862345492	0.816406817743	1.30882925795e-07	1.5690653457e-07	0.0002142016599
3.89073508512e-11	0.1818623321	0.816406785701	1.4429831815e-07	1.72989447706e-07	0.000224911739406
4.50401185486e-11	0.181862317335	0.816406750375	1.59088787077e-07	1.90720858036e-07	0.000236157322337
5.21395627928e-11	0.181862301057	0.816406711428	1.75395277681e-07	2.10269736041e-07	0.000247965183778
6.03580557088e-11	0.18186228311	0.816406668489	1.93373181883e-07	2.3182237207e-07	0.000260363437554
6.98719870042e-11	0.181862263324	0.816406621149	2.13193819214e-07	2.5558415069e-07	0.000273381603165
8.08855497211e-11	0.18186224151	0.816406568956	2.35046069376e-07	2.8178150844e-07	0.000287050676069
9.36351227099e-11	0.181862217459	0.816406511414	2.59138172147e-07	3.1066409164e-07	0.000301403201476
1.08394343885e-10	0.181862190944	0.816406447974	2.85699711766e-07	3.42507134916e-07	0.000316473351828
1.25479983141e-10	0.18186216171	0.816406378031	3.14983804716e-07	3.77614084517e-07	0.000332297008167
1.45258740982e-10	0.18186212948	0.816406300919	3.47269511748e-07	4.16319489644e-07	0.000348911845548
1.68155118757e-10	0.181862093947	0.816406215903	3.82864497131e-07	4.58992190413e-07	0.000366357422745
1.94660529439e-10	0.181862054772	0.816406122172	4.22107960471e-07	5.06038833001e-07	0.000384675276425
2.25343844454e-10	0.181862011581	0.816406018835	4.65373869023e-07	5.57907744049e-07	0.000403909020037
2.60863602924e-10	0.181861963963	0.816405904905	5.13074521314e-07	6.15093203617e-07	0.000424104447644
3.01982145361e-10	0.181861911464	0.816405779298	5.65664476016e-07	6.78140154677e-07	0.000445309642944
3.49581975127e-10	0.181861853584	0.816405640816	6.23644883512e-07	7.47649396189e-07	0.00046757509374
4.04684698801e-10	0.181861789771	0.81640548814	6.87568261428e-07	8.24283308067e-07	0.000490953812134
4.68472951954e-10	0.181861719418	0.816405319814	7.58043759633e-07	9.08772163327e-07	0.000515501460727
5.42315780853e-10	0.181861641853	0.816405134235	8.35742964863e-07	1.00192108678e-06	0.000541276485128
6.27798024833e-10	0.181861556338	0.816404929634	9.21406300292e-07	1.10461772658e-06	0.000568340253082
7.26754329893e-10	0.181861462058	0.816404704062	1.015850081e-06	1.21784071362e-06	0.000596757200559
8.41308523462e-10	0.181861358115	0.816404455369	1.11997429259e-06	1.34266898557e-06	0.000626594985137
9.73919195344e-10	0.181861243517	0.816404181185	1.23477116703e-06	1.48029206901e-06	0.000657924647051
1.127432463e-09	0.181861117173	0.816403878898	1.3613346374e-06	1.63202141338e-06	0.000690820778294
1.3051430535e-09	0.181860977879	0.816403545626	1.50087076177e-06	1.79930288782e-06	0.000725361700161
1.51086501295e-09	0.181860824308	0.816403178194	1.65470921524e-06	1.98373055826e-06	0.000761629649672
1.74901356075e-09	0.181860654995	0.816402773101	1.82431595991e-06	2.18706187608e-06	0.000799710975301
2.02469984521e-09	0.181860468329	0.816402326487	2.01130721323e-06	2.41123442464e-06	0.000839696342487
2.34384063376e-09	0.181860262529	0.816401834095	2.21746484798e-06	2.65838438062e-06	0.000881680949411
2.71328529163e-09	0.181860035636	0.816401291233	2.44475337039e-06	2.93086686822e-06	0.000925764753549
3.14096277351e-09	0.181859785486	0.816400692729	2.6953386383e-06	3.23127839887e-06	0.000972052709539
3.63605178236e-09	0.181859509697	0.81640003288	2.97160849741e-06	3.5624816107e-06	0.00102065501893
4.20917774622e-09	0.181859205641	0.816399305397	3.2761955324e-06	3.92763254308e-06	0.00107168739239
4.87264083955e-09	0.181858870419	0.816398503349	3.61200214934e-06	4.33021070634e-06	0.00112527132502
5.64067994108e-09	0.181858500838	0.816397619093	3.98222822841e-06	4.77405223221e-06	0.0011815343854
6.52977819158e-09	0.181858093377	0.816396644203	4.39040161018e-06	5.26338642143e-06	0.00124061051907
7.5590167066e-09	0.181857644153	0.81639556939	4.84041170558e-06	5.80287603669e-06	0.00130264036711
8.75048403246e-09	0.181857148885	0.816394384412	5.33654654977e-06	6.39766172273e-06	0.0013677716007
1.01297501289e-08	0.181856602855	0.816393077979	5.88353365236e-06	7.05341097876e-06	0.00143615927228
1.17264150459e-08	0.181856000859	0.816391637641	6.48658503298e-06	7.7763721479e-06	0.00150796618424
1.35747440629e-08	0.181855337163	0.816390049674	7.15144687069e-06	8.57343393702e-06	0.00158336327604
1.57144029135e-08	0.181854605443	0.816388298949	7.88445423966e-06	9.45219103471e-06	0.00166253003053
1.81913088638e-08	0.181853798727	0.816386368784	8.69259145191e-06	1.04210164507e-05	0.00174565490061
2.10586158943e-08	0.181852909329	0.816384240788	9.5835585811e-06	1.14891412641e-05	0.00183293575705
2.43778551129e-08	0.181851928776	0.816381894687	1.05658448e-05	1.2666742541e-05	0.00192458035863
2.82202548486e-08	0.181850847726	0.816379308127	1.16488092289e-05	1.39650402549e-05	0.00202080684569
3.2668268729e-08	0.181849655881	0.816376456465	1.2842770064e-05	1.53964041326e-05	0.00212184425818
3.78173444967e-08	0.181848341886	0.816373312533	1.41591028319e-05	1.69744714406e-05	0.00222793307951
4.37779714779e-08	0.181846893225	0.816369846378	1.5610348705e-05	1.8714276831e-05	0.00233932580733
5.06780505822e-08	0.181845296097	0.816366024978	1.72103339054e-05	2.06323954795e-05	0.00245628755271
5.86656376166e-08	0.18184353529	0.81636181193	1.89743013319e-05	2.27471008766e-05	0.00257909666899
6.79121186859e-08	0.181841594032	0.816357167099	2.09190556597e-05	2.50785387648e-05	0.00270804541181
7.86158856985e-08	0.181839453835	0.816352046239	2.30631232881e-05	2.76489188779e-05	0.0028434406318
9.10065906882e-08	0.181837094314	0.816346400571	2.54269286549e-05	3.04827262952e-05	0.00298560450151
1.05350070044e-07	0.181834492999	0.81634017632	2.80329885876e-05	3.36069544165e-05	0.00313487527829
1.2195404405e-07	0.18183162512	0.816333314201	3.09061265333e-05	3.70513617625e-05	0.00329160810474
1.41174713708e-07	0.181828463367	0.81632574886	3.40737086946e-05	4.08487550342e-05	0.00345617584867
1.63424395963e-07	0.181824977638	0.816317408246	3.75659043078e-05	4.50353011047e-05	0.00362896998425
1.89180360635e-07	0.181821134747	0.816308212932	4.14159725219e-05	4.96508708956e-05	0.00381040151659
2.18995057952e-07	0.181816898111	0.816298075357	4.5660578591e-05	5.47394183834e-05	0.00400090195147
2.53507955263e-07	0.181812227406	0.816286898996	5.03401423622e-05	6.03493983126e-05	0.00420092431261
2.93459235761e-07	0.181807078178	0.816274577439	5.54992223472e-05	6.65342265517e-05	0.00441094420853
3.39705651668e-07	0.181801401427	0.816260993389	6.11869389946e-05	7.33527874267e-05	0.00463146095128
3.93238870172e-07	0.181795143141	0.816246017537	6.74574411439e-05	8.08699928013e-05	0.00486299872958
4.55206703331e-07	0.181788243784	0.816229507348	7.43704200458e-05	8.91573981535e-05	0.00510610783861
5.26937674397e-07	0.181780637734	0.816211305699	8.19916757698e-05	9.8293881425e-05	0.0053613659691
6.09969443703e-07	0.18177225266	0.816191239395	9.03937413047e-05	0.000108366390995	0.00562937955836
7.06081698974e-07	0.18176300884	0.816169117528	9.96565701883e-05	0.000119470769764	0.00591078520588
8.17334209303e-07	0.181752818409	0.816144729668	0.000109868294081	0.000131712663041	0.0062062511563
9.46110851009e-07	0.18174158453	0.816117843873	0.000121126057338	0.000145208518652	0.00651647885259
1.09517053942e-06	0.181729200478	0.816088204497	0.000133536936337	0.000160086688587	0.00684220456225
1.26770614588e-06	0.181715548641	0.816055529776	0.000147218952063	0.000176488642332	0.00718420107962
1.46741264675e-06	0.181700499413	0.816019509164	0.000162302185326	0.000194570303116	0.00754327950711
1.69856594459e-06	0.181683909972	0.815979800413	0.000178930004858	0.000214503519328	0.00792029111844
1.96611402447e-06	0.181665622952	0.815936026344	0.000197260419567	0.000236477684588	0.00831612930685
2.27578236517e-06	0.181645464959	0.815887771301	0.000217467567294	0.000260701521235	0.00873173162118
2.6341958209e-06	0.181623244962	0.815834577248	0.00023974335363	0.00028740504343	0.00916808189291
3.04901952996e-06	0.181598752506	0.81577593947	0.000264299255605	0.000316841717579	0.00962621245674
3.52912179848e-06	0.18157175576	0.815711301852	0.000291368306506	0.000349290839485	0.0101072064676
4.08476235846e-06	0.181541999365	0.815640051676	0.000321207279573	0.000385060149414	0.0106122003167
4.72780991702e-06	0.181509202073	0.815561513909	0.000354099089978	0.00042448870825	0.0111423861483
5.4719935089e-06	0.181473054156	0.815474944917	0.000390355436289	0.000467950059996	0.0116990144804
6.33319284636e-06	0.181433214562	0.815379525565	0.000430319704509	0.000515855708161	0.0122833969297
7.32977364287e-06	0.18138930779	0.815274353629	0.000474370159874	0.000568658936023	0.0128969090427
8.48297478239e-06	0.181340920475	0.815158435466	0.000522923453778	0.00062685900334	0.0135409932336
9.81735522969e-06	0.181287597636	0.815030676875	0.000576438475564	0.000691005754869	0.0142171618282
1.13613097465e-05	0.181228838572	0.814889873059	0.000635420581422	0.000761704678987	0.0149270002143
1.31476638107e-05	0.181164092372	0.814734697633	0.000700426235264	0.000839622457801	0.0156721700948
1.52143596545e-05	0.181092753008	0.814563690557	0.000772068099261	0.000925493053383	0.0164544128418
1.76052470573e-05	0.181014153969	0.814375244938	0.000851020614573	0.0010201243781	0.0172755529466
2.03709944876e-05	0.180927562417	0.814167592568	0.000938026115856	0.00112440560049	0.0181375015598
2.35701383912e-05	0.180832172802	0.813938788118	0.00103390152613	0.00123931514159	0.0190422601126
2.72702909176e-05	0.180727099931	0.813686691861	0.00113954568169	0.00136592942018	0.0199919240092
3.15495291717e-05	0.180611371418	0.813408950809	0.0012559473399	0.00150543240869	0.020988686378
3.64979922116e-05	0.1804839195	0.813102978143	0.00138419392538	0.00165912606489	0.0220348418632
4.22197155075e-05	0.180343572168	0.812765930807	0.00152548107317	0.00182844170729	0.0231327904397
4.8834736449e-05	0.180189043581	0.812394685137	0.00168112302964	0.00201495240452	0.0242850412243
5.64815087625e-05	0.180018923723	0.811985810381	0.00185256397402	0.00222038645116	0.0254942162568
6.5319668381e-05	0.179831667285	0.811535539994	0.00204139032453	0.00244664200268	0.0267630542144
7.5533198392e-05	0.179625581722	0.811039740561	0.00224934409385	0.0026958029426	0.02809441402
8.73340461606e-05	0.179398814507	0.810493878239	0.00247833735747	0.00297015605234	0.0294912782958
0.000100966251533	0.17914933954	0.809892982588	0.00273046789674	0.00327220955088	0.0309567566046
0.000116710651108	0.178874942747	0.809231607715	0.00300803607388	0.00360471306439	0.0324940884156
0.000134890229795	0.178573206894	0.808503790638	0.00331356298979	0.00397067907668	0.0341066457144
0.000155876197117	0.178241495657	0.807703006845	0.00364980996623	0.0043734058972	0.0357979351731
0.000180094871665	0.177876937055	0.806822123033	0.00401979938036	0.00481650216506	0.0375715997742
0.000208035462583	0.177476406343	0.805853347097	0.00442683686235	0.00530391288277	0.0394314197753
0.000240258841837	0.177036508546	0.804788207784	0.00487453484371	0.00583994695309	0.0413813128791
0.000277407401879	0.176553560861	0.803617421149	0.00536683739629	0.00642930611118	0.0434253333792
0.000320216097032	0.176023575195	0.802330879881	0.00590804634299	0.00707711512529	0.0455676703792
0.000369524764241	0.175442241205	0.800917608071	0.0065028484497	0.00778895313663	0.0478126445877
0.0004262918081	0.174804910312	0.799365687385	0.00715634353273	0.00857088579084	0.050164703558
0.000491609327664	0.174106581234	0.797662196884	0.00787407324713	0.00942949783641	0.0526284151956
0.000566719740828	0.173341887713	0.795793153604	0.00866205021637	0.0103719257088	0.0552084592373
0.000653033933976	0.172505089259	0.793743455141	0.00952678707394	0.0114058894919	0.0579096164094
0.000752150924788	0.171590065867	0.791496825833	0.0104753248731	0.0125397234918	0.0607367549532
0.00086587897242	0.17059031783	0.789035768442	0.0115152601882	0.0137824044739	0.0636948141765
0.000996257999116	0.169498971959	0.786341523651	0.0126547700797	0.0151435764046	0.0667887846732
0.00114558309758	0.16830879568	0.783394040089	0.0139026339235	0.0166335702989	0.0700236848341
0.00131642878649	0.167012220667	0.780171958077	0.0152682509128	0.0182634175057	0.0734045332622
0.00151167353942	0.165601377837	0.776652610788	0.0167616518376	0.0200448544685	0.076936316703
0.00173452394146	0.164068145717	0.772811906243	0.0183935035184	0.0219903165853	0.0806239531117
0.00198853763173	0.162404214279	0.768624616662	0.0201751043387	0.0241129182438	0.0844722501809
0.00227764412507	0.160601165663	0.76406455568	0.022118368032	0.0264264183393	0.0884858571703
0.00260616188847	0.158650575579	0.759104342747	0.0242357936645	0.0289451636358	0.0926692105661
0.002978810454	0.156544135293	0.753715719925	0.0265404202857	0.0316840101652	0.097026475434
0.00340071557197	0.154273796835	0.747869760726	0.0290457625692	0.0346582172313	0.101561480094
0.00387740537127	0.151831942142	0.741537310555	0.0317657250577	0.0378833105105	0.106277644988
0.00441479519326	0.14921157651	0.734688957472	0.0347144917039	0.0413749104987	0.111177904942
0.00501915833685	0.146406546506	0.727295437113	0.0379063900381	0.0451485187276	0.116264628775
0.00569708083701	0.143411777728	0.719328399123	0.0413557265874	0.0492192660366	0.121539534712
0.00645539713203	0.140223531592	0.710761160995	0.0450765908281	0.0536016144731	0.127003601075
0.00730110430914	0.136839675599	0.701568380438	0.0490826264989	0.0583090118457	0.132656973734
0.00824125316111	0.133259958812	0.691727170365	0.0533867764053	0.0633534958806	0.138498881015
0.00928281540832	0.129486282555	0.681217347097	0.0580009956871	0.0687452580742	0.14452754814
0.0104325272385	0.125522953777	0.670023833151	0.0629359422823	0.0744921694451	0.150740121567
0.0116967095097	0.121376911858	0.658136387514	0.0682006356358	0.0805992779361	0.157132587748
0.0130810673752	0.117057911809	0.645549973382	0.0738021074173	0.0870682780323	0.163699712118
0.0145904735925	0.112578650091	0.632265036513	0.07974505044	0.0938969670179	0.17043499688
0.016228745545	0.107954809183	0.618289365209	0.086031479132	0.101078730005	0.177330662283
0.0179984216073	0.103205016508	0.603638343823	0.0926604013393	0.108602063502	0.18437763847
0.0199005459651	0.0983507073616	0.588335521494	0.0996275279166	0.116450149493	0.191565584864
0.0219344787113	0.0934158731645	0.572413329172	0.106925031738	0.124600547839	0.19888293419
0.0240977334879	0.0884267153027	0.555911669069	0.114541367666	0.13302497429	0.206316958483
0.0263858667992	0.0834111812186	0.538878323743	0.122461190522	0.141689258643	0.213853879883
0.0287924179972	0.0783984213758	0.521368927899	0.130665361686	0.150553447564	0.221479002309
0.0313089227712	0.0734181570939	0.503447454864	0.139131054124	0.159572163937	0.229176862561
0.0339249796873	0.0685000307532	0.485182245058	0.147831946374	0.168695088583	0.236931384976
0.036628408839	0.0636728973981	0.466649813197	0.156738569699	0.177867748415	0.244726094507
0.0394054502215	0.0589641803309	0.447928528828	0.165818674817	0.187032400813	0.25254426631
0.0422427127294	0.05439681822	0.429619867328	0.175037890375	0.196138653871	0.260369151788
0.0451238916444	0.0499942713913	0.411608977392	0.18434985713	0.2051325107	0.268175084221
0.0480308687221	0.0457778368323	0.393610503135	0.193709947331	0.213952477417	0.275939066315
0.0509462287641	0.0417636058677	0.375699875311	0.203080239057	0.22253906171	0.283644609242
0.0538525892992	0.0379642581398	0.357948770253	0.212422993684	0.230835537168	0.29127582933
0.0567152057618	0.0344090523959	0.335130112757	0.221700379042	0.238693382264	0.298817619827
0.0595198303518	0.0310986468043	0.310769900621	0.231010349859	0.245960321416	0.306369662665
0.0622701872442	0.0280187279141	0.287507975505	0.240383977906	0.252630116492	0.313979370409
0.064957503562	0.0251693889903	0.265401021757	0.249789993331	0.258682192346	0.321643088461
0.0675744227464	0.0225471329582	0.244487432119	0.259199370056	0.264104586229	0.32935820743
0.0701149139799	0.0201455436317	0.224783902399	0.268585357772	0.268893327563	0.337122946063
0.0725742037325	0.017955889134	0.206293067148	0.277923622862	0.273051763687	0.344936285031
0.0749486505468	0.0159677219593	0.189000930192	0.287192144619	0.276589742901	0.352797750706
0.077240121868	0.0141661968871	0.17437816782	0.296371345562	0.279544457582	0.360707364668
0.0794840055987	0.0125141586798	0.165961432435	0.305373481111	0.282179580976	0.368599671486
0.0816332199012	0.0110312001733	0.157815663609	0.313912516796	0.284551876218	0.376218140952
0.083680394976	0.00970364364518	0.149944376819	0.321994807171	0.286653019476	0.383554932204
0.0856197676269	0.00851846000056	0.142350556427	0.329628022896	0.28848022794	0.390603616735
0.0874471777124	0.00746327444463	0.135034216056	0.336821224955	0.290035741394	0.39735924423
0.0891600528874	0.00652636399802	0.127996991151	0.343584980276	0.291326248979	0.403818491659
0.0907573350825	0.00569667220644	0.121238006095	0.349931188561	0.292362371362	0.409979569564
0.0922393779312	0.00496381951485	0.114756934711	0.35587305292	0.293157939292	0.415842282112
0.0936077965418	0.00431812051915	0.108550226969	0.361424866264	0.293729303716	0.421407920307
0.0948653472722	0.00375057155667	0.102615431475	0.366601955155	0.294094694063	0.426679313884
0.0960157404835	0.00325285805097	0.0969489888308	0.371420393518	0.294273574995	0.431660648806
0.0970634812427	0.00281733846483	0.0915451024774	0.375896825494	0.294286087644	0.436357379759
0.0980138452881	0.00243697050241	0.0864350187364	0.380048336619	0.294153055836	0.440776178414
0.0988726782904	0.00210530869651	0.0816424278661	0.3838905687	0.293897027764	0.444922941998
0.0996453611922	0.00181679494139	0.077082715568	0.387437854671	0.293538063615	0.448802881207
0.100337940028	0.00156624217217	0.0727490718689	0.390708045716	0.293093702007	0.452425887509
0.10095652417	0.00134899816816	0.068634431264	0.393718678526	0.29258034268	0.455802484929
0.101507171479	0.00116090940955	0.0647313375604	0.396486844639	0.292013070165	0.458943669283
0.101995799256	0.00099828145765	0.0610319658695	0.399029091845	0.291405559155	0.461860766882
0.102439403673	0.000854237647849	0.0606967666785	0.401361462101	0.290813509643	0.46456530258
0.102829928042	0.000730247573357	0.060465490831	0.40338162925	0.290312199221	0.466930028979
0.103171709285	0.000623825617354	0.0602340889742	0.40512540442	0.289887776975	0.468987946878
0.103469698865	0.000532587225968	0.0600026795971	0.406628522428	0.289527551547	0.470774387352
0.103728640594	0.000454447093674	0.0597713720758	0.407922589053	0.289221097566	0.472321735067
0.103952991816	0.000387586912022	0.059540266027	0.409035447162	0.288959828906	0.47365938031
0.104146874918	0.000330425585202	0.0593094511334	0.409991534183	0.288736651899	0.474813768088
0.104310189271	0.000282713124484	0.055413011614	0.410812214519	0.288531224023	0.475808517831
0.104448603899	0.000242593660016	0.0506172400683	0.411565285389	0.288298149723	0.476724570752
0.104568313686	0.000208154935742	0.0461526715526	0.412273842903	0.288038125309	0.477589468546
0.104671814544	0.00017859287889	0.0420182053547	0.412941561422	0.28775721083	0.47840729608
0.104761251306	0.000153223815159	0.0381999974374	0.413571600868	0.287460583543	0.479181552309
0.10483850974	0.000131454157996	0.0346822060112	0.414166822578	0.287152681509	0.479915409314
0.104905232533	0.000112772632593	0.0314553688193	0.414729815946	0.286837249715	0.480611741436
0.104962836824	9.67425256988e-05	0.0285035038987	0.415262803449	0.286517511944	0.481273003394
0.105012553647	8.29883122253e-05	0.025810267742	0.415767765095	0.286196202582	0.481901379435
0.105055451152	7.11873026557e-05	0.0233588109711	0.416246460048	0.285875639184	0.482498806568
0.105092454701	6.10625122047e-05	0.0211299439669	0.416700454102	0.285557776186	0.483067005455
0.105124368382	5.23754521478e-05	0.0191077104457	0.417131190116	0.28524421959	0.483607565791
0.105151884751	4.49223830156e-05	0.0172760553118	0.417539948465	0.284936307297	0.484121894464
0.105175602031	3.85287279729e-05	0.0156167059159	0.417927882167	0.28463514134	0.484611257193
0.105196041073	3.30437540288e-05	0.0141147777442	0.418296102562	0.284341567754	0.485076884853
0.105213648718	2.83390558062e-05	0.0127552003086	0.418645632954	0.284056238152	0.485519913761
0.105228814728	2.43035121856e-05	0.0115241583642	0.418977458784	0.283779623756	0.485941447849
0.105241870006	2.08433347655e-05	0.0104050561711	0.419292524715	0.283512013954	0.48634255401
0.105253110731	1.78753239298e-05	0.00939446443304	0.419591876398	0.283253463893	0.486724442127
0.10526278391	1.53304057811e-05	0.00846493771442	0.419876288562	0.283004115357	0.487087989902
0.105271092236	1.31520720459e-05	0.00760560887904	0.420147053271	0.282763427644	0.487434749463
0.105278244298	1.12830599443e-05	0.00683343003261	0.420405640357	0.282530699424	0.48776651673
0.105284400001	9.67949246409e-06	0.00613957924079	0.420652592425	0.282305977117	0.488083910907
0.105289659977	8.31337928259e-06	0.00537320973189	0.420888428609	0.282089114413	0.488387528097
0.10529412865	7.15611048267e-06	0.00462941619704	0.421119890046	0.281873755139	0.488686001172
0.105297986386	6.15990520636e-06	0.00398856088129	0.421351151152	0.281656380256	0.488984702435
0.105301316698	5.30235626755e-06	0.00343640324841	0.421582210906	0.281437295656	0.489283632689
0.105304191689	4.56417148128e-06	0.00296067134019	0.421813068455	0.281216765141	0.489582792644
0.105306704348	3.92088644193e-06	0.00261672475462	0.422043723118	0.280995126295	0.489882182928
0.105308871448	3.36766735541e-06	0.00231549213112	0.422267932896	0.280778683974	0.490173682611
0.105310738083	2.89248608951e-06	0.00204892612356	0.422485579221	0.280567721089	0.490457098815
0.105312345773	2.48433840568e-06	0.00181303916185	0.42269685302	0.280362197667	0.490732642419
0.105313730323	2.13377095141e-06	0.00160430197155	0.422901939803	0.280162058184	0.491000519533
0.105314922608	1.8326628756e-06	0.00141959097969	0.423101019799	0.279967234337	0.491260931566
0.105315949244	1.5740381506e-06	0.00125614173951	0.42329426809	0.279777647409	0.491514075297
0.105316833178	1.35190429418e-06	0.00111150768889	0.423481854742	0.279593210295	0.491760142943
0.10531759419	1.16111378584e-06	0.000983523634765	0.42366394494	0.279413829227	0.491999322235
0.105318249324	9.9724499041e-07	0.000870273424078	0.423840699115	0.279239405246	0.492231796484
0.105318813273	8.56499847418e-07	0.000770061323072	0.424012273077	0.279069835454	0.492457744659
0.105319298694	7.35615969397e-07	0.00068138668094	0.424178818136	0.27890501408	0.492677341456
0.105319712846	6.32696070739e-07	0.00057296728881	0.424340481228	0.278744820449	0.492890757376
0.105320054682	5.47915987331e-07	0.000452379550593	0.424505830936	0.278580682787	0.493109301854
0.105320354363	4.73748797756e-07	0.000462192659078	0.424687164525	0.278400411014	0.493349277549
0.105320572228	4.19938737142e-07	0.000247781780149	0.424840668107	0.278247678797	0.493552673225
0.105320786193	3.67197258537e-07	0.000181641937058	0.425094215971	0.277994888232	0.493889133445
0.105320996042	3.15649597852e-07	0.000159161459447	0.425396494551	0.277693351489	0.494291082135
0.105321177127	2.71338972918e-07	0.000139430957406	0.42569305788	0.277397427391	0.49468630319
0.105321333334	2.33260570456e-07	0.000122083299857	0.425984081521	0.277106954382	0.495074984207
0.105321468442	2.00448156395e-07	0.000108018627248	0.426269830244	0.276821681252	0.49545743493
0.105321585757	1.72061352221e-07	9.63130758881e-05	0.426547379275	0.27654454461	0.495829686356
0.105321686417	1.47791178371e-07	8.42224905233e-05	0.426814606694	0.276277670555	0.496188818492
0.105321772159	1.27188059379e-07	7.28407317517e-05	0.427077103918	0.276015473951	0.496542287394
0.105321846378	1.09414066955e-07	6.3230716043e-05	0.427338309284	0.275754528479	0.496894701246
0.105321910542	9.40997407218e-08	5.54186414238e-05	0.427597169678	0.275495892489	0.497244626924
0.105321966563	8.07738583125e-08	4.9402648055e-05	0.427851193727	0.275242064116	0.497588670587
0.10532201481	6.93345603634e-08	4.40435250278e-05	0.428095821207	0.274997604953	0.497920603435
0.105322056362	5.9513846717e-08	3.92723888835e-05	0.428331376697	0.274762194248	0.498240799001
0.105322092139	5.10838326329e-08	3.50196011207e-05	0.428558152033	0.27453554343	0.498549591498
0.105322122941	4.38472429995e-08	3.12301392598e-05	0.428776463002	0.274317339547	0.498847352604
0.105322149455	3.76356568774e-08	2.78494185638e-05	0.428986602887	0.274107291741	0.499134428004
0.105322172274	3.2304201256e-08	2.48322945215e-05	0.42918888567	0.273905088125	0.499411196073
0.105322191889	2.77333448832e-08	2.19780643613e-05	0.429383624131	0.273710417647	0.499678037858
0.105322208592	2.38507884047e-08	1.91357735366e-05	0.429572531397	0.273521568219	0.499937261442
0.10532222306	2.04962812567e-08	1.69209998856e-05	0.429759127641	0.273335022023	0.500193674224
0.105322235613	1.75925497429e-08	1.50878573005e-05	0.429940478185	0.273153714868	0.50044322255
0.105322246414	1.510007352e-08	1.34543819161e-05	0.43011506103	0.272979169321	0.500683779112
0.105322255707	1.29605877988e-08	1.19982849263e-05	0.43028311359	0.272811148824	0.500915635622
0.105322263671	1.11309176887e-08	1.0557129905e-05	0.430444870844	0.272649419026	0.501139083311
0.105322270478	9.57044895733e-09	9.21553039924e-06	0.430602763071	0.272491550246	0.501357454089
0.105322276396	8.21647122304e-09	8.20286698133e-06	0.430758287367	0.272336046321	0.501572803555
0.105322281495	7.05234100758e-09	7.31361919847e-06	0.430908301031	0.272186050194	0.501780761525
0.105322285881	6.05299488073e-09	6.52263741946e-06	0.431052724364	0.272041641934	0.501981191846
0.105322289652	5.19522170494e-09	5.81735648812e-06	0.431191722184	0.271902657067	0.502174298655
0.105322292895	4.45906132936e-09	5.18721991892e-06	0.431325493484	0.271768896896	0.502360335466
0.105322295683	3.82721628368e-09	4.62521786165e-06	0.431454263851	0.271640136092	0.502539594759
0.10532229808	3.28478493872e-09	4.12594165568e-06	0.431578223321	0.27151618484	0.502712321424
0.105322300142	2.81920047445e-09	3.68077050841e-06	0.431697494075	0.271396921147	0.502878667358
0.1053223019	2.42259075868e-09	3.22834265765e-06	0.431812245415	0.271282175827	0.503038851537
0.105322303411	2.08236608088e-09	2.83248644207e-06	0.431924675219	0.271169751193	0.503195929717
0.105322304724	1.78722477618e-09	2.5264767709e-06	0.432034824218	0.271059606683	0.503349950782
0.105322305852	1.53391107456e-09	2.25352284438e-06	0.432140816439	0.270953618318	0.503498280543
0.105322306821	1.31649781037e-09	2.01005451461e-06	0.432242808519	0.27085162955	0.503641124617
0.105322307655	1.12989754696e-09	1.79289081457e-06	0.432340951211	0.270753489703	0.50377868154
0.105322308371	9.69742449254e-10	1.59921173345e-06	0.432435389403	0.270659053956	0.5039111427
0.105322308986	8.32286424947e-10	1.42645275596e-06	0.432526261182	0.270568184276	0.504038690946
0.105322309515	7.14312604726e-10	1.27235453728e-06	0.432613701064	0.270480746198	0.50416150503
0.10532230997	6.13059533921e-10	1.13493050121e-06	0.4326978385	0.27039661031	0.504279757457
0.10532231036	5.26144797547e-10	1.01263910842e-06	0.432778795965	0.270315654176	0.504393611716
0.105322310696	4.51551301123e-10	9.03523636473e-07	0.432856669175	0.270237782107	0.504503194372
0.105322310984	3.87532503316e-10	8.06164663196e-07	0.432931575506	0.270162876758	0.504608663108
0.105322311231	3.32589391642e-10	7.19297117046e-07	0.433003627875	0.270090825231	0.504710169978
0.105322311444	2.85434311501e-10	6.41819713602e-07	0.433072934765	0.270021519065	0.504807861389
0.105322311627	2.4497229038e-10	5.72066578148e-07	0.433139597243	0.269954857208	0.504901873846
0.105322311779	2.11234108099e-10	4.81628858625e-07	0.433203787621	0.269890667349	0.504992444912
0.105322311913	1.81745434142e-10	4.22201122019e-07	0.433269529787	0.269824925636	0.505085251261
0.105322312029	1.55972703766e-10	3.76844686827e-07	0.433334056879	0.269760398941	0.505176387375
0.105322312129	1.33854159596e-10	3.36378310339e-07	0.433396100257	0.269698355902	0.505264057685
0.105322312216	1.14871634973e-10	3.00265183174e-07	0.433455752115	0.269638704337	0.505348387621
0.105322312289	9.85809783913e-11	2.68028834066e-07	0.433513102767	0.269581353936	0.505429500375
0.105322312353	8.46004863884e-11	2.3925312674e-07	0.433568240916	0.269526216002	0.505507517251
0.105322312407	7.2601745305e-11	2.13624493398e-07	0.433621251851	0.269473205251	0.505582555089
0.105322312454	6.23031106924e-11	1.90774553705e-07	0.43367220319	0.269422254072	0.505654706033
0.105322312495	5.34652833432e-11	1.70368561439e-07	0.433721165049	0.269373292349	0.505724066061
0.105322312529	4.58810667914e-11	1.52145142439e-07	0.433768215059	0.269326242456	0.505790742069
0.105322312559	3.93831011423e-11	1.3465148963e-07	0.433813427823	0.269281029792	0.505854836942
0.105322312584	3.38426345213e-11	1.18259888746e-07	0.433857279941	0.26923717776	0.505917023984
0.105322312606	2.90577122923e-11	1.05246464262e-07	0.433900186414	0.269194271361	0.505977890081
0.105322312625	2.49340188013e-11	9.40656378449e-08	0.433941582271	0.269152875568	0.50603663209
0.105322312641	2.13955131004e-11	8.40725406787e-08	0.433981326288	0.269113131606	0.506093047499
0.105322312655	1.83591557898e-11	7.51410101905e-08	0.434019484342	0.269074973599	0.506147227741
0.105322312667	1.57536902679e-11	6.71582837524e-08	0.434056119687	0.269038338294	0.506199260712
0.105322312677	1.351797094e-11	6.00235756272e-08	0.434091293055	0.26900316496	0.506249230903
0.105322312686	1.1599211769e-11	5.36810909921e-08	0.434125062761	0.268969395284	0.506297219526
0.105322312693	9.95220882187e-12	4.80284378342e-08	0.434157463208	0.268936994863	0.506343273957
0.1053223127	8.53906122743e-12	4.29709871467e-08	0.434188535329	0.268905922763	0.506387450964
0.105322312705	7.32656546783e-12	3.84460700342e-08	0.43421833356	0.268876124551	0.50642982663
0.10532231271	6.28623214649e-12	3.43976154991e-08	0.434246910105	0.268847548022	0.506470473987
0.105322312714	5.39361673203e-12	3.07754558758e-08	0.434274315032	0.268820143109	0.506509463144
0.105322312717	4.62767029694e-12	2.75514508088e-08	0.434300596357	0.268793861796	0.506546861393
0.10532231272	3.97005721902e-12	2.46879447879e-08	0.434325784409	0.268768673754	0.506582710946
0.105322312723	3.40589170446e-12	2.21220411525e-08	0.434349899747	0.268744558425	0.506617040178
0.105322312725	2.92189515158e-12	1.98228117635e-08	0.43437298804	0.268721470139	0.50664991328
0.105322312727	2.50667573389e-12	1.77625424574e-08	0.434395093016	0.26869936517	0.506681391754
0.105322312729	2.15046031838e-12	1.59163990883e-08	0.434416256539	0.268678201652	0.506711534528
0.10532231273	1.84485607737e-12	1.4264529087e-08	0.434436518696	0.268657939501	0.50674039806
0.105322312731	1.58244380236e-12	1.28059003393e-08	0.434455914511	0.268638543689	0.506768031662
0.105322312732	1.35735631399e-12	1.14964202942e-08	0.434474446631	0.268620011573	0.506794438557
0.105322312733	1.16428477044e-12	1.03208387128e-08	0.434492153505	0.268602304702	0.506819673024
0.105322312734	9.9867540234e-13	9.26546458312e-09	0.434509071874	0.268585386336	0.506843786956
0.105322312735	8.56622123671e-13	8.31800671359e-09	0.434525236841	0.26856922137	0.506866829964
0.105322312735	7.34774415163e-13	7.46743062032e-09	0.434540681951	0.268553776263	0.506888849474
0.105322312736	6.30206454945e-13	6.71378279642e-09	0.434555439251	0.268539018964	0.506909890824
0.105322312736	5.4046906461e-13	6.0401174671e-09	0.434569517309	0.268524940908	0.506929965899
0.105322312737	4.63509517556e-13	5.43404661927e-09	0.434582937405	0.268511520813	0.506949104738
0.105322312737	3.97508391978e-13	4.88878815129e-09	0.434595730285	0.268498727934	0.506967350907
0.105322312737	3.40905325033e-13	4.39824041357e-09	0.434607925258	0.268486532962	0.506984745954
0.105322312737	2.92362127805e-13	3.95691394277e-09	0.434619550263	0.268474907957	0.507001329499
0.105322312738	2.50744546479e-13	3.55282835197e-09	0.434630631936	0.268463826285	0.507017139327
0.105322312738	2.15266433714e-13	3.15564299069e-09	0.434641217167	0.268453241054	0.507032242147
0.105322312738	1.84790767302e-13	2.81278417127e-09	0.434651448522	0.2684430097	0.507046841222
0.105322312738	1.58429959935e-13	2.53972333434e-09	0.434661302016	0.268433156206	0.507060902207
0.105322312738	1.35829536961e-13	2.29317035512e-09	0.434670658218	0.268423800005	0.50707425453
0.105322312738	1.16453085268e-13	2.07055200484e-09	0.434679542221	0.268414916002	0.507086933858
0.105322312738	9.98407087909e-14	1.86954483919e-09	0.434687977855	0.268406480368	0.507098974064
0.105322312738	8.55981139546e-14	1.68805095292e-09	0.434695987745	0.268398470478	0.507110407322
0.105322312738	7.33872519392e-14	1.52417608783e-09	0.434703593377	0.268390864847	0.507121264191
0.105322312738	6.29182957216e-14	1.37620986533e-09	0.43471081515	0.268383643074	0.507131573694
0.105322312738	5.39427615069e-14	1.24260793781e-09	0.434717672437	0.268376785787	0.507141363397
0.105322312739	4.62468209214e-14	1.12268707851e-09	0.434724183632	0.268370274592	0.507150659481
0.105322312739	3.9638646446e-14	1.01706607348e-09	0.434730362178	0.268364096046	0.507159481067
0.105322312739	3.39747020365e-14	9.21381636906e-10	0.434736207848	0.268358250377	0.507167827763
0.105322312739	2.91200697248e-14	8.34698978255e-10	0.434741738574	0.26835271965	0.507175725112
0.105322312739	2.49591092771e-14	7.56171245618e-10	0.434746971324	0.2683474869	0.507183197286
0.105322312739	2.13927037467e-14	6.85031253407e-10	0.43475192215	0.268342536075	0.507190267157
0.105322312739	1.83358985777e-14	6.20583988185e-10	0.43475660624	0.268337851985	0.507196956371
0.105322312739	1.57158780352e-14	5.62199819407e-10	0.434761037964	0.268333420261	0.507203285408
0.105322312739	1.34702307621e-14	5.09308348805e-10	0.434765230918	0.268329227307	0.50720927365
0.105322312739	1.15454631564e-14	4.61392838328e-10	0.434769197966	0.268325260259	0.507214939436
0.105322312739	9.89394073644e-15	4.1901284623e-10	0.434772951278	0.268321506947	0.507220300121
0.105322312739	8.47820530104e-15	3.80666717344e-10	0.434776493022	0.268317965203	0.507225358772
0.105322312739	7.26504815807e-15	3.45829822322e-10	0.434779833703	0.268314624522	0.507230130373
0.105322312739	6.22548245656e-15	3.14181018673e-10	0.434782984736	0.268311473489	0.507234631205
0.105322312739	5.33466902883e-15	2.85428552237e-10	0.434785956887	0.268308501338	0.507238876625
0.105322312739	4.57132291157e-15	2.59307367883e-10	0.434788760309	0.268305697916	0.507242881123
0.105322312739	3.91720478456e-15	2.355766663e-10	0.434791404582	0.268303053643	0.507246658365
0.105322312739	3.35668517714e-15	2.14017684344e-10	0.43479389874	0.268300559485	0.507250221244
0.105322312739	2.87637103039e-15	1.94431678502e-10	0.434796251304	0.268298206921	0.507253581919
0.105322312739	2.46474343724e-15	1.76750035285e-10	0.434798470313	0.268295987912	0.507256751864
0.105322312739	2.11165660815e-15	1.60943923945e-10	0.434800561987	0.268293896238	0.507259739955
0.105322312739	1.80915109079e-15	1.465512885e-10	0.434802530014	0.268291928211	0.507262551451
0.105322312739	1.54998090745e-15	1.33445728586e-10	0.434804381702	0.268290076522	0.507265196788
0.105322312739	1.32793809065e-15	1.21512147076e-10	0.43480612393	0.268288334294	0.507267685782
0.105322312739	1.13770398586e-15	1.10645739313e-10	0.434807763168	0.268286695057	0.507270027671
0.105322312739	9.74721855121e-16	1.00751072735e-10	0.434809305504	0.268285152721	0.507272231148
0.105322312739	8.35087730407e-16	9.17412487955e-11	0.434810756665	0.26828370156	0.507274304392
0.105322312739	7.15456902436e-16	8.35371398261e-11	0.434812122042	0.268282336183	0.507276255098
0.105322312739	6.12963805085e-16	7.60666941381e-11	0.434813406705	0.26828105152	0.507278090507
0.105322312739	5.25140503324e-16	6.93270414663e-11	0.434814615426	0.268279842799	0.507279817434
0.105322312739	4.49835453602e-16	6.32557357451e-11	0.434815751637	0.268278706588	0.507281440779
0.105322312739	3.85329116686e-16	5.77161222264e-11	0.434816818331	0.268277639894	0.507282964816
0.105322312739	3.3007296502e-16	5.26616383942e-11	0.434817819763	0.268276638462	0.50728439562
0.105322312739	2.82740528114e-16	4.8049799376e-11	0.434818759925	0.2682756983	0.507285738894
0.105322312739	2.42195549944e-16	4.38418408535e-11	0.434819642565	0.26827481566	0.507286999992
0.105322312739	2.07464712502e-16	4.00023932442e-11	0.434820471203	0.268273987022	0.50728818394
0.105322312739	1.77714270727e-16	3.64991844151e-11	0.434821249143	0.268273209082	0.507289295459
0.105322312739	1.52230037937e-16	3.33027684299e-11	0.434821979486	0.268272478739	0.507290338977
0.105322312739	1.30400241298e-16	3.03862780502e-11	0.434822665145	0.26827179308	0.507291318655
0.105322312739	1.11698701814e-16	2.77447289656e-11	0.434823308854	0.268271149371	0.507292238399
0.105322312739	9.56670478536e-17	2.5359828123e-11	0.434823912741	0.268270545484	0.50729310125
0.105322312739	8.19363490537e-17	2.31799299277e-11	0.434824478596	0.268269979629	0.507293909762
0.105322312739	7.01763594953e-17	2.1187412694e-11	0.434825008812	0.268269449412	0.507294667357
0.105322312739	6.01042319177e-17	1.93661694604e-11	0.434825505636	0.268268952589	0.50729537724
0.105322312739	5.14777148251e-17	1.77014777877e-11	0.434825971169	0.268268487056	0.507296042417
0.105322312739	4.40893259756e-17	1.61798807489e-11	0.434826407382	0.268268050843	0.507296665703
0.105322312739	3.77613621188e-17	1.47890781493e-11	0.434826816122	0.268267642102	0.507297249736
0.105322312739	3.23416249592e-17	1.35178270962e-11	0.43482719912	0.268267259105	0.507297796987
0.105322312739	2.76997605502e-17	1.23558511159e-11	0.434827557996	0.268266900229	0.507298309774
0.105322312739	2.3723924357e-17	1.12972400621e-11	0.43482789427	0.268266563955	0.507298790266
0.105322312739	2.03152273493e-17	1.03487945852e-11	0.434828209265	0.26826624896	0.507299240355
0.105322312739	1.73962979546e-17	9.4799745754e-12	0.434828503722	0.268265954503	0.507299661098
0.105322312739	1.48967655425e-17	8.68409519383e-12	0.43482877898	0.268265679245	0.507300054409
0.105322312739	1.27563704432e-17	7.9550328158e-12	0.434829036291	0.268265421934	0.507300422076
0.105322312739	1.09235111913e-17	7.28717791542e-12	0.434829276824	0.268265181401	0.507300765772
0.105322312739	9.3540005024e-18	6.67539190546e-12	0.434829501674	0.268264956551	0.507301087058
0.105322312739	8.00999999328e-18	6.11496760058e-12	0.434829711863	0.268264746361	0.507301387396
0.105322312739	6.85910796206e-18	5.6015929998e-12	0.434829908348	0.268264549877	0.507301668152
0.105322312739	5.87357823777e-18	5.13131810958e-12	0.434830092022	0.268264366203	0.507301930602
0.105322312739	5.0296512664e-18	4.70052455208e-12	0.434830263719	0.268264194506	0.507302175941
0.105322312739	4.30687779131e-18	4.30799423011e-12	0.434830424222	0.268264034003	0.507302405283
0.105322312739	3.68782655874e-18	3.94929498903e-12	0.434830574183	0.268263884042	0.507302619563
0.105322312739	3.15775494434e-18	3.62046233612e-12	0.434830714252	0.268263743973	0.507302819707
0.105322312739	2.70387342515e-18	3.31900947376e-12	0.434830845081	0.268263613144	0.50730300665
0.105322312739	2.31523078492e-18	3.04265666363e-12	0.43483096728	0.268263490945	0.507303181261
0.105322312739	1.98244988451e-18	2.78931398623e-12	0.434831081419	0.268263376806	0.507303344355
0.105322312739	1.69750141152e-18	2.55706553603e-12	0.434831188028	0.268263270197	0.50730349669
0.105322312739	1.45351015e-18	2.3441549324e-12	0.434831287605	0.26826317062	0.507303638977
0.105322312739	1.24458909595e-18	2.14897203712e-12	0.434831380614	0.268263077611	0.507303771878
0.105322312739	1.06569741643e-18	1.97004077767e-12	0.434831467487	0.268262990738	0.507303896012
0.105322312739	9.12518824773e-19	1.80600798455e-12	0.43483154863	0.268262909595	0.507304011958
0.105322312739	7.8135743771e-19	1.6556331579e-12	0.43483162442	0.268262833805	0.507304120255
0.105322312739	6.69048601423e-19	1.51777908626e-12	0.434831695211	0.268262763014	0.507304221409
0.105322312739	5.7288253507e-19	1.39140324641e-12	0.434831761332	0.268262696893	0.507304315891
0.105322312739	4.90538949431e-19	1.27554991934e-12	0.434831823091	0.268262635134	0.50730440414
0.105322312739	4.20031063164e-19	1.1693429626e-12	0.434831880777	0.268262577448	0.507304486568
0.105322312739	3.59657665904e-19	1.07197918447e-12	0.434831934657	0.268262523568	0.507304563558
0.105322312739	3.07962071593e-19	9.82722269869e-13	0.434831984983	0.268262473242	0.50730463547
0.105322312739	2.63696971668e-19	9.00897211923e-13	0.43483203199	0.268262426235	0.507304702639
0.105322312739	2.25794340086e-19	8.25885207267e-13	0.434832075895	0.26826238233	0.507304765377
0.105322312739	1.93339664072e-19	7.57118976325e-13	0.434832116905	0.26826234132	0.507304823976
0.105322312739	1.65549878814e-19	6.94078473261e-13	0.434832155209	0.268262303016	0.50730487871
0.105322312739	1.41754473723e-19	6.36286953129e-13	0.434832190987	0.268262267238	0.507304929833
0.105322312739	1.21379314402e-19	5.83307366489e-13	0.434832224404	0.268262233821	0.507304977584
0.105322312739	1.03932789962e-19	5.3473905422e-13	0.434832255618	0.268262202607	0.507305022185
0.105322312739	8.89866720416e-20	4.9168774178e-13	0.434832284772	0.268262173453	0.507305063844
0.105322312739	7.61250624607e-20	4.55827507826e-13	0.434832311919	0.268262146306	0.507305102636
0.105322312739	6.51223941028e-20	4.22582665979e-13	0.43483233697	0.268262121255	0.507305138431
0.105322312739	5.57099865822e-20	3.91762468058e-13	0.434832360086	0.268262098139	0.507305171462
0.105322312739	4.7657992985e-20	3.63190077699e-13	0.434832381416	0.268262076809	0.507305201942
0.105322312739	4.07697871103e-20	3.36701555724e-13	0.434832401099	0.268262057126	0.507305230067
0.105322312739	3.48771619458e-20	3.12144919513e-13	0.434832419262	0.268262038963	0.507305256021
0.105322312739	2.98362221263e-20	2.89379270982e-13	0.434832436022	0.268262022203	0.507305279969
0.105322312739	2.55238700726e-20	2.68273988153e-13	0.434832451488	0.268262006737	0.507305302069
0.105322312739	2.18348000028e-20	2.48707975687e-13	0.434832465759	0.268261992466	0.507305322461
0.105322312739	1.86789264112e-20	2.30568970083e-13	0.434832478928	0.268261979297	0.507305341278
0.105322312739	1.59791842195e-20	2.13752895543e-13	0.43483249108	0.268261967145	0.507305358642
0.105322312739	1.36696468812e-20	1.98163266821e-13	0.434832502293	0.268261955932	0.507305374665
0.105322312739	1.16939164843e-20	1.83710635622e-13	0.43483251264	0.268261945585	0.507305389451
0.105322312739	1.00037465384e-20	1.70312077377e-13	0.434832522188	0.268261936037	0.507305403094
0.105322312739	8.55786381663e-21	1.57890715446e-13	0.434832530999	0.268261927226	0.507305415684
0.105322312739	7.32096048115e-21	1.46375280031e-13	0.434832539129	0.268261919096	0.507305427302
0.105322312739	6.26283188103e-21	1.35699699247e-13	0.434832546631	0.268261911593	0.507305438022
0.105322312739	5.35763896773e-21	1.25802720024e-13	0.434832553554	0.268261904671	0.507305447914
0.105322312739	4.58327731665e-21	1.1662755666e-13	0.434832559942	0.268261898282	0.507305457042
0.105322312739	3.92083734664e-21	1.08121565001e-13	0.434832565837	0.268261892388	0.507305465465
0.105322312739	3.35414255609e-21	1.00235940385e-13	0.434832571277	0.268261886948	0.507305473238
0.105322312739	2.86935449978e-21	9.29254376162e-14	0.434832576296	0.268261881929	0.50730548041
0.105322312739	2.45335106994e-21	8.67196241633e-14	0.434832580928	0.268261877297	0.507305487029
0.105322312739	2.09751558726e-21	8.09667688651e-14	0.434832585171	0.268261873054	0.507305493092
0.105322312739	1.79329069193e-21	7.55955497157e-14	0.434832589057	0.268261869168	0.507305498645
0.105322312739	1.53319075413e-21	7.05806495229e-14	0.434832592616	0.268261865609	0.50730550373
0.105322312739	1.31081586419e-21	6.58984306003e-14	0.434832595874	0.268261862351	0.507305508386
0.105322312739	1.12069435905e-21	6.15268233516e-14	0.434832598858	0.268261859367	0.507305512649
0.105322312739	9.58148188852e-22	5.74452222454e-14	0.43483260159	0.268261856635	0.507305516553
0.105322312739	8.19177810831e-22	5.36343886916e-14	0.434832604092	0.268261854133	0.507305520128
0.105322312739	7.00363778245e-22	5.00763603604e-14	0.434832606383	0.268261851842	0.507305523402
0.105322312739	5.98782602909e-22	4.6754366517e-14	0.434832608481	0.268261849744	0.5073055264
0.105322312739	5.11934821075e-22	4.3652748973e-14	0.434832610402	0.268261847823	0.507305529145
0.105322312739	4.37683492686e-22	4.07568882815e-14	0.434832612161	0.268261846064	0.507305531658
0.105322312739	3.74201620723e-22	3.80531348288e-14	0.434832613772	0.268261844453	0.50730553396
0.105322312739	3.19927196888e-22	3.5528744497e-14	0.434832615247	0.268261842978	0.507305536068
0.105322312739	2.73524767482e-22	3.31718185942e-14	0.434832616597	0.268261841628	0.507305537998
0.105322312739	2.33852573799e-22	3.09712477711e-14	0.434832617834	0.268261840391	0.507305539765
0.105322312739	1.99934458484e-22	2.89166596563e-14	0.434832618967	0.268261839258	0.507305541384
0.105322312739	1.70935846621e-22	2.69983699667e-14	0.434832620004	0.268261838221	0.507305542866
0.105322312739	1.4614321053e-22	2.52073368606e-14	0.434832620954	0.268261837271	0.507305544223
0.105322312739	1.24946513004e-22	2.35351183191e-14	0.434832621823	0.268261836402	0.507305545465
0.105322312739	1.06824196995e-22	2.19738323547e-14	0.43483262262	0.268261835605	0.507305546603
0.105322312739	9.13303523948e-23	2.05161198595e-14	0.434832623349	0.268261834876	0.507305547645
0.105322312739	7.80795236406e-23	1.91925438348e-14	0.434832624017	0.268261834208	0.507305548599
0.105322312739	6.67269783118e-23	1.80088367102e-14	0.434832624627	0.268261833598	0.507305549471
0.105322312739	5.70250614611e-23	1.6898135153e-14	0.434832625183	0.268261833042	0.507305550265
0.105322312739	4.87337763046e-23	1.58559365182e-14	0.434832625689	0.268261832536	0.507305550989
0.105322312739	4.16480209225e-23	1.48780158634e-14	0.43483262615	0.268261832075	0.507305551648
0.105322312739	3.55925146426e-23	1.39604088206e-14	0.43483262657	0.268261831655	0.507305552248
0.105322312739	3.04174621144e-23	1.3099395526e-14	0.434832626952	0.268261831273	0.507305552794
0.105322312739	2.59948478143e-23	1.22914855396e-14	0.434832627301	0.268261830924	0.507305553292
0.105322312739	2.2215269319e-23	1.15334036955e-14	0.434832627618	0.268261830607	0.507305553745
0.105322312739	1.89852310132e-23	1.0822076825e-14	0.434832627907	0.268261830318	0.507305554158
0.105322312739	1.62248312835e-23	1.0154621298e-14	0.43483262817	0.268261830055	0.507305554534
0.105322312739	1.38657859886e-23	9.52833133351e-15	0.434832628409	0.268261829815	0.507305554876
0.105322312739	1.18497393113e-23	8.94066803048e-15	0.434832628628	0.268261829597	0.507305555188
0.105322312739	1.01268202076e-23	8.38924907552e-15	0.434832628827	0.268261829398	0.507305555472
0.105322312739	8.65440874454e-24	7.87183908526e-15	0.434832629008	0.268261829217	0.507305555731
0.105322312739	7.39608180862e-24	7.38634054445e-15	0.434832629173	0.268261829052	0.507305555967
0.105322312739	6.31713594033e-24	7.07289321231e-15	0.434832629323	0.268261828902	0.507305556181
0.105322312739	5.38000006091e-24	6.91407718284e-15	0.434832629457	0.268261828768	0.507305556373
0.105322312739	4.58188662211e-24	6.75882723735e-15	0.434832629573	0.268261828651	0.50730555654
0.105322312739	3.90217189218e-24	6.60706330234e-15	0.434832629675	0.26826182855	0.507305556685
0.105322312739	3.3232916333e-24	6.4587071023e-15	0.434832629764	0.268261828461	0.507305556811
0.105322312739	2.83028723107e-24	6.31368211932e-15	0.434832629841	0.268261828384	0.507305556922
0.105322312739	2.41041915492e-24	6.17191355366e-15	0.434832629908	0.268261828317	0.507305557018
0.105322312739	2.05283776099e-24	6.03332828513e-15	0.434832629967	0.268261828258	0.507305557102
0.105322312739	1.74830293076e-24	5.8978548354e-15	0.434832630018	0.268261828207	0.507305557174
0.105322312739	1.48894530088e-24	5.76542333112e-15	0.434832630062	0.268261828163	0.507305557238
0.105322312739	1.26806291404e-24	5.6359654679e-15	0.434832630101	0.268261828124	0.507305557293
0.105322312739	1.07994803637e-24	5.50941447507e-15	0.434832630135	0.26826182809	0.507305557342
0.105322312739	9.19739666188e-25	5.38570508123e-15	0.434832630164	0.268261828061	0.507305557384
0.105322312739	7.83297922739e-25	5.2647734806e-15	0.43483263019	0.268261828035	0.50730555742
0.105322312739	6.67097069227e-25	5.1465573001e-15	0.434832630212	0.268261828013	0.507305557452
0.105322312739	5.68134852007e-25	5.03085848944e-15	0.434832630231	0.268261827993	0.50730555748
0.105322312739	4.83857754972e-25	4.91733378272e-15	0.434832630248	0.268261827977	0.507305557504
0.105322312739	4.12082318518e-25	4.80637083739e-15	0.434832630263	0.268261827962	0.507305557525
0.105322312739	3.50954046907e-25	4.69791184558e-15	0.434832630276	0.268261827949	0.507305557544
0.105322312739	2.98893540211e-25	4.5919003039e-15	0.434832630287	0.268261827938	0.50730555756
0.105322312739	2.54555686613e-25	4.48828098398e-15	0.434832630297	0.268261827928	0.507305557574
0.105322312739	2.16794908117e-25	4.38699990373e-15	0.434832630306	0.268261827919	0.507305557586
0.105322312739	1.84635561715e-25	4.2880042992e-15	0.434832630313	0.268261827912	0.507305557596
0.105322312739	1.57246731234e-25	4.1912425971e-15	0.434832630319	0.268261827906	0.507305557605
0.105322312739	1.3392075857e-25	4.0966643879e-15	0.434832630325	0.2682618279	0.507305557614
0.105322312739	1.14054959587e-25	4.00422039963e-15	0.43483263033	0.268261827895	0.507305557621
