0.0	0.000303676349292	0.0577971986271	0.0	0.0	0.0
2.42100339468e-19	0.00030367634928	0.0577971986258	1.93570823525e-13	2.42139641671e-13	1e-06
2.71022774701e-19	0.00030367634928	0.0577971986257	2.03178301785e-13	2.61013433089e-13	1.03833333333e-06
3.03400418884e-19	0.000303676349279	0.0577971986257	2.13536471032e-13	2.81441536742e-13	1.07813611111e-06
3.39646047387e-19	0.000303676349279	0.0577971986256	2.24703987344e-13	3.0342395263e-13	1.11946466204e-06
3.8022174765e-19	0.000303676349278	0.0577971986255	2.3674408995e-13	3.27182725357e-13	1.16237747408e-06
4.25644810231e-19	0.000303676349277	0.0577971986254	2.49724959352e-13	3.52717854923e-13	1.20693527725e-06
4.76494323632e-19	0.000303676349276	0.0577971986253	2.63720103407e-13	3.80251385934e-13	1.25320112954e-06
5.33418556965e-19	0.000303676349275	0.0577971986252	2.78808773593e-13	4.10005362994e-13	1.30124050618e-06
5.97143224596e-19	0.000303676349274	0.0577971986251	2.9507641379e-13	4.41979786103e-13	1.35112139225e-06
6.68480738108e-19	0.000303676349273	0.057797198625	3.12615144128e-13	4.76507722169e-13	1.40291437895e-06
7.48340563561e-19	0.000303676349272	0.0577971986249	3.31524282648e-13	5.13700193494e-13	1.45669276347e-06
8.37740816073e-19	0.000303676349271	0.0577971986248	3.51910907717e-13	5.53890266985e-13	1.51253265274e-06
9.37821239536e-19	0.00030367634927	0.0577971986246	3.73890464388e-13	5.97188964946e-13	1.57051307109e-06
1.04985773696e-18	0.000303676349268	0.0577971986245	3.9758741814e-13	6.4381833198e-13	1.63071607215e-06
1.17527863669e-18	0.000303676349267	0.0577971986243	4.23135959704e-13	6.94111434995e-13	1.69322685491e-06
1.31568290182e-18	0.000303676349265	0.0577971986241	4.5068076495e-13	7.48401340899e-13	1.75813388435e-06
1.47286051502e-18	0.000303676349264	0.0577971986239	4.80377814159e-13	8.06799071994e-13	1.82552901658e-06
1.64881529867e-18	0.000303676349262	0.0577971986237	5.12395275305e-13	8.69859739793e-13	1.89550762888e-06
1.84579046107e-18	0.00030367634926	0.0577971986235	5.46914456352e-13	9.378053889e-13	1.96816875465e-06
2.06629719468e-18	0.000303676349258	0.0577971986232	5.84130831964e-13	1.01108010853e-12	2.04361522358e-06
2.31314669069e-18	0.000303676349255	0.057797198623	6.24255150436e-13	1.09012798788e-12	2.12195380714e-06
2.58948597832e-18	0.000303676349253	0.0577971986227	6.67514627114e-13	1.17528209387e-12	2.20329536975e-06
2.89883804554e-18	0.00030367634925	0.0577971986224	7.14154231067e-13	1.267097538e-12	2.28775502558e-06
3.24514675292e-18	0.000303676349247	0.0577971986221	7.64438072297e-13	1.3661294318e-12	2.37545230156e-06
3.63282711299e-18	0.000303676349244	0.0577971986217	8.18650897332e-13	1.47293288677e-12	2.46651130645e-06
4.06682157623e-18	0.000303676349241	0.0577971986213	8.77099701686e-13	1.58795199212e-12	2.56106090652e-06
4.55266304135e-18	0.000303676349237	0.0577971986209	9.40115468311e-13	1.71207492627e-12	2.65923490793e-06
5.09654539289e-18	0.000303676349233	0.0577971986205	1.00805504188e-12	1.84585680074e-12	2.76117224606e-06
5.70540246573e-18	0.000303676349229	0.05779719862	1.08130314951e-12	1.99007477164e-12	2.86701718215e-06
6.38699644299e-18	0.000303676349224	0.0577971986195	1.16027457942e-12	2.14550599508e-12	2.97691950746e-06
7.15001681437e-18	0.000303676349219	0.0577971986189	1.24541652975e-12	2.3131496718e-12	3.09103475523e-06
8.00419115653e-18	0.000303676349214	0.0577971986183	1.33721114097e-12	2.49389398021e-12	3.20952442084e-06
8.96040914776e-18	0.000303676349208	0.0577971986177	1.43617822613e-12	2.68873812103e-12	3.33255619029e-06
1.00308613981e-17	0.000303676349202	0.057797198617	1.54287821445e-12	2.89890333959e-12	3.46030417757e-06
1.12291948647e-17	0.000303676349195	0.0577971986162	1.65791532491e-12	3.12538883661e-12	3.59294917103e-06
1.25706868339e-17	0.000303676349188	0.0577971986154	1.78194098782e-12	3.36952687973e-12	3.73067888923e-06
1.40724396878e-17	0.00030367634918	0.0577971986146	1.91565753369e-12	3.63287178117e-12	3.87368824663e-06
1.57535989387e-17	0.000303676349172	0.0577971986136	2.05982217045e-12	3.91675580856e-12	4.0221796294e-06
1.76355973112e-17	0.000303676349163	0.0577971986126	2.21525127127e-12	4.22273327414e-12	4.17636318183e-06
1.97424279832e-17	0.000303676349153	0.0577971986115	2.38282499759e-12	4.55269155706e-12	4.33645710378e-06
2.21009504693e-17	0.000303676349143	0.0577971986103	2.56349228319e-12	4.90840701415e-12	4.50268795939e-06
2.47412330469e-17	0.000303676349131	0.0577971986091	2.75827620789e-12	5.29198906915e-12	4.6752909978e-06
2.76969360902e-17	0.000303676349119	0.0577971986077	2.96827979096e-12	5.70543612352e-12	4.85451048601e-06
3.10057411984e-17	0.000303676349106	0.0577971986062	3.19469223732e-12	6.1511906679e-12	5.04060005459e-06
3.47098315903e-17	0.000303676349092	0.0577971986046	3.43879567174e-12	6.63180621525e-12	5.23382305664e-06
3.88564298887e-17	0.000303676349077	0.0577971986029	3.70197239921e-12	7.15005832314e-12	5.43445294042e-06
4.3498400151e-17	0.00030367634906	0.0577971986011	3.98571273269e-12	7.70872254912e-12	5.6427736364e-06
4.86949218215e-17	0.000303676349042	0.0577971985991	4.29162343237e-12	8.31101853997e-12	5.85907995906e-06
5.45122441965e-17	0.000303676349023	0.0577971985969	4.62143680445e-12	8.96038798706e-12	6.08367802408e-06
6.10245310223e-17	0.000303676349002	0.0577971985946	4.97702051078e-12	9.66060564868e-12	6.31688568159e-06
6.8314805992e-17	0.00030367634898	0.0577971985921	5.36038814508e-12	1.04154462831e-11	6.55903296595e-06
7.64760111961e-17	0.000303676348956	0.0577971985894	5.7737106354e-12	1.12292397601e-11	6.81046256287e-06
8.56121920206e-17	0.00030367634893	0.0577971985865	6.21932853771e-12	1.21066490165e-11	7.07153029432e-06
9.58398235981e-17	0.000303676348902	0.0577971985834	6.69976528991e-12	1.30525590334e-11	7.34260562213e-06
1.07289295724e-16	0.000303676348872	0.05779719858	7.21774150149e-12	1.40725209261e-11	7.62407217083e-06
1.20106575165e-16	0.00030367634884	0.0577971985763	7.77619035983e-12	1.51720858097e-11	7.91632827054e-06
1.34455066561e-16	0.000303676348805	0.0577971985724	8.37827424014e-12	1.6357470933e-11	8.21978752071e-06
1.50517695628e-16	0.000303676348767	0.0577971985682	9.02740261333e-12	1.76356707013e-11	8.53487937546e-06
1.68499241246e-16	0.000303676348726	0.0577971985636	9.7272513531e-12	1.90135684971e-11	8.86204975128e-06
1.88628946128e-16	0.000303676348683	0.0577971985587	1.04817835517e-11	2.04992689486e-11	9.20176165814e-06
2.11163439396e-16	0.000303676348635	0.0577971985534	1.12952719618e-11	2.21009877061e-11	9.55449585473e-06
2.3639000828e-16	0.000303676348584	0.0577971985477	1.21723231925e-11	2.38278285985e-11	9.92075152882e-06
2.64630260682e-16	0.000303676348529	0.0577971985415	1.31179037955e-11	2.56896726107e-11	1.03010470037e-05
2.96244225283e-16	0.00030367634847	0.0577971985348	1.41373683893e-11	2.76969558392e-11	1.06959204718e-05
3.3163494147e-16	0.000303676348406	0.0577971985277	1.52364899816e-11	2.98611135809e-11	1.1105930756e-05
3.71253597591e-16	0.000303676348337	0.0577971985199	1.64214926605e-11	3.21943582893e-11	1.15316581012e-05
4.15605283059e-16	0.000303676348263	0.0577971985116	1.769908684e-11	3.47099016184e-11	1.19737049944e-05
4.65255427622e-16	0.000303676348183	0.0577971985026	1.90765072599e-11	3.74219544227e-11	1.24326970186e-05
5.20837009902e-16	0.000303676348097	0.0577971984929	2.05615539543e-11	4.03459488025e-11	1.29092837369e-05
5.83058627094e-16	0.000303676348004	0.0577971984825	2.21626364216e-11	4.34984270806e-11	1.34041396126e-05
6.52713528719e-16	0.000303676347904	0.0577971984712	2.38888212459e-11	4.68972638479e-11	1.39179649635e-05
7.30689729584e-16	0.000303676347796	0.0577971984591	2.57498834387e-11	5.05615549403e-11	1.44514869527e-05
8.17981330879e-16	0.000303676347679	0.057797198446	2.77563617929e-11	5.4512283573e-11	1.50054606181e-05
9.1570119376e-16	0.000303676347553	0.0577971984319	2.99196185617e-11	5.87716542065e-11	1.55806699404e-05
1.02509512696e-15	0.000303676347418	0.0577971984167	3.22519038006e-11	6.33638697027e-11	1.61779289533e-05
1.14755776932e-15	0.000303676347272	0.0577971984003	3.47664247368e-11	6.83147982581e-11	1.67980828949e-05
1.28465036976e-15	0.000303676347114	0.0577971983826	3.74774205586e-11	7.36526395374e-11	1.7442009404e-05
1.43812069125e-15	0.000303676346944	0.0577971983635	4.04002430493e-11	7.9407591607e-11	1.81106197625e-05
1.60992529266e-15	0.000303676346761	0.057797198343	4.35514435209e-11	8.56121840014e-11	1.88048601844e-05
1.80225447252e-15	0.000303676346564	0.0577971983208	4.69488665401e-11	9.23016107905e-11	1.95257131555e-05
2.01756019262e-15	0.000303676346351	0.0577971982969	5.0611750979e-11	9.95137305793e-11	2.02741988236e-05
2.25858733752e-15	0.000303676346122	0.0577971982712	5.45608389601e-11	1.07289288553e-10	2.10513764419e-05
2.5284087085e-15	0.000303676345874	0.0577971982434	5.88184933146e-11	1.15672471588e-10	2.18583458686e-05
2.83046419795e-15	0.000303676345607	0.0577971982135	6.34088242183e-11	1.24710686207e-10	2.26962491228e-05
3.16860464387e-15	0.00030367634532	0.0577971981812	6.83578257223e-11	1.34455113691e-10	2.35662720013e-05
3.54714092329e-15	0.00030367634501	0.0577971981464	7.36935229517e-11	1.44960932126e-10	2.44696457563e-05
3.97089891068e-15	0.000303676344676	0.0577971981089	7.94461308055e-11	1.56287538442e-10	2.54076488379e-05
4.44528100193e-15	0.000303676344315	0.0577971980684	8.56482250576e-11	1.68499214553e-10	2.63816087037e-05
4.97633498835e-15	0.000303676343927	0.0577971980248	9.23349268258e-11	1.81665127353e-10	2.73929036969e-05
5.57083115851e-15	0.000303676343508	0.0577971979778	9.95441014552e-11	1.95859772806e-10	2.84429649973e-05
6.23634861118e-15	0.000303676343056	0.0577971979271	1.07316572942e-10	2.11163420038e-10	2.95332786466e-05
6.98137187956e-15	0.00030367634257	0.0577971978724	1.15696355109e-10	2.27662999512e-10	3.06653876513e-05
7.81539909868e-15	0.000303676342045	0.0577971978135	1.24730900849e-10	2.45451658938e-10	3.18408941668e-05
8.74906309496e-15	0.000303676341479	0.0577971977499	1.34471370838e-10	2.64630317589e-10	3.3061461764e-05
9.79426694177e-15	0.000303676340869	0.0577971976814	1.4497292325e-10	2.85307444255e-10	3.43288177842e-05
1.0964335709e-14	0.000303676340211	0.0577971976076	1.562950261e-10	3.07600278487e-10	3.56447557836e-05
1.22741863412e-14	0.000303676339501	0.057797197528	1.68501794005e-10	3.3163494162e-10	3.7011138071e-05
1.37405178309e-14	0.000303676338737	0.0577971974421	1.81662351246e-10	3.5754765802e-10	3.8429898344e-05
1.53820241095e-14	0.000303676337912	0.0577971973496	1.95851223207e-10	3.85484977124e-10	3.99030444252e-05
1.72196323726e-14	0.000303676337024	0.0577971972498	2.11148758394e-10	4.15605327758e-10	4.14326611035e-05
1.92767698757e-14	0.000303676336065	0.0577971971422	2.27641583432e-10	4.48079129155e-10	4.30209130848e-05
2.15796626033e-14	0.000303676335032	0.0577971970262	2.45423093612e-10	4.83090234249e-10	4.46700480555e-05
2.41576696176e-14	0.000303676333918	0.0577971969012	2.64593981769e-10	5.20837039892e-10	4.6382399863e-05
2.7043657351e-14	0.000303676332718	0.0577971967664	2.85262808483e-10	5.61533152994e-10	4.81603918189e-05
3.02744186121e-14	0.000303676331423	0.057797196621	3.0754661683e-10	6.05409166876e-10	5.00065401286e-05
3.38911416498e-14	0.000303676330027	0.0577971964643	3.3157159518e-10	6.5271354945e-10	5.19234574516e-05
3.79399352517e-14	0.000303676328522	0.0577971962954	3.57473791764e-10	7.03713975485e-10	5.39138565996e-05
4.24724165754e-14	0.0003036763269	0.0577971961132	3.85399885092e-10	7.58699436034e-10	5.5980554375e-05
4.75463692033e-14	0.00030367632515	0.0577971959168	4.15508014558e-10	8.17981348652e-10	5.81264755579e-05
5.32264798124e-14	0.000303676323264	0.0577971957051	4.47968675948e-10	8.81895222737e-10	6.03546570447e-05
5.95851628499e-14	0.000303676321231	0.0577971954768	4.82965686922e-10	9.50802990991e-10	6.2668252146e-05
6.67034837277e-14	0.000303676319039	0.0577971952307	5.2069722793e-10	1.02509511885e-09	6.50705350493e-05
7.46721923074e-14	0.000303676316675	0.0577971949654	5.61376964465e-10	1.10519204777e-09	6.75649054525e-05
8.35928798485e-14	0.000303676314127	0.0577971946793	6.05235257004e-10	1.19154741487e-09	7.01548933751e-05
9.35792741718e-14	0.00030367631138	0.0577971943709	6.52520465485e-10	1.2846502734e-09	7.28441641537e-05
1.04758689549e-13	0.000303676308418	0.0577971940384	7.03500355715e-10	1.38502786825e-09	7.56365236294e-05
1.17273649802e-13	0.000303676305224	0.0577971936799	7.58463615667e-10	1.4932485226e-09	7.85359235338e-05
1.31283705306e-13	0.000303676301781	0.0577971932933	8.17721490257e-10	1.60992519057e-09	8.15464670811e-05
1.46967467059e-13	0.000303676298069	0.0577971928766	8.81609543849e-10	1.73571845484e-09	8.46724147753e-05
1.6452488375e-13	0.000303676294067	0.0577971924273	9.50489560482e-10	1.8713406345e-09	8.79181904392e-05
1.8417979086e-13	0.000303676289753	0.057797191943	1.02475159257e-09	2.01755989286e-09	9.12883874754e-05
2.06182764283e-13	0.000303676285101	0.0577971914207	1.10481616968e-09	2.17520423422e-09	9.47877753665e-05
2.3081431486e-13	0.000303676280086	0.0577971908577	1.1911366799e-09	2.34516616687e-09	9.84213064247e-05
2.58388464541e-13	0.000303676274678	0.0577971902506	1.28420193724e-09	2.52840825415e-09	0.000102194122801
2.89256749776e-13	0.000303676268849	0.0577971895962	1.38453894973e-09	2.72596822149e-09	0.00010611156376
3.23812703166e-13	0.000303676262564	0.0577971888906	1.49271590367e-09	2.9389647296e-09	0.00011017917324
3.62496870512e-13	0.000303676255787	0.0577971881298	1.6093453812e-09	3.16860392475e-09	0.000114402707695
4.05802427222e-13	0.000303676248481	0.0577971873097	1.73508782918e-09	3.41618632215e-09	0.000118788144242
4.54281465679e-13	0.000303676240605	0.0577971864254	1.87065529911e-09	3.68311368935e-09	0.00012334168912
5.08552033731e-13	0.000303676232113	0.0577971854721	2.01681547939e-09	3.970897817e-09	0.000128069786474
5.69306014015e-13	0.000303676222957	0.0577971844442	2.17439604244e-09	4.2811681794e-09	0.000132979127473
6.37317944596e-13	0.000303676213086	0.0577971833361	2.34428933173e-09	4.61568192646e-09	0.000138076659779
7.13454893343e-13	0.000303676202444	0.0577971821413	2.52745741478e-09	4.97633320961e-09	0.000143369597382
7.98687511951e-13	0.00030367619097	0.0577971808532	2.7249375312e-09	5.36516450608e-09	0.000148865430803
8.94102410513e-13	0.0003036761786	0.0577971794645	2.93784796626e-09	5.78437738803e-09	0.000154571937703
1.00091601042e-12	0.000303676165263	0.0577971779672	3.16739438348e-09	6.23634595628e-09	0.00016049719388
1.12049005216e-12	0.000303676150884	0.057797176353	3.414876652e-09	6.72362949681e-09	0.000166649584706
1.2543489558e-12	0.000303676135382	0.0577971746126	3.68169620736e-09	7.24898746881e-09	0.000173037816989
1.40419925534e-12	0.000303676118668	0.0577971727363	3.96936398748e-09	7.81539482573e-09	0.000179670931294
1.57195135486e-12	0.000303676100648	0.0577971707133	4.2795089887e-09	8.4260590017e-09	0.000186558314741
1.75974388363e-12	0.000303676081221	0.0577971685323	4.61388749033e-09	9.08443800814e-09	0.000193709714284
1.96997096091e-12	0.000303676060275	0.0577971661808	4.97439299998e-09	9.79426019576e-09	0.000201135250508
2.20531271781e-12	0.000303676037693	0.0577971636456	5.36306697596e-09	1.05595450157e-08	0.000208845431951
2.46876946544e-12	0.000303676013346	0.0577971609123	5.78211038743e-09	1.13846261121e-08	0.000216851169971
2.76369994488e-12	0.000303675987097	0.0577971579655	6.2338961779e-09	1.22741757472e-08	0.000225163794192
3.0938641467e-12	0.000303675958797	0.0577971547884	6.72098270246e-09	1.32332312244e-08	0.000233795068535
3.46347124576e-12	0.000303675928285	0.0577971513631	7.24612821496e-09	1.42672233102e-08	0.000242757207865
3.87723326254e-12	0.00030367589539	0.0577971476701	7.81230648717e-09	1.5382007431e-08	0.000252062895277
4.340425135e-12	0.000303675859924	0.0577971436885	8.42272364825e-09	1.65838962033e-08	0.000261725300042
4.85895196679e-12	0.000303675821687	0.0577971393959	9.08083634001e-09	1.78796956263e-08	0.000271758096246
5.4394243092e-12	0.000303675780463	0.0577971347679	9.79037129074e-09	1.92767436072e-08	0.00028217548214
6.08924243645e-12	0.000303675736017	0.0577971297782	1.05553464183e-08	2.0782951039e-08	0.000292992200228
6.81669068878e-12	0.000303675688099	0.0577971243986	1.13800935823e-08	2.24068474306e-08	0.000304223558134
7.63104308606e-12	0.000303675636436	0.0577971185988	1.22692831136e-08	2.41576282027e-08	0.00031588545026
8.54268155816e-12	0.000303675580737	0.0577971123457	1.32279502608e-08	2.60452077561e-08	0.000327994380276
9.56322829952e-12	0.000303675520685	0.0577971056041	1.42615237027e-08	2.80802748718e-08	0.000340567484481
1.0705693935e-11	0.000303675455942	0.0577970983357	1.53758562889e-08	3.02743535512e-08	0.000353622556043
1.1984643386e-11	0.000303675386139	0.0577970904994	1.65772581818e-08	3.26398680755e-08	0.000367178070182
1.34163815511e-11	0.000303675310883	0.0577970820507	1.78725325885e-08	3.51902139479e-08	0.000381253210311
1.50191611687e-11	0.000303675229746	0.057797072942	1.9269014284e-08	3.79398327238e-08	0.000395867895181
1.68134155107e-11	0.00030367514227	0.0577970631215	2.07746111446e-08	4.09042949434e-08	0.000411042807066
1.88220188747e-11	0.000303675047959	0.0577970525337	2.23978489264e-08	4.41003871734e-08	0.000426799421029
2.10705781942e-11	0.000303674946278	0.0577970411186	2.41479195423e-08	4.75462079306e-08	0.000443160035303
2.35877594847e-11	0.000303674836653	0.0577970288116	2.60347331105e-08	5.12612698213e-08	0.000460147802851
2.64056532881e-11	0.000303674718462	0.0577970155429	2.80689740702e-08	5.52666100094e-08	0.000477786764117
2.95601837712e-11	0.000303674591037	0.0577970012375	3.0262161681e-08	5.95849091202e-08	0.000496101881043
3.30915666968e-11	0.000303674453654	0.0577969858144	3.26267152494e-08	6.42406204708e-08	0.00051511907239
3.70448221024e-11	0.000303674305538	0.0577969691861	3.51760244512e-08	6.9260107293e-08	0.000534865250407
4.14703482228e-11	0.000303674145848	0.0577969512586	3.79245251478e-08	7.46717932795e-08	0.000555368358904
4.64245639734e-11	0.000303673973681	0.0577969319304	4.08877811263e-08	8.05063225664e-08	0.000576657412794
5.19706281813e-11	0.000303673788062	0.0577969110919	4.40825722248e-08	8.67967337051e-08	0.000598762539135
5.81792447355e-11	0.000303673587939	0.0577968886252	4.75269893437e-08	9.35786467342e-08	0.000621715019754
6.51295639162e-11	0.00030367337218	0.057796864403	5.12405368781e-08	1.00890464462e-07	0.000645547335502
7.29101913937e-11	0.000303673139563	0.0577968382883	5.52442431544e-08	1.08773590405e-07	0.000670293212203
8.16203177568e-11	0.00030367288877	0.0577968101331	5.95607794926e-08	1.17272663039e-07	0.000695987668361
9.13709829692e-11	0.000303672618381	0.057796779778	6.42145885716e-08	1.2643580838e-07	0.000722667064698
1.02286491869e-10	0.000303672326866	0.057796747051	6.92320228212e-08	1.36314912539e-07	0.000750369155583
1.14505998754e-10	0.000303672012574	0.057796711767	7.46414936257e-08	1.46965915488e-07	0.000779133142439
1.28185281247e-10	0.000303671673724	0.0577966737261	8.0473632183e-08	1.58449127914e-07	0.000808999729187
1.43498726055e-10	0.000303671308399	0.0577966327129	8.67614629287e-08	1.70829572282e-07	0.000840011179813
1.60641551917e-10	0.00030367091453	0.0577965884951	9.35405905084e-08	1.84177351422e-07	0.000872211378145
1.79832298094e-10	0.000303670489887	0.0577965408224	1.00849401353e-07	1.9856804499e-07	0.000905645889908
2.01315610091e-10	0.000303670032064	0.0577964894249	1.08729281003e-07	2.14083137571e-07	0.000940362027167
2.25365358121e-10	0.000303669538471	0.0577964340114	1.17224848401e-07	2.30810479746e-07	0.000976408915219
2.52288128065e-10	0.000303669006311	0.0577963742684	1.26384208493e-07	2.48844785693e-07	0.00101383756206
2.82427129386e-10	0.000303668432573	0.0577963098573	1.36259224551e-07	2.68288168978e-07	0.0010527009305
3.1616656982e-10	0.000303667814006	0.0577962404137	1.46905811771e-07	2.89250720864e-07	0.00109305401305
3.53936552572e-10	0.00030366714711	0.0577961655441	1.58384253793e-07	3.11851133254e-07	0.00113495390963
3.96218558421e-10	0.000303666428109	0.0577960848249	1.70759543952e-07	3.36217370479e-07	0.00117845990831
4.43551582581e-10	0.00030366565293	0.0577959977988	1.84101753167e-07	3.62487393821e-07	0.00122363356911
4.96539004506e-10	0.000303664817186	0.0577959039732	1.98486426563e-07	3.90809941665e-07	0.00127053881096
5.55856278153e-10	0.000303663916145	0.0577958028167	2.13995011067e-07	4.21345372141e-07	0.00131924200207
6.22259540685e-10	0.000303662944705	0.0577956937568	2.30715316387e-07	4.5426657017e-07	0.00136981205367
6.96595249256e-10	0.000303661897367	0.0577955761759	2.48742011989e-07	4.89759925336e-07	0.00142232051738
7.79810968645e-10	0.0003036607682	0.0577954494083	2.68177162868e-07	5.28026387468e-07	0.00147684168626
8.72967447125e-10	0.000303659550814	0.0577953127362	2.89130807152e-07	5.69282602716e-07	0.00153345269978
9.77252134375e-10	0.000303658238315	0.057795165386	3.11721578796e-07	6.13762140106e-07	0.00159223365269
1.09399431357e-09	0.000303656823273	0.0577950065233	3.36077378881e-07	6.61716812125e-07	0.00165326770815
1.22468204034e-09	0.000303655297679	0.0577948352488	3.6233609931e-07	7.13418100001e-07	0.00171664121509
1.37098110431e-09	0.000303653652896	0.0577946505929	3.90646402984e-07	7.69158688551e-07	0.00178244383013
1.5347562545e-09	0.000303651879613	0.0577944515102	4.21168564868e-07	8.29254122157e-07	0.00185076864403
1.71809495899e-09	0.000303649967793	0.0577942368737	4.54075378677e-07	8.94044588962e-07	0.00192171231302
1.92333400109e-09	0.000303647906615	0.0577940054683	4.89553134316e-07	9.63896844945e-07	0.00199537519519
2.15308925055e-09	0.000303645684411	0.0577937559842	5.27802671568e-07	1.03920628699e-06	0.00207186149188
2.41028898868e-09	0.000303643288605	0.0577934870092	5.69040515971e-07	1.12039918901e-06	0.00215127939466
2.69821121141e-09	0.000303640705637	0.0577931970206	6.13500103299e-07	1.20793511133e-06	0.00223374123773
3.02052538471e-09	0.000303637920889	0.0577928843772	6.61433099521e-07	1.30230949787e-06	0.00231936365617
3.38133918359e-09	0.000303634918602	0.0577925473093	7.13110823688e-07	1.40405647624e-06	0.0024082677502
3.78525080898e-09	0.000303631681786	0.0577921839093	7.68825781739e-07	1.51375187579e-06	0.00250057925561
4.2374075477e-09	0.000303628192125	0.0577917921204	8.2889331987e-07	1.63201648068e-06	0.00259642872069
4.74357131982e-09	0.000303624429874	0.0577913697254	8.93653406739e-07	1.7595195359e-06	0.00269595168983
5.31019204658e-09	0.000303620373748	0.0577909143339	9.63472554538e-07	1.89698252697e-06	0.00279928889402
5.94448977086e-09	0.000303616000797	0.057790423369	1.03874588971e-06	2.04518325318e-06	0.00290658644861
6.6545465735e-09	0.000303611286284	0.0577898940527	1.11989938491e-06	2.20496021789e-06	0.00301799605846
7.44940945247e-09	0.000303606203541	0.05778932339	1.20739226479e-06	2.37721736071e-06	0.0031336752308
8.33920547112e-09	0.000303600723819	0.0577887081523	1.30171959897e-06	2.56292915681e-06	0.00325378749612
9.33527063648e-09	0.000303594816127	0.0577880448589	1.40341509686e-06	2.76314611337e-06	0.00337850263735
1.04502941429e-08	0.000303588447056	0.0577873297577	1.51305411977e-06	2.9790006919e-06	0.00350799692755
1.16984798096e-08	0.000303581580592	0.0577865588038	1.63125692738e-06	3.21171369195e-06	0.00364245337659
1.30957267595e-08	0.000303574177914	0.0577857276368	1.75869217644e-06	3.46260112882e-06	0.00378206198689
1.46598316268e-08	0.000303566197173	0.057784831556	1.89608069136e-06	3.73308164539e-06	0.00392702001881
1.64107148557e-08	0.00030355759326	0.0577838654942	2.04419952768e-06	4.02468449881e-06	0.00407753226581
1.83706739535e-08	0.000303548317548	0.0577828239892	2.2038863509e-06	4.33905816545e-06	0.00423381133978
2.05646669019e-08	0.000303538317623	0.0577817011528	2.3760441551e-06	4.67797961217e-06	0.00439607796697
2.30206293096e-08	0.000303527536988	0.0577804906379	2.56164634745e-06	5.04336428513e-06	0.00456456129476
2.57698293125e-08	0.000303515914747	0.0577791856025	2.76174222677e-06	5.43727687045e-06	0.00473949920968
2.8847264703e-08	0.000303503385262	0.0577777786717	2.97746288639e-06	5.86194288677e-06	0.00492113866708
3.22921072966e-08	0.000303489877785	0.0577762618959	3.21002757383e-06	6.31976117122e-06	0.00510973603279
3.61482001383e-08	0.000303475316064	0.0577746267064	3.46075054237e-06	6.81331732935e-06	0.00530555743712
4.04646138099e-08	0.000303459617916	0.0577728638673	3.731048432e-06	7.34539821959e-06	0.00550887914171
4.52962688363e-08	0.000303442694767	0.0577709634236	4.02244822024e-06	7.91900755319e-06	0.00571998791948
5.07046320142e-08	0.000303424451158	0.0577689146456	4.33659578625e-06	8.53738269195e-06	0.00593918144821
5.67584954044e-08	0.000303404784214	0.0577667059688	4.67526513481e-06	9.20401273461e-06	0.006166768718
6.35348477551e-08	0.00030338358307	0.0577643249294	5.04036833025e-06	9.92265798983e-06	0.00640307045322
7.11198492685e-08	0.000303360728253	0.0577617580944	5.43396619405e-06	1.06973709377e-05	0.00664841954913
7.96099218992e-08	0.000303336091024	0.057758990987	5.85827982383e-06	1.15325187934e-05	0.00690316152369
8.91129687979e-08	0.000303309532659	0.0577560080058	6.31570299545e-06	1.2432807789e-05	0.00716765498503
9.97497380995e-08	0.000303280903682	0.0577527923377	6.80881551455e-06	1.34033093044e-05	0.00744227211475
1.11655348025e-07	0.000303250043044	0.0577493258652	7.34039758858e-06	1.44494879807e-05	0.00772739916766
1.24980992239e-07	0.000303216777229	0.0577455890651	7.91344529536e-06	1.55772319632e-05	0.00802343698818
1.39895846588e-07	0.000303180919302	0.0577415609008	8.53118722949e-06	1.67928854289e-05	0.0083308015438
1.56589200814e-07	0.000303142267886	0.0577372187061	9.19710241389e-06	1.81032835658e-05	0.00864992447593
1.75272841514e-07	0.000303100606053	0.0577325380595	9.91493956938e-06	1.95157901773e-05	0.00898125366849
1.96183715681e-07	0.000303055700146	0.0577274926503	1.06887378419e-05	2.10383381058e-05	0.00932525383437
2.19586907499e-07	0.000303007298501	0.0577220541337	1.15228490933e-05	2.26794726689e-05	0.0096824071202
2.4577896478e-07	0.000302955130086	0.0577161919754	1.24219618693e-05	2.44483983277e-05	0.0100532137295
2.75091615616e-07	0.000302898903031	0.0577098732847	1.33911271647e-05	2.63550288075e-05	0.0104381925642
3.07895920368e-07	0.000302838303059	0.057703062635	1.4435786115e-05	2.84100409149e-05	0.0108378818851
3.44606909229e-07	0.000302772991793	0.0576957218712	1.55617997498e-05	3.06249322995e-05	0.011252839991
3.8568876123e-07	0.000302702604954	0.0576878099032	1.67754809541e-05	3.30120834326e-05	0.0116836459155
4.31660586803e-07	0.000302626750418	0.0576792824834	1.80836287903e-05	3.55848240799e-05	0.0121309001439
4.8310288289e-07	0.000302545006141	0.0576700919689	1.94935653442e-05	3.83575045668e-05	0.0125952253465
5.40664737234e-07	0.00030245691794	0.0576601870663	2.10131752665e-05	4.13455721461e-05	0.0130772671309
6.05071866846e-07	0.00030236199711	0.057649512558	2.26509481915e-05	4.45656527924e-05	0.0135776948111
6.77135584915e-07	0.000302259717888	0.0576380090087	2.44160242238e-05	4.80356387615e-05	0.0140972021927
7.57762800577e-07	0.000302149514734	0.0576256124519	2.63182426937e-05	5.17747822665e-05	0.014636508375
8.47967167144e-07	0.000302030779434	0.0576122540537	2.83681943912e-05	5.58037956331e-05	0.0151963585665
9.48881506599e-07	0.000301902858007	0.0575978597532	3.05772774987e-05	6.01449583086e-05	0.0157775249143
1.06177165156e-06	0.000301765047408	0.0575823498789	3.29577574493e-05	6.4822231106e-05	0.0163808073456
1.18805186054e-06	0.000301616592022	0.0575656387378	3.55228309496e-05	6.98613780735e-05	0.0170070344185
1.32930197817e-06	0.000301456679933	0.0575476341783	3.82866944097e-05	7.52900963781e-05	0.0176570641812
1.4872865294e-06	0.000301284438955	0.0575282371224	4.12646170317e-05	8.11381545984e-05	0.0183317850364
1.66397595532e-06	0.000301098932435	0.057507341069	4.44730188149e-05	8.74375398077e-05	0.0190321166078
1.86157021838e-06	0.000300899154793	0.0574848315643	4.79295537345e-05	9.42226138261e-05	0.0197590106058
2.08252502659e-06	0.000300684026811	0.0574605856389	5.16531983576e-05	0.000101530278995	0.0205134516887
2.32958094925e-06	0.000300452390662	0.0574344712101	5.56643461555e-05	0.000109400153806	0.021296458314
2.60579572156e-06	0.000300203004666	0.0574063464485	5.99849077679e-05	0.00011787475868	0.0221090835761
2.91458006149e-06	0.000299934537777	0.0573760591072	6.46384174652e-05	0.000126999712144	0.0229524160235
3.2597373498e-06	0.000299645563804	0.0573434458121	6.96501460439e-05	0.000136823937583	0.0238275804499
3.64550755243e-06	0.000299334555356	0.0573083313137	7.50472203703e-05	0.000147399880699	0.0247357386513
4.07661579419e-06	0.000298999877539	0.0572705276988	8.085874976e-05	0.000158783737665	0.0256780901413
4.55832602246e-06	0.000298639781388	0.0572298335623	8.71159593532e-05	0.000171035693892	0.0266558728159
5.09650023004e-06	0.000298252397075	0.0571860331385	9.38523305975e-05	0.000184220173169	0.0276703635555
5.69766373552e-06	0.000297835726902	0.0571388953933	0.000101103748902	0.00019840609675	0.0287228787565
6.36907704841e-06	0.000297387638112	0.0570881730781	0.00010890865846	0.000213667151804	0.0298147747751
7.1188148722e-06	0.000296905855551	0.0570336017458	0.000117308224159	0.000230082068368	0.0309474482735
7.95585282147e-06	0.000296387954231	0.0569748987343	0.000126346500399	0.000247734903685	0.0321223364503
8.89016244757e-06	0.000295831351862	0.0569117621171	0.000136070606547	0.00026671533251	0.0333409171393
9.93281517858e-06	0.000295233301398	0.0568438696294	0.000146530908582	0.000287118941547	0.0346047087572
1.10960957828e-05	0.000294590883711	0.0567708775716	0.000157781206387	0.000309047525803	0.0359152700807
1.23936259565e-05	0.000293901000473	0.0566924197003	0.000169878925911	0.000332609384149	0.0372741998291
1.38404986152e-05	0.000293160367373	0.0566081061131	0.000182885315251	0.000357919610791	0.0386831360302
1.54534234283e-05	0.000292365507806	0.0565175221394	0.000196865643457	0.000385100378805	0.040143755141
1.72508840757e-05	0.0002915127472	0.0564202272487	0.000211889400586	0.000414281211124	0.0416577708966
1.92533076197e-05	0.000290598208154	0.0563157539908	0.000228030497231	0.000445599233637	0.0432269328561
2.14832462689e-05	0.000289617806609	0.0562036069864	0.000245367461418	0.000479199404213	0.0448530246139
2.39655716544e-05	0.000288567249292	0.0560832619869	0.00026398363036	0.000515234710498	0.0465378616404
2.67276815486e-05	0.000287442032687	0.0559541650275	0.000283967334149	0.000553866328371	0.048283288719
2.97997187049e-05	0.000286237443851	0.0558157316986	0.000305412068022	0.00059526373184	0.0500911769381
3.32148012031e-05	0.000284948563396	0.0556673465667	0.000328416649287	0.000639604744028	0.0519634202015
3.7009263149e-05	0.000283570271059	0.0555083488729	0.00035308535452	0.000687075514651	0.0539019312164
4.12229005042e-05	0.000282097255656	0.0553379621141	0.000379528037152	0.000737870337227	0.0559086374119
4.58992406063e-05	0.000280524022724	0.0551555799239	0.000407860249715	0.000792191634525	0.0579854787661
5.10857921849e-05	0.000278844914184	0.0549604608255	0.000438203198203	0.000850249516642	0.0601343948625
5.68343123305e-05	0.000277054126761	0.0547518329659	0.000470683791126	0.000912261366662	0.0623573220604
6.3201067214e-05	0.000275145736577	0.0545288952723	0.000505434591179	0.000978451254134	0.0646561862731
7.02470854311e-05	0.00027311372898	0.0542908190713	0.000542593708191	0.00104904918479	0.0670328949943
7.80383981799e-05	0.00027095203407	0.0540367502298	0.000582304624863	0.001124290168	0.0694893285452
8.66462594505e-05	0.000268654568383	0.0537658118751	0.000624715946362	0.00120441308334	0.0720273305193
9.61473383147e-05	0.000266215283121	0.0534771077554	0.000669981064545	0.00128965932786	0.074648697413
0.000106623874272	0.000263628219292	0.0531697262985	0.000718257727409	0.0013802712267	0.0773551674361
0.000118163785463	0.00026088756999	0.0528427454224	0.000769707504471	0.00147649019111	0.0801484085109
0.000130860718456	0.000257987749953	0.0524952381508	0.00082449513901	0.00157855461027	0.0830300054798
0.00014481402726	0.000254923472381	0.0521262790738	0.000882787778782	0.00168669746672	0.0860014465571
0.000160128612643	0.000251689844288	0.0517338632016	0.000944754077701	0.00180114304175	0.0890641090796
0.000176913932794	0.0002482826258	0.0513130952718	0.00101056433446	0.00192209414289	0.0922193101471
0.000195286215015	0.000244697832222	0.0508678916379	0.001080393163	0.00204975292359	0.0954684707368
0.000215365567127	0.000240932326963	0.0503974203282	0.00115440750714	0.00218430025922	0.09881257478
0.00023727618113	0.000236983752377	0.0499008989578	0.00123277093686	0.00232589554042	0.102252437601
0.000261145606087	0.000232850636571	0.0493776065467	0.00131564207036	0.00247467275701	0.105788689978
0.000287103858553	0.000228532500296	0.0488268959835	0.00140317286834	0.00263073642258	0.109421762282
0.000315282362161	0.000224029961652	0.0482482069961	0.00149550681186	0.00279415739532	0.113151868874
0.000345811089249	0.000219345087815	0.0476344959918	0.0015927768513	0.00296495471442	0.116978993007
0.000378820413982	0.00021448102528	0.0469893931059	0.00169511657559	0.00314310699911	0.120903403751
0.00041443918384	0.000209442161093	0.0463150299017	0.00180263786558	0.00332856362646	0.124924816908
0.000452790568925	0.000204234505011	0.0456113596442	0.00191543166233	0.00352121828287	0.129042501268
0.000493991367162	0.000198865553175	0.0448784912921	0.0020335705219	0.0037209115238	0.133255451509
0.000538149370129	0.000193344394275	0.0441130061378	0.00215710662104	0.00392742317782	0.137562379427
0.000585357782952	0.000187682173417	0.0433116461438	0.00228607965588	0.00414043519851	0.141962072996
0.000635706920707	0.000181890450794	0.0424823128736	0.00242051687123	0.00435962743464	0.146453430504
0.000689267866817	0.000175982830504	0.0416258895592	0.00256040023676	0.00458460372537	0.151034365774
0.000746094981268	0.000169974282646	0.0407434553846	0.00270568501005	0.00481490728049	0.155702505033
0.00080621599825	0.000163881845216	0.0398251603392	0.00285629817113	0.00504997204195	0.160455189294
0.000869651820763	0.000157722374898	0.0388825059668	0.00301217942121	0.00528922123463	0.165290819309
0.000936397362922	0.000151514174494	0.0379183265527	0.00317320466171	0.00553203069958	0.170206411587
0.00100642265987	0.000145276446819	0.0369343188978	0.0033392168978	0.00577772134741	0.175198599497
0.00107966054838	0.000139030032373	0.0359204552331	0.00351003083611	0.00602549755454	0.180263803409
0.00115604360086	0.000132794063378	0.034891482753	0.00368549023178	0.00627461066629	0.185399948718
0.00123546766955	0.000126588804999	0.0338498330432	0.00386535686598	0.00652426811555	0.190603098995
0.00131780102082	0.000120434500894	0.0327929253744	0.00404936734961	0.00677364259441	0.195869130966
0.00140287778167	0.000114351688476	0.0317218544312	0.00423726240273	0.00702181719845	0.201194583927
0.00149053359885	0.00010835851504	0.0306463513889	0.00442877384206	0.00726798542704	0.206576228781
0.00158056902266	0.00010247319433	0.0295691939338	0.00462357620187	0.00751131469064	0.212009610117
0.00167274758687	9.6713852279e-05	0.0284830074965	0.0048213270239	0.00775090857455	0.217490166707
0.00176684582737	9.10954263626e-05	0.0274008450433	0.00502174018553	0.00798597136267	0.223015246004
0.00186261099967	8.56323187801e-05	0.0263257716254	0.00522445278311	0.00821573693816	0.228580301843
0.0019597719698	8.03376093342e-05	0.0252558501142	0.00542909188012	0.00843945752998	0.23418068078
0.0020580418445	7.52229932721e-05	0.0241947613614	0.00563531570535	0.00865637290354	0.239812731034
0.00215714866073	7.02973063249e-05	0.0231488930286	0.00584277628255	0.00886587439769	0.245472707132
0.00225680308675	6.55683055399e-05	0.0221204699105	0.00605109504822	0.00906738517853	0.251156005175
0.00235670004633	6.10426105031e-05	0.021105898515	0.00625989709765	0.0092603335095	0.256858053462
0.00245656411354	5.67238550976e-05	0.0201133264378	0.00646887009738	0.0094442696501	0.262575900096
0.00255611044213	5.26146594696e-05	0.0191445114201	0.00667765303808	0.00961881130693	0.268305088339
0.00265505971952	4.87160864785e-05	0.0181999870436	0.00688589528725	0.00978364023868	0.274041207203
0.00275313348808	4.50280213002e-05	0.0172793265734	0.00709326960621	0.00993846532336	0.279780223996
0.00285008479192	4.15482388622e-05	0.0163867990129	0.00729948600878	0.0100831139995	0.285518849621
0.00294566986192	3.82736754324e-05	0.0155233419628	0.00750423482245	0.0102174764578	0.291252903021
0.00303965948406	3.5200167143e-05	0.014689390273	0.00770722284873	0.010341505656	0.296978273934
0.00313182608693	3.23230405048e-05	0.013881392989	0.00790817802845	0.0104551620957	0.302691045844
0.00322199188781	2.96358114057e-05	0.0131045624574	0.00810690670514	0.0105585135036	0.308389155561
0.00330998199	2.71318279245e-05	0.0123590697949	0.00830316844874	0.0106516921355	0.314068791846
0.00339564036159	2.48038769507e-05	0.0116449208509	0.0084967417334	0.0107348797327	0.319726226297
0.00347882677413	2.2644398351e-05	0.010959294268	0.00868742404116	0.010808292424	0.325357815716
0.00355935451019	2.06471585172e-05	0.0102879186942	0.0088750758582	0.0108719383641	0.330961389669
0.00363720950606	1.88020006011e-05	0.00964921471167	0.00905984227483	0.0109260720351	0.336543145763
0.00371232017269	1.7100690355e-05	0.00904254505138	0.00924156647237	0.0109710534467	0.342099981191
0.00378463229328	1.55349649109e-05	0.0084671684343	0.00942010943641	0.0110072665633	0.347628866359
0.00385410827077	1.40966157497e-05	0.00792225528659	0.00959534935627	0.0110351147076	0.353126844866
0.003920726269	1.27775598064e-05	0.00740690261327	0.00976718095664	0.0110550161813	0.358591033859
0.00398377861407	1.15831120495e-05	0.00675793977656	0.00993550505668	0.0110654322822	0.364018624742
0.00404395977662	1.04929932729e-05	0.00614566293714	0.0101043017124	0.0110646908944	0.369542177878
0.00410150535144	9.49744126657e-06	0.00558432396499	0.0102738821238	0.0110533948777	0.375179570754
0.00415651507956	8.58958049477e-06	0.00507042042145	0.0104441345937	0.0110321662154	0.380935075613
0.00420908946721	7.76280543279e-06	0.00460056549116	0.0106149556764	0.0110016053149	0.386813187826
0.00425932893203	7.01081550068e-06	0.00417150891427	0.0107862495917	0.0109622894787	0.392818630892
0.00430733309583	6.32763828856e-06	0.00378015177044	0.0109579276704	0.0109147718946	0.398956363191
0.00435335275493	5.70560275434e-06	0.00345449891496	0.0111299095311	0.0108599657742	0.405231586375
0.0043974333674	5.14009884833e-06	0.00316606742987	0.0113005495658	0.0107998121145	0.411590103547
0.00443949776015	4.62806812238e-06	0.0029003699089	0.0114691727432	0.0107349819267	0.418009667214
0.00447961125506	4.16484677286e-06	0.00265579986904	0.0116357371725	0.0106658653665	0.424490643432
0.00451783961172	3.74611701442e-06	0.00243083822806	0.0118002069754	0.0105928346339	0.431033380168
0.00455424868832	3.36789121208e-06	0.00222405249181	0.0119625518484	0.0105162440381	0.43763820504
0.00458890414278	3.02649495963e-06	0.00203409520693	0.0121227466507	0.0104364301733	0.444305423273
0.00462187117079	2.71854954167e-06	0.00185970182645	0.0122807710173	0.0103537121888	0.451035315856
0.00465321427779	2.44095413846e-06	0.00169968811639	0.0124366089959	0.0102683921357	0.457828137863
0.00468299708181	2.19086806421e-06	0.00155294721409	0.0125902487061	0.0101807553778	0.464684116937
0.00471128214447	1.96569327039e-06	0.00141844643292	0.012741682021	0.0100910710538	0.47160345191
0.00473813082753	1.76305729462e-06	0.00129522389367	0.0128909042684	0.00999959257857	0.478586311548
0.00476360317246	1.58079679272e-06	0.00118238505062	0.013037913952	0.00990655817635	0.485632833415
0.00478775780091	1.41694175479e-06	0.00107909916855	0.0131827124911	0.00981219143535	0.492743122833
0.00481065183382	1.2697004759e-06	0.000984595797385	0.0133253039771	0.00971670187779	0.499917251941
0.00483234082733	1.13744532661e-06	0.000898161282663	0.0134656949464	0.00962028553875	0.507155258841
0.00485287872367	1.01869934806e-06	0.00081913534208	0.0136038941692	0.00952312554859	0.51445714682
0.0048723178154	9.12123679449e-07	0.000746907732455	0.0137399124522	0.00942539271447	0.521822883645
0.00489070872139	8.16505812633e-07	0.000680915025549	0.0138737624549	0.00932724609699	0.529252400932
0.00490810037338	7.3074865799e-07	0.000620637506635	0.0140054585188	0.00922883357903	0.53674559357
0.00492454001159	6.53860397811e-07	0.000565596205689	0.0141350165085	0.00913029242389	0.544302319213
0.00494001330267	5.85203496486e-07	0.000503542379713	0.014262453664	0.00903163933892	0.551922397824
0.00495382526479	5.27070953619e-07	0.000406894309616	0.0143907290471	0.00892869948196	0.559789041358
0.0049669954726	4.74736604107e-07	0.000328829617058	0.0145336125651	0.00880961181511	0.568797056448
0.00497958477242	4.27868215237e-07	0.000257542322961	0.0146926774974	0.00867290925965	0.579147891672
0.00499141644628	3.87013938677e-07	0.000194049321082	0.0148752690433	0.00851092954197	0.591476939604
0.00500405959317	3.47210067972e-07	0.00017292151696	0.01509348235	0.0083142223769	0.606885350448
0.00501682442245	3.1093761676e-07	0.000157040179574	0.0153130486186	0.00811579989517	0.623185659678
0.00502951346592	2.7845708319e-07	0.000142618565666	0.0155295498697	0.0079197556311	0.64010196448
0.00504214134768	2.49372791543e-07	0.000129522853451	0.0157430213378	0.00772609338522	0.657667138474
0.00505472300509	2.23330189338e-07	0.000117631423357	0.0159534979429	0.00753481555677	0.675916355205
0.00506728608598	1.99989193868e-07	0.000107074827788	0.0161610144217	0.00734594129293	0.694887287633
0.00507983678141	1.7908276601e-07	9.7511626628e-05	0.0163651361798	0.00715992521235	0.714573781984
0.00509238236198	1.60365089682e-07	8.88040662267e-05	0.0165658152895	0.00697683652596	0.73500270329
0.00510493554361	1.43607163964e-07	8.08756857798e-05	0.0167631043447	0.00679665036313	0.75621230126
0.00511750951417	1.28603894898e-07	7.36568343657e-05	0.0169570551595	0.00661934157419	0.778243386006
0.00513015338189	1.15134716982e-07	6.74885800563e-05	0.0171477191847	0.00644492955117	0.801139538986
0.00514284768628	1.03070276106e-07	6.18814107457e-05	0.0173340005889	0.00627449166246	0.824797323742
0.00515558901698	9.22711147144e-08	5.67406341251e-05	0.0175158608175	0.0061080710186	0.849227820159
0.00516838194679	8.2604507386e-08	5.20274561592e-05	0.0176934033961	0.00594557837042	0.874460236371
0.0051812312234	7.3951647216e-08	4.77063072334e-05	0.0178667294562	0.00578692640037	0.90052509808
0.00519414178001	6.62061872658e-08	4.37445745249e-05	0.0180359377878	0.00563202968703	0.927454319283
0.00520711874666	5.92729346924e-08	4.01123565425e-05	0.0182011248921	0.00548080467025	0.955281277396
0.00522016746242	5.30666815951e-08	3.67822380047e-05	0.0183623850317	0.00533316961686	0.984040893079
0.00523329348843	4.75111582882e-08	3.37290833738e-05	0.0185198102806	0.00518904458698	1.01376971508
0.00524650262182	4.25380961951e-08	3.09298475052e-05	0.0186734905728	0.00504835140083	1.04450601047
0.00525980091074	3.80863889015e-08	2.83634019955e-05	0.0188235137502	0.00491101360624	1.07628986065
0.00527319467046	3.41013410966e-08	2.6010375931e-05	0.0189699656085	0.00477695644667	1.10916326348
0.00528669050062	3.05339962086e-08	2.38530098461e-05	0.0191129299434	0.00464610682986	1.14317024209
0.00530028996596	2.7341741428e-08	2.18435937484e-05	0.0192524885677	0.00451838872594	1.17835696068
0.0053139955491	2.44863347647e-08	1.9985030222e-05	0.0193889168884	0.00439353282482	1.21482578326
0.00532783022445	2.1929967047e-08	1.82851656604e-05	0.019522417726	0.00427135849124	1.2526739934
0.00534180642872	1.96412874706e-08	1.67304383852e-05	0.0196530515611	0.00415181718694	1.29196809112
0.00535593731019	1.75922320938e-08	1.53084449684e-05	0.0197808776008	0.00403486132244	1.33277860372
0.00537023679234	1.57576795175e-08	1.40078414895e-05	0.0199059537995	0.00392044425846	1.3751803786
0.00538471964381	1.41151425783e-08	1.28182531845e-05	0.0200283368791	0.00380852030763	1.41925290037
0.00539940155546	1.2644492297e-08	1.17301917788e-05	0.0201480823479	0.0036990447367	1.4650806345
0.00541429922533	1.13277107151e-08	1.07349798526e-05	0.0202652445198	0.00359197376916	1.51275339992
0.00542943045242	1.01486696042e-08	9.82468164218e-06	0.0203798765323	0.00348726458848	1.56236677311
0.00544481424036	9.09293234243e-09	8.9920397325e-06	0.0204920303641	0.00338487534212	1.6140225267
0.00546047091207	8.14757654115e-09	8.23041714071e-06	0.0206017568516	0.00328476514619	1.66782910548
0.00547642223682	7.30103524918e-09	7.53374433356e-06	0.0207091057054	0.00318689409111	1.72390214342
0.00549270713203	6.5422579561e-09	6.92007295481e-06	0.0208141255847	0.00309123203281	1.78236502513
0.00550936349838	5.86146014821e-09	6.37078237524e-06	0.0209165154079	0.00299809667801	1.8431352299
0.00552637402188	5.25183653465e-09	5.86536930634e-06	0.0210161061945	0.00290764314338	1.90616868926
0.00554375415222	4.70588538287e-09	5.40125170787e-06	0.0211129740577	0.00281980004937	1.97155863055
0.00556151825569	4.21694487865e-09	4.97437793463e-06	0.0212071765656	0.00273451355861	2.0393902043
0.00557968060376	3.77906283758e-09	4.58147542997e-06	0.0212987814078	0.00265171929769	2.10975929218
0.00559826017413	3.38682254659e-09	4.22130664642e-06	0.0213878598969	0.00257135110446	2.18276982679
0.00561727010972	3.03550442444e-09	3.88973504731e-06	0.0214744505048	0.00249337252144	2.2585023493
0.00563671981174	2.72092741264e-09	3.57724347378e-06	0.0215586207795	0.00241771622143	2.33706451296
0.00565649749786	2.441058618e-09	3.2500800442e-06	0.0216405983859	0.0023441033979	2.41873599877
0.00567678562758	2.19027572231e-09	2.95319442699e-06	0.0217214468065	0.002271542089	2.5047699871
0.00569773141128	1.96467234325e-09	2.71186118158e-06	0.0218011741753	0.00220007241029	2.59549458427
0.00571937385019	1.76188389708e-09	2.49963226707e-06	0.0218789707362	0.00213050739569	2.69023598961
0.00574167766099	1.58020004262e-09	2.30420129912e-06	0.0219545871092	0.00206307352214	2.78881544862
0.00576467481991	1.41741260413e-09	2.12423075968e-06	0.0220280835297	0.00199771393531	2.89140429853
0.00578839908136	1.2715452897e-09	1.9584900058e-06	0.0220995185511	0.00193437342128	2.99818182083
0.00581288608056	1.14082925803e-09	1.80584831164e-06	0.022168949092	0.00187299835985	3.10933555999
0.00583817358635	1.02368059985e-09	1.66528185814e-06	0.0222364304254	0.00181353678287	3.22506153973
0.00586430110628	9.18683053651e-10	1.53580886987e-06	0.0223020155432	0.00175593885061	3.34556324986
0.00589131048186	8.24568122185e-10	1.41654759036e-06	0.0223657567901	0.00170015537435	3.47105469911
0.00591924585889	7.40200296994e-10	1.30668662866e-06	0.0224277050543	0.00164613857583	3.60175940927
0.00594815380378	6.64563073164e-10	1.20547932765e-06	0.0224879098095	0.00159384204265	3.7379107206
0.00597808384309	5.96745551753e-10	1.11233135186e-06	0.0225464191569	0.001543220793	3.8797520868
0.00600909030131	5.35927899312e-10	1.02664749749e-06	0.0226032752336	0.00149423629807	4.02752481798
0.00604122377488	4.81387603077e-10	9.4768006016e-07	0.0226585157501	0.00144685277522	4.18146811855
0.00607454048125	4.32471405699e-10	8.74897725031e-07	0.0227121857495	0.00140102781732	4.34185173255
0.0061090994907	3.8859438999e-10	8.078114023e-07	0.0227643290292	0.00135672019064	4.50895595117
0.00614496282735	3.49232803042e-10	7.45970859783e-07	0.0228149881805	0.00131388979055	4.683071755
0.00618219579262	3.13917429215e-10	6.88976455996e-07	0.0228642046264	0.00127249764429	4.86450091818
0.00622086678259	2.82228109556e-10	6.36438225486e-07	0.0229120176404	0.00123250682784	5.05355187711
0.00626104657787	2.53789120904e-10	5.87995020577e-07	0.0229584658157	0.00119388083886	5.25054452011
0.00630237454707	2.285208545e-10	5.27697625932e-07	0.0230035865792	0.00115650357025	5.45581201637
0.00634498738002	2.06077426261e-10	4.68001637178e-07	0.0230487093252	0.00111905951396	5.67627580827
0.00639030015384	1.85654635276e-10	4.28931452506e-07	0.0230943955944	0.0010812124125	5.91670225189
0.00643841453065	1.67175742338e-10	3.96780094319e-07	0.0231391500392	0.00104444026069	6.1709047934
0.00648915197328	1.50588042568e-10	3.67132776269e-07	0.0231825745457	0.00100908502931	6.43721995002
0.00654268611328	1.356948389e-10	3.39807299598e-07	0.0232247056694	0.000975114334817	6.71620529015
0.00659919869613	1.2232046055e-10	3.14606631148e-07	0.0232655771717	0.000942498110604	7.00841763834
0.00665888127158	1.10307526014e-10	2.91359696028e-07	0.0233052235563	0.00091120529939	7.31443367031
0.00672193580197	9.95149673381e-11	2.69912305846e-07	0.0233436789511	0.000881205006837	7.63484194162
0.00678857410936	8.9816438377e-11	2.5012243972e-07	0.0233809767182	0.000852466779287	7.97023761251
0.00685901763973	8.10987709113e-11	2.31859277317e-07	0.0234171495068	0.000824960506352	8.32121969662
0.00693350481017	7.32598039452e-11	2.15054695465e-07	0.0234522293166	0.000798657213882	8.68838803102
0.0070122700147	6.62092381744e-11	1.99549146808e-07	0.0234862392775	0.000773534845982	9.07224242704
0.00709555267431	5.98660983847e-11	1.85227628327e-07	0.0235192088605	0.000749564313958	9.47333330046
0.00718360227636	5.41574644103e-11	1.71996913125e-07	0.0235511691957	0.000726714753168	9.89222241514
0.00727667355891	4.90180068567e-11	1.59771090055e-07	0.0235821509109	0.000704955201531	10.3294570738
0.00737502521357	4.4389194542e-11	1.48470991182e-07	0.0236121841688	0.000684254528992	10.7855665491
0.00747872962505	4.02258212256e-11	1.37114520478e-07	0.0236412985588	0.00066456459079	11.2610586369
0.00758786425292	3.64874718914e-11	1.26129317098e-07	0.0236697062103	0.000645654885423	11.7597878067
0.00770327685226	3.31164333013e-11	1.16083911386e-07	0.0236975468174	0.000627430361759	12.2852058215
0.00782597141652	3.00634804903e-11	1.07907546162e-07	0.0237248254003	0.000609934841329	12.8386594584
0.00795610406733	2.73042473317e-11	1.00547533156e-07	0.0237512983134	0.000593390737023	13.4158246547
0.00809378214299	2.48134084641e-11	9.37315243569e-08	0.0237769400251	0.000577802296134	14.0159700019
0.0082393020903	2.25634933001e-11	8.74165067285e-08	0.0238017805842	0.000563133507479	14.6394108659
0.00839294832771	2.05299028988e-11	8.15628665568e-08	0.0238258496945	0.000549347881221	15.2864152342
0.00855499055227	1.86906117924e-11	7.61341354118e-08	0.0238491766811	0.000536408525919	15.9572041253
0.00872568113276	1.70259006066e-11	7.10967554373e-08	0.0238717904461	0.000524278245339	16.6519528411
0.0089052526312	1.55181161825e-11	6.64198620869e-08	0.023893719418	0.000512919651772	17.3707929896
0.00909391548783	1.41514562777e-11	6.20750826088e-08	0.0239149914936	0.000502295292047	18.1138151753
0.00929185589703	1.29117762622e-11	5.80363487764e-08	0.0239356339779	0.000492367782104	18.8810722315
0.00949928147707	1.17861626852e-11	5.43083418145e-08	0.0239556735513	0.000483102367028	19.6725828522
0.00971629037086	1.07634565049e-11	5.08422782774e-08	0.0239751259982	0.000474470606528	20.4878891556
0.00994294541679	9.83360820143e-12	4.76119053315e-08	0.0239940152386	0.000466435691539	21.3268068095
0.0101792966731	8.98752201877e-12	4.45991595661e-08	0.024012366652	0.000458960197176	22.1892210752
0.0104253608418	8.21705648941e-12	4.17874836211e-08	0.0240302046447	0.000452007547304	23.0749994238
0.0106811205743	7.5149221375e-12	3.91617059987e-08	0.024047552609	0.000445542123967	23.983995217
0.0109465239863	6.87458976764e-12	3.67079286627e-08	0.0240644328927	0.000439529362319	24.9160510054
0.0112214843691	6.29020831496e-12	3.44134220638e-08	0.0240808667765	0.000433935830518	25.8710013972
0.0115058800873	5.75653133059e-12	3.226652727e-08	0.024096874462	0.000428729294703	26.848675475
0.0117995546534	5.26885126321e-12	3.02565649068e-08	0.0241124750683	0.000423878769599	27.8488987593
0.0121023262253	4.822927938e-12	2.83788704842e-08	0.0241276866371	0.000419354876406	28.8714947302
0.0124140915145	4.41480021139e-12	2.66380084882e-08	0.024142523595	0.000415135926594	29.9160948679
0.0127344343065	4.04123746176e-12	2.50040622864e-08	0.0241569915257	0.000411199954898	30.9816946021
0.0130630274451	3.69915282493e-12	2.34697442268e-08	0.0241711063276	0.000407519518863	32.0680384667
0.0133995101525	3.38576536718e-12	2.2028366088e-08	0.0241848828138	0.000404068639717	33.1748715094
0.0137434893346	3.09856656522e-12	2.06737841101e-08	0.0241983347563	0.000400822786779	34.3019389811
0.014094541065	2.835290583e-12	1.94003486616e-08	0.0242114749322	0.000397758855854	35.4489858097
0.0144522122479	2.59388793697e-12	1.82028582755e-08	0.0242243151738	0.000394855142875	36.6157559051
0.0148160224572	2.37250217935e-12	1.70765177778e-08	0.0242368664201	0.00039209131384	37.8019913397
0.0151854659458	2.16944926461e-12	1.60169002387e-08	0.0242491387699	0.000389448371937	39.0074314418
0.0155600138201	1.98319929775e-12	1.50199124718e-08	0.0242611415346	0.000386908622553	40.2318118354
0.0159391417049	1.81234952221e-12	1.40873563453e-08	0.0242728832914	0.00038445624809	41.4748634521
0.0163224433693	1.65556339927e-12	1.32191113199e-08	0.0242843675157	0.000382084325388	42.7358036652
0.0167091022279	1.51176994477e-12	1.2401086616e-08	0.0242955933435	0.000379781562454	44.013323691
0.0170984766389	1.37990915127e-12	1.16303856492e-08	0.0243065682099	0.000377533695451	45.307035924
0.0174899144464	1.25901227989e-12	1.09043103401e-08	0.0243172989456	0.000375327691098	46.6165437079
0.0178827562421	1.14819278782e-12	1.02203427541e-08	0.0243277918311	0.000373151701418	47.9414403982
0.0182763386807	1.04663830742e-12	9.5761286658e-09	0.024338052647	0.000370995018312	49.281308501
0.0186699978203	9.53603548104e-13	8.96946286937e-09	0.0243480867229	0.000368848027984	50.6357188919
0.0190630724601	8.68404007059e-13	8.39827606817e-09	0.0243578989831	0.000366702165217	52.0042301176
0.019454907445	7.90410388408e-13	7.86062318801e-09	0.0243674939894	0.000364549867482	53.3863877805
0.0198448569082	7.19043642495e-13	7.35467297018e-09	0.0243768759816	0.000362384528883	54.7817240079
0.0202324274636	6.53747270078e-13	6.88542625201e-09	0.0243860489325	0.000360202947978	56.189757003
0.0206169616416	5.9403608614e-13	6.44610035906e-09	0.0243950077644	0.000358008350605	57.6085544709
0.0209976869102	5.39478051992e-13	6.03249152049e-09	0.0244037529882	0.000355796842135	59.0369452997
0.0213739806083	4.8965451569e-13	5.64322999097e-09	0.0244122885244	0.000353564078546	60.4742955184
0.0217452458559	4.4417952707e-13	5.27701843146e-09	0.024420618088	0.000351306541605	61.9199571354
0.0221109142758	4.02697160292e-13	4.9326266671e-09	0.0244287452182	0.000349021487338	63.3732682951
0.0224704484569	3.64879103567e-13	4.60888703989e-09	0.0244366733054	0.000346706894662	64.833553537
0.0228233441422	3.30422482491e-13	4.30469028442e-09	0.0244444056156	0.000344361414309	66.3001241566
0.0231691321259	2.99047887949e-13	4.0189818625e-09	0.0244519453124	0.000341984318161	67.7722786637
0.0235073798512	2.70497583505e-13	3.75075869824e-09	0.0244592954766	0.000339575449142	69.2493033381
0.0238374626022	2.44551323106e-13	3.48444696398e-09	0.0244664591231	0.000337131916473	70.730472879
0.0241581363214	2.21057421911e-13	3.22141583331e-09	0.0244734681786	0.000334613094802	72.2213841215
0.0244705334603	1.99715845318e-13	2.97702721688e-09	0.0244803563705	0.000332009350702	73.7288234612
0.0247750040617	1.8031564769e-13	2.76740212918e-09	0.0244871239179	0.000329332505297	75.2527119946
0.0250722170114	1.6264190495e-13	2.58432443076e-09	0.0244937296431	0.000326639689026	76.7830987074
0.025360551655	1.46623320109e-13	2.41251613869e-09	0.0245001419802	0.000323948488766	78.3111171505
0.0256397664422	1.32113619264e-13	2.25135216424e-09	0.0245063650067	0.000321259315814	79.8358306688
0.0259096631883	1.18978619981e-13	2.10023816578e-09	0.0245124027308	0.000318572953289	81.3563044669
0.0261700865385	1.070952838e-13	1.95860899008e-09	0.0245182591021	0.000315890509308	82.8716074703
0.026420923121	9.635084547e-14	1.82592725004e-09	0.0245239380206	0.000313213372067	84.3808142576
0.0266621004068	8.66420111845e-14	1.70168201997e-09	0.024529443344	0.000310543166947	85.8830070524
0.0268935853037	7.78742190879e-14	1.5853876318e-09	0.0245347788935	0.000307881715774	87.3772777606
0.027115382507	6.99609562428e-14	1.47658255764e-09	0.0245399484585	0.000305230998321	88.8627300422
0.0273275326383	6.28231269859e-14	1.37482836632e-09	0.0245449558002	0.000302593116151	90.3384814015
0.0275301101988	5.63884682499e-14	1.27970874308e-09	0.0245498046539	0.000299970258857	91.8036652827
0.0277232213682	5.05910079719e-14	1.19082856332e-09	0.0245544987304	0.000297364672754	93.2574331549
0.0279070341084	4.53696671347e-14	1.10899526471e-09	0.0245590417169	0.000294778974701	94.6989565721
0.0280818494809	4.06657876217e-14	1.03387642287e-09	0.0245634325911	0.000292221583727	96.12587833
0.0282476341566	3.64350415057e-14	9.63599096152e-10	0.0245676692913	0.000289698172343	97.5353693339
0.0284045788631	3.26318318766e-14	8.97876387844e-10	0.0245717561194	0.000287210142484	98.9266516895
0.0285528978594	2.92147039269e-14	8.36436183342e-10	0.0245756973194	0.000284758900142	100.298987349
0.0286928260936	2.61459968591e-14	7.7902053189e-10	0.0245794970765	0.000282345832522	101.651679784
0.0288246163779	2.33915226093e-14	7.2538505414e-10	0.0245831595171	0.000279972287887	102.984075468
0.0289485366133	2.09202693797e-14	6.75298372336e-10	0.0245866887077	0.000277639558005	104.295565171
0.0290648670879	1.87041281629e-14	6.28541560499e-10	0.0245900886538	0.000275348863116	105.585585034
0.0291738978743	1.67176405988e-14	5.84907612559e-10	0.0245933632978	0.000273101339294	106.853617436
0.0292759263455	1.49377666446e-14	5.442009268e-10	0.0245965165182	0.000270898028089	108.099191637
0.0293712548275	1.3343670654e-14	5.06236805444e-10	0.0245995521271	0.000268739868311	109.321884194
0.0294601884013	1.19165245694e-14	4.70840968435e-10	0.0246024738688	0.000266627689812	110.521319155
0.0295430524958	1.06390291307e-14	4.38354549221e-10	0.0246052854179	0.000264562384948	111.697168028
0.0296201908017	9.49525703671e-15	4.08437302076e-10	0.0246079872192	0.000262548061109	112.847789013
0.0296918268872	8.47248864012e-15	3.80507168553e-10	0.0246105803365	0.000260586977499	113.97179225
0.0297582546876	7.55822821364e-15	3.54438654247e-10	0.0246130686586	0.000258679049831	115.069052588
0.0298197638167	6.74122463788e-15	3.30113472715e-10	0.0246154559756	0.00025682410994	116.139496847
0.0298766381684	6.01135392051e-15	3.07420202346e-10	0.0246177459789	0.000255021905573	117.183102158
0.0299291547034	5.35951195945e-15	2.86253953929e-10	0.0246199422606	0.000253272101365	118.199894114
0.0299775824178	4.77751675255e-15	2.66516048787e-10	0.0246220483142	0.000251574280847	119.189944767
0.0300221814821	4.2580193101e-15	2.48113707395e-10	0.0246240675337	0.000249927949323	120.153370485
0.0300632025463	3.79442257761e-15	2.30959748444e-10	0.0246260032147	0.000248332537476	121.090329689
0.0301008861957	3.38080772339e-15	2.14972298331e-10	0.0246278585545	0.000246787405559	122.001020507
0.0301354625507	3.01186718983e-15	2.00074511079e-10	0.0246296366529	0.000245291848043	122.885678341
0.0301671509956	2.68284394892e-15	1.86194298668e-10	0.0246313405128	0.000243845098622	123.744573403
0.0301961693767	2.38938254349e-15	1.73455623163e-10	0.0246329730415	0.000242446410539	124.578008204
0.030222718421	2.12763616988e-15	1.61680755178e-10	0.024634535275	0.000241096713391	125.385390699
0.0302469667997	1.89436008551e-15	1.50695434546e-10	0.0246360290305	0.000239795849722	126.166572573
0.0302690901765	1.68649167435e-15	1.40447981921e-10	0.024637457165	0.00023854263378	126.922012805
0.0302892538966	1.50129212249e-15	1.30889941594e-10	0.0246388224313	0.00023733586102	127.65219323
0.0303076131831	1.33631309793e-15	1.21975899574e-10	0.0246401274803	0.000236174312288	128.357615748
0.0303243133911	1.18936671602e-15	1.13663309779e-10	0.0246413748635	0.000235056757918	129.03879962
0.030339490311	1.05849848792e-15	1.05912328186e-10	0.0246425670355	0.000233981961712	129.696278876
0.0303532705099	9.41962974221e-16	9.86856547986e-11	0.0246437063564	0.000232948684742	130.330599836
0.0303657717033	8.38201889398e-16	9.19483832345e-11	0.0246447950945	0.000231955688968	130.942318753
0.0303771031492	7.45824424136e-16	8.56678577652e-11	0.0246458354291	0.000231001740632	131.531999586
0.0303873660566	6.63589572711e-16	7.98135375898e-11	0.0246468294525	0.000230085613422	132.100211902
0.0303966540035	5.90390271317e-16	7.43568681341e-11	0.0246477791734	0.000229206091392	132.647528909
0.0304050551651	5.25225228735e-16	6.93336640784e-11	0.0246486865193	0.00022836198521	133.174525631
0.0304126511564	4.67198473078e-16	6.46902437493e-11	0.0246495525376	0.000227552923993	133.681306464
0.0304195099928	4.15564112124e-16	6.03562217408e-11	0.0246503784779	0.000226778222483	134.16812542
0.030425698968	3.69621094204e-16	5.63111893656e-11	0.0246511661608	0.000226036609936	134.635609765
0.0304312798314	3.28744709271e-16	5.2536056842e-11	0.0246519173281	0.000225326845029	135.084380766
0.0304363091602	2.92378368778e-16	4.90129716462e-11	0.0246526336456	0.000224647716825	135.515052411
0.0304408387192	2.60026254784e-16	4.57252414548e-11	0.0246533167065	0.000223998045573	135.928230261
0.0304449158055	2.31246749043e-16	4.26572614797e-11	0.0246539680336	0.000223376683319	136.324510436
0.0304485835786	2.05646561548e-16	3.9794445996e-11	0.0246545890823	0.000222782514365	136.704478721
0.0304518813738	1.82875485951e-16	3.71231638665e-11	0.0246551812438	0.000222214455574	137.068709795
0.0304548449992	1.62621716491e-16	3.46306778711e-11	0.0246557458468	0.000221671456531	137.417766566
0.0304575070155	1.44607667632e-16	3.23050876523e-11	0.0246562841608	0.00022115249958	137.752199607
0.0304598969991	1.28586243525e-16	3.01352760923e-11	0.0246567973983	0.000220656599736	138.072546696
0.0304620419393	1.1433651117e-16	2.8122965157e-11	0.0246572867172	0.000220182805586	138.379332429
0.0304639671456	1.01656275496e-16	2.6269104714e-11	0.0246577530186	0.000219730408344	138.672938923
0.0304656932346	9.03806455882e-17	2.45371877727e-11	0.0246581969321	0.000219298935107	138.953592283
0.0304672401752	8.03543119112e-17	2.29192262242e-11	0.0246586195252	0.000218887469125	139.221809639
0.0304686260258	7.14390900047e-17	2.1407750955e-11	0.0246590218152	0.0002184951287	139.478092433
0.030469867104	6.35120404216e-17	1.99957786913e-11	0.0246594047717	0.000218121066352	139.722926432
0.030470978142	5.64637936402e-17	1.8676780887e-11	0.0246597693188	0.000217764467956	139.956781775
0.0304719724314	5.01970578523e-17	1.74446545375e-11	0.0246601163366	0.000217424551854	140.180113086
0.0304728619546	4.4625289868e-17	1.62936948108e-11	0.0246604466641	0.000217100567938	140.393359623
0.030473657507	3.96715114755e-17	1.52185693895e-11	0.0246607611003	0.000216791796729	140.596945471
0.0304743688079	3.52672554791e-17	1.42142944226e-11	0.0246610604065	0.000216497548439	140.791279762
0.0304750046025	3.13516273231e-17	1.32762119942e-11	0.0246613453078	0.000216217162033	140.976756932
0.0304755727548	2.78704697213e-17	1.2399969016e-11	0.0246616164949	0.000215950004289	141.153756996
