0.0	0.000381139308481	0.066360062916	0.0	0.0	0.0
2.77968381524e-19	0.000381139308466	0.0663600629142	2.22453070949e-13	2.77999845366e-13	1e-06
3.11175780279e-19	0.000381139308465	0.0663600629142	2.3349987393e-13	2.99760216649e-13	1.03833333333e-06
3.48350289704e-19	0.000381139308464	0.0663600629141	2.45409831137e-13	3.23185922468e-13	1.07813611111e-06
3.89965839333e-19	0.000381139308463	0.066360062914	2.58250386084e-13	3.48387985127e-13	1.11946466203e-06
4.36552976534e-19	0.000381139308462	0.0663600629138	2.72094252058e-13	3.75588449231e-13	1.16237747408e-06
4.88705630335e-19	0.000381139308461	0.0663600629137	2.87019823882e-13	4.04898337081e-13	1.20693527725e-06
5.47088683297e-19	0.00038113930846	0.0663600629136	3.03111621845e-13	4.36539693282e-13	1.25320112954e-06
6.1244644795e-19	0.000381139308459	0.0663600629135	3.20460770322e-13	4.70734562441e-13	1.30124050618e-06
6.85612155868e-19	0.000381139308458	0.0663600629133	3.39165513791e-13	5.07482944556e-13	1.35112139225e-06
7.67518580354e-19	0.000381139308457	0.0663600629132	3.59331773174e-13	5.47117906535e-13	1.40291437895e-06
8.5920992816e-19	0.000381139308455	0.066360062913	3.81073745641e-13	5.89861492983e-13	1.45669276347e-06
9.61855151843e-19	0.000381139308454	0.0663600629128	4.04514551285e-13	6.35935748505e-13	1.51253265274e-06
1.07676285248e-18	0.000381139308452	0.0663600629126	4.29786930322e-13	6.85673740008e-13	1.57051307109e-06
1.20539796274e-18	0.00038113930845	0.0663600629124	4.57033994776e-13	7.39186489795e-13	1.63071607215e-06
1.34940042297e-18	0.000381139308448	0.0663600629121	4.86410038886e-13	7.96918087075e-13	1.69322685491e-06
1.51060608845e-18	0.000381139308446	0.0663600629119	5.18081412842e-13	8.59201598757e-13	1.75813388435e-06
1.69107013427e-18	0.000381139308444	0.0663600629116	5.52227464792e-13	9.26370091746e-13	1.82552901658e-06
1.89309325633e-18	0.000381139308441	0.0663600629113	5.89041556451e-13	9.98756632952e-13	1.89550762888e-06
2.11925100238e-18	0.000381139308439	0.066360062911	6.28732158066e-13	1.07680531158e-12	1.96816875465e-06
2.37242660714e-18	0.000381139308436	0.0663600629107	6.71524028938e-13	1.16096021685e-12	2.04361522358e-06
2.65584774995e-18	0.000381139308433	0.0663600629103	7.17659490188e-13	1.25166543796e-12	2.12195380714e-06
2.97312770379e-18	0.000381139308429	0.0663600629099	7.67399796963e-13	1.34947608643e-12	2.20329536975e-06
3.32831140009e-18	0.000381139308426	0.0663600629095	8.21026617874e-13	1.45483625147e-12	2.28775502558e-06
3.72592699662e-18	0.000381139308422	0.066360062909	8.78843630023e-13	1.56852308919e-12	2.37545230156e-06
4.171043606e-18	0.000381139308418	0.0663600629085	9.41178238655e-13	1.69109171111e-12	2.46651130645e-06
4.66933592068e-18	0.000381139308413	0.066360062908	1.00838343119e-12	1.82320825104e-12	2.56106090652e-06
5.22715655831e-18	0.000381139308408	0.0663600629074	1.08083977612e-12	1.96564986509e-12	2.65923490793e-06
5.85161704989e-18	0.000381139308403	0.0663600629068	1.15895757807e-12	2.1193047317e-12	2.76117224606e-06
6.55067850303e-18	0.000381139308398	0.0663600629061	1.24317920126e-12	2.28483898467e-12	2.86701718215e-06
7.3332530964e-18	0.000381139308391	0.0663600629054	1.33398157457e-12	2.46336284703e-12	2.97691950746e-06
8.20931769906e-18	0.000381139308385	0.0663600629046	1.4318788922e-12	2.6558755195e-12	3.09103475524e-06
9.19004106336e-18	0.000381139308378	0.0663600629037	1.53742552551e-12	2.8633762028e-12	3.20952442084e-06
1.02879262129e-17	0.00038113930837	0.0663600629028	1.6512191623e-12	3.08708614226e-12	3.3325561903e-06
1.15169698408e-17	0.000381139308362	0.0663600629018	1.77390419132e-12	3.32833760551e-12	3.46030417758e-06
1.28928407502e-17	0.000381139308353	0.0663600629008	1.90617535141e-12	3.58835183788e-12	3.59294917104e-06
1.44330796128e-17	0.000381139308344	0.0663600628996	2.04878166555e-12	3.8687941739e-12	3.73067888924e-06
1.61573225904e-17	0.000381139308334	0.0663600628984	2.20253068249e-12	4.1711079035e-12	3.87368824664e-06
1.80875516726e-17	0.000381139308322	0.0663600628971	2.3682930497e-12	4.49695836122e-12	4.02217962941e-06
2.02483749196e-17	0.000381139308311	0.0663600628957	2.54700744364e-12	4.84834394851e-12	4.17636318185e-06
2.26673401855e-17	0.000381139308298	0.0663600628941	2.73968588532e-12	5.22715204451e-12	4.33645710379e-06
2.53752863191e-17	0.000381139308284	0.0663600628925	2.94741947112e-12	5.63560309527e-12	4.50268795941e-06
2.84067363222e-17	0.000381139308269	0.0663600628907	3.17138455145e-12	6.07591754683e-12	4.67529099782e-06
3.18003374752e-17	0.000381139308253	0.0663600628887	3.41284939217e-12	6.55075993446e-12	4.85451048603e-06
3.55993540428e-17	0.000381139308235	0.0663600628867	3.6731813565e-12	7.0625727488e-12	5.04060005462e-06
3.98522188404e-17	0.000381139308217	0.0663600628844	3.95385464811e-12	7.61435359203e-12	5.23382305666e-06
4.46131506933e-17	0.000381139308196	0.066360062882	4.2564586592e-12	8.20932211092e-12	5.43445294045e-06
4.99428456605e-17	0.000381139308175	0.0663600628794	4.5827069709e-12	8.85080897454e-12	5.64277363644e-06
5.59092508352e-17	0.000381139308151	0.0663600628766	4.93444705691e-12	9.54236689656e-12	5.8590799591e-06
6.25884305869e-17	0.000381139308126	0.0663600628735	5.31367074534e-12	1.02879926799e-11	6.08367802413e-06
7.00655362896e-17	0.000381139308099	0.0663600628703	5.72252549799e-12	1.10917941497e-11	6.31688568163e-06
7.8435891897e-17	0.000381139308069	0.0663600628667	6.16332657098e-12	1.19584342427e-11	6.559032966e-06
8.7806209207e-17	0.000381139308037	0.0663600628629	6.63857012554e-12	1.28929089625e-11	6.81046256293e-06
9.82959483061e-17	0.000381139308003	0.0663600628588	7.15094736325e-12	1.39002143127e-11	7.07153029439e-06
1.1003884054e-16	0.000381139307966	0.0663600628544	7.70335976566e-12	1.49863454977e-11	7.34260562221e-06
1.23184593423e-16	0.000381139307927	0.0663600628497	8.29893552487e-12	1.61572977217e-11	7.62407217091e-06
1.3790079923e-16	0.000381139307884	0.0663600628445	8.94104725769e-12	1.74198433453e-11	7.91632827063e-06
1.54375071586e-16	0.000381139307838	0.066360062839	9.63333110412e-12	1.87809767734e-11	8.21978752082e-06
1.72817437319e-16	0.000381139307788	0.066360062833	1.0379707318e-11	2.0248358545e-11	8.53487937558e-06
1.93463014036e-16	0.000381139307734	0.0663600628266	1.11844024665e-11	2.18305373773e-11	8.86204975142e-06
2.16575007592e-16	0.000381139307676	0.0663600628197	1.20519733644e-11	2.35362840323e-11	9.20176165829e-06
2.42448067641e-16	0.000381139307614	0.0663600628122	1.29873328782e-11	2.53753684725e-11	9.55449585491e-06
2.71412044057e-16	0.000381139307546	0.0663600628041	1.39957777468e-11	2.73580047498e-11	9.92075152902e-06
3.03836192117e-16	0.000381139307474	0.0663600627954	1.50830185753e-11	2.94957391836e-11	1.03010470039e-05
3.40133880056e-16	0.000381139307396	0.0663600627861	1.62552121739e-11	3.18003401379e-11	1.0695920472e-05
3.80767859002e-16	0.000381139307311	0.0663600627759	1.75189964213e-11	3.42851302892e-11	1.11059307563e-05
4.26256162494e-16	0.00038113930722	0.0663600627651	1.88815278548e-11	3.69639874251e-11	1.15316581015e-05
4.77178710769e-16	0.000381139307122	0.0663600627533	2.03505221954e-11	3.98522326234e-11	1.19737049948e-05
5.34184704039e-16	0.000381139307017	0.0663600627406	2.19342980405e-11	4.29661861627e-11	1.2432697019e-05
5.98000898999e-16	0.000381139306903	0.066360062727	2.36418239704e-11	4.63233895665e-11	1.29092837373e-05
6.69440874087e-16	0.00038113930678	0.0663600627123	2.54827693355e-11	4.99428276488e-11	1.34041396131e-05
7.49415401612e-16	0.000381139306647	0.0663600626964	2.74675590114e-11	5.38452615799e-11	1.3917964964e-05
8.38944058987e-16	0.000381139306504	0.0663600626793	2.9607432433e-11	5.80524517313e-11	1.44514869533e-05
9.39168227094e-16	0.00038113930635	0.0663600626608	3.19145072411e-11	6.25884899424e-11	1.50054606187e-05
1.0513656415e-15	0.000381139306184	0.066360062641	3.44018479015e-11	6.7478911343e-11	1.55806699412e-05
1.176966682e-15	0.000381139306006	0.0663600626195	3.70835396868e-11	7.27513604862e-11	1.61779289542e-05
1.31757260825e-15	0.000381139305813	0.0663600625964	3.99747684378e-11	7.8435924416e-11	1.67980828959e-05
1.47497597382e-15	0.000381139305605	0.0663600625715	4.30919065578e-11	8.45645775555e-11	1.74420094051e-05
1.65118347911e-15	0.00038113930538	0.0663600625446	4.64526057261e-11	9.11721809077e-11	1.81106197637e-05
1.84844155427e-15	0.000381139305138	0.0663600625156	5.00758968556e-11	9.82959269439e-11	1.88048601858e-05
2.06926499847e-15	0.000381139304878	0.0663600624844	5.39822978604e-11	1.05976449827e-10	1.95257131571e-05
2.31646904053e-15	0.000381139304597	0.0663600624507	5.81939298447e-11	1.14257048254e-10	2.02741988253e-05
2.59320522958e-15	0.000381139304294	0.0663600624144	6.27346423698e-11	1.23184573638e-10	2.10513764439e-05
2.90300161351e-15	0.000381139303967	0.0663600623753	6.76301485086e-11	1.32809763169e-10	2.18583458708e-05
3.24980771726e-15	0.000381139303615	0.0663600623331	7.29081704537e-11	1.43187017778e-10	2.26962491253e-05
3.63804489438e-15	0.000381139303235	0.0663600622876	7.85985965017e-11	1.5437506826e-10	2.35662720041e-05
4.07266269393e-15	0.000381139302825	0.0663600622385	8.47336503044e-11	1.66437419374e-10	2.44696457594e-05
4.55920196114e-15	0.000381139302384	0.0663600621856	9.13480733442e-11	1.79442127791e-10	2.54076488414e-05
5.10386547642e-15	0.000381139301908	0.0663600621286	9.84793216679e-11	1.93463023342e-10	2.63816087075e-05
5.7135970332e-15	0.000381139301395	0.0663600620672	1.06167777992e-10	2.08579486972e-10	2.73929037011e-05
6.3961699628e-15	0.000381139300842	0.0663600620009	1.1445698038e-10	2.24877116877e-10	2.84429650021e-05
7.16028623489e-15	0.000381139300245	0.0663600619294	1.23393868791e-10	2.42448061568e-10	2.95332786519e-05
8.01568739695e-15	0.000381139299602	0.0663600618524	1.33029050891e-10	2.61392019072e-10	3.06653876573e-05
8.97327876702e-15	0.000381139298909	0.0663600617693	1.43417088629e-10	2.81816236934e-10	3.18408941735e-05
1.00452684632e-14	0.000381139298161	0.0663600616798	1.54616807213e-10	3.03836178347e-10	3.30614617715e-05
1.12453230422e-14	0.000381139297355	0.0663600615832	1.66691628226e-10	3.27576743401e-10	3.43288177926e-05
1.25887417312e-14	0.000381139296486	0.0663600614791	1.79709928762e-10	3.53172380105e-10	3.5644755793e-05
1.40926514741e-14	0.00038113929555	0.0663600613669	1.93745428637e-10	3.8076786154e-10	3.70111380816e-05
1.57762252792e-14	0.00038113929454	0.0663600612459	2.08877607846e-10	4.10519618131e-10	3.84298983559e-05
1.76609266516e-14	0.000381139293451	0.0663600611155	2.2519215664e-10	4.42595959686e-10	3.99030444384e-05
1.97707832263e-14	0.000381139292277	0.0663600609748	2.42781460771e-10	4.77178740738e-10	4.14326611183e-05
2.21326930915e-14	0.000381139291011	0.0663600608232	2.61745124655e-10	5.14463582581e-10	4.30209131014e-05
2.47767677059e-14	0.000381139289647	0.0663600606598	2.82190535408e-10	5.54661760658e-10	4.4670048074e-05
2.77367157826e-14	0.000381139288176	0.0663600604835	3.04233470953e-10	5.98000870686e-10	4.63823998838e-05
3.10502730346e-14	0.000381139286589	0.0663600602935	3.2799875565e-10	6.44726382976e-10	4.81603918422e-05
3.47596832579e-14	0.000381139284879	0.0663600600886	3.53620967146e-10	6.95102752651e-10	5.00065401547e-05
3.89122368886e-14	0.000381139283036	0.0663600598678	3.81245198461e-10	7.49415418049e-10	5.19234574808e-05
4.35608738978e-14	0.000381139281048	0.0663600596296	4.11027879611e-10	8.07971799923e-10	5.39138566323e-05
4.87648587107e-14	0.000381139278905	0.0663600593729	4.43137663448e-10	8.71103521889e-10	5.59805544116e-05
5.45905357556e-14	0.000381139276594	0.0663600590961	4.77756380691e-10	9.39168186782e-10	5.81264755989e-05
6.11121752736e-14	0.000381139274103	0.0663600587977	5.15080069603e-10	1.01255115301e-09	6.03546570906e-05
6.84129201725e-14	0.000381139271418	0.0663600584759	5.55320086107e-10	1.09166797705e-09	6.26682521974e-05
7.65858459969e-14	0.000381139268522	0.066360058129	5.9870430065e-10	1.17696663388e-09	6.50705351068e-05
8.57351475262e-14	0.000381139265401	0.0663600577551	6.4547838858e-10	1.26893018154e-09	6.75649055169e-05
9.59774671299e-14	0.000381139262035	0.0663600573519	6.95907221352e-10	1.36807942565e-09	7.01548934472e-05
1.07443381814e-13	0.000381139258406	0.0663600569171	7.50276366436e-10	1.47497580598e-09	7.28441642344e-05
1.20279067916e-13	0.000381139254494	0.0663600564485	8.0889370442e-10	1.59022472715e-09	7.56365237198e-05
1.34648164672e-13	0.000381139250276	0.0663600559432	8.7209117247e-10	1.71447866721e-09	7.85359236349e-05
1.50733860419e-13	0.000381139245729	0.0663600553984	9.40226644012e-10	1.84844139653e-09	8.15464671943e-05
1.68741228011e-13	0.000381139240826	0.066360054811	1.01368595529e-09	1.99287130845e-09	8.4672414902e-05
1.88899839251e-13	0.00038113923554	0.0663600541778	1.09288509027e-09	2.1485865263e-09	8.79181905811e-05
2.11466691647e-13	0.000381139229841	0.0663600534951	1.17827253626e-09	2.31646867817e-09	9.12883876342e-05
2.36729484804e-13	0.000381139223697	0.066360052759	1.27033182358e-09	2.49746855905e-09	9.47877755443e-05
2.65010288243e-13	0.000381139217073	0.0663600519654	1.36958426371e-09	2.69261101579e-09	9.84213066238e-05
2.96669647385e-13	0.000381139209931	0.0663600511098	1.47659190133e-09	2.90300105333e-09	0.000102194123024
3.32111180053e-13	0.000381139202231	0.0663600501874	1.59196069705e-09	3.12983027404e-09	0.00010611156401
3.71786722101e-13	0.00038113919393	0.0663600491929	1.71634395884e-09	3.37438298386e-09	0.000110179173519
4.16202087749e-13	0.00038113918498	0.0663600481207	1.85044604153e-09	3.63804407497e-09	0.000114402708008
4.65923518086e-13	0.00038113917533	0.0663600469647	1.99502633542e-09	3.92230657525e-09	0.000118788144592
5.21584899933e-13	0.000381139164927	0.0663600457183	2.15090356656e-09	4.22878030803e-09	0.000123341689512
5.83895847099e-13	0.00038113915371	0.0663600443746	2.31896043291e-09	4.55920055184e-09	0.000128069786913
6.53650747068e-13	0.000381139141618	0.0663600429259	2.50014860292e-09	4.91543869856e-09	0.000132979127964
7.31738888435e-13	0.00038113912858	0.066360041364	2.69549410458e-09	5.29951180129e-09	0.000138076660329
8.19155798208e-13	0.000381139114524	0.0663600396801	2.90610313552e-09	5.71359489787e-09	0.000143369597997
9.17015933513e-13	0.000381139099369	0.0663600378646	3.13316832719e-09	6.16003277922e-09	0.000148865431492
1.02656688951e-12	0.00038113908303	0.0663600359072	3.37797549837e-09	6.64135353409e-09	0.000154571938474
1.14920530462e-12	0.000381139065415	0.0663600337969	3.64191093647e-09	7.16028287087e-09	0.000160497194743
1.28649466592e-12	0.000381139046423	0.0663600315217	3.92646924771e-09	7.71975921668e-09	0.000166649585673
1.44018524152e-12	0.000381139025948	0.0663600290687	4.23326182067e-09	8.32295081477e-09	0.000173037818071
1.61223639431e-12	0.000381139003872	0.0663600264241	4.56402595114e-09	8.97327337709e-09	0.000179670932506
1.80484156122e-12	0.000381138980072	0.0663600235728	4.92063468e-09	9.6744097352e-09	0.000186558316097
2.02045621673e-12	0.000381138954411	0.0663600204987	5.30510739968e-09	1.04303298243e-08	0.000193709715802
2.26182917695e-12	0.000381138926746	0.0663600171844	5.71962128943e-09	1.1245314664e-08	0.000201135252208
2.53203764341e-12	0.000381138896919	0.0663600136112	6.16652364411e-09	1.2123979118e-08	0.000208845433853
2.83452643332e-12	0.000381138864762	0.0663600097588	6.64834516616e-09	1.30712988723e-08	0.0002168511721
3.17315189639e-12	0.000381138830092	0.0663600056053	7.16781429626e-09	1.4092638302e-08	0.000225163796576
3.55223107817e-12	0.000381138792713	0.0663600011273	7.72787266369e-09	1.51937811133e-08	0.000233795071204
3.97659675652e-12	0.000381138752414	0.0663599962995	8.33169174378e-09	1.63809627621e-08	0.000242757210853
4.45165905302e-12	0.000381138708965	0.0663599910944	8.98269081707e-09	1.766090587e-08	0.000252062898621
4.9834744046e-12	0.000381138662122	0.0663599854825	9.68455633149e-09	1.90408586381e-08	0.000261725303786
5.57882277477e-12	0.000381138611619	0.0663599794322	1.04412627776e-08	2.05286351478e-08	0.000271758100437
6.24529408874e-12	0.000381138557169	0.0663599729092	1.12570951945e-08	2.21326604364e-08	0.000282175486832
6.99138499433e-12	0.000381138498465	0.0663599658765	1.2136673435e-08	2.38620175698e-08	0.000292992205481
7.82660718218e-12	0.000381138435174	0.0663599582943	1.30849783255e-08	2.57264994906e-08	0.000304223564014
8.76160864617e-12	0.000381138366938	0.0663599501196	1.41073798712e-08	2.77366643065e-08	0.000315885456842
9.80830942994e-12	0.00038113829337	0.0663599413062	1.5209667664e-08	2.99038950208e-08	0.000327994387645
1.098005359e-11	0.000381138214054	0.0663599318041	1.63980836664e-08	3.2240463925e-08	0.00034056749273
1.22917793125e-11	0.00038113812854	0.0663599215596	1.76793575577e-08	3.47596023206e-08	0.000353622565278
1.3760209353e-11	0.000381138036345	0.0663599105147	1.9060744841e-08	3.74755754595e-08	0.00036717808052
1.54040642254e-11	0.000381137936946	0.0663598986067	2.05500679278e-08	4.04037630348e-08	0.000381253221884
1.72443008601e-11	0.00038113782978	0.0663598857683	2.21557604327e-08	4.35607465553e-08	0.000395867908136
1.93043797715e-11	0.000381137714241	0.0663598719268	2.38869149289e-08	4.6964402937e-08	0.000411042821569
2.1610564142e-11	0.000381137589675	0.0663598570037	2.57533344349e-08	5.06340059777e-08	0.000426799437264
2.41922546346e-11	0.000381137455375	0.0663598409146	2.77655879237e-08	5.45903353808e-08	0.000443160053479
2.70823642023e-11	0.000381137310582	0.0663598235684	2.9935070169e-08	5.885579466e-08	0.000460147823198
3.03177376725e-11	0.000381137154475	0.0663598048669	3.22740662675e-08	6.34545375947e-08	0.000477786786894
3.39396214543e-11	0.00038113698617	0.0663597847041	3.47958212013e-08	6.84126050081e-08	0.000496101906541
3.79941893569e-11	0.000381136804716	0.0663597629658	3.75146148366e-08	7.37580728714e-08	0.000515119100935
4.25331312215e-11	0.000381136609083	0.0663597395291	4.04458427803e-08	7.9521210288e-08	0.000534865282361
4.76143118701e-11	0.000381136398164	0.0663597142611	4.36061035546e-08	8.57346517994e-08	0.000555368394677
5.33025087713e-11	0.000381136170766	0.0663596870187	4.70132925821e-08	9.24335815714e-08	0.00057665745284
5.96702378246e-11	0.000381135925599	0.0663596576478	5.06867035137e-08	9.96559326779e-08	0.000598762583965
6.6798677791e-11	0.000381135661277	0.066359625982	5.46471374719e-08	1.07442602262e-07	0.00062171506994
7.47787051523e-11	0.000381135376302	0.066359591842	5.891702083e-08	1.15837682573e-07	0.000645547391683
8.37120525892e-11	0.00038113506906	0.0663595550345	6.35205321908e-08	1.24888710874e-07	0.000670293275096
9.37126058452e-11	0.000381134737812	0.066359515351	6.8483739287e-08	1.34646938788e-07	0.000695987738768
1.04907855507e-10	0.000381134380683	0.0663594725669	7.38347465749e-08	1.45167622055e-07	0.000722667143515
1.17440522201e-10	0.000381133995649	0.0663594264398	7.96038543588e-08	1.56510333512e-07	0.000750369243816
1.31470375929e-10	0.000381133580531	0.0663593767087	8.58237303456e-08	1.68739300481e-07	0.000779133241214
1.47176272717e-10	0.000381133132979	0.0663593230918	9.2529594601e-08	1.81923768371e-07	0.000808999839762
1.64758434549e-10	0.000381132650457	0.0663592652857	9.97594189535e-08	1.96138392693e-07	0.000840011303598
1.84441001634e-10	0.000381132130234	0.0663592029629	1.07554141974e-07	2.11463661162e-07	0.000872211516717
2.06474889531e-10	0.000381131569365	0.0663591357706	1.1595790075e-07	2.27986350446e-07	0.000905646045035
2.31140987555e-10	0.000381130964673	0.0663590633283	1.2501828076e-07	2.45800016319e-07	0.000940362200826
2.58753739208e-10	0.000381130312735	0.0663589852258	1.34786585269e-07	2.65005524019e-07	0.000976409109625
2.89665150276e-10	0.000381129609859	0.066358901021	1.45318125764e-07	2.85711618667e-07	0.00101383777969
3.2426927565e-10	0.000381128852066	0.066358810237	1.56672535069e-07	3.08035540891e-07	0.00105270117414
3.63007242061e-10	0.000381128035065	0.0663587123597	1.68914104928e-07	3.32103690833e-07	0.00109305428579
4.06372870715e-10	0.00038112715423	0.0663586068351	1.82112149933e-07	3.58052343248e-07	0.00113495421495
4.54918971475e-10	0.000381126204575	0.0663584930657	1.9634139989e-07	3.86028418871e-07	0.00117846025011
5.09264388775e-10	0.000381125180722	0.0663583704072	2.11682422819e-07	4.16190315747e-07	0.00122363395174
5.70101889035e-10	0.000381124076874	0.0663582381652	2.28222080983e-07	4.48708805833e-07	0.0012705392393
6.38206990066e-10	0.000381122886783	0.0663580955909	2.46054022531e-07	4.83768001439e-07	0.00131924248158
7.1444784492e-10	0.000381121603711	0.0663579418773	2.65279211527e-07	5.21566397156e-07	0.00136981259047
7.99796306103e-10	0.000381120220393	0.0663577761539	2.86006499361e-07	5.62317992493e-07	0.00142232111831
8.95340311067e-10	0.000381118728998	0.0663575974826	3.08353240772e-07	6.06253503228e-07	0.00147684235899
1.00229774672e-09	0.000381117121083	0.0663574048518	3.32445957964e-07	6.53621666783e-07	0.00153345345287
1.12203196953e-09	0.000381115387546	0.0663571971709	3.58421056558e-07	7.0469064907e-07	0.00159223449575
1.25606917886e-09	0.000381113518574	0.0663569732643	3.8642559744e-07	7.5974956136e-07	0.00165326865193
1.40611786467e-09	0.000381111503585	0.0663567318643	4.16618128834e-07	8.19110096272e-07	0.00171664227163
1.5740905774e-09	0.000381109331176	0.0663564716045	4.49169583332e-07	8.83108290102e-07	0.00178244501289
1.76212829682e-09	0.000381106989048	0.0663561910115	4.84264244907e-07	9.52106423247e-07	0.00185076996809
1.97262771043e-09	0.000381104463945	0.0663558884969	5.22100791392e-07	1.02649506919e-06	0.00192171379528
2.20827174824e-09	0.000381101741574	0.0663555623485	5.62893418287e-07	1.10669530276e-06	0.00199537685452
2.47206376279e-09	0.000381098806528	0.0663552107201	6.06873050233e-07	1.19316108028e-06	0.00207186334946
2.76736578904e-09	0.000381095642195	0.0663548316214	6.54288646983e-07	1.28638180642e-06	0.00215128147417
3.09794137111e-09	0.000381092230668	0.0663544229067	7.0540861123e-07	1.38688509966e-06	0.00223374356568
3.46800350047e-09	0.000381088552639	0.0663539822629	7.60522306205e-07	1.49523977413e-06	0.00231936626226
3.8822682752e-09	0.000381084587296	0.0663535071962	8.19941691603e-07	1.61205905376e-06	0.00240827066765
4.34601496277e-09	0.000381080312202	0.066352995018	8.84003087031e-07	1.7380040365e-06	0.00250058252162
4.86515322964e-09	0.000381075703166	0.0663524428299	9.53069072899e-07	1.8737874281e-06	0.00259643237691
5.44629839238e-09	0.000381070734113	0.0663518475074	1.02753053943e-06	2.02017756729e-06	0.00269595578287
6.09685564626e-09	0.00038106537693	0.0663512056819	1.10780889529e-06	2.17800276298e-06	0.00279929347608
6.82511434141e-09	0.000381059601312	0.0663505137219	1.19435844827e-06	2.34815597041e-06	0.00290659157814
7.64035350379e-09	0.000381053374589	0.0663497677128	1.28766897132e-06	2.53159983008e-06	0.00301800180086
8.55295994056e-09	0.000381046661543	0.0663489634341	1.38826846838e-06	2.729372098e-06	0.0031336816593
9.5745604289e-09	0.000381039424208	0.0663480963363	1.49672615539e-06	2.94259149923e-06	0.00325379469271
1.07181696653e-08	0.000381031621657	0.0663471615149	1.61365567333e-06	3.17246403509e-06	0.0033785106938
1.19983558515e-08	0.000381023209773	0.0663461536827	1.73971855102e-06	3.42028978052e-06	0.00350800594663
1.34314260166e-08	0.000381014140998	0.0663450671403	1.87562793729e-06	3.68747020883e-06	0.00364246347332
1.50356334234e-08	0.000381004364066	0.0663438957436	2.02215262307e-06	3.9755160847e-06	0.00378207329005
1.68314096855e-08	0.000380993823718	0.0663426328697	2.18012137599e-06	4.28605596878e-06	0.00392703267259
1.8841624534e-08	0.000380982460385	0.0663412713791	2.35042761155e-06	4.62084538197e-06	0.0040775464316
2.10918765206e-08	0.00038097020986	0.066339803576	2.53403442676e-06	4.98177667815e-06	0.00423382719829
2.36108183318e-08	0.000380957002935	0.0663382211647	2.73198002431e-06	5.37088968125e-06	0.0043960957205
2.64305208256e-08	0.00038094276501	0.0663365152033	2.94538355717e-06	5.79038314481e-06	0.0045645811698
2.95868803876e-08	0.00038092741568	0.0663346760531	3.17545142602e-06	6.24262709619e-06	0.0047395214598
3.31200747461e-08	0.000380910868281	0.0663326933248	3.42348406427e-06	6.73017613369e-06	0.00492116357617
3.70750729926e-08	0.000380893029406	0.0663305558204	3.69088324795e-06	7.25578374895e-06	0.00510976391868
4.15022062335e-08	0.000380873798383	0.0663282514698	3.9791599708e-06	7.82241775139e-06	0.00530558865564
4.64578060521e-08	0.000380853066713	0.0663257672641	4.28994292757e-06	8.43327688093e-06	0.00550891409125
5.20049188105e-08	0.000380830717464	0.0663230891822	4.624987652e-06	9.09180869452e-06	0.00572002704609
5.82141047585e-08	0.00038080662462	0.0663202021126	4.98618635934e-06	9.80172882766e-06	0.00593922525127
6.51643319748e-08	0.000380780652379	0.0663170897692	5.37557854683e-06	1.05670417293e-05	0.00616681775665
7.29439763386e-08	0.0003807526544	0.0663137346003	5.79536240963e-06	1.13920629844e-05	0.00640312535347
8.16519400392e-08	0.000380722472987	0.0663101176911	6.24790713394e-06	1.22814433403e-05	0.00664848101189
9.13989025974e-08	0.000380689938219	0.0663062186581	6.73576613317e-06	1.32401945644e-05	0.00690323033376
1.02308719998e-07	0.00038065486701	0.0663020155364	7.2616912984e-06	1.42737172692e-05	0.00716773202111
1.1451998935e-07	0.000380617062096	0.0662974846575	7.82864833887e-06	1.5387830849e-05	0.00744235836073
1.28187798521e-07	0.000380576310948	0.0662926005185	8.439833294e-06	1.65888056848e-05	0.00772749572521
1.43485682438e-07	0.000380532384607	0.0662873356409	9.09869030412e-06	1.788339778e-05	0.00802354509086
1.60607810257e-07	0.000380485036424	0.0662816604194	9.80893073319e-06	1.92788860071e-05	0.00833092257289
1.79771430408e-07	0.000380434000713	0.0662755429589	1.05745537432e-05	2.07831121516e-05	0.00865005997815
2.0121960361e-07	0.000380378991301	0.0662689488988	1.13998684269e-05	2.24045239529e-05	0.00898140537583
2.2522425742e-07	0.000380319699969	0.0662618412256	1.22895176127e-05	2.41522213578e-05	0.00932542368638
2.52089599694e-07	0.000380255794783	0.06625418007	1.32485034632e-05	2.60360062117e-05	0.00968259728885
2.82155932629e-07	0.000380186918302	0.06624592249	1.42822149966e-05	2.80664356262e-05	0.0100534266471
3.1580391373e-07	0.000380112685648	0.0662370222376	1.53964576693e-05	3.02548792825e-05	0.0104384309548
3.53459315351e-07	0.000380032682446	0.0662274295083	1.65974851664e-05	3.26135809343e-05	0.0108381487995
3.95598340179e-07	0.000379946462611	0.0662170906726	1.78920335551e-05	3.51557243995e-05	0.0112531388457
4.42753556535e-07	0.000379853545978	0.0662059479878	1.92873579677e-05	3.78955043357e-05	0.0116839805375
4.95520524392e-07	0.000379753415763	0.0661939392889	2.07912719888e-05	4.08482021198e-05	0.0121312748193
5.54565190904e-07	0.000379645515847	0.0661809976577	2.24121899315e-05	4.40302671563e-05	0.0125956448764
6.20632142867e-07	0.000379529247867	0.0661670510677	2.41591722003e-05	4.74594039651e-05	0.0130777368932
6.94553813064e-07	0.000379403968117	0.066152022005	2.60419739452e-05	5.1154665404e-05	0.01357822083
7.77260747938e-07	0.00037926898422	0.0661358270612	2.80710972251e-05	5.51365524029e-05	0.014097791217
8.69793055554e-07	0.000379123551594	0.0661183764997	3.02578469086e-05	5.94271205964e-05	0.0146371679655
9.73313165448e-07	0.000378966869674	0.0660995737906	3.26143905495e-05	6.40500942482e-05	0.0151970971941
1.08912004578e-06	0.000378798077882	0.0660793151156	3.51538224863e-05	6.90309878813e-05	0.0157783520702
1.21866503833e-06	0.000378616251354	0.0660574888388	3.78902324247e-05	7.43972360202e-05	0.016381733665
1.36356948829e-06	0.000378420396375	0.0660339749427	4.08387787685e-05	8.01783314675e-05	0.0170080718191
1.52564436373e-06	0.000378209445553	0.0660086444277	4.40157669777e-05	8.64059725283e-05	0.0176582260192
1.70691207907e-06	0.000377982252683	0.0659813586734	4.74387332324e-05	9.3114219594e-05	0.0183330862808
1.90963076248e-06	0.000377737587315	0.0659519764734	5.11265336939e-05	0.000100339661741	0.0190335740369
2.13632389595e-06	0.000377474125821	0.0659218832903	5.50994409037e-05	0.000108121729304	0.0197606429445
2.38980283729e-06	0.000377190453532	0.0658894734601	5.93791543565e-05	0.000116502589058	0.0205152630998
2.67320695356e-06	0.00037688505036	0.0658545714304	6.39890790109e-05	0.000125527539193	0.0212984540754
2.99003831437e-06	0.00037655628686	0.065816988805	6.89543574915e-05	0.000135245180392	0.0221112701555
3.34420252678e-06	0.000376202417158	0.0657765234776	7.4301991484e-05	0.000145707636581	0.0229548011674
3.74005394945e-06	0.000375821571555	0.0657329587194	8.0060970379e-05	0.000156970787163	0.0238301732888
4.182445711e-06	0.000375411748812	0.0656860622193	8.62624073895e-05	0.000169094510767	0.0247385498234
4.67678498939e-06	0.00037497080813	0.0656355850774	9.29396833392e-05	0.00018214294043	0.0256811319365
5.22909404148e-06	0.000374496460846	0.0655812607521	0.000100128598276	0.000196184729973	0.0266591593427
5.84607750385e-06	0.000373986261867	0.0655228039616	0.000107867531013	0.000211293331169	0.0276739109355
6.53519651703e-06	0.000373437600887	0.0654599095425	0.000116197606642	0.000227547281073	0.0287267053476
7.3047502546e-06	0.000372847693423	0.0653922512668	0.000125162871977	0.000245030498674	0.0298189014303
8.16396546454e-06	0.000372213571731	0.0653194806226	0.000134810478798	0.000263832589703	0.0309518986389
9.12309465244e-06	0.000371532075681	0.0652412255618	0.000145190874663	0.000284049158123	0.0321271373077
1.01935235514e-05	0.000370799843657	0.065157089223	0.000156358000898	0.000305782122432	0.0333460988016
1.13878885318e-05	0.00037001330361	0.0650666486353	0.000168369497257	0.000329140034473	0.0346103055232
1.27202045999e-05	0.000369168664368	0.0649694534149	0.00018128691253	0.000354238397931	0.035921320758
1.42060046205e-05	0.000368261907352	0.0648650244642	0.000195175920188	0.000381199983131	0.0372807483373
1.58624903621e-05	0.000367288778878	0.0647528526894	0.000210106537915	0.00041015513411	0.0386902320945
1.77086959138e-05	0.000366244783223	0.0646323977517	0.000226153349595	0.000441242063193	0.0401514550912
1.97656639418e-05	0.00036512517669	0.0645030868728	0.000243395728023	0.000474607127544	0.0416661385876
2.20566351459e-05	0.000363924962928	0.064364313717	0.000261918056261	0.000510405081224	0.0432360407287
2.4607251134e-05	0.000362638889794	0.0642154373764	0.000281809945171	0.000548799295375	0.0448629549162
2.74457707461e-05	0.000361261448084	0.0640557814887	0.000303166444235	0.000589961938076	0.046548707837
3.06032996281e-05	0.000359786872487	0.0638846335231	0.000326088242304	0.00063407410431	0.0482951571135
3.41140325658e-05	0.000358209145182	0.0637012442711	0.000350681854408	0.00068132588531	0.0501041885445
3.80155077423e-05	0.000356522002489	0.0635048275863	0.000377059790214	0.000731916365308	0.0519777129001
4.23488716626e-05	0.000354718945072	0.0632945604203	0.000405340699144	0.000786053532479	0.0539176622377
4.71591529928e-05	0.000352793252184	0.0630695832065	0.000435649486553	0.00084395408961	0.0559259857028
5.24955429874e-05	0.000350738000501	0.0628290006493	0.000468117394753	0.000905843148796	0.0580046447816
5.84116795133e-05	0.000348546088097	0.0625718829785	0.000502882042019	0.000971953793369	0.0601556079717
6.49659309256e-05	0.00034621026414	0.0622972677334	0.000540087412124	0.00104252648922	0.0623808448403
7.22237257521e-05	0.000343722447911	0.0620413588996	0.000579884151467	0.00111784009964	0.0646823194432
8.02524896061e-05	0.000341075501366	0.0617719696661	0.000622406037767	0.00119815009543	0.0670606152295
8.91261123889e-05	0.000338261821609	0.0614846074737	0.000667811456193	0.00128371542189	0.0695174120292
9.89245439081e-05	0.000335273698686	0.0611782829732	0.000716266313551	0.00137480171477	0.0720544692384
0.000109733650572	0.00033210349419	0.0608519850186	0.000767941410603	0.00147167659972	0.0746734861858
0.000121645350368	0.00032874371498	0.0605046852258	0.000823011887952	0.0015746077924	0.077376090229
0.000134757688882	0.000325187096151	0.0601353433776	0.00088165654874	0.00168386090777	0.0801638239996
0.000149174843202	0.000321426693364	0.0597429137331	0.000944057048147	0.00179969696428	0.0830381318273
0.000165007039466	0.000317455984454	0.0593263522873	0.00101039694058	0.00192236957301	0.0860003453868
0.000182368164308	0.000313269520198	0.058867294082	0.00108086031571	0.00205209694837	0.0890516686341
0.000201380661635	0.000308861868292	0.0583773249623	0.00115565087609	0.00218909796639	0.0921940581977
0.000222172232489	0.000304228460402	0.0578591579078	0.00123495656143	0.00233358644876	0.0954286883209
0.000244874331031	0.00029936586149	0.0573118666189	0.0013189578855	0.00248574852185	0.0987563823269
0.000269622301466	0.000294271692209	0.0567345864794	0.00140783051582	0.00264574421525	0.102177784484
0.000296554483013	0.000288944764445	0.0561265283144	0.00150174343623	0.00281370302462	0.105693344058
0.000325811130021	0.000283385216051	0.055486963125	0.0016008569741	0.00298971930368	0.10930329954
0.000357533013622	0.00027759466543	0.0548148641222	0.00170532074663	0.00317384637799	0.113007665236
0.000391860355962	0.000271576264462	0.0541102024356	0.00181527223684	0.00336609467377	0.116806243771
0.000428930808835	0.00026533487651	0.053372640371	0.00193083293694	0.00356642529378	0.120698554334
0.000468877739513	0.000258877147496	0.0526019907233	0.0020521068416	0.00377474600796	0.12468384889
0.000511828210587	0.000252211584276	0.0517980923705	0.00217917814062	0.00399090706423	0.128761100795
0.000557895298561	0.000245349445322	0.0509490103637	0.00231210883575	0.00421465528608	0.132929006112
0.000607191992401	0.000238302443302	0.050067086599	0.00245096756944	0.00444572439731	0.13718695682
0.000659813639282	0.000231084998093	0.0491529259964	0.00259576761921	0.00468377233965	0.141533113271
0.000715840350713	0.000223713402932	0.0482073466859	0.00274649437885	0.00492838978457	0.14596533921
0.000775327492361	0.000216206661681	0.0472189079262	0.00290310327707	0.00517905147968	0.150481200756
0.000838322499929	0.000208584064314	0.0461995579233	0.00306555944314	0.00543520582721	0.155079170345
0.000904848667004	0.000200866840984	0.0451525654574	0.00323376376394	0.0056962490492	0.15975647994
0.000974902803171	0.000193077880243	0.0440754905031	0.00340757945476	0.00596150193455	0.164509925191
0.00104844683865	0.000185242241804	0.0429634782987	0.00358685299996	0.0062301536578	0.169336495785
0.00112543856215	0.000177383564852	0.0418299369252	0.00377142847289	0.00650144632911	0.174233753561
0.00120579796163	0.000169527242479	0.0406773278034	0.00396107540792	0.00677455217631	0.179197844773
0.00128940101173	0.000161700434069	0.0394928574949	0.00415553229743	0.00704851593117	0.184224699365
0.00137612766692	0.000153927387731	0.0382948435407	0.00435458392593	0.00732245501665	0.189312039726
0.00146581703863	0.000146233371888	0.0370864670576	0.00455791731325	0.00759545653255	0.194455562997
0.00155826559238	0.00013864428451	0.0358573023011	0.00476519340555	0.00786651472911	0.199650786716
0.00165327314489	0.000131182801626	0.0346227547826	0.0049761282978	0.00813469246716	0.204895082086
0.00175060976963	0.000123871017266	0.033387733743	0.00519035433602	0.00839908716609	0.210184085958
0.00185000388326	0.000116731006464	0.0321431890787	0.00540747779396	0.00865872537438	0.215513105184
0.00195119646104	0.000109780956794	0.0309035098342	0.00562717421241	0.0089127287022	0.220879449696
0.00205390616176	0.000103037757285	0.0296734694807	0.00584904079851	0.00916028775815	0.226278697349
0.00215781762498	9.65175984063e-05	0.0284455874632	0.00607265731747	0.00940055350845	0.231706129336
0.00226263847259	9.02325427863e-05	0.0272325850085	0.00629768273751	0.0096327921818	0.237159064491
0.00236806266375	8.41930344309e-05	0.0260385489072	0.00652370616712	0.00985636120604	0.242633135931
0.0024737637686	7.840826191e-05	0.0248584221383	0.00675030951835	0.0100706191593	0.24812374382
0.00257943933792	7.2883956465e-05	0.0237011810776	0.00697714994114	0.0102750227882	0.25362804197
0.00268478957475	6.76238559716e-05	0.0225705965422	0.00720383972389	0.0104691469337	0.259141946788
0.0027895104144	6.26301849064e-05	0.0214646528774	0.00742998788791	0.0106526112164	0.26466107158
0.00289330840384	5.79031747984e-05	0.0203868689186	0.00765525746911	0.0108250751728	0.270182114399
0.00299591868109	5.34405451597e-05	0.0193412581647	0.00787931295865	0.0109863494982	0.275701535435
0.00309707967723	4.92388855511e-05	0.0183285411046	0.00810180895783	0.0111363027861	0.281215209732
0.00319653532766	4.52937264414e-05	0.0173464928642	0.00832242363565	0.011274832159	0.286719228282
0.00329407084986	4.15983870985e-05	0.0163998382118	0.00854089602627	0.0114019468518	0.292210835622
0.00338947883724	3.81455632905e-05	0.0154890599596	0.00875693786397	0.0115177254176	0.297686190515
0.00348257076564	3.49270412365e-05	0.014613667738	0.00897028167108	0.0116223038889	0.303141537154
0.00357316482891	3.19342997803e-05	0.013770399329	0.00918069162857	0.0117158178698	0.30857349445
0.00366113196789	2.9157191899e-05	0.0129637575507	0.00938800651285	0.011798507136	0.313980209327
0.00374634804345	2.65856954727e-05	0.0121934466546	0.00959202042255	0.0118706677551	0.319358248612
0.00382870938986	2.42094919165e-05	0.0114590180713	0.00979254838037	0.011932635497	0.324704270332
0.00390812146778	2.20183938447e-05	0.010750948763	0.0099894259416	0.0119847465088	0.33001502547
0.00398446874207	2.00032693949e-05	0.0100671635279	0.0101826670935	0.0120270831188	0.335291803997
0.00405778294963	1.81517397319e-05	0.00941946947778	0.0103723644218	0.0120600857263	0.3405379514
0.00412804375173	1.64535125482e-05	0.00880682263201	0.0105583984994	0.0120842235253	0.345750712219
0.00419524662316	1.48985094803e-05	0.00822810324483	0.0107406676497	0.0120999775543	0.350927407372
0.00425940172955	1.34769336939e-05	0.00768213184324	0.0109190870703	0.0121078363384	0.356065434681
0.00432042702753	1.21815169427e-05	0.00709306791293	0.0110935879257	0.0121079919391	0.36116226976
0.00437780921471	1.10145462123e-05	0.00643889437064	0.0112658980018	0.0120976068548	0.366269448805
0.00443240959421	9.95158872873e-06	0.00584066562661	0.0114388607529	0.0120765595945	0.371476105813
0.00448434933209	8.98467922735e-06	0.00529431881117	0.0116123703119	0.0120455235347	0.376785827311
0.00453374827663	8.1062342152e-06	0.00479596209904	0.0117863289183	0.012005143626	0.382202372851
0.00458072424434	7.30907841161e-06	0.00434189170221	0.0119606463138	0.011956035534	0.387729678246
0.00462539245139	6.5864594237e-06	0.00392860263106	0.0121352391766	0.0118987852568	0.393371860167
0.00466790566387	5.93144391238e-06	0.00357356503176	0.0123100305943	0.0118340532701	0.399133222037
0.00470862666755	5.33437198694e-06	0.00328475691789	0.0124839375487	0.0117640253197	0.404983511337
0.00474729313226	4.79491757203e-06	0.00301804736166	0.0126549179658	0.011690248037	0.41085581823
0.00478397583236	4.30789802904e-06	0.00277191062024	0.0128229582257	0.0116130960496	0.41674912897
0.00481874603782	3.86853924593e-06	0.00254490403756	0.0129880504957	0.0115329254688	0.422662396678
0.00485167515819	3.47245247177e-06	0.00233566668515	0.0131501922675	0.0114500740223	0.428594541089
0.00488283442362	3.11561092627e-06	0.00214291748141	0.0133093859211	0.0113648612855	0.434544448548
0.00491229460049	2.79432653104e-06	0.00196545289538	0.0134656383154	0.0112775889969	0.440510972227
0.00494012573954	2.50522704e-06	0.00180214432768	0.013618960402	0.0111885414432	0.446492932561
0.00496639695409	2.24523378634e-06	0.00165193524921	0.0137693668648	0.0110979859034	0.452489117882
0.00499117622641	2.01154021202e-06	0.00151383816683	0.0139168757807	0.0110061731391	0.458498285235
0.00501453024007	1.80159130211e-06	0.00138693147539	0.014061508303	0.0109133379236	0.464519161366
0.00503652423613	1.61306400921e-06	0.00127035624628	0.0142032883651	0.0108196995993	0.470550443866
0.00505722189149	1.44384872291e-06	0.00116331299483	0.0143422424039	0.0107254626574	0.476590802462
0.00507668521745	1.29203181359e-06	0.00106505846147	0.0144783991016	0.0106308173317	0.482638880442
0.00509497447662	1.15587925937e-06	0.000974902435561	0.0146117891459	0.0105359402022	0.488693296199
0.00511214811686	1.03382134866e-06	0.000892204645066	0.0147424450056	0.0104409948014	0.49475264489
0.00512826272036	9.24438437334e-07	0.000816371730716	0.0148704007231	0.0103461322221	0.500815500188
0.00514337296669	8.26447729953e-07	0.000746854318873	0.014995691721	0.0102514917189	0.50688041613
0.00515753160827	7.38691046562e-07	0.000683144203971	0.015118354623	0.0101572013038	0.512945929034
0.00517074037128	6.60407609534e-07	0.000610856589761	0.0152384270882	0.0100632818321	0.519010559497
0.00518270691492	5.92593237493e-07	0.000519234044072	0.0153586364042	0.009966485238	0.525213428968
0.00519381886553	5.32505844806e-07	0.000430246447419	0.0154855886655	0.00986100643489	0.531913606218
0.00520418750934	4.79226179178e-07	0.000346785028938	0.0156232331302	0.00974313332485	0.539360090982
0.00521456806736	4.28954092188e-07	0.00043083646271	0.015776759114	0.00960909789165	0.547901157431
0.00522376108555	3.86601327626e-07	0.000196987912199	0.0158879844842	0.00951490543955	0.554248526434
0.0052329657123	3.46972698116e-07	0.000172872750023	0.0161047437459	0.0093149134013	0.56703282757
0.00524227914599	3.10405602087e-07	0.000156849531206	0.016326257419	0.00910996613914	0.580702614192
0.00525143620461	2.77690279612e-07	0.000142294632453	0.0165446942966	0.00890742553331	0.594824155182
0.00526044480779	2.48429087047e-07	0.000129032058328	0.0167601149606	0.00870726397062	0.609420117423
0.00526931777785	2.22250804197e-07	0.00011700541725	0.0169726541578	0.00850938623311	0.624520203334
0.00527810926985	1.98716236772e-07	0.000107316844535	0.0171823453921	0.00831386245187	0.640149194524
0.00528679410494	1.77628854149e-07	9.86446178815e-05	0.0173868233099	0.00812303267941	0.656141049376
0.00529534970048	1.58780823009e-07	9.04423436227e-05	0.0175857470799	0.00793722142368	0.672463445283
0.00530367314314	1.42136206199e-07	8.10207458698e-05	0.0177797494288	0.00775566217177	0.68916268665
0.00531190360163	1.2721498857e-07	7.28554626489e-05	0.0179735414204	0.00757386825349	0.706671498622
0.00532005187498	1.13850775634e-07	6.56366857423e-05	0.0181663702043	0.00739261624579	0.724977154682
0.00532812572925	1.01893377549e-07	5.91387023963e-05	0.0183578645253	0.00721229658863	0.744096706336
0.00533618857507	9.11325081291e-08	5.4098398958e-05	0.0185480134398	0.00703301325145	0.764083025212
0.00534423182903	8.14688700581e-08	4.97221926329e-05	0.018733939071	0.00685763852748	0.784667257112
0.00535222042948	7.28285762204e-08	4.56994422435e-05	0.0189148162745	0.00668696193297	0.805760576057
0.00536015361041	6.51026300098e-08	4.20097117803e-05	0.0190907812789	0.00652085811684	0.827373067897
0.00536802888972	5.8195100562e-08	3.86172976828e-05	0.0192619327332	0.00635923693959	0.849510384547
0.00537584457712	5.20193672953e-08	3.549933177e-05	0.0194284018767	0.00620197647049	0.872182342301
0.00538359926636	4.64977609604e-08	3.26350349024e-05	0.0195903116203	0.00604896320436	0.895398093686
0.00539129077023	4.15613357132e-08	3.00013535217e-05	0.0197477740861	0.00590009331487	0.919165538276
0.00539891718403	3.71482050236e-08	2.75782138488e-05	0.0199009110112	0.00575525349696	0.943494310565
0.00540647651582	3.32030784356e-08	2.53491994347e-05	0.0200498490663	0.00561432521024	0.968395458888
0.00541396735555	2.9676243071e-08	2.32999448459e-05	0.0201947100277	0.0054771952047	0.993880014698
0.00542134314236	2.65420656655e-08	2.11096541441e-05	0.0203356047203	0.00534371584257	1.01995783884
0.00542863350629	2.37476990275e-08	1.90598136866e-05	0.0204746698848	0.00521178969049	1.04704446622
0.00543588970898	2.12429064818e-08	1.73815797353e-05	0.0206124331894	0.0050809445936	1.07530319222
0.00544315387884	1.89873117439e-08	1.59770993622e-05	0.0207475566972	0.00495256222379	1.1045102904
0.00545037407082	1.69709414802e-08	1.4685925017e-05	0.020878972764	0.00482766762202	1.13444616258
0.00545754905788	1.51683890274e-08	1.34999892567e-05	0.0210067828886	0.00470616554639	1.16512549853
0.00546467719565	1.35570328669e-08	1.24098888935e-05	0.0211310758104	0.0045879730053	1.19656051237
0.00547175548175	1.21168936947e-08	1.13949574035e-05	0.0212519457201	0.00447300031892	1.2287652015
0.00547872845072	1.08395869783e-08	1.03081749699e-05	0.0213696161061	0.00436098604422	1.26179166479
0.00548566064061	9.69725078716e-09	9.3253225972e-06	0.0214859471335	0.00425012854126	1.296198075
0.0054925976584	8.6706133176e-09	8.54109261634e-06	0.0216009508858	0.00414045425804	1.33206903185
0.0054995307777	7.74989719703e-09	7.85049613737e-06	0.0217132231217	0.00403336359171	1.36901672301
0.00550643740776	6.92687143118e-09	7.21573056136e-06	0.0218224148224	0.00392919326155	1.40693043932
0.00551331723173	6.1910921172e-09	6.63375724124e-06	0.0219286096354	0.00382786451238	1.44583183998
0.00552016814164	5.53339828091e-09	6.09866449222e-06	0.0220318652463	0.00372932319334	1.48573345261
0.00552698873397	4.94551368148e-09	5.60637843119e-06	0.0221322629192	0.00363349201705	1.52665680846
0.00553377717973	4.42007148524e-09	5.15314306065e-06	0.0222298868508	0.00354029039889	1.56862597462
0.00554053278537	3.95040394056e-09	4.73650207696e-06	0.0223248258437	0.00344963379465	1.6116689199
0.00554725463651	3.5305749002e-09	4.35443558827e-06	0.022417153641	0.00336145245618	1.65580874198
0.00555394200739	3.15526503371e-09	4.00380360309e-06	0.0225069227815	0.00327569786252	1.70105887116
0.00556059236805	2.81980839988e-09	3.68136336839e-06	0.0225941887136	0.0031923174405	1.74743349843
0.00556717025079	2.52148148885e-09	3.34451996727e-06	0.0226790210028	0.0031112258661	1.79495452214
0.00557369941395	2.25536649486e-09	3.03061434668e-06	0.0227625025278	0.00303135796664	1.84426003991
0.00558021207805	2.01713660203e-09	2.76585092231e-06	0.0228448837507	0.00295248359638	1.89559182786
0.005586747986	1.80279511742e-09	2.54292339988e-06	0.0229256071661	0.00287518329234	1.94868491341
0.00559326531128	1.61121382149e-09	2.33794668561e-06	0.0230040859304	0.0028000244092	2.00317582574
0.00559976288677	1.43997712057e-09	2.1494762096e-06	0.0230803824363	0.00272694722372	2.05909633167
0.00560623952629	1.2869257042e-09	1.97618361397e-06	0.0231545573413	0.00265589368308	2.11647865273
0.00561269402508	1.15012936055e-09	1.81684740501e-06	0.0232266696156	0.00258680735845	2.17535545666
0.00561912520323	1.02786187456e-09	1.67036643391e-06	0.0232967765897	0.00251963341916	2.23575984789
0.00562553177061	9.18581825925e-10	1.53568230214e-06	0.023364933072	0.00245431945487	2.29772449016
0.0056319124598	8.20910521057e-10	1.41184550841e-06	0.0234311932929	0.00239081359424	2.36128322882
0.0056382659878	7.33615550714e-10	1.29798309175e-06	0.0234956099807	0.00232906541217	2.42647031018
0.00564459105618	6.55595281832e-10	1.19329231303e-06	0.0235582343962	0.00226902589636	2.49332036076
0.00565088649594	5.85863466175e-10	1.09716948386e-06	0.0236191163733	0.0022106474644	2.56186837126
0.0056571513986	5.23535606773e-10	1.00889186684e-06	0.0236782971567	0.00215389117736	2.6321408876
0.00566338364539	4.67831875563e-10	9.27707102409e-07	0.0237358173839	0.00209871819741	2.70416381471
0.00566958171734	4.18048812574e-10	8.5304584068e-07	0.0237917236198	0.00204508396049	2.77797122359
0.00567574408415	3.73557621723e-10	7.84384409239e-07	0.0238460611209	0.00199294516615	2.85359735022
0.00568186920643	3.33796243687e-10	7.2124173682e-07	0.0238988738726	0.0019422597422	2.93107656678
0.00568795564833	2.98261636938e-10	6.63198256761e-07	0.023950204583	0.00189298688862	3.01044328523
0.00569400171956	2.66505499271e-10	6.09818441987e-07	0.0240000929306	0.00184508871103	3.09172891537
0.00569999317872	2.38183120746e-10	5.53696239347e-07	0.0240485794049	0.00179852250256	3.17496772072
0.00570582564605	2.13374243676e-10	4.87300306176e-07	0.024096296286	0.00175262564745	3.2612963715
0.00571166572923	1.91096192824e-10	4.38239753961e-07	0.0241448116191	0.00170588318549	3.35393112074
0.00571762535202	1.70783077121e-10	4.03125388789e-07	0.0241930953544	0.00165935779644	3.45140644066
0.00572359236486	1.52628643846e-10	3.70823586641e-07	0.0242400074162	0.00161415639053	3.55159892971
0.00572956605333	1.36403264092e-10	3.41123823879e-07	0.0242855868096	0.00157024111426	3.65457731965
0.0057355455559	1.21902011249e-10	3.13807055026e-07	0.0243298694926	0.00152757710137	3.76040692159
0.0057415298797	1.08941907341e-10	2.88676789362e-07	0.0243728916158	0.00148612924187	3.86915659825
0.00574751809263	9.73591907871e-11	2.65558039352e-07	0.024414689099	0.00144586265708	3.98089831792
0.00575350923523	8.70075006108e-11	2.44289822939e-07	0.0244552968372	0.00140674346947	4.0957053415
0.00575950238669	7.77559308651e-11	2.24738885496e-07	0.0244947487297	0.00136873878982	4.21365221809
0.00576549739667	6.94863845351e-11	2.06807115935e-07	0.0245330752056	0.00133181936382	4.33480662876
0.00577149206725	6.20958789582e-11	1.90305097329e-07	0.024570298045	0.00129596409436	4.45920914786
0.00577748508465	5.54910003631e-11	1.75118864418e-07	0.0246064490673	0.0012611420528	4.58693321995
0.00578347510214	4.95882608123e-11	1.61143536427e-07	0.0246415591726	0.00122732321151	4.71805319493
0.00578946074038	4.43130434762e-11	1.48282592733e-07	0.0246756583679	0.00119447841788	4.85264429473
0.00579542439051	3.96110689026e-11	1.35318516013e-07	0.0247087757711	0.00116257611591	4.99078257681
0.00580136255503	3.54237242132e-11	1.22974460185e-07	0.0247412101672	0.00113131796491	5.13377175636
0.00580730779974	3.16781764209e-11	1.12130800451e-07	0.0247731177702	0.00110055494206	5.28251810382
0.00581330003371	2.83092405713e-11	1.03250214794e-07	0.024804403893	0.00107038972845	5.4368279103
0.00581930247093	2.52984300098e-11	9.50725248647e-08	0.024834769427	0.00104111510322	5.5953113341
0.00582531364263	2.26076823188e-11	8.75421036609e-08	0.0248642415142	0.00101270453116	5.75806148404
0.00583133203401	2.02029805165e-11	8.06077275177e-08	0.0248928464944	0.000985132268605	5.92517242587
0.00583735608445	1.80539230181e-11	7.42222273899e-08	0.0249206099286	0.000958373340109	6.09673912402
0.00584338418784	1.61333393233e-11	6.83421677661e-08	0.0249475566221	0.00093240351568	6.2728573786
0.00584941469303	1.44169465669e-11	6.29275510233e-08	0.024973710647	0.00090719928875	6.45362375742
0.0058554459044	1.2883042586e-11	5.79415452053e-08	0.0249990953635	0.000882737854779	6.63913552288
0.00586147797776	1.15118095456e-11	5.33868953086e-08	0.0250237334438	0.000858997368473	6.82949055366
0.00586750738967	1.02863001659e-11	4.91945671608e-08	0.0250476300796	0.000835972917878	7.02464602404
0.00587353124098	9.19113312252e-12	4.5331016288e-08	0.025070805245	0.000813644923479	7.22466439151
0.00587954708846	8.21245300619e-12	4.17704729235e-08	0.0250932807664	0.000791992025014	7.42962641837
0.00588555244057	7.33787694947e-12	3.84891873517e-08	0.0251150778065	0.000770993521258	7.6396119645
0.00589154476025	6.55633811428e-12	3.5465271476e-08	0.0251362168848	0.000750629350008	7.85469983704
0.00589752146785	5.8579458191e-12	3.26785528222e-08	0.0251567178968	0.000730880068667	8.07496763406
0.00590347994433	5.2338605361e-12	3.01104399996e-08	0.025176600133	0.000711726835415	8.30049158227
0.00590941803287	4.67613789603e-12	2.77577462816e-08	0.0251958822976	0.000693151449411	8.53134636878
0.00591533534022	4.17752014462e-12	2.56049333538e-08	0.0252145732172	0.000675145791823	8.76748403745
0.00592122541444	3.73198560745e-12	2.36187035741e-08	0.025232678719	0.000657704050492	9.00879457522
0.00592708473622	3.33388898765e-12	2.1786182371e-08	0.0252502171625	0.000640808239982	9.25531742916
0.00593290976826	2.9781850356e-12	2.00954900712e-08	0.0252672063266	0.000624440956859	9.50708826196
0.00593869696299	2.66036477378e-12	1.85356649666e-08	0.0252836634283	0.00060858536129	9.76413873581
0.00594444277064	2.37639850157e-12	1.70965923363e-08	0.0252996051401	0.00059322515919	10.0264962954
0.00595014364754	2.122684859e-12	1.57689389629e-08	0.0253150476076	0.000578344584923	10.2941839511
0.00595579606473	1.89600530509e-12	1.45440927153e-08	0.0253300064661	0.000563928384514	10.5672200623
0.00596139967178	1.69337147039e-12	1.34306393407e-08	0.0253444968593	0.000549962090592	10.8456181229
0.00596694806697	1.5123164876e-12	1.24042384441e-08	0.0253585157163	0.000536448885589	11.1290185559
0.00597243614324	1.35057193872e-12	1.14559916569e-08	0.0253720758952	0.000523376163579	11.4173379208
0.00597785970346	1.20608212789e-12	1.05799620615e-08	0.0253851923833	0.000510729275492	11.7105354601
0.00598321463707	1.07700994506e-12	9.77066340592e-09	0.0253978796727	0.00049849407374	12.0085634816
0.00598849693382	9.61713633619e-13	9.02302586844e-09	0.0254101517765	0.000486656895371	12.3113672218
0.00599370269739	8.58726027602e-13	8.33236442632e-09	0.0254220222455	0.00047520454573	12.6188847249
0.0059988281587	7.6673599593e-13	7.69434963134e-09	0.0254335041831	0.000464124282625	12.9310467389
0.00600386995933	6.84567662775e-13	7.10726497911e-09	0.0254446102603	0.000453403821379	13.2477766289
0.00600882802174	6.11123814759e-13	6.57317463559e-09	0.0254553492986	0.000443034964687	13.5688851106
0.00601369447727	5.45533155053e-13	6.07901839111e-09	0.0254657195131	0.000433019535998	13.8938278765
0.00601846544443	4.86958313667e-13	5.62182181601e-09	0.025475733502	0.000423345277995	14.2224656938
0.00602313727795	4.34651028888e-13	5.19883163809e-09	0.0254854034283	0.00041400037687	14.5546514927
0.00602770658273	3.87942674631e-13	4.80749928702e-09	0.0254947410348	0.000404973446215	14.8902305317
0.00603217022653	3.46235794709e-13	4.44546566615e-09	0.0255037576597	0.000396253511411	15.2290405942
0.00603652535129	3.08996536909e-13	4.11054705987e-09	0.0255124642503	0.000387829994515	15.5709122165
0.00604076938288	2.75747891187e-13	3.80072209179e-09	0.0255208713771	0.000379692699623	15.9156689481
0.00604489754475	2.4608081315e-13	3.50137009803e-09	0.0255289892473	0.000371831645196	16.263127643
0.00604889390121	2.19707486836e-13	3.20611823823e-09	0.0255368561796	0.000364208043489	16.6143975474
0.00605277811331	1.961549996e-13	2.93569732289e-09	0.0255445287572	0.00035676697477	16.9716880475
0.00605656587254	1.75045670986e-13	2.713470437e-09	0.025552011728	0.000349505014267	17.3350386174
0.00606025152165	1.56151954995e-13	2.51543499074e-09	0.025559239622	0.000342487692148	17.7008618387
0.00606382291669	1.39288985091e-13	2.33175750902e-09	0.0255661986746	0.000335728500471	18.0677509779
0.00606727836258	1.24239372629e-13	2.16140345061e-09	0.0255728987667	0.000329217886138	18.4354383339
0.00607061655098	1.10808920255e-13	2.00341250851e-09	0.0255793494145	0.000322946666148	18.8036536182
0.00607383655808	9.88241536287e-14	1.85689328435e-09	0.0255855597836	0.000316906012483	19.1721247228
0.00607693783982	8.81301156139e-14	1.7210183465e-09	0.0255915387025	0.000311087437567	19.5405785023
0.00607992022442	7.85883950028e-14	1.59501964394e-09	0.025597294675	0.000305482780257	19.9087415643
0.00608278390264	7.00753648371e-14	1.47818425035e-09	0.0256028358931	0.000300084192376	20.2763410639
0.00608552941561	6.2480608029e-14	1.36985041433e-09	0.0256081702486	0.000294884125768	20.6431054983
0.00608815764066	5.57055103653e-14	1.26940389366e-09	0.0256133053445	0.000289875319864	21.0087654951
0.00609066977518	4.96620031004e-14	1.176274553e-09	0.0256182485057	0.000285050789749	21.3730545905
0.00609306846746	4.42689042087e-14	1.09167773534e-09	0.02562300679	0.000280403867602	21.7357099931
0.00609535589472	3.94551958146e-14	1.01404730473e-09	0.0256275795417	0.000275935559857	22.0958762184
0.006097531762	3.51626120291e-14	9.41897644969e-10	0.0256319695207	0.000271643330227	22.4529284806
0.00609959806802	3.13350111647e-14	8.74845044389e-10	0.0256361839065	0.000267520313182	22.8066045054
0.00610155709381	2.7922269659e-14	8.12532437144e-10	0.0256402295998	0.000263559917698	23.1566522493
0.00610341137506	2.48796398675e-14	7.54627561676e-10	0.0256441132338	0.000259755815239	23.5028305461
0.00610516367385	2.21671761664e-14	7.00821246834e-10	0.0256478411848	0.000256101928317	23.8449096875
0.00610681695029	1.97492221094e-14	6.50825816698e-10	0.0256514195825	0.00025259241958	24.1826719345
0.00610837433411	1.7593952151e-14	6.04373605783e-10	0.0256548543192	0.000249221681432	24.5159119576
0.00610983909679	1.56729621392e-14	5.61215576873e-10	0.0256581510594	0.000245984326149	24.844437206
0.00611121462423	1.3960903401e-14	5.21120034322e-10	0.0256613152484	0.00024287517648	25.1680682041
0.00611250439045	1.24351557872e-14	4.83871426129e-10	0.0256643521213	0.000239889256705	25.4866387758
0.0061137120105	1.10754496978e-14	4.49445312626e-10	0.0256672667104	0.000237021787167	25.7999961987
0.00611484210658	9.86265674387e-15	4.18188907247e-10	0.0256700627496	0.000234269314555	26.1078782338
0.00611589687995	8.78217211688e-15	3.8909255424e-10	0.0256727399901	0.000231632264483	26.4095921266
0.00611687984378	7.81962744545e-15	3.62008253529e-10	0.0256753033934	0.000229105894053	26.7050369408
0.00611779451226	6.96220640996e-15	3.36798037369e-10	0.0256777577185	0.000226685653493	26.9941275021
0.00611864437955	6.19847807788e-15	3.13333297831e-10	0.02568010753	0.000224367177889	27.2767940605
0.00611943290073	5.51824803144e-15	2.9149415908e-10	0.025682357206	0.000222146279317	27.5529818886
0.00612016347477	4.91242539723e-15	2.71168891446e-10	0.0256845109455	0.000220018939383	27.8226508253
0.00612083942959	4.37290408774e-15	2.52253364474e-10	0.0256865727758	0.00021798130212	28.0857747685
0.006121464009	3.89245674404e-15	2.3465053636e-10	0.0256885465589	0.000216029667241	28.3423411249
0.00612204036165	3.46464002883e-15	2.18269977338e-10	0.0256904359985	0.000214160483716	28.5923502232
0.00612257153183	3.08371006232e-15	2.03027424753e-10	0.0256922446462	0.000212370343654	28.8358146958
0.00612306045201	2.74454692132e-15	1.88844367728e-10	0.0256939759074	0.000210655976485	29.0727588367
0.00612350999431	2.44254937078e-15	1.75783994381e-10	0.0256956330475	0.000209014245355	29.3032179404
0.00612392309023	2.17349418523e-15	1.63783292791e-10	0.0256972179519	0.000207443391226	29.527060415
0.00612430192757	1.93399946599e-15	1.52598198616e-10	0.0256987321152	0.000205942017028	29.7441161043
0.00612464894071	1.72082840013e-15	1.42173654291e-10	0.025700178655	0.000204507108069	29.9544676866
0.00612496644213	1.53109707719e-15	1.32458282452e-10	0.0257015605544	0.000203135777038	30.1582065726
0.00612525662198	1.36223621894e-15	1.23404143242e-10	0.0257028806677	0.000201825258712	30.3554320988
0.00612552154862	1.21195703273e-15	1.14966507367e-10	0.0257041417255	0.000200572904893	30.5462507395
0.00612576317015	1.07822074722e-15	1.07103643887e-10	0.0257053463405	0.000199376179574	30.7307753397
0.00612598331663	9.59211436339e-16	9.97766218035e-11	0.0257064970119	0.000198232654307	30.9091243733
0.00612618370304	8.53311779051e-16	9.29491245642e-11	0.0257075961303	0.00019714000377	31.0814212292
0.00612636593277	7.59081440093e-16	8.65872766437e-11	0.0257086459824	0.000196096001528	31.2477935267
0.00612653150151	6.75237790305e-16	8.06594814451e-11	0.0257096487552	0.000195098515963	31.4083724635
0.00612668180156	6.00638715136e-16	7.51362697859e-11	0.0257106065404	0.000194145506375	31.5632921961
0.00612681814136	5.34260023018e-16	7.00373932609e-11	0.0257115213383	0.000193235019719	31.7126892546
0.00612694178378	4.75165781276e-16	6.53411983321e-11	0.0257123944631	0.000192365786475	31.8566029107
0.00612705373801	4.22597392923e-16	6.0958996316e-11	0.0257132269972	0.000191536760578	31.9950454966
0.00612715502964	3.75835755588e-16	5.68698886272e-11	0.0257140208125	0.000190746105853	32.1281727222
0.00612724660521	3.34240778985e-16	5.3054357718e-11	0.0257147776961	0.000189992068108	32.2561403127
0.00612732933677	2.97242736341e-16	4.94941768181e-11	0.0257154993536	0.000189272971603	32.3791035553
0.00612740402642	2.64334557795e-16	4.61723254767e-11	0.025716187413	0.00018858721566	32.4972168854
0.0061274714108	2.35064963837e-16	4.30729105437e-11	0.025716843428	0.000187933271415	32.6106335113
0.00612753216537	2.09032347771e-16	4.01810922453e-11	0.0257174688813	0.000187309678706	32.7195050755
0.00612758690863	1.85879325987e-16	3.74830150353e-11	0.0257180651881	0.000186715043093	32.8239813514
0.00612763620617	1.65287883567e-16	3.49657429188e-11	0.0257186336983	0.000186148032993	32.9242099733
0.00612768057449	1.46975050549e-16	3.26171989654e-11	0.0257191757005	0.000185607376943	33.0203361985
0.00612772048469	1.30689051163e-16	3.04261087469e-11	0.0257196924239	0.000185091860972	33.1125026983
0.00612775636735	1.16205311587e-16	2.8388719098e-11	0.0257201850414	0.000184600326122	33.2008493784
0.00612778863184	1.0331702201e-16	2.65172212754e-11	0.025720654558	0.000184131780527	33.2854926195
0.00612781760814	9.18568299859e-17	2.47688907619e-11	0.0257211015164	0.000183685691895	33.3664707699
0.00612784361902	8.16666962646e-17	2.31356443006e-11	0.0257215269957	0.000183260991601	33.4439240384
0.00612786695734	7.26060404397e-17	2.16099266966e-11	0.0257219320234	0.000182856661173	33.5179889408
0.00612788788863	6.4549816797e-17	2.01846765766e-11	0.0257223175786	0.000182471730002	33.5887982368
0.00612790665333	5.7386801549e-17	1.88532943421e-11	0.0257226845938	0.000182105273147	33.6564808875
0.00612792346902	5.10180683322e-17	1.76096121786e-11	0.025723033957	0.000181756409236	33.7211620301
0.00612793853243	4.53556313582e-17	1.64478659906e-11	0.0257233665143	0.00018142429846	33.7829629694
0.00612795202126	4.03212378545e-17	1.53626691417e-11	0.0257236830712	0.000181108140654	33.8420011829
0.00612796409592	3.58452934311e-17	1.43489878853e-11	0.025723984395	0.00018080717347	33.89839034
0.00612797490108	3.18659057937e-17	1.34021183787e-11	0.0257242712165	0.000180520670621	33.9522403319
0.00612798456716	2.83280338158e-17	1.25176651806e-11	0.0257245442315	0.000180247940208	34.0036573125
0.00612799321163	2.51827304001e-17	1.16915211372e-11	0.0257248041027	0.000179988323128	34.0527437476
0.00612800094315	2.23854170503e-17	1.09323686359e-11	0.0257250514611	0.000179741191625	34.0995984723
0.00612800785648	1.98975269017e-17	1.02279626136e-11	0.0257252866275	0.000179506227977	34.1442634438
0.00612801403332	1.76859997233e-17	9.56890131429e-12	0.0257255100682	0.000179282968111	34.1868098911
0.00612801955072	1.57201575277e-17	8.95227040052e-12	0.0257257223666	0.00017907083108	34.2273329989
0.00612802447785	1.39727244972e-17	8.37534233575e-12	0.025725924077	0.00017886926458	34.2659241812
0.00612802887683	1.24194501866e-17	7.83556446556e-12	0.0257261157264	0.000178677743551	34.3026711812
0.00612803280339	1.10387743813e-17	7.33054785364e-12	0.0257262978155	0.000178495768854	34.337658174
0.00612803630752	9.81152901623e-18	6.85805682512e-12	0.0257264708204	0.000178322866005	34.370965871
0.00612803943403	8.72067306724e-18	6.41599917313e-12	0.0257266351934	0.000178158583971	34.4026716258
0.00612804222307	7.75105677644e-18	6.00241698695e-12	0.0257267913644	0.000178002494026	34.4328495403
0.00612804471061	6.88921197268e-18	5.61547806271e-12	0.025726939742	0.000177854188654	34.461570571
0.00612804692885	6.12316560501e-18	5.25346786015e-12	0.0257270807145	0.000177713280515	34.4889026353
0.00612804890662	5.44227392447e-18	4.914781971e-12	0.0257272146509	0.000177579401455	34.5149107165
0.00612805066971	4.83707503196e-18	4.59791906674e-12	0.0257273419019	0.000177452201561	34.5396569678
0.00612805224152	4.29904209385e-18	4.30360148494e-12	0.0257274628007	0.000177331348279	34.5632008158
0.00612805364236	3.82080481257e-18	4.02845454146e-12	0.0257275776042	0.000177216585354	34.5855873873
0.00612805489055	3.39575459077e-18	3.77089055424e-12	0.025727686609	0.000177107616589	34.6068700932
0.00612805600259	3.01797831866e-18	3.5297868229e-12	0.0257277901078	0.000177004149933	34.6271020214
0.0061280569932	2.68221995828e-18	3.30409223215e-12	0.0257278883784	0.000176905908006	34.6463338376
0.00612805787553	2.38380757878e-18	3.09282269849e-12	0.0257279816845	0.000176812627369	34.6646138831
0.00612805866133	2.11858848649e-18	2.89505690537e-12	0.0257280702767	0.000176724057828	34.6819882695
0.00612805936109	1.88287155273e-18	2.70993230858e-12	0.0257281543929	0.000176639961768	34.6985009713
0.00612805998417	1.67337594178e-18	2.53664139492e-12	0.0257282342591	0.00017656011353	34.7141939155
0.0061280605389	1.4871855297e-18	2.37442817814e-12	0.0257283100898	0.000176484298806	34.7291070677
0.00612806103276	1.32170838298e-18	2.2225849173e-12	0.0257283820888	0.000176412314076	34.7432785168
0.00612806147236	1.17464073589e-18	2.08044904336e-12	0.0257284504494	0.000176343966067	34.7567445558
0.00612806186366	1.04393496786e-18	1.94740028105e-12	0.0257285153555	0.000176279071236	34.76953976
0.00612806221191	9.27771136786e-19	1.82285795349e-12	0.0257285769815	0.000176217455284	34.7816970628
0.00612806252185	8.24531674149e-19	1.70627845815e-12	0.025728635493	0.000176158952696	34.7932478281
0.00612806279765	7.32778890745e-19	1.59715290327e-12	0.0257286910473	0.000176103406294	34.8042219211
0.00612806304307	6.51234981345e-19	1.49500489453e-12	0.0257287437938	0.000176050666823	34.8146477749
0.00612806326144	5.78764250777e-19	1.39938846258e-12	0.0257287938744	0.000176000592549	34.8245524558
0.00612806345573	5.14357314878e-19	1.30988612239e-12	0.0257288414236	0.000175953048887	34.8339617256
0.00612806362857	4.57117057021e-19	1.22610705613e-12	0.0257288865694	0.000175907908034	34.8429001011
0.00612806378234	4.06246145292e-19	1.14768541171e-12	0.0257289294333	0.000175865048638	34.8513909116
0.00612806391913	3.61035936983e-19	1.0742787097e-12	0.0257289701304	0.000175824355461	34.8594563539
0.00612806404081	3.20856616323e-19	1.00556635168e-12	0.0257290087702	0.000175785719085	34.867117545
0.00612806414904	2.85148428449e-19	9.41248223642e-13	0.0257290454568	0.000175749035607	34.8743945724
0.0061280642453	2.53413887843e-19	8.8104338836e-13	0.0257290802888	0.000175714206371	34.8813065427
0.00612806433092	2.25210852958e-19	8.24688861121e-13	0.0257291133599	0.000175681137696	34.8878716273
0.00612806440706	2.00146370794e-19	7.7193846348e-13	0.0257291447592	0.000175649740632	34.8941071075
0.00612806447478	1.77871205865e-19	7.22561750094e-13	0.025729174571	0.000175619930718	34.9000294158
0.00612806453501	1.58074977489e-19	6.76343004001e-13	0.0257292028757	0.000175591627755	34.9056541771
0.00612806458856	1.40481837803e-19	6.3308029596e-13	0.0257292297494	0.000175564755596	34.9109962467
0.00612806463618	1.24846630395e-19	5.92584603809e-13	0.0257292552644	0.000175539241937	34.9160697478
0.00612806467853	1.10951476122e-19	5.54678987992e-13	0.0257292794895	0.000175515018125	34.9208881059
0.00612806471618	9.86027386392e-20	5.19197819698e-13	0.0257293024897	0.000175492018973	34.9254640833
0.00612806474969	8.76208720148e-20	4.88012263337e-13	0.025729324327	0.000175470182589	34.9298098104
0.00612806477958	7.78269874095e-20	4.60743041092e-13	0.0257293449725	0.000175449538036	34.933919332
0.00612806480614	6.91277623578e-20	4.34997393071e-13	0.0257293643957	0.000175430115582	34.9377864558
0.00612806482975	6.14008567414e-20	4.10690214818e-13	0.025729382669	0.0001754118429	34.9414254272
0.00612806485072	5.4537601697e-20	3.87741153446e-13	0.0257293998606	0.000175394651941	34.9448496606
0.00612806486936	4.84414721424e-20	3.66074342593e-13	0.0257294160344	0.000175378478683	34.9480717869
0.00612806488592	4.30267299218e-20	3.45618152137e-13	0.0257294312506	0.000175363262889	34.9511036987
0.00612806490064	3.82172185209e-20	3.2630495185e-13	0.0257294455661	0.00017534894789	34.9539565931
0.00612806491371	3.39452924254e-20	3.08070888214e-13	0.025729459034	0.000175335480365	34.9566410115
0.00612806492533	3.01508660867e-20	2.90855673671e-13	0.0257294717045	0.000175322810153	34.9591668782
0.00612806493565	2.67805691371e-20	2.74602387618e-13	0.0257294836249	0.000175310890057	34.9615435354
0.00612806494482	2.37869959877e-20	2.59257288489e-13	0.0257294948395	0.000175299675675	34.9637797777
0.00612806495296	2.11280392671e-20	2.44769636315e-13	0.0257295053902	0.000175289125232	34.9658838833
0.0061280649602	1.87662977356e-20	2.31091525174e-13	0.0257295153162	0.000175279199426	34.9678636448
0.00612806496663	1.66685503561e-20	2.18177724981e-13	0.0257295246546	0.000175269861279	34.9697263965
0.00612806497234	1.48052891311e-20	2.05985532109e-13	0.02572953344	0.000175261076004	34.9714790421
0.00612806497742	1.31503041411e-20	1.94474628325e-13	0.0257295417053	0.00017525281087	34.973128079
0.00612806498193	1.16803149518e-20	1.83606947612e-13	0.0257295494812	0.000175245035086	34.9746796228
0.00612806498593	1.03746432111e-20	1.73346550408e-13	0.0257295567967	0.000175237719682	34.9761394289
0.00612806498949	9.21492183172e-21	1.63659504865e-13	0.0257295636791	0.000175230837403	34.977512914
0.00612806499265	8.18483667422e-21	1.54513774733e-13	0.025729570154	0.000175224362606	34.9788051758
0.00612806499546	7.26989709702e-21	1.45879113503e-13	0.0257295762455	0.000175218271168	34.9800210118
0.00612806499795	6.45723214905e-21	1.3772696445e-13	0.0257295819763	0.000175212540393	34.9811649368
0.00612806500017	5.7354095392e-21	1.30030366264e-13	0.0257295873679	0.000175207148929	34.9822411994
0.00612806500214	5.09427483771e-21	1.22763863939e-13	0.0257295924402	0.000175202076685	34.9832537976
0.00612806500389	4.52480864851e-21	1.15903424644e-13	0.0257295972121	0.000175197304764	34.984206494
0.00612806500544	4.01899974437e-21	1.09426358285e-13	0.0257296017016	0.000175192815384	34.9851028289
0.00612806500682	3.56973238094e-21	1.03311242504e-13	0.0257296059252	0.000175188591818	34.9859461338
0.00612806500805	3.17068620526e-21	9.75378518641e-14	0.0257296098987	0.000175184618327	34.9867395437
0.00612806500913	2.81622578913e-21	9.21211548357e-14	0.025729613637	0.000175180880106	34.9874860084
0.0061280650101	2.5005629153e-21	8.74467187592e-14	0.0257296171525	0.000175177364552	34.9881880388
0.00612806501096	2.22028145636e-21	8.30094683612e-14	0.0257296204409	0.000175174076181	34.9888447274
0.00612806501173	1.97141570809e-21	7.87973692468e-14	0.0257296235168	0.000175171000315	34.9894590011
0.00612806501241	1.75044444966e-21	7.4798997553e-14	0.0257296263939	0.000175168123219	34.9900335979
0.00612806501301	1.55424112681e-21	7.10035089829e-14	0.0257296290851	0.000175165432051	34.9905710795
0.00612806501355	1.38002961812e-21	6.74006094102e-14	0.0257296316024	0.000175162914794	34.9910738421
0.00612806501402	1.22534495878e-21	6.39805269732e-14	0.025729633957	0.00017516056021	34.9915441275
0.00612806501444	1.08799846608e-21	6.07339855839e-14	0.0257296361594	0.000175158357788	34.9919840327
0.00612806501482	9.66046773566e-22	5.76521797804e-14	0.0257296382195	0.000175156297695	34.9923955195
0.00612806501515	8.57764335713e-22	5.47267508534e-14	0.0257296401465	0.000175154370732	34.9927804232
0.00612806501545	7.61619014157e-22	5.19497641843e-14	0.0257296419489	0.000175152568297	34.9931404606
0.00612806501571	6.76250400196e-22	4.93136877316e-14	0.0257296436349	0.000175150882342	34.9934772376
0.00612806501594	6.00450566873e-22	4.68113716088e-14	0.0257296452119	0.00017514930534	34.9937922564
0.00612806501615	5.33146978342e-22	4.44360286978e-14	0.025729646687	0.000175147830251	34.9940869226
0.00612806501633	4.73387314755e-22	4.2181216245e-14	0.0257296480668	0.000175146450488	34.9943625506
0.0061280650165	4.20325997986e-22	4.00408183914e-14	0.0257296493574	0.000175145159891	34.9946203703
0.00612806501664	3.73212227562e-22	3.80090295886e-14	0.0257296505646	0.000175143952698	34.9948615319
0.00612806501677	3.31379357549e-22	3.60803388554e-14	0.0257296516938	0.00017514282352	34.9950871116
0.00612806501688	2.94235464101e-22	3.42495148337e-14	0.02572965275	0.000175141767313	34.9952981159
0.00612806501699	2.61254970215e-22	3.25115916019e-14	0.0257296537379	0.000175140779364	34.9954954865
0.00612806501708	2.3197120922e-22	3.08618552079e-14	0.025729654662	0.00017513985526	34.995680104
0.00612806501716	2.05969821768e-22	2.92958308853e-14	0.0257296555264	0.000175138990876	34.9958527925
0.00612806501723	1.82882892917e-22	2.78092709183e-14	0.0257296563349	0.000175138182353	34.9960143225
0.00612806501729	1.62383746355e-22	2.63981431218e-14	0.0257296570912	0.000175137426081	34.996165415
0.00612806501735	1.44182322114e-22	2.5058619906e-14	0.0257296577986	0.000175136718682	34.9963067444
0.00612806501739	1.28021072364e-22	2.3787067896e-14	0.0257296584603	0.000175136056999	34.9964389414
0.00612806501744	1.1367131724e-22	2.25800380776e-14	0.0257296590792	0.000175135438077	34.9965625961
0.00612806501748	1.00930009111e-22	2.14342564431e-14	0.0257296596581	0.000175134859152	34.9966782604
0.00612806501751	8.96168595477e-23	2.03466151123e-14	0.0257296601997	0.000175134317641	34.9967864506
0.00612806501754	7.95695771068e-23	1.9340109252e-14	0.0257296607062	0.000175133811125	34.9968876496
0.00612806501757	7.06338676961e-23	1.84288386061e-14	0.0257296611793	0.000175133337991	34.9969821795
0.0061280650176	6.27016421765e-23	1.75605052073e-14	0.0257296616201	0.000175132897222	34.9970702436
0.00612806501762	5.56602091364e-23	1.67330859569e-14	0.0257296620307	0.000175132486604	34.997152284
0.00612806501764	4.94095323859e-23	1.59446530774e-14	0.0257296624132	0.000175132104074	34.9972287127
0.00612806501765	4.38608097857e-23	1.51933696219e-14	0.0257296627696	0.000175131747712	34.9972999135
0.00612806501767	3.89352116708e-23	1.44774851946e-14	0.0257296631016	0.000175131415726	34.9973662442
0.00612806501768	3.45627609474e-23	1.37953318728e-14	0.0257296634109	0.00017513110645	34.9974280376
0.00612806501769	3.06813389533e-23	1.31453203214e-14	0.025729663699	0.000175130818331	34.9974856042
0.0061280650177	2.72358029593e-23	1.252593609e-14	0.0257296639674	0.00017513054992	34.9975392332
0.00612806501771	2.41772027734e-23	1.19357360849e-14	0.0257296642174	0.00017513029987	34.9975891938
0.00612806501772	2.14620853211e-23	1.1373345207e-14	0.0257296644504	0.000175130066925	34.9976357369
0.00612806501773	1.9051877319e-23	1.08374531482e-14	0.0257296646674	0.000175129849914	34.9976790963
0.00612806501774	1.69123372752e-23	1.03268113386e-14	0.0257296648696	0.000175129647749	34.9977194898
0.00612806501774	1.5013069029e-23	9.84023003777e-15	0.0257296650579	0.000175129459412	34.9977571202
0.00612806501775	1.33270899199e-23	9.37657556287e-15	0.0257296652333	0.000175129283959	34.9977921766
0.00612806501775	1.18304474513e-23	8.93476764744e-15	0.0257296653968	0.000175129120508	34.997824835
0.00612806501776	1.05018790026e-23	8.51377692458e-15	0.0257296655491	0.000175128968238	34.9978552594
0.00612806501776	9.32250975538e-24	8.11262252876e-15	0.0257296656909	0.000175128826384	34.9978836027
0.00612806501776	8.27558454283e-24	7.73036981058e-15	0.0257296658231	0.000175128694233	34.9979100071
0.00612806501777	7.34622981216e-24	7.3661281592e-15	0.0257296659462	0.000175128571122	34.9979346054
0.00612806501777	6.51960218317e-24	7.10452070619e-15	0.0257296660609	0.000175128456433	34.9979575211
0.00612806501777	5.77612114956e-24	6.98389716392e-15	0.0257296661664	0.000175128350901	34.9979786071
0.00612806501777	5.1174250121e-24	6.86532161153e-15	0.0257296662615	0.000175128255789	34.9979976112
0.00612806501777	4.53384510074e-24	6.74875927837e-15	0.0257296663472	0.000175128170068	34.9980147389
0.00612806501778	4.01681533626e-24	6.634175984e-15	0.0257296664245	0.000175128092811	34.9980301755
0.00612806501778	3.55874649385e-24	6.52153812822e-15	0.0257296664941	0.000175128023181	34.998044088
0.00612806501778	3.15291480536e-24	6.41081268122e-15	0.0257296665569	0.000175127960427	34.9980566268
0.00612806501778	2.79336326488e-24	6.30196717391e-15	0.0257296666134	0.000175127903869	34.9980679276
0.00612806501778	2.47481418926e-24	6.19496968841e-15	0.0257296666644	0.000175127852895	34.9980781126
0.00612806501778	2.19259174985e-24	6.08978884868e-15	0.0257296667104	0.000175127806954	34.998087292
0.00612806501778	1.94255333854e-24	5.98639381134e-15	0.0257296667518	0.000175127765548	34.9980955651
0.00612806501778	1.72102876064e-24	5.88475425665e-15	0.0257296667891	0.000175127728232	34.9981030213
0.00612806501778	1.524766362e-24	5.78484037959e-15	0.0257296668227	0.000175127694599	34.9981097413
0.00612806501778	1.35088529967e-24	5.68662288117e-15	0.025729666853	0.000175127664288	34.9981157979
0.00612806501778	1.19683325549e-24	5.59007295979e-15	0.0257296668803	0.000175127636969	34.9981212564
0.00612806501779	1.06034897188e-24	5.49516230285e-15	0.025729666905	0.000175127612347	34.998126176
0.00612806501779	9.39429059988e-25	5.4018630784e-15	0.0257296669272	0.000175127590157	34.9981306098
0.00612806501779	8.32298592962e-25	5.31014792704e-15	0.0257296669472	0.000175127570157	34.9981346059
0.00612806501779	7.37385052638e-25	5.21998995384e-15	0.0257296669652	0.000175127552133	34.9981382074
0.00612806501779	6.5329524734e-25	5.13136272051e-15	0.0257296669814	0.000175127535888	34.9981414533
0.00612806501779	5.7879503425e-25	5.0441698608e-15	0.0257296669961	0.000175127521246	34.9981443787
0.00612806501779	5.12793290636e-25	4.95810002597e-15	0.0257296670093	0.000175127508051	34.9981470153
0.00612806501779	4.543179245e-25	4.87349881996e-15	0.0257296670212	0.000175127496157	34.9981493919
0.00612806501779	4.02510680454e-25	4.79034118328e-15	0.0257296670319	0.000175127485436	34.9981515339
0.00612806501779	3.56611172523e-25	4.70860248405e-15	0.0257296670415	0.000175127475773	34.9981534647
0.00612806501779	3.15945723817e-25	4.6282585107e-15	0.0257296670502	0.000175127467064	34.9981552049
0.00612806501779	2.79917478832e-25	4.54928546474e-15	0.0257296670581	0.000175127459213	34.9981567735
0.00612806501779	2.4799764328e-25	4.47165995378e-15	0.0257296670652	0.000175127452137	34.9981581873
0.00612806501779	2.19717722874e-25	4.39535898457e-15	0.0257296670715	0.000175127445759	34.9981594617
0.00612806501779	1.94662647129e-25	4.32035995618e-15	0.0257296670773	0.000175127440011	34.9981606103
0.00612806501779	1.72464677295e-25	4.24664065333e-15	0.0257296670825	0.000175127434829	34.9981616457
0.00612806501779	1.52798008977e-25	4.17417923981e-15	0.0257296670872	0.000175127430159	34.9981625788
0.00612806501779	1.35373990232e-25	4.10295425198e-15	0.0257296670914	0.000175127425949	34.99816342
0.00612806501779	1.19936884967e-25	4.03294459245e-15	0.0257296670952	0.000175127422155	34.9981641781
0.00612806501779	1.06260119443e-25	3.96412952382e-15	0.0257296670986	0.000175127418735	34.9981648615
0.00612806501779	9.41429568099e-26	3.89648866252e-15	0.0257296671017	0.000175127415652	34.9981654774
0.00612806501779	8.3407550842e-26	3.8300019728e-15	0.0257296671044	0.000175127412874	34.9981660326
0.00612806501779	7.3896335656e-26	3.76464976079e-15	0.0257296671069	0.000175127410369	34.998166533
0.00612806501779	6.54697130808e-26	3.70041266862e-15	0.0257296671092	0.000175127408112	34.998166984
0.00612806501779	5.80040037458e-26	3.63727166879e-15	0.0257296671112	0.000175127406077	34.9981673905
0.00612806501779	5.13896318118e-26	3.5752080584e-15	0.0257296671131	0.000175127404243	34.998167757
0.00612806501779	4.55112703392e-26	3.54997787535e-15	0.0257296671147	0.00017512740259	34.9981680873
0.00612806501779	4.02817072866e-26	3.54411968851e-15	0.0257296671162	0.000175127401116	34.9981683818
0.00612806501779	3.56530575751e-26	3.53827116886e-15	0.0257296671175	0.000175127399809	34.998168643
0.00612806501779	3.15562720634e-26	3.53243230046e-15	0.0257296671187	0.00017512739865	34.9981688745
0.00612806501779	2.79302358387e-26	3.52660306737e-15	0.0257296671197	0.000175127397623	34.9981690798
0.00612806501779	2.47208565185e-26	3.5207834537e-15	0.0257296671206	0.000175127396712	34.9981692618
0.00612806501779	2.18802573129e-26	3.51497344358e-15	0.0257296671214	0.000175127395905	34.9981694231
0.00612806501779	1.93660628097e-26	3.50917302115e-15	0.0257296671221	0.000175127395189	34.9981695662
0.00612806501779	1.71407668275e-26	3.5033821706e-15	0.0257296671228	0.000175127394554	34.998169693
0.00612806501779	1.51711729073e-26	3.49760087613e-15	0.0257296671233	0.000175127393992	34.9981698054
0.00612806501779	1.34278990951e-26	3.49182912198e-15	0.0257296671238	0.000175127393493	34.9981699051
0.00612806501779	1.18849396287e-26	3.48606689239e-15	0.0257296671243	0.000175127393051	34.9981699934
0.00612806501779	1.05192769899e-26	3.48031417165e-15	0.0257296671247	0.000175127392658	34.9981700718
0.00612806501779	9.31053853388e-27	3.47457094407e-15	0.025729667125	0.000175127392311	34.9981701412
0.00612806501779	8.24069257533e-27	3.46883719399e-15	0.0257296671253	0.000175127392003	34.9981702028
