0.0	0.3520610835	0.895172617602	0.0	0.0	0.0
3.74969029217e-18	0.352061083494	0.895172617593	5.18056984173e-12	3.74966724335e-12	1e-06
4.19764577567e-18	0.352061083493	0.895172617593	5.499905121e-12	4.04265509955e-12	1.03833333333e-06
4.6991161096e-18	0.352061083493	0.895172617592	5.84419201713e-12	4.35862457236e-12	1.07813611111e-06
5.2604944275e-18	0.352061083492	0.895172617592	6.21538015243e-12	4.69912997401e-12	1.11946466204e-06
5.88893761642e-18	0.352061083492	0.895172617591	6.61557148511e-12	5.06628072825e-12	1.16237747408e-06
6.59245755852e-18	0.352061083491	0.895172617591	7.04703221223e-12	5.46218625882e-12	1.20693527725e-06
7.38002327273e-18	0.352061083491	0.89517261759	7.51220560266e-12	5.88895598948e-12	1.25320112955e-06
8.26167525881e-18	0.35206108349	0.895172617589	8.01372583281e-12	6.34914343319e-12	1.30124050618e-06
9.24865350145e-18	0.352061083489	0.895172617588	8.55443290339e-12	6.84519108058e-12	1.35112139225e-06
1.03535407663e-17	0.352061083489	0.895172617587	9.13738872171e-12	7.38009653384e-12	1.40291437895e-06
1.15904230148e-17	0.352061083488	0.895172617586	9.76589444063e-12	7.95674637282e-12	1.45669276348e-06
1.29750689831e-17	0.352061083487	0.895172617585	1.04435091522e-11	8.5783602443e-12	1.51253265274e-06
1.4525131214e-17	0.352061083486	0.895172617584	1.11740700422e-11	9.24871290655e-12	1.5705130711e-06
1.62603711055e-17	0.352061083485	0.895172617583	1.19617141191e-11	9.97135707327e-12	1.63071607215e-06
1.82029108442e-17	0.352061083484	0.895172617581	1.2810901641e-11	1.07504005696e-11	1.69322685492e-06
2.03775154362e-17	0.352061083483	0.89517261758	1.37264413736e-11	1.159039531e-11	1.75813388436e-06
2.28119084308e-17	0.352061083482	0.895172617578	1.47135178204e-11	1.24961152535e-11	1.82552901659e-06
2.55371253619e-17	0.35206108348	0.895172617577	1.57777205821e-11	1.34724453813e-11	1.89550762889e-06
2.85879094125e-17	0.352061083479	0.895172617575	1.69250760091e-11	1.45251588533e-11	1.96816875466e-06
3.20031543487e-17	0.352061083477	0.895172617573	1.81620813271e-11	1.56601398513e-11	2.04361522359e-06
3.58264003669e-17	0.352061083476	0.895172617571	1.94957414302e-11	1.68837166467e-11	2.12195380716e-06
4.01063891785e-17	0.352061083474	0.895172617569	2.09336085472e-11	1.82028836445e-11	2.20329536976e-06
4.48976854071e-17	0.352061083472	0.895172617566	2.2483825009e-11	1.96251903613e-11	2.2877550256e-06
5.02613722202e-17	0.35206108347	0.895172617564	2.41551693566e-11	2.11586304029e-11	2.37545230158e-06
5.62658300656e-17	0.352061083468	0.895172617561	2.59571060517e-11	2.28119745311e-11	2.46651130647e-06
6.29876084382e-17	0.352061083465	0.895172617558	2.78998390727e-11	2.45943265747e-11	2.56106090655e-06
7.05124017923e-17	0.352061083463	0.895172617554	2.99943696969e-11	2.65161226302e-11	2.65923490796e-06
7.89361420412e-17	0.35206108346	0.895172617551	3.22525587986e-11	2.85879098164e-11	2.76117224609e-06
8.8366221572e-17	0.352061083457	0.895172617547	3.46871940148e-11	3.08216785418e-11	2.86701718219e-06
9.89228623667e-17	0.352061083454	0.895172617543	3.73120621588e-11	3.32299743266e-11	2.9769195075e-06
1.10740648686e-16	0.35206108345	0.895172617539	4.01420272917e-11	3.58264529142e-11	3.09103475528e-06
1.23970242854e-16	0.352061083446	0.895172617534	4.31931148947e-11	3.86257692482e-11	3.20952442089e-06
1.38780306017e-16	0.352061083442	0.895172617529	4.64826026176e-11	4.16437995181e-11	3.33255619035e-06
1.55359648371e-16	0.352061083438	0.895172617523	5.00291181186e-11	4.48977521807e-11	3.46030417764e-06
1.73919636256e-16	0.352061083433	0.895172617517	5.38527445488e-11	4.84058348936e-11	3.5929491711e-06
1.9469688682e-16	0.352061083428	0.89517261751	5.79751342786e-11	5.21880316712e-11	3.73067888932e-06
2.179562846e-16	0.352061083422	0.895172617503	6.24196315103e-11	5.62658808402e-11	3.87368824673e-06
2.43994358475e-16	0.352061083416	0.895172617496	6.72114044714e-11	6.06622529949e-11	4.0221796295e-06
2.73143062044e-16	0.35206108341	0.895172617488	7.23775879369e-11	6.54021281534e-11	4.17636318195e-06
3.05774005633e-16	0.352061083403	0.895172617479	7.79474368876e-11	7.0512484735e-11	4.33645710391e-06
3.42303193869e-16	0.352061083395	0.89517261747	8.39524921746e-11	7.60219664939e-11	4.50268795953e-06
3.8319632923e-16	0.352061083387	0.895172617459	9.04267591287e-11	8.19621037639e-11	4.67529099796e-06
4.28974749186e-16	0.352061083379	0.895172617449	9.74069001246e-11	8.83662032358e-11	4.85451048619e-06
4.80222072607e-16	0.352061083369	0.895172617437	1.04932442193e-10	9.5270791247e-11	5.04060005479e-06
5.37591640199e-16	0.352061083359	0.895172617424	1.13046000852e-10	1.02714947648e-10	5.23382305686e-06
6.01814843791e-16	0.352061083348	0.89517261741	1.21793521432e-10	1.10740638869e-10	5.43445294067e-06
6.73710450692e-16	0.352061083336	0.895172617395	1.31224539251e-10	1.19393495076e-10	5.64277363669e-06
7.54195041969e-16	0.352061083324	0.895172617379	1.41392460126e-10	1.28722477105e-10	5.85907995938e-06
8.44294697736e-16	0.35206108331	0.895172617362	1.52354862797e-10	1.3878032055e-10	6.08367802444e-06
9.45158078423e-16	0.352061083295	0.895172617344	1.64173824979e-10	1.49624090873e-10	6.31688568198e-06
1.05807106879e-15	0.352061083279	0.895172617324	1.76916274904e-10	1.61315183407e-10	6.55903296639e-06
1.18447317138e-15	0.352061083262	0.895172617302	1.90654370311e-10	1.73919656424e-10	6.81046256337e-06
1.32597585842e-15	0.352061083244	0.895172617279	2.05465907066e-10	1.87509119307e-10	7.07153029488e-06
1.48438311613e-15	0.352061083224	0.895172617254	2.21434759702e-10	2.02160288469e-10	7.34260562276e-06
1.66171444334e-15	0.352061083202	0.895172617227	2.38651356381e-10	2.17956319612e-10	7.62407217153e-06
1.8602305976e-15	0.352061083179	0.895172617197	2.5721319097e-10	2.3498658569e-10	7.91632827132e-06
2.08246241711e-15	0.352061083154	0.895172617166	2.77225375127e-10	2.53347454062e-10	8.21978752159e-06
2.3312430858e-15	0.352061083127	0.895172617132	2.98801233527e-10	2.73143063648e-10	8.53487937644e-06
2.60974425297e-15	0.352061083098	0.895172617095	3.22062945595e-10	2.9448543595e-10	8.86204975238e-06
2.9215164679e-15	0.352061083067	0.895172617056	3.47142237379e-10	3.17495363233e-10	9.20176165937e-06
3.27053444507e-15	0.352061083033	0.895172617014	3.7418112749e-10	3.42303185679e-10	9.55449585611e-06
3.66124773687e-15	0.352061082997	0.895172616968	4.0333273132e-10	3.69049457524e-10	9.92075153037e-06
4.09863745995e-15	0.352061082958	0.895172616918	4.34762128103e-10	3.97885502165e-10	1.03010470054e-05
4.58827979838e-15	0.352061082916	0.895172616865	4.6864729572e-10	4.28974744431e-10	1.06959204737e-05
5.13641709319e-15	0.35206108287	0.895172616808	5.05180118555e-10	4.62493154671e-10	1.11059307582e-05
5.75003742454e-15	0.352061082821	0.895172616746	5.44567474088e-10	4.98630581021e-10	1.15316581036e-05
6.43696370123e-15	0.352061082768	0.895172616679	5.87032404403e-10	5.37591637583e-10	1.19737049972e-05
7.20595339322e-15	0.352061082711	0.895172616607	6.32815379225e-10	5.79597036696e-10	1.24326970216e-05
8.06681017864e-15	0.352061082649	0.89517261653	6.82175657645e-10	6.24884477105e-10	1.29092837403e-05
9.03050892871e-15	0.352061082583	0.895172616446	7.35392756254e-10	6.73710531353e-10	1.34041396164e-05
1.01093356239e-14	0.352061082511	0.895172616356	7.92768031981e-10	7.26351644969e-10	1.39179649678e-05
1.13170439853e-14	0.352061082434	0.895172616259	8.54626388614e-10	7.83105912836e-10	1.44514869575e-05
1.26690308174e-14	0.352061082351	0.895172616154	9.21318116659e-10	8.44294744515e-10	1.50054606234e-05
1.41825322988e-14	0.352061082261	0.895172616041	9.93220876957e-10	9.10264640612e-10	1.55806699464e-05
1.58768437225e-14	0.352061082165	0.895172615919	1.0707418393e-09	9.81389191171e-10	1.617792896e-05
1.7773565487e-14	0.35206108206	0.895172615788	1.15431998815e-09	1.05807107408e-09	1.67980829024e-05
1.9896878475e-14	0.352061081948	0.895172615646	1.24442860849e-09	1.14074460858e-09	1.74420094124e-05
2.22738523302e-14	0.352061081827	0.895172615493	1.34157796597e-09	1.22987797573e-09	1.81106197719e-05
2.49347905622e-14	0.352061081696	0.895172615329	1.4463181964e-09	1.32597588289e-09	1.88048601949e-05
2.7913616879e-14	0.352061081555	0.895172615151	1.55924242107e-09	1.42958245037e-09	1.95257131673e-05
3.12483076727e-14	0.352061081404	0.89517261496	1.68099010545e-09	1.54128454206e-09	2.02741988368e-05
3.49813761724e-14	0.35206108124	0.895172614754	1.81225068037e-09	1.66171442996e-09	2.10513764567e-05
3.91604144356e-14	0.352061081063	0.895172614531	1.95376744608e-09	1.79155434611e-09	2.18583458851e-05
4.38387000885e-14	0.352061080873	0.895172614292	2.10634178144e-09	1.93153948018e-09	2.26962491413e-05
4.90758755513e-14	0.352061080668	0.895172614033	2.27083768191e-09	2.08246242039e-09	2.35662720221e-05
5.4938708405e-14	0.352061080447	0.895172613754	2.44818665224e-09	2.24517792742e-09	2.44696457795e-05
6.15019425973e-14	0.352061080208	0.895172613454	2.63939298128e-09	2.42060737534e-09	2.54076488639e-05
6.8849251336e-14	0.352061079951	0.89517261313	2.84553942915e-09	2.60974430273e-09	2.63816087328e-05
7.707430382e-14	0.352061079674	0.895172612781	3.06779335859e-09	2.81365951967e-09	2.73929037294e-05
8.62819594072e-14	0.352061079375	0.895172612404	3.30741334556e-09	3.03350788013e-09	2.84429650337e-05
9.65896044427e-14	0.352061079053	0.895172611998	3.56575630621e-09	3.27053438816e-09	2.95332786873e-05
1.08128648791e-13	0.352061078705	0.895172611561	3.84428518086e-09	3.52608130339e-09	3.0665387697e-05
1.21046201152e-13	0.352061078331	0.895172611089	4.14457721829e-09	3.80159557943e-09	3.18408942179e-05
1.35506944514e-13	0.352061077927	0.89517261058	4.46833290735e-09	4.09863741265e-09	3.30614618212e-05
1.51695235663e-13	0.352061077492	0.895172610031	4.81738560647e-09	4.41888901294e-09	3.43288178482e-05
1.69817455507e-13	0.352061077022	0.89517260944	5.19371192556e-09	4.76416381851e-09	3.56447558552e-05
1.90104640174e-13	0.352061076516	0.895172608803	5.59944291915e-09	5.13641704307e-09	3.70111381512e-05
2.12815426447e-13	0.352061075971	0.895172608115	6.03687615405e-09	5.537756778e-09	3.84298984339e-05
2.38239349062e-13	0.352061075382	0.895172607374	6.50848872001e-09	5.97045542771e-09	3.99030445257e-05
2.66700531919e-13	0.352061074748	0.895172606575	7.0169512569e-09	6.43696358735e-09	4.1432661216e-05
2.98561820273e-13	0.352061074065	0.895172605714	7.56514307799e-09	6.93992292147e-09	4.30209132108e-05
3.34229406556e-13	0.352061073327	0.895172604785	8.15616847488e-09	7.48218159605e-09	4.46700481965e-05
3.74158008841e-13	0.352061072533	0.895172603784	8.7933742964e-09	8.06681004371e-09	4.63824000209e-05
4.18856667936e-13	0.352061071676	0.895172602704	9.48036890111e-09	8.69711917136e-09	4.81603919958e-05
4.6889523703e-13	0.352061070752	0.89517260154	1.02210425906e-08	9.37667834578e-09	5.00065403266e-05
5.24911646625e-13	0.352061069756	0.895172600285	1.10195896396e-08	1.01093354887e-08	5.19234576732e-05
5.87620037365e-13	0.352061068682	0.895172598932	1.18805320468e-08	1.08992396142e-08	5.39138568476e-05
6.57819864456e-13	0.352061067525	0.895172597474	1.28087451426e-08	1.17508638105e-08	5.59805546527e-05
7.36406089735e-13	0.352061066276	0.895172595901	1.38094851963e-08	1.26690305529e-08	5.81264758688e-05
8.24380591337e-13	0.352061064931	0.895172594206	1.4888419182e-08	1.36589393484e-08	6.03546573927e-05
9.22864936415e-13	0.35206106348	0.895172592378	1.60516568686e-08	1.47261957125e-08	6.26682525356e-05
1.03311467974e-12	0.352061061916	0.895172590407	1.73057854187e-08	1.58768433655e-08	6.50705354855e-05
1.15653537047e-12	0.352061060229	0.895172588282	1.86579066901e-08	1.71173980946e-08	6.75649059408e-05
1.29470047121e-12	0.352061058411	0.895172585992	2.01156774517e-08	1.8454884946e-08	7.01548939216e-05
1.44937141769e-12	0.352061056451	0.895172583522	2.16873527428e-08	1.98968778602e-08	7.28441647655e-05
1.6225200749e-12	0.352061054337	0.895172580859	2.33818326188e-08	2.14515424152e-08	7.56365243144e-05
1.816353876e-12	0.352061052059	0.895172577988	2.52087125507e-08	2.31276824561e-08	7.85359243006e-05
2.0333439643e-12	0.352061049602	0.895172574893	2.71783377621e-08	2.49347894998e-08	8.15464679395e-05
2.27625669733e-12	0.352061046954	0.895172571556	2.93018618119e-08	2.68830969142e-08	8.46724157362e-05
2.54818891452e-12	0.352061044098	0.895172567959	3.1591309754e-08	2.89836374271e-08	8.79181915149e-05
2.85260741802e-12	0.35206104102	0.89517256408	3.40596462331e-08	3.12483060766e-08	9.12883886796e-05
3.1933931702e-12	0.352061037701	0.895172559898	3.67208489004e-08	3.36899269345e-08	9.47877767145e-05
3.57489077109e-12	0.352061034122	0.895172555389	3.95899875656e-08	3.63223267149e-08	9.84213079338e-05
4.00196384672e-12	0.352061030264	0.895172550528	4.26833095342e-08	3.9160411823e-08	0.00010219412449
4.48005705427e-12	0.352061026104	0.895172545288	4.60183316122e-08	4.22202539534e-08	0.000106111565651
5.01526549475e-12	0.35206102162	0.895172539638	4.96139392997e-08	4.55191800183e-08	0.000110179175357
5.61441241798e-12	0.352061016785	0.895172533546	5.34904937353e-08	4.90758714008e-08	0.000114402710065
6.28513621057e-12	0.352061011572	0.895172526978	5.76699469968e-08	5.29104687601e-08	0.000118788146895
7.03598777585e-12	0.352061005952	0.895172519897	6.21759664101e-08	5.70446867176e-08	0.00012334169209
7.87653954727e-12	0.352060999893	0.895172512263	6.70340685729e-08	6.15019360917e-08	0.000128069789799
8.81750752502e-12	0.35206099336	0.895172504033	7.22717638481e-08	6.63074576799e-08	0.000132979131195
9.87088789168e-12	0.352060986317	0.895172495159	7.79187121496e-08	7.14884638118e-08	0.000138076663946
1.10501099485e-11	0.352060978724	0.895172485592	8.40068908987e-08	7.70742936688e-08	0.000143369602046
1.23702073225e-11	0.352060970537	0.895172475277	9.05707761053e-08	8.30965782633e-08	0.000148865436025
1.38480096258e-11	0.352060961711	0.895172464157	9.7647537597e-08	8.95894206272e-08	0.000154571943548
1.55023570129e-11	0.352060952195	0.895172452167	1.05277249503e-07	9.65895883239e-08	0.000160497200424
1.7354340368e-11	0.352060941935	0.895172439241	1.13503117185e-07	1.04136721615e-07	0.000166649592032
1.94275701882e-11	0.352060930874	0.895172425305	1.22371721898e-07	1.1227355839e-07	0.00017303782519
2.17484775867e-11	0.352060918948	0.89517241028	1.31933284567e-07	1.21046175641e-07	0.000179670940475
2.43466512566e-11	0.352060906091	0.895172394081	1.42241950181e-07	1.30504250805e-07	0.000186558325019
2.72552146891e-11	0.352060892229	0.895172376616	1.53356094396e-07	1.40701342764e-07	0.00019370972579
3.05112484556e-11	0.352060877284	0.895172357786	1.65338654105e-07	1.51695195486e-07	0.000201135263388
3.41562629379e-11	0.352060861171	0.895172337485	1.78257483836e-07	1.63548064433e-07	0.000208845446369
3.82367275324e-11	0.3520608438	0.895172315598	1.9218573999e-07	1.76327070051e-07	0.000216851186112
4.28046630754e-11	0.35206082507	0.895172292001	2.0720229511e-07	1.9010457669e-07	0.000225163812261
4.79183050412e-11	0.352060804878	0.89517226656	2.23392184514e-07	2.04958603381e-07	0.000233795088763
5.36428459695e-11	0.352060783108	0.895172239131	2.40847087828e-07	2.2097326504e-07	0.00024275723051
6.00512665852e-11	0.352060759636	0.895172209559	2.59665848144e-07	2.38239248859e-07	0.000252062920627
6.72252662076e-11	0.352060734331	0.895172177676	2.79955031738e-07	2.56854328446e-07	0.00026172532842
7.5256304309e-11	0.352060707048	0.895172143302	3.01829531527e-07	2.76923916494e-07	0.000271758128015
8.42467665029e-11	0.352060677634	0.895172106243	3.25413217679e-07	2.98561662405e-07	0.000282175517704
9.43112698241e-11	0.352060645921	0.895172066287	3.50839639045e-07	3.2189009566e-07	0.000292992240041
1.05578123943e-10	0.352060611731	0.89517202321	3.78252779415e-07	3.47041319814e-07	0.000304223602703
1.18190966942e-10	0.352060574869	0.895171976766	4.0780787285e-07	3.74157760002e-07	0.000315885500153
1.32310596505e-10	0.352060535126	0.895171926694	4.39672282727e-07	4.03392970393e-07	0.00032799443613
1.48117019871e-10	0.352060492279	0.89517187271	4.74026449463e-07	4.34912502933e-07	0.000340567547007
1.65811748676e-10	0.352060446083	0.895171814507	5.11064912294e-07	4.68894845024e-07	0.000353622626039
1.8562036795e-10	0.352060396278	0.895171751756	5.50997410882e-07	5.05532430261e-07	0.000367178148539
2.07795412006e-10	0.352060342581	0.895171684103	5.94050073003e-07	5.45032728429e-07	0.000381253298029
2.32619583902e-10	0.352060284689	0.895171611163	6.40466695028e-07	5.87619419772e-07	0.000395867993379
2.60409359494e-10	0.352060222273	0.895171532524	6.90510122453e-07	6.33533662067e-07	0.000411042916995
2.91519022051e-10	0.352060154981	0.895171447741	7.44463738297e-07	6.8303545584e-07	0.00042679954409
3.26345178847e-10	0.35206008243	0.895171356333	8.02633067791e-07	7.36405117159e-07	0.000443160173066
3.65331817316e-10	0.352060004211	0.895171257782	8.65347508443e-07	7.93944864333e-07	0.000460147957072
4.08975965227e-10	0.352059919879	0.895171151532	9.32962195286e-07	8.55980529945e-07	0.000477786936761
4.57834027029e-10	0.352059828959	0.895171036979	1.00586001185e-06	9.22863405003e-07	0.000496102074312
5.12528877151e-10	0.352059730934	0.895170913476	1.08445375827e-06	9.949722294e-07	0.000515119288748
5.7375780067e-10	0.352059625251	0.895170780322	1.16918848878e-06	1.07271533514e-06	0.000534865492612
6.4230138258e-10	0.352059511309	0.895170636765	1.26054403182e-06	1.15653295965e-06	0.000555368630044
7.19033458985e-10	0.352059388465	0.895170481991	1.35903770711e-06	1.24689973823e-06	0.000576657716326
8.04932257055e-10	0.352059256022	0.895170315123	1.46522725493e-06	1.34432739152e-06	0.000598762878928
9.01092865766e-10	0.352059113231	0.895170135217	1.57971399428e-06	1.44936762313e-06	0.00062171540014
1.00874119639e-09	0.352058959283	0.895169941254	1.70314622786e-06	1.56261524414e-06	0.00064554776133
1.12924961071e-09	0.352058793306	0.895169732136	1.83622291296e-06	1.68471154041e-06	0.000670293688902
1.2641544161e-09	0.35205861436	0.895169506678	1.97969761927e-06	1.81634790443e-06	0.000695988202009
1.41517545066e-09	0.352058421432	0.895169263603	2.1343827958e-06	1.95826974991e-06	0.000722667662097
1.5842380078e-09	0.35205821343	0.895169001536	2.30115437124e-06	2.11128073272e-06	0.000750369824349
1.77349737998e-09	0.352057989176	0.895168718993	2.48095671366e-06	2.27624730119e-06	0.000779133891099
1.98536633438e-09	0.3520577474	0.895168414372	2.67480797781e-06	2.45410360255e-06	0.000809000567284
2.22254587057e-09	0.352057486732	0.895168085951	2.88380587002e-06	2.64585677206e-06	0.000840012118033
2.48805965253e-09	0.352057205697	0.895167731867	3.1091338636e-06	2.85259263552e-06	0.000872212428447
2.78529255361e-09	0.352056902704	0.895167350118	3.35206789974e-06	3.07548185745e-06	0.000905647065683
3.11803380591e-09	0.352056576036	0.895166938541	3.61398361195e-06	3.31578656961e-06	0.000940363343404
3.49052530391e-09	0.352056223845	0.895166494805	3.89636411483e-06	3.5748675173e-06	0.000976410388698
3.90751567819e-09	0.352055844135	0.895166016397	4.20080840135e-06	3.85419176325e-06	0.00101383921157
4.37432082823e-09	0.352055434757	0.89516550061	4.52904039606e-06	4.15534099502e-06	0.00105270277706
4.89689168587e-09	0.352054993393	0.895164944522	4.88291871554e-06	4.480020479e-06	0.00109305608021
5.48189007315e-09	0.352054517543	0.895164344984	5.26444719132e-06	4.8300687168e-06	0.00113495622373
6.13677362108e-09	0.352054004514	0.895163698601	5.67578621476e-06	5.20746785242e-06	0.00117846249886
6.86989083174e-09	0.352053451399	0.895163001714	6.11926496808e-06	5.61435489634e-06	0.00122363646913
7.69058749509e-09	0.352052855069	0.895162250377	6.59739461085e-06	6.0530338225e-06	0.00127054205743
8.60932581653e-09	0.352052212145	0.895161440334	7.11288249636e-06	6.52598861328e-06	0.00131924563637
9.63781777337e-09	0.352051518987	0.895160567	7.66864749847e-06	7.03589732119e-06	0.00136981612213
1.07891743994e-08	0.352050771672	0.89515962543	8.26783653549e-06	7.58564723066e-06	0.00142232507186
1.20780728995e-08	0.352049965967	0.895158610291	8.91384238461e-06	8.17835120241e-06	0.00147684678483
1.35209437247e-08	0.352049097312	0.895157515836	9.6103228877e-06	8.81736529577e-06	0.00153345840742
1.51361799886e-08	0.352048160787	0.895156335869	1.03612216569e-05	9.506307766e-06	0.00159224004217
1.6944371897e-08	0.35204715109	0.895155063707	1.11707903971e-05	1.02490795466e-05	0.00165327486092
1.89685691733e-08	0.352046062505	0.895153692149	1.20436129722e-05	1.10498863296e-05	0.00171664922233
2.12345748251e-08	0.352044888868	0.895152213428	1.29846313493e-05	1.19132623718e-05	0.00178245279392
2.37712739941e-08	0.352043623535	0.895150619171	1.39991735702e-05	1.28440961582e-05	0.00185077867862
2.66110020757e-08	0.352042259343	0.895148900354	1.50929839057e-05	1.38476580714e-05	0.00192172354634
2.97899567997e-08	0.352040788568	0.895147047244	1.6272255365e-05	1.49296302186e-05	0.00199538777041
3.33486595176e-08	0.352039202884	0.895145049349	1.75436647422e-05	1.60961385901e-05	0.00207187556932
3.73324715723e-08	0.352037493314	0.895142895358	1.89144103994e-05	1.73537877267e-05	0.00215129515375
4.17921723239e-08	0.352035650181	0.895140573076	2.03922529986e-05	1.87096980941e-05	0.00223375887935
4.67846061924e-08	0.352033663051	0.895138069356	2.1985559413e-05	2.01715463738e-05	0.0023193834052
5.23734069532e-08	0.352031520675	0.895135370025	2.37033500654e-05	2.17476089002e-05	0.00240828985836
5.86298085057e-08	0.352029210927	0.895132459799	2.55553499605e-05	2.34468084865e-05	0.00250060400469
6.56335524337e-08	0.352026720732	0.895129322205	2.75520436995e-05	2.52787649051e-05	0.00259645642615
7.34739039081e-08	0.352024035997	0.895125939481	2.97047347868e-05	2.72538493078e-05	0.00269598270479
8.2250788857e-08	0.352021141526	0.895122292479	3.2025609564e-05	2.93832428914e-05	0.00279932361379
9.20760668721e-08	0.352018020937	0.895118360553	3.45278061299e-05	3.16790001391e-05	0.00290662531571
1.03074956041e-07	0.352014656569	0.895114121447	3.72254886366e-05	3.41541169971e-05	0.00301803956824
1.15387627831e-07	0.352011029383	0.895109551168	4.01339273794e-05	3.68226043667e-05	0.00313372393779
1.29170992291e-07	0.352007118854	0.895104623848	4.32695851303e-05	3.96995673284e-05	0.00325384202107
1.44600696293e-07	0.352002902853	0.895099311598	4.66502102027e-05	4.28012905433e-05	0.00337856367512
1.61873360175e-07	0.351998357525	0.895093584353	5.02949367696e-05	4.61453303108e-05	0.003508065256
1.81209081242e-07	0.351993457153	0.895087409702	5.42243929991e-05	4.97506138039e-05	0.00364252986644
2.02854235902e-07	0.351988174015	0.8950807527	5.84608176146e-05	5.36375460361e-05	0.00378214761286
2.27084616041e-07	0.351982478221	0.895073575679	6.30281855349e-05	5.78281251622e-05	0.00392711587198
2.54208939453e-07	0.351976337555	0.895065838026	6.79523432981e-05	6.23460667622e-05	0.00407763956754
2.8457277888e-07	0.351969717282	0.895057495961	7.32611550285e-05	6.72169378018e-05	0.00423393145724
3.18562959512e-07	0.351962579962	0.895048502287	7.89846597644e-05	7.24683010244e-05	0.00439621243057
3.56612480732e-07	0.351954885233	0.895038806123	8.51552410281e-05	7.81298705799e-05	0.0045647118176
3.99206024486e-07	0.351946589584	0.895028352618	9.18078095838e-05	8.42336797649e-05	0.00473966770937
4.46886120108e-07	0.351937646114	0.895017082642	9.89800004073e-05	9.08142618085e-05	0.00492132729012
5.00260043661e-07	0.351928004265	0.895004932453	0.000106712384964	9.79088447172e-05	0.00510994718186
5.60007539166e-07	0.351917609537	0.894991833334	0.00011504869998	0.000105557561264	0.0053057938017
6.26889459407e-07	0.351906403185	0.894977711211	0.000124036093978	0.000113803675292	0.00550914373221
7.01757435575e-07	0.351894321884	0.894962486235	0.00013372539295	0.000122693825594	0.00572028410559
7.85564697973e-07	0.35188129738	0.894946072328	0.000144171386643	0.000132278288723	0.00593951300165
8.79378184426e-07	0.3518672561	0.894928376705	0.000155433137034	0.000142611262191	0.00616713986053
9.84392089203e-07	0.351852118745	0.894909299346	0.00016757431072	0.000153751169628	0.00640348591024
1.10194302331e-06	0.351835799844	0.89488873244	0.00018066353704	0.000165760989589	0.00664888460969
1.23352697713e-06	0.351818207274	0.894866559775	0.00019477479391	0.000178708609827	0.0069036821077
1.38081829898e-06	0.351799241748	0.894842656088	0.000209987823494	0.000192667208976	0.00716823771836
1.54569092813e-06	0.351778796257	0.894816886361	0.000226388579992	0.000207715667757	0.00744292441336
1.73024214914e-06	0.351756755475	0.894789105065	0.000244069711988	0.000223939011953	0.00772812933165
1.93681916534e-06	0.351732995115	0.894759155344	0.000263131082	0.000241428889582	0.00802425430704
2.16804882468e-06	0.351707381238	0.894726868139	0.000283680326055	0.000260284084868	0.00833171641418
2.42687086965e-06	0.351679769509	0.894692061241	0.000305833456319	0.000280611071818	0.00865094853334
2.71657512693e-06	0.351650004394	0.894654538275	0.000329715510051	0.000302524610394	0.00898239993467
3.04084310067e-06	0.351617918297	0.894614087602	0.00035546124836	0.000326148388519	0.00932653688211
3.40379448722e-06	0.351583330636	0.894570481142	0.00038321590853	0.000351615713361	0.00968384325767
3.81003918979e-06	0.351546046844	0.894523473106	0.000413136013917	0.00037907025561	0.0100548212064
4.26473547809e-06	0.351505857294	0.894472798625	0.000445390245722	0.000408666850729	0.0104399918024
4.77365501296e-06	0.35146253615	0.894418172284	0.000480160381261	0.00044057236143	0.0108398957365
5.34325553905e-06	0.351415840125	0.89435928654	0.000517642303649	0.000474966605938	0.0112550940255
5.98076214105e-06	0.351365507149	0.894295810019	0.000558047088187	0.000512043356933	0.0116861687438
6.6942580615e-06	0.351311254938	0.89422738569	0.000601602171082	0.000552011416379	0.0121337237774
7.4927861929e-06	0.351252779461	0.894153628895	0.000648552606523	0.000595095771838	0.0125983856004
8.38646248284e-06	0.351189753284	0.894074125235	0.000699162418553	0.000641538840219	0.013080804074
9.38660263235e-06	0.351121823802	0.893988428297	0.00075371605457	0.000691601805327	0.0135816532691
1.0505863623e-05	0.35104861134	0.893896057211	0.000812519947782	0.000745566056007	0.0141016323104
1.17584017812e-05	0.350969707114	0.893796494027	0.000875904196364	0.000803734732097	0.0146414662439
1.31600492802e-05	0.350884671045	0.893689180898	0.000944224367584	0.000866434385903	0.0152019069266
1.47285111896e-05	0.350793029419	0.893573517053	0.00101786343567	0.000934016767345	0.0157837339376
1.64835854195e-05	0.350694272382	0.893448855551	0.0010972338627	0.00100686074149	0.0163877555106
1.84474081594e-05	0.35058785125	0.893314499799	0.00118277983235	0.00108537434762	0.0170148094871
2.06447277018e-05	0.350473175646	0.893169699814	0.00127497964689	0.00116999700967	0.017665764289
2.31032098461e-05	0.350349610424	0.893013648222	0.00137434829839	0.00126120190819	0.0183415199087
2.58537784298e-05	0.35021647239	0.892845475964	0.00148144022569	0.00135949852484	0.0190430089171
2.8930994903e-05	0.350073026807	0.892664247707	0.00159685226915	0.00146543537067	0.0197711974857
3.2373481281e-05	0.349918483653	0.89246895692	0.00172122683594	0.00157960291034	0.0205270864213
3.62243912557e-05	0.349751993646	0.892258520619	0.00185525528907	0.00170263669469	0.0213117122116
4.05319347408e-05	0.349572644009	0.89203177374	0.00199968157388	0.00183522071485	0.0221261480774
4.5349961658e-05	0.349379453958	0.891787463136	0.00215530609622	0.00197809099146	0.0229715050287
5.07386113504e-05	0.349171369926	0.891524241164	0.00232298986713	0.00213203941313	0.023848932921
5.67650346353e-05	0.348947260478	0.891240658847	0.00250365892887	0.00229791783864	0.0247596215055
6.35041961794e-05	0.34870591094	0.890935158588	0.00269830907794	0.00247664247793	0.0257048014707
7.10397656041e-05	0.348446017707	0.890606066416	0.00290801090034	0.0026691985669	0.0266857454662
7.94651064932e-05	0.348166182246	0.890251583737	0.00313391513487	0.00287664535153	0.027703769105
8.88843732954e-05	0.347864904764	0.88986977858	0.00337725837988	0.00310012139674	0.0287602319332
9.94137269702e-05	0.347540577564	0.889458576304	0.00363936915856	0.0033408502351	0.0298565383615
0.000111182681125	0.347191478061	0.889015749763	0.00392167435746	0.00360014637067	0.0309941385461
0.000124335591324	0.346815761495	0.888538908903	0.00422570605184	0.00387942165194	0.0321745292092
0.000139033301193	0.346411453311	0.888025489777	0.00455310873042	0.00418019202762	0.0333992543859
0.000155454959925	0.345976441258	0.887472742981	0.00490564693041	0.00450408469746	0.0346699060844
0.000173800026719	0.345508467196	0.886877721487	0.0052852132916	0.00485284566851	0.0359881248426
0.000194290478626	0.345005118651	0.886237267886	0.00569383703554	0.00522834772546	0.0373556001649
0.000217173239147	0.344463820163	0.885548001046	0.00613369287269	0.0056325988205	0.0387740708195
0.000242722845661	0.34388182445	0.88480630219	0.00660711033621	0.00606775088516	0.0402453249748
0.000271244374452	0.343256203468	0.884008300429	0.00711658353618	0.006536109062	0.0417712001515
0.000303076642498	0.342583839427	0.883149857776	0.00766478132208	0.00704014134928	0.0433535829652
0.000338595904289	0.341861412915	0.882241583734	0.00825455787447	0.00758249313349	0.0449944086302
0.000378219426515	0.341085400753	0.881273218006	0.00888895347069	0.0081659965377	0.0466956323387
0.000422409295521	0.340252067422	0.880232054093	0.0095712187754	0.00879366821871	0.0484592663915
0.000471677545517	0.339357447753	0.87911285156	0.0103048280428	0.00946873373553	0.0502873820518
0.000526590780821	0.338397344752	0.877910029503	0.0110934857946	0.0101946355267	0.0521820935478
0.000587775423996	0.337367322835	0.876617650243	0.011941138624	0.0109750445052	0.0541455558069
0.000655923354737	0.336262702079	0.875229403185	0.0128519870361	0.0118138717758	0.056179961715
0.000731797944791	0.335078553737	0.873738589074	0.0138304972094	0.0127152803777	0.058287538853
0.000816240488171	0.33380969731	0.872138104856	0.0148814125462	0.0136836969348	0.0604705456575
0.000910177018491	0.332450699524	0.870420429438	0.0160097648496	0.0147238230714	0.0627312669517
0.00101462549591	0.330995875555	0.868577610654	0.0172208849422	0.0158406464278	0.0650720087878
0.00113070333482	0.329439292934	0.866601253799	0.0185204125117	0.0170394510785	0.0674950925428
0.00125963522992	0.327774778568	0.864482512155	0.0199143049342	0.0183258271252	0.0700028482053
0.00140276122181	0.325995929365	0.862212079947	0.0214088447967	0.0197056792015	0.0725976067926
0.00156154492474	0.324096126993	0.859780188282	0.0230106457978	0.0211852335851	0.075281691835
0.00173758181677	0.322068557326	0.857176604611	0.0247266566728	0.0227710435762	0.0780574098678
0.00193260746769	0.319906235161	0.854390636364	0.0265641627476	0.0244699927502	0.0809270398709
0.00214850555181	0.3176020348	0.851411139434	0.0285307846844	0.026289295651	0.0838928216031
0.0023873154611	0.315148727122	0.848226532246	0.0306344739472	0.028236495438	0.0869569427804
0.00265123929978	0.312539023719	0.844824816193	0.032883504472	0.0303194579522	0.0901215250595
0.00294264800436	0.309765628688	0.841193603255	0.0352864599972	0.0325463616136	0.0933886087932
0.00326408629414	0.306821298588	0.837320151652	0.0378522164749	0.0349256825148	0.0967601365408
0.00361827611662	0.303698910997	0.833191410376	0.0405899189672	0.0374661740285	0.100237935332
0.0040081182127	0.300391542024	0.828794073467	0.0435089524128	0.0401768402031	0.103823697697
0.0044366913876	0.296892552941	0.824114644826	0.0466189056526	0.04306690219	0.10751896151
0.00490725038129	0.293195678332	0.819153032513	0.0499295281168	0.046145770141	0.111325088695
0.00542325662036	0.289294932132	0.814002594477	0.0534506292798	0.0494233780539	0.115243181073
0.00598825822202	0.285185432323	0.808536620995	0.0571916182646	0.0529092596855	0.119273627135
0.0066059782679	0.280862685739	0.802741848668	0.0611623246602	0.0566130620331	0.123417081485
0.00728026325283	0.276323041799	0.796605291249	0.0653724738747	0.0605443564801	0.127673922726
0.00801505843278	0.271563824591	0.790114373303	0.0698315993925	0.0647125476582	0.132044228322
0.00881437753354	0.266583468014	0.783257076133	0.074548945626	0.0691267703307	0.136527749438
0.00968226647623	0.261381651542	0.776022095279	0.0795333615602	0.0737957739435	0.141123886073
0.010622760885	0.255959433809	0.768399008485	0.0847931856323	0.0787277947001	0.145831662886
0.0116398372854	0.250319380731	0.760378452625	0.0903361225648	0.0839304152747	0.150649706103
0.0127374747536	0.244465209288	0.752133392822	0.0961691235628	0.0894113094024	0.155576221999
0.0139193192912	0.238403284092	0.743516894451	0.102296916631	0.0951766503915	0.160607857897
0.0151887827167	0.232141449375	0.734490825208	0.108724142939	0.101231090479	0.1657416491
0.0165489983993	0.225689230281	0.725051420224	0.115454483438	0.107578125671	0.170974351202
0.0180027103219	0.21905808135	0.715196814681	0.122490282568	0.114219747226	0.176302228967
0.0195521957504	0.212261400302	0.704927215179	0.129832409521	0.121156248944	0.181721050118
0.021199315347	0.205314091165	0.694422398694	0.137480133084	0.128386917799	0.187226083815
0.0229453205238	0.19823320381	0.683620815464	0.145429194847	0.135910055992	0.192810789118
0.0247904415747	0.191038354661	0.672424414612	0.153674068724	0.143719236194	0.198468591149
0.0267343256962	0.183749980734	0.660841949927	0.162208331128	0.151806310367	0.204193196657
0.0287757936455	0.17639000061	0.648884734948	0.171023538043	0.160160546321	0.209977850239
0.0309130648079	0.168980852701	0.636794098876	0.18010919323	0.168770277806	0.21581536231
0.0331432674754	0.161546914247	0.624458734852	0.189449773052	0.177621653617	0.221696219912
0.0354622465809	0.154113830974	0.611799653554	0.199029176696	0.186694946886	0.227611553278
0.0378651410069	0.14670684726	0.598836875782	0.208830496563	0.195968357217	0.233552976948
0.040346277131	0.13935109662	0.585755388971	0.218834845251	0.205417939926	0.239511832434
0.0428995755376	0.132070664526	0.572606344761	0.229019020034	0.215021655077	0.245477733258
0.0455169202675	0.124891820699	0.559224650259	0.239357485903	0.224747889368	0.251439786629
0.0481899638714	0.117838277717	0.545637013113	0.249826082807	0.234564203116	0.257388759275
0.0509099862353	0.110931979476	0.532085855367	0.260399320372	0.244437874683	0.26331538918
0.0536677539733	0.10419366518	0.518518047129	0.271046854629	0.254337336401	0.269208285405
0.0564526196092	0.0976440345358	0.504826371533	0.281738753104	0.264222995639	0.275056868051
0.0592541156029	0.0913005496357	0.491040822664	0.292446968592	0.274055716614	0.280852111752
0.062062699179	0.0851765444897	0.477575076889	0.303143267931	0.283802589446	0.286585236983
0.0648667514861	0.0792874143553	0.464073523315	0.313791766545	0.293423846248	0.292243553567
0.0676555418207	0.0736439677609	0.450558452281	0.324364489033	0.30287986945	0.297818808244
0.0704187798066	0.0682543566735	0.437216701071	0.334834266625	0.312133140871	0.303303251736
0.0731472013731	0.0631235079988	0.424094254983	0.345171621691	0.321154282231	0.308687826076
0.0758303122932	0.0582568121991	0.411031471616	0.35534766609	0.329906105921	0.313963612307
0.0784590484955	0.0536558027245	0.398054397045	0.365339053303	0.338356017203	0.319124387002
0.0810260843587	0.049318417883	0.385507900104	0.375124185241	0.346480772822	0.324164519274
0.0835230253311	0.0452437342092	0.373100299782	0.384675999544	0.354255159167	0.329075112066
0.0859429675167	0.0414276447164	0.360834268801	0.393976586548	0.361656177179	0.33385155608
0.088280141404	0.0378641564743	0.348843212029	0.403010618872	0.368665887529	0.338490117397
0.0905303930794	0.0345450781908	0.337223434832	0.411762426318	0.375276967832	0.342986340066
0.0926887545962	0.0314634024471	0.325786101878	0.420216561983	0.38147742028	0.347335301379
0.0947520393355	0.0286098141963	0.314546690348	0.428364738811	0.387260639553	0.351535243772
0.0967182800231	0.0259738913812	0.303686588832	0.436200859818	0.392626003854	0.355585030139
0.0985863822268	0.0235447460189	0.293146463959	0.443717067002	0.397580269076	0.359482056564
0.100355137342	0.0213121467176	0.282825974094	0.450909089566	0.402126840481	0.363225053234
0.102024693471	0.0192648654939	0.272734504115	0.457777273417	0.406273698447	0.366814715483
0.103596121401	0.0173913846193	0.263015066698	0.464323711835	0.410033111129	0.370252259461
0.105071202548	0.0156802200375	0.253624403071	0.470549054732	0.413423193859	0.373537746989
0.106451487131	0.0141208848124	0.244468578579	0.47645646388	0.416458498477	0.376672211454
0.107739516208	0.0127025731212	0.235551882672	0.482052753916	0.419156245589	0.379658363823
0.108938284549	0.0114148037574	0.226902041621	0.487345820935	0.421535236291	0.382499292511
0.110051499469	0.0102471499401	0.218636861906	0.492343966216	0.423617971148	0.385198136744
0.111082325913	0.00919047812647	0.210606103051	0.497053736962	0.425425013779	0.387756940173
0.112034565871	0.00823567098108	0.202810236184	0.501485664474	0.426976675129	0.390179819031
0.112912179252	0.00737412288662	0.195248906924	0.505650719774	0.428293316546	0.392471105578
0.113719229421	0.00659774658225	0.187928641251	0.50956017953	0.429395107036	0.394635307345
0.11445996421	0.00589885368932	0.18090920325	0.513225361085	0.430302732432	0.396676986112
0.11513830801	0.0052705735957	0.174113547718	0.516656465679	0.431035468612	0.398600127255
0.115758308067	0.00470638089909	0.167538920306	0.519865178533	0.431611342149	0.400409616384
0.116323933339	0.00420024684871	0.161182086453	0.522863064533	0.432047461868	0.402110368956
0.116839044376	0.00374662015413	0.155039392023	0.525661495177	0.432359929684	0.403707299384
0.117307362063	0.00334041068092	0.149093778177	0.528271587024	0.432563741966	0.405205292886
0.117732345576	0.00297705091921	0.143278955344	0.530704360427	0.432671949672	0.406609302743
0.118117549723	0.00265215868987	0.13767195387	0.532971499944	0.43269703449	0.407924798142
0.118466208438	0.00236185904894	0.132267668354	0.535082903491	0.432650909654	0.409156341295
0.118781371279	0.00210263104585	0.127060833637	0.537048082758	0.432544398082	0.410308385494
0.119065900864	0.00187128203361	0.122046066169	0.538876146277	0.432387272334	0.411385261196
0.119322473068	0.00166492259389	0.117217901381	0.540575788802	0.432188303937	0.412391164517
0.119553579521	0.00148094233584	0.112570827216	0.54215528615	0.431955319466	0.413330148014
0.119761301866	0.00131716571983	0.107823517601	0.543622493239	0.431693943682	0.414206113588
0.119947981248	0.00117131019702	0.103222549335	0.544988463824	0.431407879007	0.415024982426
0.120115672281	0.00104140818337	0.0988109401532	0.546260349449	0.431102830379	0.415790443103
0.120266183208	0.000925753067933	0.0945818174904	0.547444249824	0.430783960886	0.416505625461
0.120401170544	0.000822813410002	0.0905284368531	0.548545927437	0.430455750933	0.417173520953
0.120522148383	0.000731216377632	0.0866441965892	0.549570817118	0.430122062781	0.417796982934
0.120630497733	0.00064973247819	0.082922649828	0.5505240369	0.429786201818	0.41837872785
0.120727475758	0.000577261535039	0.0793575139048	0.551410399854	0.429450974189	0.418921337197
0.1208142248	0.000512819853337	0.0759426775614	0.552234426601	0.42911874057	0.419427260136
0.120891720314	0.000455573024477	0.0723304826488	0.553000358249	0.428791124636	0.419898816659
0.120960714283	0.000404871360738	0.0685826997664	0.553715573663	0.428465301037	0.420340307162
0.121022369515	0.000359785481037	0.065026914056	0.554386591963	0.428141543188	0.420755555941
0.121077445187	0.000319698664006	0.0616536026498	0.555016066694	0.427821663854	0.421146031593
0.121126625439	0.000284060874436	0.0584536699967	0.55560650351	0.427507166361	0.421513131023
0.121170486136	0.00025241049231	0.0551109386707	0.5561602667	0.427199058763	0.421858181738
0.121209332673	0.000224487860639	0.0513576095523	0.55668252453	0.42689401619	0.422184282267
0.121244022321	0.000199646157594	0.0478581877412	0.557181225954	0.42658898204	0.422496303873
0.121274978948	0.000177557395451	0.0444645849985	0.557657411627	0.426285359628	0.422794823622
0.121302543446	0.000157956903491	0.0411819387312	0.558113439958	0.425982761241	0.423081253082
0.121327153085	0.00014051597016	0.0381409020167	0.558551640562	0.425681348441	0.423356997674
0.121349121229	0.00012499745779	0.03532380986	0.558972693896	0.425382231314	0.423622433294
0.121368728496	0.000111190111427	0.0327142694731	0.559377256516	0.425086353556	0.423877924149
0.12138620983	9.89171450703e-05	0.0301663877587	0.559765961628	0.42479442196	0.424123823021
0.121401764627	8.8028598488e-05	0.0277231122572	0.560141073618	0.424505310219	0.424361520664
0.121415648531	7.83373019655e-05	0.0254774116625	0.560504403459	0.424218648167	0.424592129848
0.121428039778	6.9711866218e-05	0.0234133607238	0.560856313868	0.42393508066	0.424815849511
0.121439096823	6.20359219972e-05	0.0215050770267	0.561197157258	0.423655149705	0.42503287366
0.121448947986	5.52150482945e-05	0.0196974870223	0.561527451126	0.423379063029	0.425243503303
0.121457739275	4.9143576429e-05	0.0180416785535	0.56184846315	0.423106372063	0.425448521221
0.1214655841	4.37392746806e-05	0.0165249318811	0.562160449994	0.422837456869	0.425648068084
0.121472582233	3.89300015721e-05	0.0151277391039	0.562463661685	0.422572626952	0.425842281452
0.121478825704	3.46495479134e-05	0.0138473765455	0.562758502347	0.4223119932	0.426031398921
0.121484395967	3.08394986957e-05	0.0126753040533	0.563045227874	0.422055754927	0.42621556449
0.121489365374	2.74481325678e-05	0.0116038567286	0.56332405904	0.421804095138	0.42639490068
0.121493799597	2.44286921521e-05	0.0106280632036	0.563595175675	0.421557199864	0.426569504632
0.121497754757	2.17412719797e-05	0.00973428097287	0.563858652899	0.421315306482	0.426739406783
0.121501282382	1.93493868041e-05	0.0089156243457	0.564114704076	0.421078488026	0.426904727416
0.121504428556	1.72205107423e-05	0.00816685946595	0.564363536805	0.420846792682	0.427065584056
0.121507235596	1.53249024123e-05	0.007487300421	0.564605320675	0.420620285293	0.427222070555
0.121509738601	1.36378969309e-05	0.00686426345274	0.564840041786	0.420399174195	0.42737416261
0.121511970366	1.21365493893e-05	0.00629305084102	0.565067905152	0.420183435713	0.427521978275
0.121513960169	1.08004367126e-05	0.00576935476254	0.56528910996	0.419973032331	0.427665632722
0.121515734211	9.61133473354e-06	0.00529043925698	0.56550384972	0.419767915036	0.4278052383
0.121517316019	8.55292817421e-06	0.00485230095582	0.565712263687	0.419568074149	0.427940872853
0.121518726061	7.61104897173e-06	0.0044504370892	0.565914489748	0.419373484421	0.428072614001
0.121519982922	6.77287196209e-06	0.0040818459345	0.56611071081	0.419184065084	0.428200569377
0.121521103185	6.02698282191e-06	0.00374377393703	0.566301104442	0.4189997296	0.428324843872
0.12152210163	5.36323355645e-06	0.00343335951911	0.56648584303	0.418820386627	0.428445539691
0.121522991137	4.77279645396e-06	0.00314646149046	0.56666511176	0.418645921546	0.428562768083
0.121523783894	4.24735031423e-06	0.0028835320662	0.5668392025	0.418476109155	0.428676710826
0.121524490381	3.77975110747e-06	0.00264229081061	0.567008264307	0.418310857676	0.428787457
0.121525119395	3.36400429628e-06	0.00241694843362	0.567172459623	0.418150052741	0.428895104999
0.121525679984	2.99398105909e-06	0.00221082068088	0.567332228032	0.41799330408	0.428999935686
0.121526179572	2.66465363103e-06	0.00202226957263	0.567487688532	0.417840533151	0.429102020423
0.121526624354	2.37182797071e-06	0.00184460474606	0.567638956952	0.41769165788	0.429201428889
0.121527020341	2.11144973964e-06	0.00168051447062	0.567786577091	0.417546167169	0.429298512709
0.121527373287	1.87965313432e-06	0.00153101946859	0.567930829114	0.417403812099	0.429393451119
0.121527687862	1.67330114402e-06	0.00139482175703	0.568071789662	0.417264541378	0.429486289902
0.12152796707	1.49035985398e-06	0.00126017233419	0.568209533649	0.417128296466	0.429577073934
0.121528216021	1.32742671657e-06	0.00113845301913	0.568345330227	0.416993835851	0.429666636228
0.121528438004	1.18230527024e-06	0.00102848979649	0.568479215607	0.416861141126	0.429754998141
0.121528635937	1.05304849198e-06	0.000929147313593	0.56861121661	0.416730201265	0.429842174918
0.121528803436	9.43776378363e-07	0.000755854775776	0.568741359679	0.416600955811	0.429928181633
0.121528953487	8.45983270058e-07	0.000613922731783	0.568884718334	0.416458400981	0.430022987611
0.121529088133	7.58325746657e-07	0.000498645201554	0.569042904758	0.416300935573	0.430127679397
0.121529208969	6.79753316336e-07	0.000405016241471	0.569217449076	0.416127038037	0.430243294696
0.121529317426	6.09324361346e-07	0.000328970091238	0.569410038545	0.415935028807	0.430370981637
0.121529414784	5.46194854861e-07	0.000267204593665	0.56962253352	0.415723054419	0.430512010854
0.121529503905	4.88503527474e-07	0.000229188832558	0.569856985012	0.415489079163	0.430667788952
0.121529586634	4.35054406329e-07	0.000208534573499	0.570101426453	0.415245079431	0.43083040252
0.121529660896	3.87172979553e-07	0.000191041762953	0.570340698253	0.415006203773	0.430989772912
0.121529726986	3.44644845854e-07	0.000173486057517	0.570573151819	0.414774102443	0.431144787864
0.121529785599	3.07000309374e-07	0.000156520351571	0.570801022901	0.414546543481	0.431296925106
0.121529837951	2.73440193526e-07	0.000141924779115	0.571026013395	0.414321831537	0.431447312512
0.121529884988	2.43344051245e-07	0.00013002143553	0.57124702741	0.414101067579	0.43159520999
0.12152992692	2.16563548429e-07	0.000119020009943	0.571461737456	0.413886580268	0.431739048725
0.121529964086	1.92869170198e-07	0.000107732495894	0.5716704945	0.413678020486	0.431879050591
0.121529997242	1.71767034154e-07	9.75153705335e-05	0.571875898211	0.413472792625	0.432016949265
0.121530026792	1.52992521879e-07	8.77161345482e-05	0.572078002301	0.413270845138	0.432152774
0.121530053026	1.36352497677e-07	7.88870017036e-05	0.572278130713	0.413070855654	0.432287409267
0.121530076728	1.21343846077e-07	7.22720622346e-05	0.57247645892	0.412872652872	0.432420969422
0.121530097856	1.07986988697e-07	6.62120775088e-05	0.572669123495	0.41268010002	0.432550845316
0.12153011668	9.61058725281e-08	6.04821755873e-05	0.572856284648	0.412493038335	0.432677133998
0.12153013338	8.55820268719e-08	5.48309051584e-05	0.573038643779	0.412310767384	0.432800298909
0.121530148273	7.62104946118e-08	4.97076306629e-05	0.573217777736	0.412131712019	0.432921397589
0.121530161357	6.79899032528e-08	4.36852461997e-05	0.573393743417	0.411955815335	0.433040462701
0.121530173286	6.05056056905e-08	4.0022965413e-05	0.573572364555	0.411777257067	0.433161434477
0.121530183919	5.38450892324e-08	3.6667661455e-05	0.573745878566	0.411603799052	0.433279053572
0.121530193395	4.79176507704e-08	3.35941087587e-05	0.573914431128	0.411435296363	0.433393409758
0.121530201839	4.26426565227e-08	3.07781652512e-05	0.574078161202	0.411271610707	0.433504588824
0.121530209359	3.79523041094e-08	2.80501650691e-05	0.57423720638	0.411112605054	0.433612676174
0.121530216015	3.38056982615e-08	2.53119827157e-05	0.574392530858	0.410957315545	0.433718320171
0.121530221951	3.01121255785e-08	2.28410822251e-05	0.574545855051	0.410804022523	0.433822686378
0.121530227265	2.68104490699e-08	2.08289179083e-05	0.574697204665	0.410652700792	0.433925789191
0.121530232021	2.38588712182e-08	1.90834437488e-05	0.574844983223	0.410504947179	0.434026536748
0.121530236259	2.12322013167e-08	1.74843808445e-05	0.574988528167	0.410361424449	0.434124471381
0.121530240035	1.88946667004e-08	1.60194150177e-05	0.575127959265	0.410222013132	0.434219668571
0.1215302434	1.6814458945e-08	1.46771804983e-05	0.575263393052	0.410086596961	0.434312201991
0.12153024638	1.49736656508e-08	1.32820454011e-05	0.575394943915	0.409955061696	0.43440214423
0.121530249034	1.33364065049e-08	1.20023969303e-05	0.575524401302	0.409825618191	0.434490714637
0.121530251401	1.18773633445e-08	1.08829216731e-05	0.575651999221	0.409698032651	0.434578070661
0.121530253526	1.05696688747e-08	9.97138861776e-06	0.575777330182	0.409572712791	0.4346639306
0.121530255418	9.40594028669e-09	9.13620452998e-06	0.57589906286	0.409450989997	0.434747378581
0.121530257104	8.37031933912e-09	8.37113178741e-06	0.576017300281	0.409332761378	0.434828480698
0.121530258605	7.44871518136e-09	7.67012061283e-06	0.576132140237	0.409217929258	0.434907299749
0.121530259943	6.62857484627e-09	7.02787988791e-06	0.5762436802	0.409106396273	0.434983898588
0.121530261135	5.8987223328e-09	6.43950215854e-06	0.576352013719	0.408998068967	0.435058337638
0.121530262196	5.24922648938e-09	5.90037933255e-06	0.576457231206	0.408892857011	0.435130675414
0.121530263137	4.67348787218e-09	5.35345254262e-06	0.576559422162	0.408790670961	0.435200970039
0.121530263974	4.16211042821e-09	4.84388869887e-06	0.576659701993	0.40869039549	0.435269986104
0.121530264721	3.70657409993e-09	4.38950616478e-06	0.576758405726	0.408591695642	0.435337952349
0.12153026539	3.29843135123e-09	4.02222360598e-06	0.576855407456	0.408494697395	0.435404780375
0.121530265986	2.93522789319e-09	3.68567017189e-06	0.576949613201	0.408400494751	0.435469714203
0.121530266517	2.61201516144e-09	3.37732657706e-06	0.577041103448	0.408309007264	0.435532806558
0.12153026699	2.32438734869e-09	3.09482546922e-06	0.577129954996	0.408220158173	0.435594107804
0.121530267411	2.06843004038e-09	2.83599208074e-06	0.577216242372	0.408133872986	0.435653666903
0.121530267785	1.8406510661e-09	2.59891219942e-06	0.577300038305	0.408050079	0.435711531738
0.121530268119	1.6379542262e-09	2.38165006049e-06	0.577381411027	0.407968708012	0.435767747236
0.121530268417	1.45757774539e-09	2.18254923057e-06	0.577460430535	0.407889690048	0.435822359685
0.121530268681	1.29706392217e-09	2.00009170993e-06	0.577537164808	0.407812957149	0.435875414114
0.121530268917	1.15422565316e-09	1.83288636495e-06	0.577611679866	0.407738443315	0.435926954326
0.121530269126	1.02745562881e-09	1.67042853236e-06	0.577684039824	0.407666084442	0.43597702293
0.121530269313	9.14628045244e-10	1.52206253756e-06	0.577754718196	0.407595407037	0.436025946084
0.121530269479	8.14189936454e-10	1.38687371268e-06	0.577823769415	0.40752635668	0.436073760217
0.121530269627	7.24780881814e-10	1.26369178562e-06	0.577891230905	0.407458895957	0.436120490059
0.121530269759	6.45189834015e-10	1.15145041001e-06	0.577957139232	0.407392988312	0.436166159806
0.121530269876	5.74246841165e-10	1.05338559208e-06	0.578021530122	0.407328598031	0.436210793132
0.121530269981	5.10999565125e-10	9.65529621466e-07	0.578084177361	0.407265951335	0.436254232112
0.121530270074	4.5471804819e-10	8.85000753665e-07	0.578144998503	0.407205130676	0.43629641838
0.121530270157	4.04635150377e-10	8.11187957864e-07	0.578204046733	0.407146082877	0.436337387652
0.121530270231	3.60068212026e-10	7.43531154421e-07	0.578261373688	0.407088756304	0.43637717465
0.121530270297	3.20454072565e-10	6.76833527612e-07	0.578317029505	0.407033100828	0.436415813124
0.121530270355	2.85471367469e-10	6.09407348343e-07	0.578371444045	0.406978686588	0.43645360063
0.121530270407	2.54307541624e-10	5.48698080285e-07	0.57842528202	0.406924848881	0.436490998237
0.121530270453	2.26420545567e-10	5.00404217979e-07	0.578478549536	0.406871581605	0.436528009857
0.121530270495	2.01479753177e-10	4.58750895431e-07	0.57853055365	0.406819577705	0.436564153493
0.121530270532	1.79285272193e-10	4.20598622884e-07	0.578581031959	0.406769099587	0.436599245993
0.121530270565	1.59535597702e-10	3.85619240759e-07	0.578630024996	0.406720106721	0.436633314718
0.121530270594	1.41961263963e-10	3.53570475709e-07	0.578677576424	0.406672555444	0.436666389256
0.12153027062	1.2632165706e-10	3.24221468853e-07	0.578723725753	0.406626406249	0.43669849636
0.121530270643	1.12404987013e-10	2.97308553181e-07	0.578768508865	0.406581623257	0.436729660305
0.121530270664	1.00021453265e-10	2.72629533528e-07	0.578811966181	0.406538166048	0.436759908569
0.121530270682	8.90021629719e-11	2.49998995724e-07	0.578854136928	0.406495995396	0.436789267842
0.121530270699	7.91968140274e-11	2.29248877995e-07	0.578895059172	0.406455073236	0.43681776405
0.121530270713	7.04704645581e-11	2.10279133493e-07	0.57893476951	0.406415362974	0.436845422131
0.121530270726	6.27056092695e-11	1.92879031112e-07	0.578973292489	0.406376840061	0.436872258669
0.121530270738	5.57963112555e-11	1.76918697595e-07	0.579010663594	0.406339469016	0.436898297896
0.121530270748	4.96483052331e-11	1.62279004829e-07	0.579046917248	0.406303215415	0.436923563338
0.121530270757	4.41777116795e-11	1.48850680906e-07	0.579082086849	0.406268045861	0.436948077839
0.121530270765	3.93250515233e-11	1.3530391272e-07	0.579116204797	0.406233927955	0.436971863577
0.121530270773	3.50195647441e-11	1.22524397453e-07	0.579149616061	0.406200516728	0.436995160724
0.121530270779	3.11822326721e-11	1.11530722487e-07	0.57918247283	0.406167659992	0.437018075172
0.121530270785	2.77451858731e-11	1.02370207874e-07	0.57921461335	0.406135519502	0.437040493887
0.12153027079	2.46869780847e-11	9.39620651921e-08	0.579245770597	0.406104362282	0.43706223032
0.121530270794	2.19658538979e-11	8.62445029964e-08	0.579275974639	0.406074158263	0.437083305119
0.121530270798	1.95446600121e-11	7.91608044373e-08	0.579305254627	0.406044878296	0.437103738318
0.121530270802	1.739033803e-11	7.26589105407e-08	0.579333638819	0.406016494123	0.437123549346
0.121530270805	1.54734731494e-11	6.66910377056e-08	0.579361154611	0.405988978347	0.437142757054
0.121530270808	1.37678925929e-11	6.12133266095e-08	0.579387828561	0.405962304412	0.437161379726
0.121530270811	1.22502417123e-11	5.62007087186e-08	0.579413686416	0.40593644657	0.437179435096
0.121530270813	1.08993718056e-11	5.16282046436e-08	0.579438746226	0.405911386771	0.437196935542
0.121530270815	9.69746378765e-12	4.74277118695e-08	0.579463017537	0.405887115471	0.437213887513
0.121530270817	8.62809181212e-12	4.35689651475e-08	0.579486525149	0.405863607868	0.437230308127
0.121530270818	7.67664124329e-12	4.00241613731e-08	0.579509293086	0.40584083994	0.437246213973
0.12153027082	6.83010894802e-12	3.67677592974e-08	0.579531344613	0.40581878842	0.437261621124
0.121530270821	6.07692560688e-12	3.37762955292e-08	0.579552702267	0.405797430772	0.437276545156
0.121530270822	5.40679761697e-12	3.10282155047e-08	0.579573387874	0.405776745171	0.437291001163
0.121530270823	4.81054714208e-12	2.8509385155e-08	0.579593422576	0.405756710475	0.437305003769
0.121530270824	4.27976762209e-12	2.62194498829e-08	0.579612822914	0.405737310141	0.437318564398
0.121530270825	3.80755173698e-12	2.41134435913e-08	0.579631590239	0.40571854282	0.437331683859
0.121530270826	3.38743796889e-12	2.21765933858e-08	0.579649745202	0.405700387861	0.437344376459
0.121530270826	3.01367770518e-12	2.03953128652e-08	0.579667307777	0.405682825288	0.437356656047
0.121530270827	2.6811565851e-12	1.8757106832e-08	0.57968429729	0.405665835778	0.437368536021
0.121530270827	2.38532452374e-12	1.72504836563e-08	0.579700732436	0.405649400636	0.43738002935
0.121530270828	2.12213345615e-12	1.5864874676e-08	0.579716631298	0.405633501776	0.437391148583
0.121530270828	1.88798194978e-12	1.45905600712e-08	0.579732011372	0.405618121703	0.437401905864
0.121530270828	1.67953748751e-12	1.34363596728e-08	0.579746889584	0.405603243494	0.437412312946
0.121530270829	1.49408792491e-12	1.23748883123e-08	0.579761262186	0.405588870893	0.437422367126
0.121530270829	1.32911494165e-12	1.13972718218e-08	0.579775144588	0.405574988493	0.437432079106
0.121530270829	1.18235762786e-12	1.04968859161e-08	0.579788553504	0.405561579577	0.437441460506
0.121530270829	1.05180470655e-12	9.66762959352e-09	0.579801505082	0.405548628	0.437450522556
0.12153027083	9.35666971562e-13	8.90388380056e-09	0.579814014917	0.405536118166	0.437459276102
0.12153027083	8.32352768629e-13	8.20047336203e-09	0.579826098073	0.405524035011	0.437467731628
0.12153027083	7.40446183474e-13	7.55263191823e-09	0.579837769101	0.405512363985	0.43747589926
0.12153027083	6.58673970921e-13	6.96234867313e-09	0.579849042054	0.405501091032	0.437483788782
0.12153027083	5.85882352066e-13	6.42333341365e-09	0.579859920308	0.405490212778	0.437491402506
0.12153027083	5.21135040433e-13	5.92604743619e-09	0.579870408397	0.40547972469	0.437498743561
0.12153027083	4.63543057488e-13	5.46726021651e-09	0.579880520311	0.405469612777	0.437505821694
0.121530270831	4.123156646e-13	5.04399131905e-09	0.579890269542	0.405459863546	0.437512646309
0.121530270831	3.66749506864e-13	4.6534910372e-09	0.579899669096	0.405450463993	0.437519226472
0.121530270831	3.26218956577e-13	4.29322253212e-09	0.579908731512	0.405441401576	0.437525570926
0.121530270831	2.90167523808e-13	3.96084535428e-09	0.579917468883	0.405432664206	0.437531688104
0.121530270831	2.58100216144e-13	3.65420024039e-09	0.579925892865	0.405424240224	0.437537586137
0.121530270831	2.29705814211e-13	3.33950643511e-09	0.579934014698	0.405416118392	0.437543272865
0.121530270831	2.04445978612e-13	3.05039673839e-09	0.579941924192	0.405408208898	0.437548811149
0.121530270831	1.81944444914e-13	2.80119712098e-09	0.579949631138	0.405400501953	0.437554207826
0.121530270831	1.61809305416e-13	2.59153357012e-09	0.579957100032	0.405393033058	0.437559438018
0.121530270831	1.43902435851e-13	2.39756273069e-09	0.579964279781	0.405385853309	0.437564465924
0.121530270831	1.27977245097e-13	2.21811006538e-09	0.579971181578	0.405378951513	0.437569299359
0.121530270831	1.13814430705e-13	2.05208894451e-09	0.579977816181	0.40537231691	0.437573945838
0.121530270831	1.01218959083e-13	1.89849406678e-09	0.579984193934	0.405365939157	0.437578412585
0.121530270831	9.00173798418e-14	1.75639537252e-09	0.57999032478	0.405359808311	0.437582706548
0.121530270831	8.00554373418e-14	1.62493241236e-09	0.579996218276	0.405353914815	0.437586834403
0.121530270831	7.11959465497e-14	1.5033091374e-09	0.580001883611	0.40534824948	0.437590802571
0.121530270831	6.33169039512e-14	1.3907890793e-09	0.580007329617	0.405342803475	0.437594617225
0.121530270831	5.63098075148e-14	1.28669089104e-09	0.580012564784	0.405337568308	0.437598284299
0.121530270831	5.00781625704e-14	1.19038422146e-09	0.580017597274	0.405332535817	0.437601809498
0.121530270831	4.45342739361e-14	1.10289062626e-09	0.580022434934	0.405327698157	0.437605198308
0.121530270831	3.95996004467e-14	1.02292035457e-09	0.580027078344	0.405323054748	0.437608451124
0.121530270831	3.52117171045e-14	9.48748664645e-10	0.580031530034	0.405318603057	0.437611569711
0.121530270831	3.13100367548e-14	8.79955110178e-10	0.580035797922	0.40531433517	0.437614559604
0.121530270831	2.78406855615e-14	8.16149730293e-10	0.580039889594	0.405310243498	0.43761742611
0.121530270831	2.47557591497e-14	7.56970839198e-10	0.580043812326	0.405306320766	0.43762017432
0.121530270831	2.2012661169e-14	7.02082976067e-10	0.580047573094	0.405302559998	0.437622809112
0.121530270831	1.95735151454e-14	6.51175003579e-10	0.580051178583	0.405298954508	0.437625335165
0.121530270831	1.74046415009e-14	6.03958344311e-10	0.580054635206	0.405295497886	0.437627756964
0.121530270831	1.54760925213e-14	5.60165345001e-10	0.580057949108	0.405292183984	0.43763007881
0.121530270831	1.37612388504e-14	5.19547759409e-10	0.580061126182	0.40528900691	0.437632304827
0.121530270831	1.22364018019e-14	4.81875341178e-10	0.580064172077	0.405285961014	0.437634438968
0.121530270831	1.08803627647e-14	4.47265934459e-10	0.58006709221	0.405283040882	0.437636485024
0.121530270831	9.67342474572e-15	4.15749750972e-10	0.580069889655	0.405280243436	0.437638445146
0.121530270831	8.60036972223e-15	3.86454316613e-10	0.580072565328	0.405277567764	0.43764031997
0.121530270831	7.64634639887e-15	3.59223150113e-10	0.580075124528	0.405275008564	0.437642113207
0.121530270831	6.79815088825e-15	3.33910796264e-10	0.580077572326	0.405272560766	0.437643828406
0.121530270831	6.04404397039e-15	3.10382049013e-10	0.58007991357	0.405270219522	0.437645468963
0.121530270831	5.37358862248e-15	2.88511229287e-10	0.580082152899	0.405267980193	0.437647038124
0.121530270831	4.77750557092e-15	2.68181513712e-10	0.580084294748	0.405265838343	0.437648538996
0.121530270831	4.24754486616e-15	2.4928431062e-10	0.580086343362	0.405263789729	0.43764997455
0.121530270831	3.77637170328e-15	2.3171868003e-10	0.580088302799	0.405261830293	0.437651347628
0.121530270831	3.357464908e-15	2.15390794497e-10	0.580090176941	0.405259956151	0.437652660948
0.121530270831	2.98502668319e-15	2.00213437945e-10	0.580091969499	0.405258163592	0.43765391711
0.121530270831	2.65390236689e-15	1.86105539818e-10	0.580093684027	0.405256449065	0.437655118602
0.121530270831	2.35950904263e-15	1.72991820579e-10	0.580095323919	0.405254809172	0.437656267802
0.121530270831	2.09777223106e-15	1.60802169491e-10	0.580096892426	0.405253240666	0.437657366985
0.121530270831	1.86506945009e-15	1.4947144471e-10	0.580098392652	0.40525174044	0.437658418327
0.121530270831	1.65818000922e-15	1.3893912346e-10	0.580099827572	0.40525030552	0.43765942391
0.121530270831	1.47424048216e-15	1.29148947573e-10	0.580101200027	0.405248933065	0.437660385726
0.121530270831	1.3107050764e-15	1.20048622994e-10	0.580102512737	0.405247620354	0.437661305679
0.121530270831	1.16531039892e-15	1.11589540463e-10	0.580103768303	0.405246364789	0.437662185591
0.121530270831	1.03604413028e-15	1.03726515877e-10	0.580104969212	0.40524516388	0.437663027204
0.121530270831	9.2111717363e-16	9.64175489385e-11	0.580106117844	0.405244015248	0.437663832185
0.121530270831	8.18938893169e-16	8.96235988244e-11	0.580107216473	0.405242916619	0.437664602129
0.121530270831	7.2809509928e-16	8.33083756492e-11	0.580108267277	0.405241865815	0.437665338559
0.121530270831	6.47328475766e-16	7.74381466282e-11	0.580109272338	0.405240860754	0.437666042936
0.121530270831	5.7552117821e-16	7.19815558973e-11	0.580110233647	0.405239899445	0.437666716653
0.121530270831	5.11679362669e-16	6.69094570286e-11	0.580111153108	0.405238979984	0.437667361045
0.121530270831	4.54919430558e-16	6.2194757347e-11	0.580112032543	0.405238100548	0.437667977388
0.121530270831	4.04455799354e-16	5.78122732176e-11	0.580112873695	0.405237259397	0.437668566903
0.121530270831	3.59590022311e-16	5.37386142002e-11	0.58011367823	0.405236454862	0.437669130758
0.121530270831	3.19701145769e-16	4.99519999444e-11	0.580114447742	0.40523568535	0.43766967007
0.121530270831	2.84237089784e-16	4.64322036986e-11	0.580115183755	0.405234949337	0.437670185905
0.121530270831	2.52707015316e-16	4.31604245736e-11	0.580115887728	0.405234245364	0.437670679288
0.121530270831	2.24674531328e-16	4.01191864501e-11	0.580116561055	0.405233572037	0.437671151193
0.121530270831	1.99751654966e-16	3.72922446311e-11	0.580117205071	0.405232928021	0.437671602558
0.121530270831	1.77593441725e-16	3.46644990726e-11	0.580117821051	0.405232312041	0.437672034274
0.121530270831	1.57893211275e-16	3.22219137283e-11	0.580118410216	0.405231722876	0.437672447199
0.121530270831	1.4037830288e-16	2.99514415768e-11	0.580118973733	0.405231159359	0.437672842148
0.121530270831	1.24806301666e-16	2.78409549322e-11	0.580119512719	0.405230620373	0.437673219906
0.121530270831	1.10961683489e-16	2.58791806651e-11	0.580120028241	0.40523010485	0.43767358122
0.121530270831	9.86528319938e-17	2.40556399877e-11	0.580120521322	0.40522961177	0.437673926807
0.121530270831	8.77093865583e-17	2.23605924822e-11	0.580120992938	0.405229140154	0.437674257349
0.121530270831	7.79798844286e-17	2.07849840733e-11	0.580121444023	0.405228689069	0.437674573503
0.121530270831	6.93296644071e-17	1.93203986657e-11	0.580121875471	0.405228257621	0.437674875895
0.121530270831	6.16390030322e-17	1.79590138813e-11	0.580122288137	0.405227844955	0.437675165124
0.121530270831	5.4801457146e-17	1.66935594337e-11	0.580122682839	0.405227450253	0.437675441762
0.121530270831	4.8722392321e-17	1.55172732429e-11	0.580123060358	0.405227072734	0.437675706358
0.121530270831	4.33176711719e-17	1.4423872214e-11	0.580123421443	0.405226711649	0.437675959436
0.121530270831	3.85124895654e-17	1.34075159796e-11	0.580123766809	0.405226366283	0.437676201498
0.121530270831	3.42403412952e-17	1.24627757036e-11	0.58012409714	0.405226035952	0.437676433022
0.121530270831	3.04420976049e-17	1.15846050833e-11	0.580124413091	0.405225720001	0.437676654467
0.121530270831	2.70651888168e-17	1.07683133953e-11	0.580124715287	0.405225417804	0.437676866273
0.121530270831	2.40628767428e-17	1.00095404399e-11	0.580125004329	0.405225128763	0.437677068858
0.121530270831	2.13936078042e-17	9.30423325146e-12	0.580125280787	0.405224852305	0.437677262625
0.121530270831	1.90204379104e-17	8.64862444987e-12	0.580125545211	0.405224587881	0.437677447957
0.121530270831	1.6910521134e-17	8.03921211708e-12	0.580125798123	0.405224334969	0.437677625221
0.121530270831	1.5034655107e-17	7.47274109191e-12	0.580126040025	0.405224093067	0.437677794768
0.121530270831	1.33668768453e-17	6.94618558273e-12	0.580126271397	0.405223861695	0.437677956935
0.121530270831	1.18841034079e-17	6.45673300532e-12	0.580126492696	0.405223640395	0.437678112043
0.121530270831	1.05658124174e-17	6.00176895963e-12	0.580126704362	0.40522342873	0.437678260398
0.121530270831	9.39375801173e-18	5.57886349461e-12	0.580126906813	0.405223226279	0.437678402295
0.121530270831	8.35171829927e-18	5.18575765104e-12	0.580127100451	0.405223032641	0.437678538015
0.121530270831	7.42527093694e-18	4.82035138412e-12	0.58012728566	0.405222847432	0.437678667827
0.121530270831	6.60159339218e-18	4.48069288828e-12	0.580127462805	0.405222670286	0.437678791988
0.121530270831	5.86928552144e-18	4.16496788863e-12	0.580127632239	0.405222500852	0.437678910744
0.121530270831	5.21821178621e-18	3.87148995014e-12	0.580127794297	0.405222338794	0.43767902433
0.121530270831	4.63936097194e-18	3.5986914696e-12	0.580127949301	0.405222183791	0.437679132972
0.121530270831	4.12472146801e-18	3.34511530237e-12	0.580128097556	0.405222035536	0.437679236884
0.121530270831	3.66717038289e-18	3.10940697906e-12	0.580128239357	0.405221893734	0.437679336273
0.121530270831	3.26037495952e-18	2.89030747076e-12	0.580128374986	0.405221758106	0.437679431335
0.121530270831	2.89870492661e-18	2.68664646394e-12	0.58012850471	0.405221628382	0.437679522258
0.121530270831	2.5771545727e-18	2.4973361093e-12	0.580128628787	0.405221504305	0.437679609224
0.121530270831	2.29127346442e-18	2.32136521105e-12	0.580128747462	0.40522138563	0.437679692404
0.121530270831	2.03710485017e-18	2.15779382567e-12	0.580128860971	0.40522127212	0.437679771963
0.121530270831	1.81113089647e-18	2.00574824123e-12	0.580128969539	0.405221163553	0.437679848058
0.121530270831	1.61022399937e-18	1.86441631047e-12	0.580129073381	0.405221059711	0.437679920841
0.121530270831	1.43160349469e-18	1.7330431664e-12	0.580129172701	0.40522096039	0.437679990455
0.121530270831	1.27279717668e-18	1.61092704225e-12	0.580129267699	0.405220865393	0.437680057039
0.121530270831	1.13160708026e-18	1.49741563484e-12	0.58012935856	0.405220774531	0.437680120725
0.121530270831	1.00607905631e-18	1.39190262676e-12	0.580129445467	0.405220687625	0.437680181638
0.121530270831	8.9447572742e-19	1.29382442374e-12	0.580129528589	0.405220604502	0.437680239899
0.121530270831	7.95252441596e-19	1.20265714427e-12	0.580129608094	0.405220524998	0.437680295624
0.121530270831	7.07035893478e-19	1.11791382129e-12	0.580129684137	0.405220448955	0.437680348923
0.121530270831	6.28605117021e-19	1.03914180107e-12	0.58012975687	0.405220376222	0.437680399902
0.121530270831	5.58874586665e-19	9.65920325388e-13	0.580129826436	0.405220306655	0.437680448662
0.121530270831	4.96879193066e-19	8.97858284066e-13	0.580129892975	0.405220240117	0.437680495299
0.121530270831	4.41760885453e-19	8.34592125863e-13	0.580129956616	0.405220176476	0.437680539905
0.121530270831	3.92756795732e-19	7.75783916584e-13	0.580130017487	0.405220115605	0.43768058257
0.121530270831	3.49188679977e-19	7.21119534019e-13	0.580130075708	0.405220057384	0.437680623378
0.121530270831	3.10453531155e-19	6.70306990068e-13	0.580130131395	0.405220001697	0.437680662409
0.121530270831	2.76015233182e-19	6.230748711e-13	0.580130184657	0.405219948435	0.437680699741
0.121530270831	2.45397140776e-19	5.79170888207e-13	0.580130235601	0.405219897491	0.437680735448
0.121530270831	2.1817548216e-19	5.38360540641e-13	0.580130284327	0.405219848765	0.4376807696
0.121530270831	1.93973494659e-19	5.00425829144e-13	0.580130330932	0.40521980216	0.437680802266
0.121530270831	1.7245620925e-19	4.65164126016e-13	0.580130375507	0.405219757584	0.437680833509
0.121530270831	1.53325814652e-19	4.32387082047e-13	0.580130418143	0.405219714949	0.437680863393
0.121530270831	1.36317535485e-19	4.01919619748e-13	0.580130458922	0.40521967417	0.437680891976
0.121530270831	1.21195967632e-19	3.7359899818e-13	0.580130497926	0.405219635166	0.437680919314
0.121530270831	1.07751820113e-19	3.47273943678e-13	0.580130535232	0.405219597859	0.437680945462
0.121530270831	9.57990183851e-20	3.22803841832e-13	0.580130570914	0.405219562177	0.437680970472
0.121530270831	8.51721289638e-20	3.00057986395e-13	0.580130605043	0.405219528049	0.437680994393
0.121530270831	7.57240697337e-20	2.78914881126e-13	0.580130637686	0.405219495406	0.437681017273
0.121530270831	6.73240742489e-20	2.59261590819e-13	0.580130668908	0.405219464184	0.437681039157
0.121530270831	5.9855881853e-20	2.40993138062e-13	0.580130698771	0.405219434321	0.437681060088
0.121530270831	5.32161285662e-20	2.24011942509e-13	0.580130727334	0.405219405758	0.437681080108
0.121530270831	4.73129164708e-20	2.08227299653e-13	0.580130754653	0.405219378439	0.437681099256
0.121530270831	4.2064541792e-20	1.93554896335e-13	0.580130780783	0.405219352309	0.437681117571
0.121530270831	3.73983640707e-20	1.79916360753e-13	0.580130805775	0.405219327316	0.437681135088
0.121530270831	3.32498007631e-20	1.67238844146e-13	0.58013082968	0.405219303412	0.437681151843
0.121530270831	2.95614334443e-20	1.55454628295e-13	0.580130852544	0.405219280548	0.437681167869
0.121530270831	2.62822130339e-20	1.44500768208e-13	0.580130874412	0.405219258679	0.437681183197
0.121530270831	2.33667532747e-20	1.34318754209e-13	0.580130895329	0.405219237763	0.437681197857
0.121530270831	2.07747025613e-20	1.2485419941e-13	0.580130915335	0.405219217757	0.43768121188
0.121530270831	1.84701854516e-20	1.16056549209e-13	0.58013093447	0.405219198622	0.437681225291
0.121530270831	1.64213061301e-20	1.07878811251e-13	0.580130952772	0.40521918032	0.43768123812
0.121530270831	1.45997069522e-20	1.00277304419e-13	0.580130970277	0.405219162815	0.437681250389
0.121530270831	1.29801759584e-20	9.32114255194e-14	0.58013098702	0.405219146071	0.437681262125
0.121530270831	1.15402979267e-20	8.66434323932e-14	0.580131003035	0.405219130057	0.437681273349
0.121530270831	1.0260144133e-20	8.05382423234e-14	0.580131018352	0.40521911474	0.437681284085
0.121530270831	9.12199652689e-21	7.48632446393e-14	0.580131033002	0.405219100089	0.437681294354
0.121530270831	8.11010250345e-21	6.95881265284e-14	0.580131047015	0.405219086077	0.437681304175
0.121530270831	7.2104568785e-21	6.46847111216e-14	0.580131060418	0.405219072674	0.43768131357
0.121530270831	6.41060804896e-21	6.01268069872e-14	0.580131073237	0.405219059855	0.437681322555
0.121530270831	5.69948565539e-21	5.5890068362e-14	0.580131085498	0.405219047594	0.437681331149
0.121530270831	5.06724736138e-21	5.19518648506e-14	0.580131097225	0.405219035867	0.437681339368
0.121530270831	4.50514263383e-21	4.82911604919e-14	0.580131108442	0.40521902465	0.43768134723
0.121530270831	4.00539162594e-21	4.48884017565e-14	0.58013111917	0.405219013921	0.43768135475
0.121530270831	3.56107750156e-21	4.17254129231e-14	0.580131129432	0.40521900366	0.437681361942
0.121530270831	3.16605070227e-21	3.87852989929e-14	0.580131139247	0.405218993845	0.437681368822
0.121530270831	2.81484383408e-21	3.6052355446e-14	0.580131148634	0.405218984458	0.437681375401
0.121530270831	2.50259599553e-21	3.3511984356e-14	0.580131157613	0.405218975479	0.437681381695
0.121530270831	2.22498550016e-21	3.11506164158e-14	0.580131166201	0.405218966891	0.437681387714
0.121530270831	1.97817006186e-21	2.89556384577e-14	0.580131174415	0.405218958677	0.437681393471
0.121530270831	1.75873361552e-21	2.69153260801e-14	0.580131182271	0.40521895082	0.437681398978
0.121530270831	1.56363903672e-21	2.50187810228e-14	0.580131189786	0.405218943306	0.437681404245
0.121530270831	1.39018610625e-21	2.32558729536e-14	0.580131196973	0.405218936119	0.437681409283
0.121530270831	1.23597413753e-21	2.16171853579e-14	0.580131203848	0.405218929244	0.437681414101
0.121530270831	1.09886874974e-21	2.00939652405e-14	0.580131210423	0.405218922669	0.43768141871
0.121530270831	9.76972326825e-22	1.86780763721e-14	0.580131216712	0.40521891638	0.437681423118
0.121530270831	8.68597753327e-22	1.73619558606e-14	0.580131222727	0.405218910365	0.437681427334
0.121530270831	7.72245063893e-22	1.613857367e-14	0.58013122848	0.405218904612	0.437681431366
0.121530270831	6.86580682913e-22	1.50013951296e-14	0.580131233983	0.405218899109	0.437681435223
0.121530270831	6.10418966922e-22	1.39443460386e-14	0.580131239246	0.405218893845	0.437681438913
0.121530270831	5.42705794705e-22	1.29617802047e-14	0.580131244281	0.405218888811	0.437681442441
0.121530270831	4.82503977669e-22	1.20484492857e-14	0.580131249096	0.405218883996	0.437681445816
0.121530270831	4.28980288623e-22	1.1199474755e-14	0.580131253701	0.405218879391	0.437681449044
0.121530270831	3.81393929443e-22	1.04103218439e-14	0.580131258106	0.405218874986	0.437681452131
0.121530270831	3.39086278005e-22	9.67677531844e-15	0.580131262319	0.405218870773	0.437681455084
0.121530270831	3.01471772484e-22	8.99491696454e-15	0.580131266349	0.405218866743	0.437681457909
0.121530270831	2.68029806851e-22	8.36110465868e-15	0.580131270203	0.405218862889	0.437681460611
0.121530270831	2.38297525386e-22	7.7719529137e-15	0.58013127389	0.405218859202	0.437681463194
0.121530270831	2.11863416494e-22	7.22431479529e-15	0.580131277416	0.405218855676	0.437681465666
0.121530270831	1.88361617158e-22	6.71526511281e-15	0.580131280788	0.405218852304	0.43768146803
0.121530270831	1.67466849179e-22	6.24208479444e-15	0.580131284014	0.405218849078	0.437681470291
