0.0	0.0247301573164	0.390757020171	0.0	0.0	0.0
1.63679917853e-18	0.0247301573158	0.390757020168	1.45118351078e-12	1.6368018052e-12	1e-06
1.83233883921e-18	0.0247301573158	0.390757020168	1.52727119128e-12	1.76469949764e-12	1.03833333333e-06
2.05123857938e-18	0.0247301573158	0.390757020167	1.60930406724e-12	1.9025891973e-12	1.07813611111e-06
2.29628910301e-18	0.0247301573157	0.390757020167	1.6977466731e-12	2.05124806029e-12	1.11946466204e-06
2.57061450464e-18	0.0247301573157	0.390757020167	1.79309984025e-12	2.21156426505e-12	1.16237747408e-06
2.87771209766e-18	0.0247301573156	0.390757020167	1.89590353306e-12	2.38431496768e-12	1.20693527725e-06
3.22149700084e-18	0.0247301573156	0.390757020167	2.00673990664e-12	2.57061039121e-12	1.25320112955e-06
3.60635205129e-18	0.0247301573155	0.390757020166	2.12623660342e-12	2.77144973636e-12	1.30124050618e-06
4.03718368028e-18	0.0247301573155	0.390757020166	2.25507030737e-12	2.98805424847e-12	1.35112139225e-06
4.51948446422e-18	0.0247301573154	0.390757020166	2.39397057593e-12	3.22153415054e-12	1.40291437895e-06
5.0594031483e-18	0.0247301573154	0.390757020165	2.5437239713e-12	3.47322171023e-12	1.45669276347e-06
5.66382303551e-18	0.0247301573153	0.390757020165	2.70517851462e-12	3.74467123974e-12	1.51253265274e-06
6.34044974027e-18	0.0247301573152	0.390757020165	2.87924848807e-12	4.03721500673e-12	1.57051307109e-06
7.09790942563e-18	0.0247301573152	0.390757020164	3.06691961231e-12	4.35262936802e-12	1.63071607215e-06
7.94585877631e-18	0.0247301573151	0.390757020164	3.26925462836e-12	4.69280170277e-12	1.69322685492e-06
8.89510810958e-18	0.024730157315	0.390757020163	3.48739931571e-12	5.05939734549e-12	1.75813388435e-06
9.95775919364e-18	0.0247301573149	0.390757020163	3.72258898058e-12	5.45474776456e-12	1.82552901658e-06
1.11473595303e-17	0.0247301573148	0.390757020162	3.97615545124e-12	5.88096238371e-12	1.89550762888e-06
1.24790750691e-17	0.0247301573147	0.390757020162	4.24953461983e-12	6.34048369359e-12	1.96816875466e-06
1.39698835547e-17	0.0247301573145	0.390757020161	4.54427457351e-12	6.83586520718e-12	2.04361522358e-06
1.56387909722e-17	0.0247301573144	0.39075702016	4.86204436095e-12	7.36999350431e-12	2.12195380715e-06
1.75070738503e-17	0.0247301573143	0.390757020159	5.20464344381e-12	7.94586618718e-12	2.20329536975e-06
1.9598550511e-17	0.0247301573141	0.390757020159	5.57401188667e-12	8.56670290254e-12	2.28775502559e-06
2.1939884724e-17	0.024730157314	0.390757020158	5.97224134323e-12	9.23616738638e-12	2.37545230157e-06
2.45609256376e-17	0.0247301573138	0.390757020157	6.40158690084e-12	9.95781235237e-12	2.46651130646e-06
2.7495088318e-17	0.0247301573136	0.390757020156	6.86447985064e-12	1.0735856648e-11	2.56106090653e-06
3.07797797513e-17	0.0247301573134	0.390757020155	7.3635414554e-12	1.15747411654e-11	2.65923490794e-06
3.44568757366e-17	0.0247301573131	0.390757020153	7.90159779316e-12	1.24791288412e-11	2.76117224608e-06
3.85732547509e-17	0.0247301573129	0.390757020152	8.4816957607e-12	1.34541267014e-11	2.86701718217e-06
4.3181395593e-17	0.0247301573126	0.390757020151	9.10712032748e-12	1.45053968834e-11	2.97691950748e-06
4.83400464233e-17	0.0247301573124	0.390757020149	9.78141313769e-12	1.56388235692e-11	3.09103475526e-06
5.41149737314e-17	0.0247301573121	0.390757020148	1.05083925658e-11	1.68607350301e-11	3.20952442086e-06
6.05798007786e-17	0.0247301573117	0.390757020146	1.12921753393e-11	1.81782366934e-11	3.33255619032e-06
6.7816946204e-17	0.0247301573114	0.390757020144	1.21371998507e-11	1.95985450087e-11	3.4603041776e-06
7.59186747615e-17	0.024730157311	0.390757020142	1.30482512912e-11	2.11299866488e-11	3.59294917106e-06
8.49882735829e-17	0.0247301573106	0.39075702014	1.40304887482e-11	2.27808882864e-11	3.73067888927e-06
9.5141368962e-17	0.0247301573102	0.390757020138	1.50894744203e-11	2.45609088617e-11	3.87368824668e-06
1.06507400449e-16	0.0247301573097	0.390757020135	1.62312051145e-11	2.64800403819e-11	4.02217962945e-06
1.19231271045e-16	0.0247301573092	0.390757020132	1.7462146205e-11	2.85490520105e-11	4.17636318189e-06
1.33475194542e-16	0.0247301573086	0.390757020129	1.87892682454e-11	3.07798231338e-11	4.33645710383e-06
1.49420763545e-16	0.024730157308	0.390757020126	2.02200864409e-11	3.31847882495e-11	4.50268795945e-06
1.67271264559e-16	0.0247301573074	0.390757020123	2.17627032059e-11	3.57777141234e-11	4.67529099787e-06
1.87254269643e-16	0.0247301573067	0.390757020119	2.34258540457e-11	3.85732556992e-11	4.85451048609e-06
2.09624537675e-16	0.024730157306	0.390757020115	2.52189570244e-11	4.15872891662e-11	5.04060005468e-06
2.34667262216e-16	0.0247301573052	0.390757020111	2.71521660965e-11	4.48366899144e-11	5.23382305674e-06
2.62701707379e-16	0.0247301573043	0.390757020106	2.92364286074e-11	4.83401096906e-11	5.43445294053e-06
2.94085278057e-16	0.0247301573034	0.390757020101	3.14835472854e-11	5.21171994423e-11	5.64277363653e-06
3.29218076397e-16	0.0247301573023	0.390757020096	3.39062470779e-11	5.61893864738e-11	5.8590799592e-06
3.68548002615e-16	0.0247301573013	0.39075702009	3.65182472105e-11	6.05798744465e-11	6.08367802424e-06
4.12576465173e-16	0.0247301573001	0.390757020084	3.93343388756e-11	6.53133103114e-11	6.31688568176e-06
4.61864773127e-16	0.0247301572988	0.390757020077	4.23704689917e-11	7.0416672488e-11	6.55903296614e-06
5.17041292129e-16	0.0247301572975	0.39075702007	4.56438305077e-11	7.59187157526e-11	6.81046256308e-06
5.78809455319e-16	0.024730157296	0.390757020062	4.91729597626e-11	8.18506373723e-11	7.07153029456e-06
6.47956731243e-16	0.0247301572944	0.390757020054	5.29778414528e-11	8.82461881268e-11	7.3426056224e-06
7.25364663108e-16	0.0247301572927	0.390757020045	5.70800218013e-11	9.51414502646e-11	7.62407217113e-06
8.12020107382e-16	0.0247301572909	0.390757020035	6.15027305689e-11	1.02575392614e-10	7.91632827088e-06
9.09027815008e-16	0.0247301572889	0.390757020024	6.62710125997e-11	1.10590203649e-10	8.21978752109e-06
1.01762451563e-15	0.0247301572868	0.390757020013	7.14118696446e-11	1.19231291492e-10	8.53487937589e-06
1.13919468436e-15	0.0247301572845	0.390757020001	7.69544132662e-11	1.28547616979e-10	8.86204975175e-06
1.2752881922e-15	0.024730157282	0.390757019988	8.29300296915e-11	1.3859180468e-10	9.20176165867e-06
1.42764006494e-15	0.0247301572793	0.390757019973	8.93725575449e-11	1.49420809037e-10	9.55449585533e-06
1.59819260263e-15	0.0247301572764	0.390757019958	9.63184794696e-11	1.6109591436e-10	9.92075152949e-06
1.78912014156e-15	0.0247301572733	0.390757019941	1.03807128721e-10	1.73683400964e-10	1.03010470045e-05
2.00285677435e-15	0.0247301572699	0.390757019923	1.118809119e-10	1.87254323123e-10	1.06959204726e-05
2.24212738169e-15	0.0247301572663	0.390757019904	1.20585549098e-10	2.01885619292e-10	1.1105930757e-05
2.50998237121e-15	0.0247301572624	0.390757019883	1.29970332794e-10	2.17660223131e-10	1.15316581022e-05
2.80983656645e-15	0.0247301572582	0.390757019861	1.40088406989e-10	2.34667285548e-10	1.19737049956e-05
3.14551274169e-15	0.0247301572537	0.390757019837	1.50997068152e-10	2.53003284925e-10	1.24326970199e-05
3.52129035765e-15	0.0247301572488	0.390757019811	1.62758089673e-10	2.72771916091e-10	1.29092837383e-05
3.94196011935e-15	0.0247301572435	0.390757019783	1.75438071675e-10	2.94085311572e-10	1.34041396142e-05
4.41288505181e-15	0.0247301572379	0.390757019753	1.89108818156e-10	3.17063930565e-10	1.39179649653e-05
4.94006887196e-15	0.0247301572317	0.39075701972	2.038477436e-10	3.41838113254e-10	1.44514869548e-05
5.53023252878e-15	0.0247301572251	0.390757019685	2.19738311355e-10	3.68548080807e-10	1.50054606203e-05
6.19089988711e-15	0.024730157218	0.390757019647	2.36870506272e-10	3.97344934575e-10	1.5580669943e-05
6.93049364777e-15	0.0247301572103	0.390757019606	2.55341344269e-10	4.28391877344e-10	1.61779289562e-05
7.75844272667e-15	0.0247301572021	0.390757019562	2.75255421708e-10	4.61864768439e-10	1.67980828981e-05
8.68530246195e-15	0.0247301571931	0.390757019515	2.96725507706e-10	4.97953122932e-10	1.74420094076e-05
9.72288918164e-15	0.0247301571835	0.390757019463	3.1987318272e-10	5.36861221856e-10	1.81106197665e-05
1.08844308474e-14	0.0247301571732	0.390757019408	3.44829527029e-10	5.78809444483e-10	1.88048601889e-05
1.21847356948e-14	0.024730157162	0.390757019349	3.71735863017e-10	6.24035378537e-10	1.95257131606e-05
1.36403810202e-14	0.0247301571499	0.390757019284	4.00744555447e-10	6.7279515247e-10	2.02741988293e-05
1.52699245212e-14	0.0247301571369	0.390757019215	4.32019874274e-10	7.25364656702e-10	2.10513764483e-05
1.70941408842e-14	0.0247301571229	0.390757019141	4.65738924868e-10	7.8204187509e-10	2.18583458757e-05
1.91362866365e-14	0.0247301571078	0.39075701906	5.02092650921e-10	8.43147551066e-10	2.26962491308e-05
2.14223966387e-14	0.0247301570915	0.390757018974	5.41286915724e-10	9.09027852165e-10	2.35662720102e-05
2.39816159969e-14	0.024730157074	0.39075701888	5.83543667923e-10	9.80055702299e-10	2.44696457662e-05
2.68465716274e-14	0.024730157055	0.390757018779	6.2910219837e-10	1.05663344629e-09	2.54076488491e-05
3.005378821e-14	0.0247301570346	0.390757018671	6.78220495169e-10	1.13919473724e-09	2.63816087161e-05
3.36441538329e-14	0.0247301570126	0.390757018554	7.31176704613e-10	1.22820697906e-09	2.73929037108e-05
3.76634412655e-14	0.0247301569889	0.390757018427	7.88270706262e-10	1.32417421297e-09	2.84429650128e-05
4.21628915057e-14	0.0247301569633	0.390757018291	8.49825811098e-10	1.4276401152e-09	2.9533278664e-05
4.71998670396e-14	0.0247301569358	0.390757018144	9.16190592365e-10	1.53919032838e-09	3.06653876709e-05
5.2838583143e-14	0.024730156906	0.390757017986	9.8774085946e-10	1.65945668042e-09	3.18408941886e-05
5.91509265474e-14	0.024730156874	0.390757017815	1.06488178607e-09	1.78912018213e-09	3.30614617884e-05
6.62173719081e-14	0.0247301568394	0.390757017631	1.14805020456e-09	1.92891502398e-09	3.43288178116e-05
7.41280077573e-14	0.0247301568022	0.390757017433	1.23771707969e-09	2.079632906e-09	3.56447558142e-05
8.29836850226e-14	0.024730156762	0.390757017219	1.33439017557e-09	2.24212736763e-09	3.70111381053e-05
9.28973027529e-14	0.0247301567187	0.390757016989	1.43861693101e-09	2.41731845067e-09	3.84298983824e-05
1.03995247443e-13	0.024730156672	0.39075701674	1.55098755956e-09	2.60619836143e-09	3.99030444682e-05
1.16419004305e-13	0.0247301566217	0.390757016472	1.67213839176e-09	2.80983657773e-09	4.14326611516e-05
1.30326961036e-13	0.0247301565674	0.390757016183	1.80275547853e-09	3.02938617717e-09	4.30209131387e-05
1.4589642706e-13	0.0247301565089	0.390757015871	1.94357847614e-09	3.26609072053e-09	4.46700481157e-05
1.63325894013e-13	0.0247301564458	0.390757015536	2.09540483472e-09	3.52129024698e-09	4.63823999305e-05
1.82837566263e-13	0.0247301563778	0.390757015174	2.25909431403e-09	3.79643026684e-09	4.81603918945e-05
2.04680193744e-13	0.0247301563045	0.390757014783	2.43557385211e-09	4.09306853401e-09	5.00065402132e-05
2.29132243215e-13	0.0247301562254	0.390757014362	2.62584281432e-09	4.41288492687e-09	5.19234575463e-05
2.56505448367e-13	0.0247301561402	0.390757013908	2.83097865253e-09	4.75769055221e-09	5.39138567056e-05
2.87148784047e-13	0.0247301560483	0.390757013419	3.05214300649e-09	5.12943795916e-09	5.59805544937e-05
3.21452915256e-13	0.0247301559492	0.390757012892	3.29058828194e-09	5.53023235256e-09	5.81264756907e-05
3.59855177652e-13	0.0247301558424	0.390757012323	3.54766474271e-09	5.96234325021e-09	6.03546571934e-05
4.02845153039e-13	0.0247301557273	0.39075701171	3.82482815697e-09	6.42821747252e-09	6.26682523125e-05
4.50970910935e-13	0.0247301556031	0.390757011049	4.12364804093e-09	6.93049335336e-09	6.50705352357e-05
5.04845995786e-13	0.0247301554693	0.390757010336	4.44581654663e-09	7.47201517294e-09	6.75649056611e-05
5.651572489e-13	0.0247301553249	0.390757009568	4.79315804427e-09	8.05584936708e-09	7.01548936086e-05
6.32673564832e-13	0.0247301551693	0.390757008739	5.1676394532e-09	8.68530206872e-09	7.28441644151e-05
7.08255693841e-13	0.0247301550016	0.390757007846	5.5713813801e-09	9.36393775966e-09	7.56365239221e-05
7.92867215397e-13	0.0247301548207	0.390757006883	6.00667012758e-09	1.00955993656e-08	7.85359238614e-05
8.87586822634e-13	0.0247301546257	0.390757005845	6.47597064096e-09	1.08844302385e-08	8.15464674478e-05
9.93622074353e-13	0.0247301544155	0.390757004726	6.98194046669e-09	1.17348971384e-08	8.46724151858e-05
1.11232478991e-12	0.0247301541889	0.390757003519	7.52744480148e-09	1.26518163233e-08	8.79181908987e-05
1.24520828325e-12	0.0247301539445	0.390757002218	8.11557271722e-09	1.36403799727e-08	9.12883879898e-05
1.39396665578e-12	0.0247301536811	0.390757000815	8.74965465375e-09	1.47061861635e-08	9.47877759424e-05
1.56049639406e-12	0.024730153397	0.390756999303	9.43328127834e-09	1.58552702895e-08	9.84213070694e-05
1.74692054771e-12	0.0247301530908	0.390756997673	1.01703238189e-08	1.70941392561e-08	0.000102194123522
1.95561579558e-12	0.0247301527606	0.390756995915	1.09649559856e-08	1.84298086726e-08	0.000106111564568
2.18924274555e-12	0.0247301524047	0.39075699402	1.18216776061e-08	1.98698420433e-08	0.000110179174145
2.4507798539e-12	0.0247301520209	0.390756991976	1.27453401067e-08	2.1422394066e-08	0.000114402708707
2.74356139699e-12	0.0247301516072	0.390756989773	1.37411739849e-08	2.30962563736e-08	0.000118788145375
3.07131997909e-12	0.0247301511611	0.390756987398	1.48148184284e-08	2.49009078263e-08	0.000123341690389
3.43823411847e-12	0.0247301506801	0.390756984838	1.59723532489e-08	2.684656747e-08	0.000128069787894
3.84898151827e-12	0.0247301501616	0.390756982077	1.722033331e-08	2.89442535999e-08	0.000132979129063
4.30879870142e-12	0.0247301496026	0.390756979101	1.85658256467e-08	3.12058446005e-08	0.000138076661559
4.82354776967e-12	0.0247301489999	0.390756975892	2.00164494834e-08	3.36441473353e-08	0.000143369599374
5.39979113814e-12	0.02473014835	0.390756972432	2.15804193804e-08	3.62729696445e-08	0.000148865433034
6.0448751978e-12	0.0247301476495	0.390756968702	2.32665917509e-08	3.91071978384e-08	0.0001545719402
6.76702397275e-12	0.0247301468941	0.39075696468	2.50845150123e-08	4.21628814071e-08	0.000160497196675
7.57544396615e-12	0.0247301460798	0.390756960345	2.70444836571e-08	4.54573240591e-08	0.000166649587836
8.48044153149e-12	0.0247301452018	0.39075695567	2.91575965477e-08	4.90091815315e-08	0.000173037820492
9.49355426555e-12	0.0247301442553	0.39075695063	3.14358197665e-08	5.28385670609e-08	0.000179670935216
1.06276980981e-11	0.0247301432347	0.390756945197	3.38920543771e-08	5.69671658478e-08	0.000186558319131
1.18973319535e-11	0.0247301421344	0.390756939339	3.65402094792e-08	6.14183569584e-08	0.000193709719199
1.33186420837e-11	0.0247301409482	0.390756933023	3.93952809729e-08	6.62173465511e-08	0.00020113525601
1.49097484218e-11	0.0247301396693	0.390756926214	4.2473436476e-08	7.13913103182e-08	0.00020884543811
1.66909355883e-11	0.0247301382904	0.390756918872	4.57921068772e-08	7.69695471402e-08	0.000216851176865
1.86849114935e-11	0.0247301368038	0.390756910957	4.93700850424e-08	8.29836451748e-08	0.00022516380191
2.09170968342e-11	0.024730135201	0.390756902424	5.32276322337e-08	8.94676610466e-08	0.000233795077176
2.3415949174e-11	0.024730133473	0.390756893223	5.73865928431e-08	9.64583120261e-08	0.000242757217538
2.62133257403e-11	0.02473013161	0.390756883304	6.18705180915e-08	1.0399518464e-07	0.000252062906105
2.93448895619e-11	0.0247301296014	0.39075687261	6.67047993919e-08	1.12120958381e-07	0.000261725312163
3.28505641257e-11	0.0247301274359	0.390756861081	7.19168121341e-08	1.20881647734e-07	0.000271758109816
3.67750423472e-11	0.0247301251012	0.39075684865	7.75360707029e-08	1.30326862081e-07	0.000282175497331
4.11683563463e-11	0.024730122584	0.390756835248	8.35943956093e-08	1.40510087695e-07	0.000292992217234
4.60865152884e-11	0.0247301198702	0.390756820799	9.01260936799e-08	1.51488989385e-07	0.000304223577172
5.15922194258e-11	0.0247301169443	0.390756805221	9.71681523257e-08	1.63325738237e-07	0.000315885471571
5.77556594395e-11	0.0247301137898	0.390756788426	1.04760448989e-07	1.76087362771e-07	0.000327994404134
6.46554112739e-11	0.0247301103888	0.390756770318	1.12945976958e-07	1.89846128636e-07	0.000340567511189
7.23794378701e-11	0.0247301067221	0.390756750796	1.21771088818e-07	2.04679948507e-07	0.000353622585941
8.102621057e-11	0.0247301027689	0.390756729748	1.31285758936e-07	2.20672822391e-07	0.000367178103652
9.07059644855e-11	0.0247300985068	0.390756707055	1.41543866442e-07	2.37915313801e-07	0.000381253247779
1.01542103838e-10	0.0247300939117	0.39075668259	1.52603500329e-07	2.56505062343e-07	0.000395867937125
1.13672775183e-10	0.0247300889575	0.390756656213	1.64527288386e-07	2.76547336824e-07	0.000411042854021
1.27252628576e-10	0.0247300836162	0.390756627774	1.77382751836e-07	2.98155631327e-07	0.000426799473593
1.42454789127e-10	0.0247300778576	0.390756597114	1.91242687677e-07	3.2145230758e-07	0.000443160094147
1.59473064087e-10	0.024730071649	0.390756564058	2.06185580902e-07	3.46569288283e-07	0.000460147868725
1.78524413592e-10	0.0247300649553	0.39075652842	2.22296048925e-07	3.73648803506e-07	0.00047778683786
1.99851716567e-10	0.0247300577386	0.390756489996	2.39665320724e-07	4.0284419681e-07	0.000496101963596
2.23726867046e-10	0.0247300499581	0.390756448571	2.58391753432e-07	4.343207931e-07	0.000515119164805
2.50454240381e-10	0.0247300415695	0.390756403908	2.78581389278e-07	4.68256834756e-07	0.000534865353861
2.8037457353e-10	0.0247300325256	0.390756355756	3.00348556049e-07	5.04844491251e-07	0.000555368474718
3.13869308881e-10	0.024730022775	0.390756303841	3.23816514464e-07	5.44290946713e-07	0.000576657542444
3.51365456986e-10	0.0247300122625	0.39075624787	3.49118156123e-07	5.86819573745e-07	0.000598762684273
3.933410402e-10	0.0247300009286	0.390756187526	3.76396755995e-07	6.32671197838e-07	0.000621715182231
4.40331186611e-10	0.0247299887091	0.390756122467	4.05806783688e-07	6.82105461029e-07	0.000645547517389
4.92934951936e-10	0.0247299755349	0.390756052324	4.37514778101e-07	7.35402292146e-07	0.000670293415819
5.51822956351e-10	0.0247299613313	0.3907559767	4.71700290418e-07	7.92863492058e-07	0.000695987896301
6.17745933607e-10	0.0247299460179	0.390755895168	5.08556900767e-07	8.54814441827e-07	0.000722667319868
6.91544301379e-10	0.024729929508	0.390755807265	5.48293314309e-07	9.21605945965e-07	0.000750369441236
7.74158874872e-10	0.0247299117081	0.390755712494	5.91134542956e-07	9.93616218018e-07	0.000779133462218
8.66642860223e-10	0.0247298925174	0.390755610317	6.3732317941e-07	1.07125302256e-06	0.000809000087167
9.70175280569e-10	0.0247298718272	0.390755500157	6.87120770735e-07	1.15495598342e-06	0.000840011580558
1.08607600593e-09	0.0247298495204	0.39075538139	7.40809299233e-07	1.2451990732e-06	0.000872211826763
1.21582257845e-09	0.0247298254707	0.390755253343	7.98692779004e-07	1.3424932968e-06	0.00090564639212
1.36106904747e-09	0.0247297995418	0.390755115291	8.61098977232e-07	1.44738958446e-06	0.000940362589373
1.52366705449e-09	0.0247297715871	0.390754966452	9.28381269931e-07	1.56048191108e-06	0.000976409544588
1.7056894367e-09	0.0247297414481	0.390754805984	1.00092064265e-06	1.68241065913e-06	0.00101383826662
1.90945664999e-09	0.0247297089542	0.390754632977	1.0791278475e-06	1.81386624401e-06	0.00105270171923
2.13756634817e-09	0.0247296739214	0.390754446453	1.16344572857e-06	1.955593023e-06	0.00109305489599
2.39292649524e-09	0.0247296361514	0.390754245354	1.25435172914e-06	2.10839350934e-06	0.00113495489805
2.67879243289e-09	0.0247295954303	0.390754028543	1.3523605946e-06	2.27313291529e-06	0.00117846101481
2.99880837546e-09	0.0247295515276	0.390753794791	1.45802728652e-06	2.45074405018e-06	0.00122363480778
3.35705386115e-09	0.0247295041946	0.390753542776	1.57195012439e-06	2.64223260128e-06	0.00127054019761
3.75809575146e-09	0.0247294531633	0.390753271069	1.69477417262e-06	2.84868282635e-06	0.00131924355436
4.20704644132e-09	0.0247293981448	0.390752978133	1.82719489216e-06	3.07126369192e-06	0.0013698137914
4.70962902179e-09	0.0247293388275	0.390752662308	1.96996207729e-06	3.31123548984e-06	0.0014223224627
5.27225022537e-09	0.0247292748757	0.390752321807	2.12388409979e-06	3.56995697089e-06	0.00147684386397
5.90208208338e-09	0.0247292059273	0.390751954701	2.28983248459e-06	3.84889303575e-06	0.00153345513763
6.60715333574e-09	0.0247291315918	0.390751558912	2.46874684272e-06	4.14962302634e-06	0.00159223638175
7.39645175757e-09	0.0247290514484	0.390751132198	2.66164018942e-06	4.47384966389e-06	0.00165327076321
8.28003870612e-09	0.0247289650433	0.390750672145	2.8696046775e-06	4.82340868628e-06	0.0017166446351
9.26917734702e-09	0.0247288718874	0.390750176146	3.09381777831e-06	5.20027923638e-06	0.00178244765867
1.03764761931e-08	0.0247287714532	0.390749641393	3.33554894531e-06	5.60659506215e-06	0.0018507729299
1.16160497838e-08	0.0247286631722	0.390749064859	3.59616679774e-06	6.04465659035e-06	0.00192171711086
1.30036985516e-08	0.0247285464314	0.390748443279	3.87714686513e-06	6.51694394389e-06	0.00199538056614
1.45571101652e-08	0.0247284205698	0.390747773134	4.18007993625e-06	7.02613097346e-06	0.0020718675044
1.62960849137e-08	0.0247282848749	0.390747050629	4.50668105968e-06	7.57510038584e-06	0.00215128612537
1.82427880013e-08	0.0247281385787	0.390746271675	4.85879924679e-06	8.16696005173e-06	0.00223374877242
2.04220319629e-08	0.0247279808528	0.390745431861	5.23842793183e-06	8.80506058564e-06	0.00231937209086
2.28615927973e-08	0.0247278108047	0.390744526432	5.64771624819e-06	9.493014299e-06	0.00240827719239
2.55925638393e-08	0.0247276274715	0.390743550262	6.0889811844e-06	1.02347156302e-05	0.00250058982562
2.86497518752e-08	0.0247274298158	0.390742497825	6.56472068832e-06	1.10343631679e-05	0.00259644055322
3.20721205405e-08	0.0247272167187	0.390741363163	7.07762779344e-06	1.18964833939e-05	0.00269596493565
3.59032866413e-08	0.024726986974	0.390740139852	7.6306058468e-06	1.28259562748e-05	0.00279930372192
4.01920757111e-08	0.0247267392817	0.390738820967	8.22678492426e-06	1.38280428508e-05	0.00290660304753
4.4993143868e-08	0.0247264722398	0.390737399042	8.86953952555e-06	1.49084149736e-05	0.00301801463988
5.03676738801e-08	0.0247261843373	0.390735866027	9.56250764856e-06	1.60731873633e-05	0.00313369603147
5.63841542842e-08	0.0247258739448	0.390734213246	1.03096113501e-05	1.73289521617e-05	0.00325381078104
6.31192514621e-08	0.024725539306	0.390732431343	1.11150789087e-05	1.86828161785e-05	0.00337852870316
7.06587857524e-08	0.0247251785275	0.390730510232	1.19834687137e-05	2.0142441037e-05	0.00350802610629
7.9098823998e-08	0.0247247895681	0.390728439039	1.29196950153e-05	2.17160864476e-05	0.00364248603994
8.85469024008e-08	0.0247243702273	0.390726206042	1.39290556788e-05	2.34126568475e-05	0.00378209855089
9.91233952089e-08	0.0247239181329	0.390723798604	1.50172620995e-05	2.52417516718e-05	0.00392706094914
1.10963046603e-07	0.0247234307275	0.390721203099	1.61904714458e-05	2.72137195339e-05	0.00407757808372
1.24216685218e-07	0.0247229052545	0.390718404841	1.74553214096e-05	2.93397166203e-05	0.00423386262873
1.39053143034e-07	0.024722338742	0.390715387993	1.88189676602e-05	3.16317696243e-05	0.00439613538001
1.55661402969e-07	0.0247217279863	0.390712135487	2.02891242078e-05	3.41028435699e-05	0.00456462556287
1.74253002371e-07	0.0247210695341	0.390708628919	2.18741069056e-05	3.6766914905e-05	0.00473957115101
1.95064722856e-07	0.0247203596627	0.39070484845	2.35828803283e-05	3.96390502668e-05	0.00492121919738
2.18361600526e-07	0.0247195943593	0.390700772693	2.54251082915e-05	4.27354913623e-05	0.00510982617699
2.44440294652e-07	0.0247187692981	0.390696378593	2.74112082902e-05	4.60737464289e-05	0.00530565834238
2.73632857401e-07	0.0247178798164	0.390691641293	2.95524101589e-05	4.96726887857e-05	0.00550899209194
3.06310952238e-07	0.0247169208883	0.390686534001	3.1860819278e-05	5.35526630181e-05	0.00572011435164
3.42890574246e-07	0.0247158870962	0.390681027834	3.43494846762e-05	5.77355993811e-05	0.0059393229705
3.83837331917e-07	0.0247147726008	0.390675091655	3.7032472403e-05	6.22451370531e-05	0.00616692713026
4.2967235698e-07	0.0247135711082	0.3906686919	3.99249445765e-05	6.71067569142e-05	0.00640324776971
4.80978916685e-07	0.0247122758345	0.390661792389	4.304324454e-05	7.23479245785e-05	0.00664861802398
5.38409811731e-07	0.024710879468	0.390654354121	4.64049885931e-05	7.79982444612e-05	0.0069033836795
6.026956528e-07	0.0247093741285	0.390646335054	5.00291647987e-05	8.40896257192e-05	0.00716790364467
6.74654119599e-07	0.0247077513228	0.390637689873	5.3936239405e-05	9.06564609683e-05	0.00744255043707
7.55200318494e-07	0.0247060018978	0.39062836973	5.81482714578e-05	9.7735818741e-05	0.00772771068733
8.45358368409e-07	0.0247041159892	0.390618321975	6.26890362258e-05	0.000105367650727	0.00802378566029
9.46274359878e-07	0.0247020829668	0.390607489855	6.75841581022e-05	0.000113595014907	0.00833119179371
1.05923084899e-06	0.024699891375	0.390595812203	7.28612536975e-05	0.000122464315772	0.00865036125496
1.18566306692e-06	0.02469752887	0.390583223089	7.85500858875e-05	0.000132025562913	0.00898174251622
1.32717704663e-06	0.0246949821505	0.390569651455	8.46827296361e-05	0.000142332649343	0.00932580094825
1.48556989185e-06	0.0246922368848	0.390555020715	9.12937504723e-05	0.000153443651023	0.00968301943332
1.66285243958e-06	0.0246892776313	0.390539248331	9.84203965581e-05	0.000165421149161	0.0100538989975
1.86127459604e-06	0.0246860877536	0.390522245351	0.000106102805356	0.000178332576957	0.0104389594623
2.08335365872e-06	0.0246826493289	0.390503915911	0.000114384225965	0.000192250592589	0.0108387401167
2.33190597287e-06	0.0246789430497	0.390484156705	0.000123311258284	0.000207253480354	0.0112538004086
2.61008231049e-06	0.0246749481184	0.390462856411	0.000132934110211	0.000223425581999	0.0116847206561
2.92140740458e-06	0.0246706421334	0.39043989507	0.000143306874199	0.000240857760422	0.0121321027797
3.26982412028e-06	0.0246660009674	0.390415143427	0.000154487824558	0.00025964789805	0.0125965710536
3.65974279914e-06	0.0246609986367	0.39038846221	0.000166539736979	0.000279901432366	0.0130787728774
4.0960963733e-06	0.0246556071606	0.390359701369	0.000179530231856	0.000301731931175	0.0135793795662
4.58440191332e-06	0.0246497964109	0.390328699241	0.00019353214309	0.000325261710415	0.0140990871614
5.13082934711e-06	0.0246435339498	0.39029528167	0.000208623914132	0.000350622497404	0.0146386172581
5.74227816978e-06	0.0246367848577	0.390259261047	0.000224890023148	0.000377956142662	0.0151987178514
6.42646305411e-06	0.0246295115465	0.390220435285	0.000242421439303	0.000407415383552	0.0157801641989
7.19200937112e-06	0.0246216735619	0.390178586722	0.00026131611223	0.000439164663197	0.0163837596984
8.04855973977e-06	0.0246132273699	0.390133480928	0.000281679496911	0.000473381008281	0.0170103367803
9.00689284549e-06	0.0246041261298	0.390084865447	0.000303625116271	0.000510254969532	0.0176607578115
1.00790558994e-05	0.0245943194509	0.390032468423	0.000327275163903	0.00054999162882	0.0183359160096
1.12785122549e-05	0.0245837531329	0.389975997145	0.000352761149463	0.000592811677018	0.0190367363655
1.26203058568e-05	0.0245723688881	0.389915136477	0.000380224589352	0.000638952566851	0.01976417657
1.41212443716e-05	0.0245601040467	0.389849547176	0.000409817745419	0.00068866974516	0.0205192279421
1.58001030334e-05	0.0245468912408	0.389778864095	0.000441704414488	0.000742237969083	0.0213029163555
1.76778514471e-05	0.0245326580702	0.389702694252	0.000476060771594	0.000799952710761	0.0221163031578
1.97779058079e-05	0.024517326745	0.389620614769	0.000513076269866	0.000862131655207	0.0229604860779
2.21264092358e-05	0.0245008137082	0.389532170667	0.000552954600035	0.000929116296043	0.023836600116
2.47525431767e-05	0.0244830292336	0.389436872507	0.000595914712531	0.0010012736337	0.0247458184092
2.76888730972e-05	0.0244638770015	0.389334193871	0.000642191905148	0.00107899798063	0.0256893530649
3.09717319842e-05	0.0244432536496	0.389223568677	0.000692038979144	0.0011627128779	0.0266684559551
3.46416454699e-05	0.024421048299	0.389104388312	0.000745727466572	0.00125287312718	0.0276844194592
3.87438027181e-05	0.0243971420554	0.388975998584	0.000803548931435	0.00134996694192	0.0287385771473
4.33285775425e-05	0.0243714074852	0.388837696471	0.000865816347023	0.00145451822081	0.0298323043897
4.84521045617e-05	0.0243437080661	0.38868872667	0.000932865551484	0.00156708894609	0.0309670188809
5.41769155451e-05	0.0243138976132	0.388528277935	0.00100505678322	0.00168828170835	0.0321441810603
6.05726414384e-05	0.0242818196812	0.388355479192	0.00108277629723	0.00181874235845	0.0333652944151
6.77167858938e-05	0.0242473069437	0.388169395426	0.00116643806271	0.00195916278577	0.0346319056451
7.56955764347e-05	0.0242101805521	0.387969023339	0.00125648554162	0.00211028382055	0.0359456046676
8.46048996668e-05	0.0241702494753	0.387753286763	0.00135339354672	0.002272898256	0.0373080244412
9.45513271725e-05	0.0241273098248	0.387521031836	0.00145767017642	0.00244785398373	0.0387208405793
0.000105653238886	0.0240811441677	0.387271021935	0.00156985882245	0.00263605723299	0.0401857707285
0.00011804205082	0.0240315208337	0.387001932363	0.00169054024449	0.00283847590131	0.0417045736766
0.000131863553946	0.0239781932217	0.386712344803	0.00182033470401	0.00305614296016	0.0432790481588
0.000147279370863	0.0239208991138	0.386400741536	0.00195990414717	0.00329015991476	0.0449110313219
0.000164468536438	0.0238593600046	0.386065499444	0.00210995442381	0.00354170029207	0.046602396806
0.000183629208005	0.0237932804582	0.385704883808	0.00227123752664	0.00381201312527	0.0483550523998
0.000204980509763	0.0237223475031	0.385317041922	0.00244455383087	0.00410242639585	0.0501709372184
0.000228764514707	0.0236462300821	0.384899996565	0.00263075431045	0.00441435038713	0.0520520183532
0.000255248365726	0.0235645785718	0.384451639349	0.00283074270253	0.00474928089388	0.054000286936
0.000284726535256	0.0234770243927	0.383969724	0.00304547758635	0.00510880222325	0.0560177535574
0.000317523220056	0.0233831797316	0.383451859627	0.00327597433691	0.00549458991086	0.0581064429752
0.000353994638638	0.0232826379998	0.382889813426	0.0035233068664	0.00590840927762	0.0602683880447
0.000394532159208	0.023174972595	0.382284589784	0.00378861279521	0.00635212261065	0.0625056546553
0.000439564838128	0.0230597378239	0.381634760673	0.0040730889496	0.00682769144043	0.06482028157
0.000489562066779	0.0229364696849	0.380937257714	0.00437799363421	0.0073371733042	0.0672142844492
0.000545036547264	0.0228046862916	0.380188835485	0.00470464803689	0.00788272255202	0.0696896541151
0.000606547167183	0.0226638889236	0.379386066695	0.00505443619782	0.00846658897496	0.0722483455317
0.000674701834705	0.022513563438	0.378525338176	0.00542880435843	0.00909111520795	0.0748922655592
0.000750160213968	0.0223531820907	0.37760284788	0.00582925958166	0.00975873270351	0.0776232594074
0.000833636288173	0.0221822058173	0.376614603108	0.00625736752498	0.010471956054	0.0804430957204
0.000925900663662	0.0220000870262	0.375556420215	0.00671474923813	0.0112333754221	0.0833534502308
0.00102778380467	0.0218062705887	0.374435035678	0.0072030770122	0.0120456621471	0.0863558879322
0.00114017454984	0.0216002031	0.373238165722	0.00772405457622	0.0129115331726	0.0894517555618
0.00126402247438	0.0213813341709	0.371958626043	0.00827943345115	0.0138337361547	0.0926423090172
0.001400338628	0.0211491210702	0.370591547078	0.00887099801171	0.0148150440071	0.0959286489849
0.00155019413776	0.0209030358687	0.369131898578	0.0095005520726	0.0158582299888	0.0993116773597
0.00171471821749	0.0206425723198	0.367574504188	0.0101699067349	0.0169660431305	0.102792071754
0.00189509832133	0.0203672484036	0.365928887938	0.0108808666084	0.0181412137141	0.106370258651
0.00209256613377	0.020076628034	0.364176996005	0.0116351851936	0.0193863548633	0.110046242428
0.00230839838819	0.0197703184705	0.362312146517	0.0124345971552	0.0207039583436	0.113819838621
0.00254390699199	0.0194479830863	0.360328830035	0.013280776638	0.022096357066	0.117690534598
0.00280042320714	0.0191093585124	0.358201878247	0.0141753115619	0.0235656377914	0.121657447479
0.00307929059908	0.0187542583288	0.35593360202	0.015119726045	0.0251136042041	0.12571951019
0.00338185716664	0.0183825769962	0.353528777868	0.0161153885303	0.0267418406202	0.129875142637
0.00370944409846	0.0179943166501	0.350992015781	0.0171634756948	0.0284515499146	0.13412219756
0.00406334324977	0.0175895766222	0.348335395323	0.0182649383719	0.0302436455729	0.138457923696
0.00444474980334	0.0171686117711	0.345528723556	0.0194204430913	0.0321183734357	0.1428788487
0.00485478079452	0.0167317930844	0.342569437407	0.0206304665156	0.0340754882948	0.147381268809
0.00529443462661	0.0162796332915	0.339454172182	0.0218951809458	0.03611415965	0.151960900147
0.00576455513458	0.0158128007356	0.336176699969	0.023214425163	0.0382328651158	0.156612879651
0.00626579532358	0.0153321300152	0.332717527008	0.0245876840709	0.0404292923685	0.161331799607
0.00679861840023	0.0148385964027	0.329089504595	0.0260141174445	0.0427004567643	0.166111901042
0.00736326416105	0.0143333223389	0.325331338799	0.0274924112578	0.0450427378352	0.170946640534
0.0079596639185	0.0138176199871	0.321414737046	0.0290206371493	0.047451605226	0.175828319206
0.00858741540402	0.0132929773283	0.317299540432	0.030596526679	0.0499213796444	0.180749081861
0.00924583946271	0.0127609881797	0.31300677569	0.032217535686	0.0524456550484	0.185701161414
0.00993397634666	0.0122233348391	0.308596773317	0.0338805659522	0.0550176234313	0.190676016518
0.0106503953513	0.0116819015673	0.304016166972	0.0355817596933	0.0576292611906	0.19566375448
0.0113933064836	0.0111386578167	0.299246340918	0.0373171040937	0.0602715716212	0.200654990702
0.0121606334158	0.0105955933888	0.29430530074	0.0390822978978	0.0629351801128	0.205640410299
0.0129499197321	0.01005476881	0.289208535457	0.0408725922595	0.0656100028069	0.210610269799
0.013758456297	0.00951821224128	0.283999654569	0.0426828541402	0.0682859398025	0.215554532908
0.0145831319889	0.00898800329897	0.27866381026	0.044507445889	0.0709522119009	0.220462482833
0.0154206098358	0.00846614846996	0.273196549646	0.0463406483642	0.0735979323741	0.22532382314
0.0162672629563	0.00795462158826	0.267577631574	0.0481766729964	0.0762117368207	0.230128619614
0.017119476217	0.00745518992812	0.261875806504	0.0500098582397	0.0787830978309	0.234867711094
0.017973384433	0.00696957528461	0.256043023359	0.0518341549337	0.0813014181914	0.23953124007
0.0188250573334	0.00649935296511	0.250102322075	0.0536439901306	0.0837560995499	0.244110817406
0.0196707961368	0.00604581230197	0.244111953526	0.0554338814178	0.0861382512474	0.248598397013
0.0205067823933	0.0056101600008	0.23804511631	0.0571982462614	0.0884390758732	0.252985680759
0.0213294150751	0.00519335933016	0.23190669318	0.0589320793434	0.090650764131	0.257265742302
0.0221353009188	0.00479616309366	0.225711293089	0.0606307883562	0.0927664799085	0.261432518373
0.0229212964554	0.00441911699304	0.21949260067	0.0622901758586	0.0947804664138	0.265480684799
0.023684645357	0.00406251786694	0.213287333626	0.0639063483164	0.0966886605256	0.269405354767
0.0244227674749	0.00372653317992	0.20707832405	0.0654757098661	0.0984876463808	0.273202008458
0.025133478704	0.00341112102219	0.200859678455	0.0669953856609	0.100175156766	0.276867494733
0.0258150080124	0.00311604820772	0.194650372902	0.068463141142	0.101750123758	0.280399808247
0.0264659533611	0.00284093055896	0.188478482108	0.0698771921044	0.103212584238	0.283797615474
0.027085298565	0.00258524246445	0.182381705107	0.0712361285528	0.104563762496	0.287060065493
0.0276724354648	0.00234832244032	0.176391584538	0.0725388274073	0.105806194346	0.290186577482
0.0282268041756	0.00212952741591	0.17040416965	0.0737844575054	0.106942144602	0.293176873761
0.0287485072298	0.00192800154057	0.164486824541	0.0749734331946	0.107975246638	0.296033318831
0.0292376358297	0.00174295001312	0.158525436763	0.0761061136891	0.108908880114	0.298757823399
0.0296946207091	0.00157350754535	0.152482891959	0.0771840478351	0.109746415529	0.301354899388
0.0301202716893	0.00141873337977	0.146361025626	0.0782093732872	0.110491931307	0.303830268408
0.0305155342495	0.0012777029744	0.140121537758	0.0791844799041	0.111149526635	0.306190087073
0.0308814915067	0.00114950566449	0.133736612045	0.0801122474483	0.111723102381	0.308441567952
0.031219463991	0.00103320918843	0.127203819411	0.0809959531316	0.112216861797	0.31059280057
0.0315308152891	0.00092792510589	0.120503629182	0.0818390650442	0.112634733616	0.312652287069
0.0318169711132	0.000832798143693	0.113611243065	0.0826453679937	0.112980342471	0.314629289388
0.0320794316229	0.000746998864395	0.106530696686	0.083419027237	0.113257008986	0.316534030258
0.0323197570142	0.000669725406698	0.0993280804988	0.0841644453469	0.113467847313	0.318377384655
0.0325395635369	0.000600201301618	0.0921131739145	0.0848858909993	0.113616133318	0.320169989963
0.0327404986064	0.000537679547454	0.0850657396946	0.0855871917341	0.113705529129	0.321921486113
0.0329242001079	0.000481451045803	0.0784017849461	0.0862711105676	0.113740563444	0.323638928496
0.0330922188111	0.000430863200142	0.0723012822422	0.0869387767425	0.113726920094	0.325325275274
0.033245906214	0.000385347600643	0.0668633503899	0.0875895786236	0.113671138915	0.326978993368
0.0333865049827	0.000344387723696	0.0621089236508	0.088221548273	0.113580607845	0.328594907532
0.0335153436464	0.000307460649598	0.0582209610897	0.0888319002686	0.113463781722	0.330165478953
0.0336324368686	0.000274430307428	0.0544451558404	0.0894152942641	0.113326608851	0.331676238368
0.0337388877605	0.00024486334174	0.050888503963	0.0899739566918	0.113171588578	0.333132098994
0.0338355243198	0.000218423303002	0.0475126770836	0.0905088728046	0.113001332347	0.334534815451
0.0339231705772	0.00019479126181	0.0443163285361	0.0910213363818	0.112818059751	0.335886991053
0.0340025922804	0.000173679073352	0.0412889384694	0.0915125469393	0.112623802241	0.337191034766
0.0340745155853	0.000154822479979	0.0384339353391	0.0919837074876	0.112420383054	0.338449419138
0.0341396015681	0.000137986094757	0.0357493974324	0.092435855894	0.112209497885	0.339664228883
0.0341984483536	0.000122961031907	0.0332320617378	0.0928699224994	0.111992672873	0.340837306661
0.0342516162135	0.000109556991159	0.0308630996052	0.0932867498348	0.111771343642	0.341970300489
0.0342996397549	9.75981233234e-05	0.0286512817235	0.0936872808648	0.111546716383	0.343065174986
0.0343429776572	8.69344644065e-05	0.0265841627322	0.094072194691	0.111319952634	0.34412321637
0.0343820724814	7.74260077724e-05	0.0246547826658	0.0944422026782	0.11109209646	0.345145834554
0.0344173166029	6.89502784502e-05	0.0228584901285	0.0947979603377	0.110864041886	0.346134321266
0.0344490764009	6.1395671107e-05	0.0211859563573	0.0951400490068	0.110636642328	0.347089795581
0.0344776787073	5.46640307897e-05	0.0196308146403	0.0954690373688	0.110410603073	0.348013372551
0.0345034287583	4.86658096408e-05	0.0181875994779	0.0957854527669	0.11018657713	0.348906081835
0.0345265965222	4.33227516806e-05	0.0168449962011	0.0960897602651	0.109965139396	0.349768805745
0.0345474349118	3.85632093012e-05	0.015600675774	0.0963824771741	0.109746739355	0.350602602489
0.0345661695052	3.43241272249e-05	0.0144458040519	0.096664019225	0.109531819844	0.35140826856
0.034583002443	3.05497696167e-05	0.0133713329885	0.0969348240966	0.109320709178	0.35218668815
0.0345981241691	2.71887935106e-05	0.0123762805776	0.0971953753932	0.10911364007	0.352938903995
0.0346117034062	2.41962356279e-05	0.0114548545736	0.0974460440788	0.108910873821	0.353665659211
0.0346238898843	2.15326366809e-05	0.010587990672	0.0976871898388	0.108712609878	0.35436768593
0.0346348155481	1.91635645281e-05	0.00977587427007	0.0979194668384	0.108518685363	0.355046600223
0.03464461779	1.70544346814e-05	0.00902579175773	0.0981434557106	0.108329025071	0.355703836319
0.0346534094085	1.51768579544e-05	0.00833304484514	0.0983594422802	0.108143758167	0.356339988146
0.0346612922539	1.35055205234e-05	0.00769328465236	0.0985677037198	0.107962980705	0.356955640083
0.034668342101	1.20212355505e-05	0.00700336912656	0.0987685086574	0.10778670358	0.357551366618
0.0346745803155	1.07167221723e-05	0.00627151775892	0.0989649024666	0.107611970073	0.358136039456
0.034680180024	9.55359108939e-06	0.00561604304651	0.0991604487051	0.107435828456	0.358720208944
0.0346852064166	8.51655491217e-06	0.00502899395449	0.0993551477093	0.107258512758	0.359303871325
0.0346897180511	7.59197219112e-06	0.00450324333264	0.0995490001807	0.107080232379	0.359887022698
0.0346937675238	6.76767161189e-06	0.00403240329752	0.0997420071457	0.106901174625	0.360469659031
0.034697403872	6.03243292883e-06	0.00362180829324	0.0999341699194	0.106721513154	0.361051776181
0.0347006956447	5.37133757069e-06	0.00330282391682	0.10012489657	0.106542080609	0.361631562254
0.0347036466181	4.78262245335e-06	0.00301189885583	0.100311153217	0.106365928735	0.362199717022
0.034706291652	4.25837529085e-06	0.00274657034258	0.100493042211	0.106193079357	0.362756429126
0.0347086620939	3.79154647926e-06	0.00250459086801	0.100670663816	0.106023543559	0.363301886095
0.034710786126	3.37585546189e-06	0.00228390951979	0.100844116222	0.105857322981	0.363836274266
0.0347126890791	3.00570717645e-06	0.00208265491171	0.101013495564	0.105694410973	0.364359778695
0.034714393716	2.67611751402e-06	0.00189911957341	0.101178895938	0.105534793641	0.364872583081
0.0347159204867	2.38264683082e-06	0.00173174567947	0.101340409427	0.105378450768	0.365374869692
0.0347172877601	2.12134065298e-06	0.00157911200598	0.10149812612	0.105225356651	0.365866819296
0.0347185120321	1.88867680435e-06	0.00143992201176	0.101652134148	0.10507548084	0.366348611097
0.0347196081133	1.68151826828e-06	0.00131299294928	0.101802519702	0.104928788803	0.366820422671
0.0347205892988	1.4970711669e-06	0.00119724591823	0.101949367072	0.104785242515	0.367282429915
0.0347214675209	1.33284730652e-06	0.00109169678155	0.102092758674	0.104644800985	0.36773480699
0.0347222534868	1.18663079668e-06	0.000995447870269	0.102232775081	0.104507420726	0.368177726278
0.0347229568025	1.05644830238e-06	0.000907680409779	0.102369495057	0.104373056172	0.368611358331
0.0347235860846	9.40542536408e-07	0.000827647605541	0.102502995592	0.10424166005	0.369035871836
0.0347241490608	8.37348640782e-07	0.000754668331496	0.102633351931	0.104113183704	0.369451433576
0.0347246526603	7.45473143718e-07	0.000688121369208	0.102760637611	0.103987577394	0.369858208393
0.0347251017115	6.63925729303e-07	0.00061572393531	0.102884924494	0.103864785947	0.370256359164
0.0347254898755	5.93750185458e-07	0.000521017882573	0.103008633351	0.103742368104	0.370653603632
0.0347258339004	5.31837607083e-07	0.000429297524212	0.10313936059	0.103612783622	0.37107441456
0.0347261391783	4.77164472662e-07	0.000343208330604	0.103281445479	0.103471711438	0.371532991176
0.0347264348776	4.24508324797e-07	0.000487477427416	0.103440850263	0.103313285996	0.372048969389
0.0347266630115	3.8407731957e-07	0.000193189550275	0.103540804573	0.103214086005	0.372373324986
0.0347268966235	3.42889149501e-07	0.00017109441394	0.103768462348	0.102987200057	0.373114436435
0.0347271107017	3.0546367389e-07	0.000154666247364	0.103997945675	0.102758422267	0.373864820526
0.0347273030348	2.72123197227e-07	0.000139784984649	0.104224110023	0.102532890221	0.374607645076
0.034727475776	2.42428345933e-07	0.000126289428233	0.104447051632	0.102310515116	0.375343105938
0.034727630981	2.1596766386e-07	0.000114241779861	0.104666902034	0.102091172479	0.376071522008
0.034727771339	1.92233383266e-07	0.000104676293724	0.104883423627	0.101875108973	0.376791989077
0.0347278972869	1.71106213216e-07	9.59112119287e-05	0.105093785631	0.101665157053	0.377494906654
0.0347280100519	1.52337568365e-07	8.67959871733e-05	0.105298162246	0.101461146756	0.378180622783
0.0347281101088	1.35810353009e-07	7.75503466249e-05	0.105499242006	0.101260391313	0.378857985782
0.0347282001641	1.21047301271e-07	6.95273182398e-05	0.105699879962	0.101060044614	0.379536554261
0.0347282810993	1.07879193978e-07	6.23970111834e-05	0.105899347569	0.100860838194	0.380213847934
0.0347283538422	9.61327188799e-08	5.63172464428e-05	0.106097435065	0.100662984934	0.380889119156
0.034728419767	8.55667852421e-08	5.15928155702e-05	0.106293018677	0.100467613136	0.381558474631
0.0347284788827	7.61616663332e-08	4.72644885249e-05	0.106483066456	0.100277754883	0.382211392902
0.0347285318839	6.77895777969e-08	4.33047129439e-05	0.106667734279	0.100093256625	0.382848210017
0.0347285793948	6.03369539033e-08	3.96794341837e-05	0.10684714958	0.0999139930123	0.383469175162
0.0347286219727	5.37033355669e-08	3.63574860525e-05	0.107021446832	0.0997398314284	0.384074572081
0.0347286601247	4.7798447007e-08	3.33170874998e-05	0.107190771342	0.0995706282482	0.384664732496
0.0347286943026	4.25425801766e-08	3.0530839933e-05	0.107355245626	0.0994062624498	0.385239918677
0.0347287249145	3.78644642604e-08	2.79764182338e-05	0.107515007844	0.0992465972201	0.385800456924
0.0347287523267	3.37007808102e-08	2.56339028542e-05	0.107670198431	0.0990914933283	0.386346691061
0.0347287768706	2.99947926853e-08	2.34874393137e-05	0.107820958545	0.0989408107022	0.386878976794
0.0347287987367	2.67120833252e-08	2.12337842064e-05	0.107967414152	0.098794424014	0.387397625002
0.0347288182343	2.38013752697e-08	1.9099367572e-05	0.108111689908	0.0986502096116	0.387910063946
0.0347288357421	2.12022413939e-08	1.73565992983e-05	0.108254614332	0.0985073401893	0.388419187768
0.034728851536	1.88704454005e-08	1.59032312069e-05	0.108394722342	0.0983672817173	0.388919719407
0.0347288656695	1.67950184603e-08	1.45715105862e-05	0.108530827579	0.0982312207407	0.389407322657
0.0347288783157	1.49477074848e-08	1.33524759552e-05	0.108663043973	0.0980990438884	0.389882293509
0.034728889629	1.33035121307e-08	1.22355010152e-05	0.108791469916	0.0979706532659	0.390344878798
0.0347288997409	1.18411924462e-08	1.11613944039e-05	0.108916212369	0.0978459423377	0.390795362434
0.0347289087172	1.05493359846e-08	1.00594750064e-05	0.109037934915	0.0977242477362	0.391236052295
0.0347289167535	9.39824588862e-09	9.07397798583e-06	0.109158259624	0.0976039480113	0.391672764996
0.0347289240048	8.3644567907e-09	8.31357977225e-06	0.109277100482	0.0974851296657	0.392105153588
0.0347289304886	7.44435253469e-09	7.61687979177e-06	0.109392550454	0.0973696997965	0.392526218674
0.0347289362854	6.62542152119e-09	6.97927079575e-06	0.109504705984	0.0972575622156	0.392936228607
0.0347289414678	5.89647920643e-09	6.39592415284e-06	0.109613649251	0.0971486349754	0.393335404579
0.0347289460998	5.24771692569e-09	5.86131876761e-06	0.109719455635	0.0970428428972	0.393723947346
0.0347289502392	4.67035071289e-09	5.37061393544e-06	0.109822215196	0.0969400961058	0.394102115922
0.0347289539379	4.15651072041e-09	4.9207803286e-06	0.109922030399	0.0968402922984	0.394470219647
0.0347289572426	3.6991876231e-09	4.50885322813e-06	0.110018989667	0.0967433432024	0.394828520628
0.0347289601956	3.29209493571e-09	4.13279830671e-06	0.110113169369	0.0966491725778	0.39517724047
0.0347289628334	2.92979281628e-09	3.7880984156e-06	0.110204615956	0.096557734092	0.395516493317
0.0347289651865	2.60775800938e-09	3.44544512881e-06	0.110293408539	0.0964689487273	0.395846517557
0.0347289672751	2.32290998133e-09	3.11067725724e-06	0.110380304262	0.0963820594053	0.396170082079
0.0347289691431	2.06902117011e-09	2.81889718481e-06	0.110466040255	0.0962963291308	0.396489902307
0.0347289708241	1.84131856509e-09	2.58346206657e-06	0.110550312257	0.0962120622712	0.396804818594
0.0347289723251	1.6386705345e-09	2.36768531813e-06	0.110632148258	0.0961302308566	0.397111161829
0.0347289736653	1.45832092488e-09	2.16992607329e-06	0.110711618513	0.0960507646925	0.397409150302
0.0347289748617	1.29781668878e-09	1.98868036585e-06	0.11078879126	0.0959735955948	0.397698997581
0.0347289759298	1.15497456254e-09	1.82256971443e-06	0.110863732775	0.0958986573338	0.39798091257
0.0347289768831	1.0278505967e-09	1.67035272666e-06	0.110936507433	0.0958258855784	0.398255099569
0.034728977734	9.14716303437e-10	1.53084650072e-06	0.111007176769	0.0957552188306	0.398521754592
0.0347289784934	8.1403252791e-10	1.40298906947e-06	0.111075801524	0.0956865963844	0.398781072935
0.034728979171	7.24429355439e-10	1.28580804251e-06	0.111142440734	0.0956199592316	0.399033245631
0.0347289797756	6.44687564411e-10	1.17841216931e-06	0.111207151742	0.0955552500593	0.399278459344
0.0347289803151	5.73718213486e-10	1.08016282011e-06	0.111269990236	0.0954924132016	0.399516896438
0.0347289807965	5.10556054695e-10	9.90179819356e-07	0.111330999838	0.0954314050582	0.399748695245
0.0347289812259	4.5434658703e-10	9.07691368205e-07	0.111390228625	0.0953721775715	0.399974012618
0.0347289816089	4.04324614992e-10	8.32073418925e-07	0.111447728489	0.0953146788659	0.400193021542
0.0347289819506	3.59809140377e-10	7.62753868664e-07	0.111503549817	0.0952588585711	0.400405890847
0.0347289822553	3.20194004134e-10	6.99218698798e-07	0.11155774153	0.095204667779	0.400612785291
0.0347289825271	2.84939361827e-10	6.40989968008e-07	0.111610350327	0.0951520598035	0.400813862555
0.0347289827694	2.53565912878e-10	5.87609506534e-07	0.111661421067	0.0951009897948	0.401009274626
0.0347289829829	2.25988548344e-10	5.20912836436e-07	0.111710998651	0.0950514128544	0.401199174906
0.0347289831716	2.01662842406e-10	4.56379083839e-07	0.111760841441	0.0950015706333	0.401390291417
0.0347289833441	1.79465738311e-10	4.18259104627e-07	0.11181160748	0.0949508051142	0.401585154897
0.034728983498	1.59702758312e-10	3.83521810787e-07	0.111860904589	0.0949015084689	0.40177458006
0.0347289836352	1.42115782774e-10	3.51676556527e-07	0.111908747733	0.0948536657377	0.401958607169
0.0347289837576	1.2646488722e-10	3.22488307597e-07	0.111955178726	0.0948072351122	0.402137380608
0.0347289838666	1.1253739718e-10	2.95722231855e-07	0.112000237199	0.0947621769673	0.402311037424
0.0347289839639	1.00143565222e-10	2.71177367508e-07	0.112043963671	0.0947184507876	0.402479719104
0.0347289840506	8.91145316165e-11	2.48669421592e-07	0.112086397469	0.0946760172505	0.402643563507
0.0347289841279	7.93000155945e-11	2.28030737166e-07	0.11212757676	0.0946348381912	0.40280270494
0.0347289841967	7.05648057208e-11	2.09175875398e-07	0.112167538347	0.0945948768103	0.402957273304
0.0347289842581	6.27917194859e-11	1.91879826547e-07	0.112206304202	0.0945561111399	0.403107341878
0.0347289843129	5.58747983707e-11	1.76013740105e-07	0.112243910062	0.0945185054441	0.403253037914
0.0347289843616	4.97197513076e-11	1.61459413725e-07	0.1122803906	0.0944820250519	0.403394485282
0.0347289844051	4.42426701749e-11	1.48108413533e-07	0.112315779455	0.0944466363269	0.403531804551
0.0347289844437	3.93834374867e-11	1.34652474171e-07	0.112350109263	0.094412306635	0.403665113061
0.034728984478	3.50727923969e-11	1.21930695128e-07	0.112383722861	0.0943786931394	0.403795734654
0.0347289845086	3.12308254984e-11	1.1096660973e-07	0.112416780941	0.0943456351508	0.403924288568
0.0347289845361	2.77892744128e-11	1.01855141134e-07	0.112449126705	0.0943132894692	0.404050159964
0.0347289845606	2.47269418917e-11	9.34917295099e-08	0.112480483291	0.0942819329562	0.40417226473
0.0347289845823	2.2002046725e-11	8.58149683325e-08	0.112510880923	0.0942515353898	0.404290713045
0.0347289846018	1.95774104585e-11	7.87684907887e-08	0.1125403489	0.09422206747	0.404405612016
0.0347289846191	1.74199504172e-11	7.23005562751e-08	0.112568915632	0.0941935007903	0.404517065756
0.0347289846345	1.55002285609e-11	6.63636708096e-08	0.112596608657	0.0941658078105	0.404625175457
0.0347289846482	1.37920500229e-11	6.09142385781e-08	0.112623454678	0.0941389618309	0.404730039464
0.0347289846604	1.22720451951e-11	5.59259938334e-08	0.112649479579	0.0941129369662	0.404831753351
0.0347289846713	1.09190547822e-11	5.13752404666e-08	0.112674702132	0.0940877144461	0.404930385247
0.034728984681	9.71522149113e-12	4.71947518507e-08	0.11269913214	0.094063284467	0.405025968503
0.0347289846897	8.64410320782e-12	4.33544057798e-08	0.112722794489	0.0940396221434	0.405118595752
0.0347289846974	7.6910701046e-12	3.98265301691e-08	0.112745713285	0.0940167033706	0.405208356912
0.0347289847042	6.84310491156e-12	3.65857038084e-08	0.112767911877	0.0939945047994	0.405295339256
0.0347289847103	6.08862519602e-12	3.36085733149e-08	0.112789412881	0.093973003813	0.405379627488
0.0347289847158	5.41732522563e-12	3.08736849665e-08	0.112810238207	0.0939521785038	0.405461303809
0.0347289847206	4.82001717315e-12	2.83666065911e-08	0.112830409073	0.0939320076516	0.405540447991
0.0347289847249	4.28826697594e-12	2.60891239277e-08	0.11284994233	0.0939124744074	0.40561712289
0.0347289847288	3.81517700158e-12	2.39944805475e-08	0.11286883795	0.0938935787994	0.405691325284
0.0347289847322	3.39427655787e-12	2.20679994139e-08	0.112887116735	0.0938753000245	0.4057631339
0.0347289847352	3.0198086617e-12	2.0296181489e-08	0.112904798811	0.0938576179573	0.405832625025
0.0347289847379	2.68665132619e-12	1.86666112047e-08	0.112921903648	0.0938405131288	0.405899872573
0.0347289847404	2.39024752768e-12	1.7167869517e-08	0.112938450079	0.0938239667041	0.405964948156
0.0347289847425	2.12654289556e-12	1.57894539352e-08	0.112954456327	0.0938079604626	0.406027921156
0.0347289847444	1.89193027352e-12	1.45217049683e-08	0.112969940018	0.0937924767775	0.406088858783
0.0347289847461	1.68307566585e-12	1.33731767438e-08	0.112984918204	0.0937774985967	0.40614782615
0.0347289847476	1.49725314296e-12	1.23172461062e-08	0.112999387421	0.0937630293841	0.406204807708
0.034728984749	1.33194579201e-12	1.1344685472e-08	0.11301336274	0.0937490540688	0.406259860983
0.0347289847502	1.18488881649e-12	1.0448912999e-08	0.113026861014	0.0937355557988	0.406313050653
0.0347289847513	1.0540674281e-12	9.62386640307e-09	0.113039898519	0.0937225182967	0.406364439263
0.0347289847522	9.37689250939e-13	8.86396195153e-09	0.113052490979	0.0937099258402	0.406414087296
0.0347289847531	8.34159771431e-13	8.16405669284e-09	0.113064653578	0.0936977632428	0.406462053236
0.0347289847538	7.42060497837e-13	7.51941366655e-09	0.113076400987	0.0936860158362	0.406508393637
0.0347289847545	6.60117960214e-13	6.93154379226e-09	0.113087747374	0.0936746694519	0.406553163176
0.0347289847551	5.87174176101e-13	6.39475158443e-09	0.113098696946	0.0936637198816	0.406596377316
0.0347289847556	5.22290498321e-13	5.89952754965e-09	0.113109254228	0.0936531626009	0.406638052822
0.0347289847561	4.64576342837e-13	5.44265295418e-09	0.113119433271	0.0936429835595	0.406678244129
0.0347289847565	4.13239523424e-13	5.02115827434e-09	0.113129247621	0.0936331692101	0.406717003771
0.0347289847569	3.67575380766e-13	4.63230390419e-09	0.113138710342	0.0936237064906	0.406754382443
0.0347289847572	3.26957112453e-13	4.27356235648e-09	0.113147834027	0.0936145828061	0.40679042907
0.0347289847575	2.90827171228e-13	3.9426018411e-09	0.113156630822	0.0936057860129	0.40682519086
0.0347289847578	2.58689613497e-13	3.63727111474e-09	0.113165112433	0.0935973044018	0.406858713367
0.034728984758	2.30227036968e-13	3.32478381023e-09	0.113173290153	0.0935891266829	0.406891040549
0.0347289847582	2.04911167349e-13	3.03703496558e-09	0.11318125218	0.0935811646569	0.406922520523
0.0347289847584	1.82360615848e-13	2.78818655613e-09	0.113189010153	0.0935734066844	0.406953198885
0.0347289847586	1.6218079631e-13	2.5794607709e-09	0.1131965306	0.093565886238	0.406982942837
0.0347289847587	1.44233998236e-13	2.38635975934e-09	0.113203760085	0.0935586567531	0.407011540535
0.0347289847589	1.28273131938e-13	2.20771394989e-09	0.113210709863	0.093551706975	0.407039035974
0.034728984759	1.14078447705e-13	2.04244131043e-09	0.113217390755	0.0935450260842	0.407065471476
0.0347289847591	1.01454510854e-13	1.8895407969e-09	0.11322381316	0.0935386036794	0.407090887749
0.0347289847592	9.02275114482e-14	1.74808629232e-09	0.113229987078	0.0935324297616	0.40711532395
0.0347289847593	8.02428716497e-14	1.61722099911e-09	0.113235922121	0.0935264947184	0.407138817741
0.0347289847593	7.13631177874e-14	1.49615225124e-09	0.113241627531	0.0935207893093	0.407161405349
0.0347289847594	6.34659878569e-14	1.38414671436e-09	0.113247112189	0.0935153046508	0.407183121615
0.0347289847595	5.6442748402e-14	1.28052594534e-09	0.113252384637	0.0935100322032	0.407204000049
0.0347289847595	5.01966976174e-14	1.18466228388e-09	0.113257453083	0.0935049637569	0.407224072882
0.0347289847595	4.46401795893e-14	1.09753585615e-09	0.11326232542	0.09350009142	0.407243371111
0.0347289847596	3.9693909907e-14	1.01797447619e-09	0.113267002401	0.0934954144391	0.407261897475
0.0347289847596	3.52956932628e-14	9.44180420859e-10	0.113271486209	0.0934909306312	0.407279660392
0.0347289847597	3.13848059894e-14	8.75735639472e-10	0.113275784822	0.0934866320187	0.407296691249
0.0347289847597	2.79072523406e-14	8.12252382343e-10	0.113279905887	0.0934825109535	0.407313020148
0.0347289847597	2.48150190952e-14	7.53371004701e-10	0.113283856738	0.093478560103	0.407328675962
0.0347289847597	2.20654127402e-14	6.98757929778e-10	0.113287644403	0.0934747724378	0.407343686376
0.0347289847598	1.96204700849e-14	6.48103759489e-10	0.113291275623	0.0934711412183	0.407358077946
0.0347289847598	1.74464341727e-14	6.01121522038e-10	0.113294756858	0.0934676599833	0.407371876136
0.0347289847598	1.55132882546e-14	5.57545046505e-10	0.113298094303	0.0934643225386	0.407385105369
0.0347289847598	1.37943413942e-14	5.17127455231e-10	0.113301293896	0.0934611229456	0.407397789064
0.0347289847598	1.22658599835e-14	4.7963976546e-10	0.11330436133	0.0934580555109	0.40740994968
0.0347289847598	1.09065886749e-14	4.45174016805e-10	0.113307302065	0.0934551147762	0.407421608755
0.0347289847598	9.69677209017e-15	4.13803293655e-10	0.113310119366	0.0934522974756	0.407432779143
0.0347289847598	8.62115338199e-15	3.84643178291e-10	0.113312814053	0.0934496027885	0.40744346401
0.0347289847599	7.66484697241e-15	3.57537899585e-10	0.113315391462	0.093447025379	0.407453684431
0.0347289847599	6.81461839952e-15	3.3234266239e-10	0.113317856698	0.0934445601433	0.407463460568
0.0347289847599	6.05870117944e-15	3.08922874209e-10	0.113320214642	0.0934422021999	0.407472811712
0.0347289847599	5.38663398089e-15	2.87153426329e-10	0.113322469962	0.0934399468793	0.407481756315
0.0347289847599	4.78911585941e-15	2.66918025611e-10	0.113324627126	0.0934377897156	0.407490312034
0.0347289847599	4.25787754835e-15	2.48108573351e-10	0.113326690404	0.0934357264371	0.407498495758
0.0347289847599	3.78556702573e-15	2.30624587903e-10	0.113328663884	0.0934337529577	0.407506323643
0.0347289847599	3.36564777352e-15	2.14372667981e-10	0.113330551472	0.0934318653696	0.407513811149
0.0347289847599	2.99230832178e-15	1.99265993774e-10	0.113332356907	0.0934300599346	0.40752097306
0.0347289847599	2.66038182587e-15	1.85223863204e-10	0.113334083764	0.0934283330774	0.407527823524
0.0347289847599	2.36514533061e-15	1.72387418697e-10	0.113335735463	0.0934266813783	0.407534376073
0.0347289847599	2.10255668993e-15	1.6052333695e-10	0.113337313208	0.0934251036334	0.407540635451
0.0347289847599	1.86912159733e-15	1.49475758909e-10	0.11333881945	0.0934235973917	0.407546611352
0.0347289847599	1.66160334624e-15	1.39188492523e-10	0.113340257429	0.0934221594129	0.407552316606
0.0347289847599	1.47712457409e-15	1.29609212793e-10	0.113341630238	0.0934207866034	0.407557763462
0.0347289847599	1.31312736797e-15	1.20689195656e-10	0.113342940832	0.0934194760098	0.407562963615
0.0347289847599	1.16733779935e-15	1.12383070185e-10	0.113344192029	0.0934182248127	0.407567928232
0.0347289847599	1.03773439599e-15	1.0464858784e-10	0.113345386521	0.0934170303202	0.407572667976
0.0347289847599	9.22520114117e-16	9.74464075939e-11	0.113346526879	0.0934158899626	0.407577193026
0.0347289847599	8.2009742216e-16	9.07398958504e-11	0.113347615555	0.0934148012866	0.407581513102
0.0347289847599	7.29046150701e-16	8.44949401231e-11	0.113348654892	0.09341376195	0.407585637484
0.0347289847599	6.48103801482e-16	7.8679775541e-11	0.113349647125	0.0934127697167	0.407589575033
0.0347289847599	5.76148042509e-16	7.32648232909e-11	0.113350594389	0.0934118224521	0.407593334207
0.0347289847599	5.1214984728e-16	6.83064022648e-11	0.113351498723	0.0934109181182	0.407596923084
0.0347289847599	4.55244142552e-16	6.37049781273e-11	0.113352360959	0.0934100558822	0.40760034496
0.0347289847599	4.04661290764e-16	5.94135245801e-11	0.113353182751	0.0934092340902	0.407603606388
0.0347289847599	3.59698756351e-16	5.54111609556e-11	0.113353965996	0.0934084508453	0.407606714888
0.0347289847599	3.19732062343e-16	5.16784131558e-11	0.113354712502	0.0934077043394	0.40760967763
0.0347289847599	2.84206117371e-16	4.81971189046e-11	0.113355423992	0.0934069928493	0.407612501444
0.0347289847599	2.52627506297e-16	4.49503393827e-11	0.113356102109	0.0934063147326	0.407615192844
0.0347289847599	2.24557637424e-16	4.19222768148e-11	0.113356748418	0.0934056684238	0.407617758037
0.0347289847599	1.996066511e-16	3.90981976071e-11	0.11335736441	0.0934050524311	0.407620202939
0.0347289847599	1.77428005125e-16	3.64643606634e-11	0.113357951509	0.0934044653323	0.407622533189
0.0347289847599	1.57713661768e-16	3.40079505283e-11	0.113358511069	0.0934039057723	0.407624754163
0.0347289847599	1.40189809546e-16	3.17170150353e-11	0.113359044382	0.0934033724592	0.407626870984
0.0347289847599	1.24613060348e-16	2.95804071534e-11	0.113359552679	0.0934028641621	0.407628888535
0.0347289847599	1.1076434519e-16	2.76098537926e-11	0.113360037134	0.0934023797074	0.40763081147
0.0347289847599	9.84487819885e-17	2.57850331084e-11	0.113360498483	0.0934019183581	0.407632642711
0.0347289847599	8.75025476185e-17	2.4080820059e-11	0.113360937556	0.0934014792851	0.407634385548
0.0347289847599	7.7773391101e-17	2.24892433857e-11	0.113361355429	0.0934010614126	0.407636044248
0.0347289847599	6.91259896603e-17	2.10028586647e-11	0.113361753124	0.0934006637171	0.407637622871
0.0347289847599	6.1440066551e-17	1.96147134887e-11	0.113362131617	0.0934002852244	0.407639125283
0.0347289847599	5.46087181548e-17	1.8318314949e-11	0.113362491834	0.0933999250071	0.407640555162
0.0347289847599	4.85369270789e-17	1.71075992665e-11	0.113362834659	0.093399582183	0.40764191601
0.0347289847599	4.31402405747e-17	1.59769034303e-11	0.113363160929	0.0933992559121	0.407643211158
0.0347289847599	3.83435958984e-17	1.49209387102e-11	0.113363471446	0.0933989453952	0.407644443779
0.0347289847599	3.40802762728e-17	1.39347659203e-11	0.11336376697	0.0933986498717	0.40764561689
0.0347289847599	3.02909829319e-17	1.30137723168e-11	0.113364048224	0.0933983686176	0.407646733364
0.0347289847599	2.69230103404e-17	1.21536500231e-11	0.113364315898	0.0933981009439	0.407647795935
0.0347289847599	2.39294232374e-17	1.13524571447e-11	0.113364570647	0.0933978461948	0.407648807205
0.0347289847599	2.12665478002e-17	1.06200276246e-11	0.11336481305	0.0933976037917	0.407649769472
0.0347289847599	1.8899997864e-17	9.93485236592e-12	0.113365043336	0.0933973735059	0.407650683641
0.0347289847599	1.67967982938e-17	9.29388266863e-12	0.11336526211	0.0933971547316	0.407651552116
0.0347289847599	1.49276434241e-17	8.69426652442e-12	0.113365469948	0.0933969468934	0.407652377182
0.0347289847599	1.32664887218e-17	8.13333592687e-12	0.113365667397	0.0933967494446	0.407653161008
0.0347289847599	1.17901878885e-17	7.6085950004e-12	0.113365854976	0.0933965618659	0.407653905656
0.0347289847599	1.04781703458e-17	7.11770889506e-12	0.113366033178	0.0933963836638	0.407654613082
0.0347289847599	9.31215460997e-18	6.65849339777e-12	0.113366202472	0.0933962143698	0.407655285148
0.0347289847599	8.27589356205e-18	6.22890521382e-12	0.113366363303	0.0933960535385	0.407655923621
0.0347289847599	7.35494806399e-18	5.82703287532e-12	0.113366516095	0.0933959007468	0.40765653018
0.0347289847599	6.53648576682e-18	5.45108823622e-12	0.113366661249	0.0933957555929	0.407657106421
0.0347289847599	5.80910230732e-18	5.09939851606e-12	0.113366799147	0.0933956176949	0.407657653857
0.0347289847599	5.16266240182e-18	4.77039885696e-12	0.113366930151	0.0933954866902	0.40765817393
0.0347289847599	4.58814203158e-18	4.46341470837e-12	0.113367054607	0.0933953622343	0.407658668007
0.0347289847599	4.07742440585e-18	4.17786651834e-12	0.113367172821	0.0933952440209	0.407659137302
0.0347289847599	3.62355601442e-18	3.91058633534e-12	0.113367285056	0.0933951317859	0.407659582865
0.0347289847599	3.22020883375e-18	3.66040546161e-12	0.113367391615	0.093395025227	0.407660005895
0.0347289847599	2.861759227e-18	3.42622996674e-12	0.113367492785	0.0933949240569	0.407660407533
0.0347289847599	2.54320953718e-18	3.20703590448e-12	0.113367588838	0.0933948280034	0.40766078886
0.0347289847599	2.26011840803e-18	3.0018648355e-12	0.113367680034	0.0933947368074	0.407661150903
0.0347289847599	2.00853886098e-18	2.8098196366e-12	0.113367766618	0.0933946502235	0.407661494637
0.0347289847599	1.78496326489e-18	2.63006057806e-12	0.113367848823	0.0933945680184	0.407661820988
0.0347289847599	1.58627443129e-18	2.46180165188e-12	0.113367926871	0.0933944899706	0.407662130835
0.0347289847599	1.40970215335e-18	2.30430713497e-12	0.113368000972	0.0933944158699	0.407662425013
0.0347289847599	1.2527845826e-18	2.15688837215e-12	0.113368071325	0.0933943455166	0.407662704314
0.0347289847599	1.11333390479e-18	2.01890076501e-12	0.11336813812	0.0933942787213	0.40766296949
0.0347289847599	9.89405836576e-19	1.88974095338e-12	0.113368201538	0.093394215304	0.407663221256
0.0347289847599	8.79272517502e-19	1.76884417711e-12	0.113368261748	0.0933941550939	0.40766346029
0.0347289847599	7.81398419464e-19	1.65568180667e-12	0.113368318913	0.0933940979287	0.407663687236
0.0347289847599	6.94418937752e-19	1.54975903164e-12	0.113368373187	0.0933940436546	0.407663902705
0.0347289847599	6.17121365158e-19	1.45061269718e-12	0.113368424716	0.0933939921252	0.407664107277
0.0347289847599	5.48427983905e-19	1.35780927884e-12	0.11336847364	0.0933939432018	0.407664301503
0.0347289847599	4.87381039653e-19	1.270942987e-12	0.113368520089	0.0933938967526	0.407664485907
0.0347289847599	4.33129388075e-19	1.18963399245e-12	0.113368564189	0.0933938526525	0.407664660986
0.0347289847599	3.84916627846e-19	1.11352676565e-12	0.113368606059	0.0933938107826	0.407664827211
0.0347289847599	3.42070554562e-19	1.04228852214e-12	0.113368645811	0.0933937710302	0.407664985029
0.0347289847599	3.03993788579e-19	9.75607767383e-13	0.113368683553	0.0933937332881	0.407665134866
0.0347289847599	2.70155446086e-19	9.13192934785e-13	0.113368719387	0.0933936974548	0.407665277126
0.0347289847599	2.40083737288e-19	8.54771110787e-13	0.113368753408	0.0933936634337	0.407665412191
0.0347289847599	2.13359388506e-19	8.00086841532e-13	0.113368785708	0.0933936311331	0.407665540425
0.0347289847599	1.89609796479e-19	7.48901015881e-13	0.113368816376	0.093393600466	0.407665662175
0.0347289847599	1.6850383336e-19	7.00989819889e-13	0.113368845492	0.0933935713499	0.407665777768
0.0347289847599	1.4974722999e-19	6.56143758161e-13	0.113368873135	0.0933935437062	0.407665887514
0.0347289847599	1.33078473058e-19	6.14166737819e-13	0.113368899381	0.0933935174605	0.407665991711
0.0347289847599	1.18265158971e-19	5.74875211078e-13	0.113368924299	0.0933934925422	0.407666090638
0.0347289847599	1.05100753576e-19	5.38097372672e-13	0.113368947957	0.0933934688841	0.407666184562
0.0347289847599	9.34017125645e-20	5.03672408619e-13	0.113368970419	0.0933934464224	0.407666273737
0.0347289847599	8.29654800217e-20	4.75257318905e-13	0.113368991745	0.0933934250966	0.407666358401
0.0347289847599	7.36908968585e-20	4.48697693473e-13	0.11336901182	0.0933934050211	0.407666438102
0.0347289847599	6.54531049505e-20	4.23622345123e-13	0.113369030707	0.0933933861343	0.407666513084
0.0347289847599	5.813620303e-20	3.99948325493e-13	0.113369048476	0.0933933683659	0.407666583625
0.0347289847599	5.1637246247e-20	3.77597321756e-13	0.113369065192	0.0933933516496	0.40766664999
0.0347289847599	4.58647977931e-20	3.56495397574e-13	0.113369080918	0.0933933359231	0.407666712426
0.0347289847599	4.07376424355e-20	3.36572748512e-13	0.113369095714	0.0933933211278	0.407666771164
0.0347289847599	3.61836438643e-20	3.17763471133e-13	0.113369109633	0.0933933072086	0.407666826424
0.0347289847599	3.21387297735e-20	3.00005344993e-13	0.113369122728	0.0933932941136	0.407666878412
0.0347289847599	2.85459903998e-20	2.83239626813e-13	0.113369135048	0.093393281794	0.407666927322
0.0347289847599	2.53548778327e-20	2.67410856167e-13	0.113369146638	0.0933932702038	0.407666973336
0.0347289847599	2.25204948336e-20	2.52466672013e-13	0.113369157542	0.0933932593	0.407667016625
0.0347289847599	2.00029631559e-20	2.38357639493e-13	0.1133691678	0.0933932490417	0.407667057351
0.0347289847599	1.776686248e-20	2.25037086396e-13	0.113369177451	0.093393239391	0.407667095665
0.0347289847599	1.57807320685e-20	2.12460948777e-13	0.11336918653	0.0933932303116	0.407667131711
0.0347289847599	1.40166281311e-20	2.00587625188e-13	0.113369195072	0.0933932217699	0.407667165622
0.0347289847599	1.24497306703e-20	1.89377839066e-13	0.113369203108	0.0933932137339	0.407667197526
0.0347289847599	1.10579942774e-20	1.78794508806e-13	0.113369210668	0.0933932061738	0.40766722754
0.0347289847599	9.82183796622e-21	1.68802625099e-13	0.11336921778	0.0933931990614	0.407667255777
0.0347289847599	8.72386967832e-21	1.59369135119e-13	0.113369224471	0.09339319237	0.407667282342
0.0347289847599	7.74864158679e-21	1.50462833189e-13	0.113369230767	0.0933931860749	0.407667307334
0.0347289847599	6.8824327534e-21	1.4205425755e-13	0.113369236689	0.0933931801526	0.407667330846
0.0347289847599	6.11305608244e-21	1.34115592906e-13	0.113369242261	0.0933931745809	0.407667352966
0.0347289847599	5.42968685484e-21	1.2662057841e-13	0.113369247502	0.0933931693392	0.407667373776
0.0347289847599	4.82271043022e-21	1.19544420797e-13	0.113369252434	0.0933931644078	0.407667393354
0.0347289847599	4.28358697407e-21	1.12863712362e-13	0.113369257073	0.0933931597684	0.407667411773
0.0347289847599	3.80473130682e-21	1.06556353538e-13	0.113369261438	0.0933931554037	0.407667429101
0.0347289847599	3.37940618452e-21	1.00601479783e-13	0.113369265544	0.0933931512975	0.407667445403
0.0347289847599	3.00162750935e-21	9.49793925646e-14	0.113369269407	0.0933931474344	0.40766746074
0.0347289847599	2.66589340002e-21	8.99338552871e-14	0.113369273041	0.0933931438001	0.407667475169
0.0347289847599	2.36707503328e-21	8.53703156404e-14	0.11336927645	0.0933931403912	0.407667488702
0.0347289847599	2.10175103456e-21	8.10383449961e-14	0.113369279639	0.0933931372026	0.407667501361
0.0347289847599	1.86616704073e-21	7.69261927831e-14	0.113369282622	0.09339313422	0.407667513202
0.0347289847599	1.6569895129e-21	7.30227046926e-14	0.113369285411	0.0933931314302	0.407667524278
0.0347289847599	1.4712585665e-21	6.93172924219e-14	0.113369288021	0.0933931288207	0.407667534638
0.0347289847599	1.30634608858e-21	6.57999049535e-14	0.113369290462	0.0933931263798	0.407667544329
0.0347289847599	1.15991854977e-21	6.24610012915e-14	0.113369292745	0.0933931240967	0.407667553393
0.0347289847599	1.02990398455e-21	5.92915245812e-14	0.11336929488	0.0933931219611	0.407667561871
0.0347289847599	9.1446267275e-22	5.62828775426e-14	0.113369296878	0.0933931199635	0.407667569802
0.0347289847599	8.11961107298e-22	5.34268991497e-14	0.113369298746	0.093393118095	0.40766757722
0.0347289847599	7.2094887993e-22	5.07158424938e-14	0.113369300494	0.0933931163473	0.407667584159
0.0347289847599	6.40138157753e-22	4.81423537697e-14	0.113369302129	0.0933931147125	0.407667590649
0.0347289847599	5.68385460273e-22	4.56994523285e-14	0.113369303658	0.0933931131834	0.40766759672
0.0347289847599	5.04675479026e-22	4.33805117421e-14	0.113369305088	0.0933931117531	0.407667602398
0.0347289847599	4.4810671085e-22	4.11792418293e-14	0.113369306426	0.0933931104152	0.407667607709
0.0347289847599	3.97878701524e-22	3.90896715934e-14	0.113369307678	0.0933931091638	0.407667612678
0.0347289847599	3.53280719247e-22	3.71061330255e-14	0.113369308848	0.0933931079933	0.407667617325
0.0347289847599	3.13681697716e-22	3.522324573e-14	0.113369309943	0.0933931068984	0.407667621672
0.0347289847599	2.78521306463e-22	3.34359023306e-14	0.113369310967	0.0933931058742	0.407667625738
0.0347289847599	2.47302022118e-22	3.17392546158e-14	0.113369311925	0.0933931049163	0.407667629541
0.0347289847599	2.19582088406e-22	3.01287003882e-14	0.113369312821	0.0933931040202	0.407667633098
0.0347289847599	1.9496926524e-22	2.85998709812e-14	0.113369313659	0.0933931031821	0.407667636426
0.0347289847599	1.73115278489e-22	2.71486194085e-14	0.113369314443	0.0933931023981	0.407667639538
0.0347289847599	1.53710891854e-22	2.57710091159e-14	0.113369315177	0.0933931016648	0.407667642449
0.0347289847599	1.36481531147e-22	2.44633033023e-14	0.113369315863	0.0933931009789	0.407667645172
0.0347289847599	1.21183399032e-22	2.32219547848e-14	0.113369316504	0.0933931003373	0.40766764772
0.0347289847599	1.07600025269e-22	2.20435963757e-14	0.113369317104	0.0933930997372	0.407667650102
0.0347289847599	9.55392036342e-23	2.09250317498e-14	0.113369317666	0.0933930991759	0.407667652331
0.0347289847599	8.48302721846e-23	1.98632267738e-14	0.113369318191	0.0933930986508	0.407667654415
0.0347289847599	7.53095656863e-23	1.89137077888e-14	0.113369318682	0.0933930981597	0.407667656365
0.0347289847599	6.68522357612e-23	1.80225259707e-14	0.11336931914	0.0933930977018	0.407667658183
0.0347289847599	5.93446713621e-23	1.71733351274e-14	0.113369319566	0.0933930972752	0.407667659877
0.0347289847599	5.26802129927e-23	1.63641567155e-14	0.113369319964	0.0933930968778	0.407667661454
0.0347289847599	4.67641791109e-23	1.55931054171e-14	0.113369320334	0.0933930965076	0.407667662924
0.0347289847599	4.15125209942e-23	1.48583847474e-14	0.113369320679	0.0933930961627	0.407667664293
0.0347289847599	3.6850628665e-23	1.41582828689e-14	0.113369321	0.0933930958414	0.407667665569
0.0347289847599	3.27122709111e-23	1.34911686028e-14	0.113369321299	0.0933930955421	0.407667666757
0.0347289847599	2.90386543432e-23	1.28554876289e-14	0.113369321578	0.0933930952632	0.407667667864
0.0347289847599	2.57775881207e-23	1.22497588638e-14	0.113369321838	0.0933930950035	0.407667668895
0.0347289847599	2.28827424802e-23	1.16725710102e-14	0.11336932208	0.0933930947615	0.407667669856
0.0347289847599	2.03129905308e-23	1.11225792689e-14	0.113369322306	0.093393094536	0.407667670751
0.0347289847599	1.80318239675e-23	1.05985022052e-14	0.113369322516	0.093393094326	0.407667671585
0.0347289847599	1.60068343996e-23	1.00991187634e-14	0.113369322711	0.0933930941303	0.407667672362
0.0347289847599	1.42092529271e-23	9.62326542206e-15	0.113369322893	0.0933930939481	0.407667673085
0.0347289847599	1.26135414226e-23	9.16983348275e-15	0.113369323063	0.0933930937783	0.40766767376
0.0347289847599	1.11970297125e-23	8.73776648704e-15	0.113369323221	0.0933930936201	0.407667674388
0.0347289847599	9.93959350349e-24	8.32605775505e-15	0.113369323369	0.0933930934727	0.407667674973
0.0347289847599	8.82336847809e-24	7.93374803994e-15	0.113369323506	0.0933930933354	0.407667675518
0.0347289847599	7.83249649715e-24	7.55992329297e-15	0.113369323634	0.0933930932075	0.407667676026
0.0347289847599	6.9529003044e-24	7.20371253379e-15	0.113369323753	0.0933930930884	0.407667676499
0.0347289847599	6.16312020772e-24	7.04824602009e-15	0.113369323864	0.0933930929774	0.407667676939
0.0347289847599	5.46029117216e-24	6.92857785791e-15	0.113369323965	0.0933930928768	0.407667677338
0.0347289847599	4.83761125525e-24	6.8109414734e-15	0.113369324055	0.0933930927862	0.407667677698
0.0347289847599	4.28594042309e-24	6.69530237018e-15	0.113369324137	0.0933930927045	0.407667678023
0.0347289847599	3.79718095169e-24	6.58162663755e-15	0.113369324211	0.0933930926309	0.407667678315
0.0347289847599	3.36415856413e-24	6.46988094054e-15	0.113369324277	0.0933930925646	0.407667678578
0.0347289847599	2.98051712271e-24	6.36003251018e-15	0.113369324337	0.0933930925048	0.407667678816
0.0347289847599	2.64062533002e-24	6.25204913387e-15	0.113369324391	0.0933930924509	0.40766767903
0.0347289847599	2.3394940698e-24	6.14589914591e-15	0.113369324439	0.0933930924023	0.407667679222
0.0347289847599	2.07270317389e-24	6.04155141824e-15	0.113369324483	0.0933930923585	0.407667679396
0.0347289847599	1.83633654066e-24	5.93897535131e-15	0.113369324522	0.0933930923191	0.407667679553
0.0347289847599	1.62692465232e-24	5.83814086511e-15	0.113369324558	0.0933930922835	0.407667679694
0.0347289847599	1.44139364746e-24	5.73901839032e-15	0.11336932459	0.0933930922515	0.407667679821
0.0347289847599	1.27702020126e-24	5.64157885967e-15	0.113369324619	0.0933930922226	0.407667679936
0.0347289847599	1.13139155101e-24	5.54579369942e-15	0.113369324645	0.0933930921965	0.407667680039
0.0347289847599	1.00237008031e-24	5.45163482095e-15	0.113369324668	0.0933930921731	0.407667680132
0.0347289847599	8.88061941946e-25	5.35907461254e-15	0.11336932469	0.0933930921519	0.407667680216
0.0347289847599	7.86789259002e-25	5.26808593129e-15	0.113369324709	0.0933930921329	0.407667680292
0.0347289847599	6.97065496043e-25	5.17864209513e-15	0.113369324726	0.0933930921157	0.40766768036
0.0347289847599	6.17573638955e-25	5.09071687502e-15	0.113369324741	0.0933930921002	0.407667680422
0.0347289847599	5.47147950793e-25	5.00401358295e-15	0.113369324755	0.0933930920863	0.407667680477
0.0347289847599	4.84755014913e-25	4.91862893726e-15	0.113369324768	0.0933930920737	0.407667680527
0.0347289847599	4.29476934241e-25	4.8347012296e-15	0.113369324779	0.0933930920624	0.407667680572
0.0347289847599	3.80502380316e-25	4.75220559991e-15	0.113369324789	0.0933930920522	0.407667680612
0.0347289847599	3.37112542917e-25	4.6711176123e-15	0.113369324799	0.0933930920429	0.407667680649
0.0347289847599	2.98670579924e-25	4.59141324785e-15	0.113369324807	0.0933930920346	0.407667680682
0.0347289847599	2.64612270254e-25	4.51306889747e-15	0.113369324814	0.0933930920272	0.407667680712
0.0347289847599	2.34437732657e-25	4.43606135494e-15	0.113369324821	0.0933930920204	0.407667680738
0.0347289847599	2.07704088857e-25	4.36036780999e-15	0.113369324827	0.0933930920143	0.407667680763
0.0347289847599	1.84018963325e-25	4.28596584157e-15	0.113369324833	0.0933930920089	0.407667680784
0.0347289847599	1.63034724301e-25	4.21283341121e-15	0.113369324838	0.0933930920039	0.407667680804
0.0347289847599	1.44443381529e-25	4.14094885649e-15	0.113369324842	0.0933930919995	0.407667680822
0.0347289847599	1.27972065809e-25	4.07029088462e-15	0.113369324846	0.0933930919955	0.407667680838
0.0347289847599	1.13379024044e-25	4.00083856613e-15	0.11336932485	0.0933930919919	0.407667680852
0.0347289847599	1.00450070975e-25	3.93257132868e-15	0.113369324853	0.0933930919886	0.407667680865
0.0347289847599	8.89954455317e-26	3.86546895095e-15	0.113369324856	0.0933930919857	0.407667680876
0.0347289847599	7.88470256769e-26	3.79951155668e-15	0.113369324859	0.093393091983	0.407667680887
0.0347289847599	6.98558608359e-26	3.73467960874e-15	0.113369324861	0.0933930919806	0.407667680896
0.0347289847599	6.1889985719e-26	3.67095390338e-15	0.113369324863	0.0933930919785	0.407667680905
0.0347289847599	5.48324834374e-26	3.60831556452e-15	0.113369324865	0.0933930919765	0.407667680913
0.0347289847599	4.85779132809e-26	3.55311143783e-15	0.113369324867	0.0933930919748	0.40766768092
0.0347289847599	4.29959714738e-26	3.54724807992e-15	0.113369324868	0.0933930919732	0.407667680926
0.0347289847599	3.80554337994e-26	3.54139439774e-15	0.11336932487	0.0933930919718	0.407667680931
0.0347289847599	3.36825984393e-26	3.53555037533e-15	0.113369324871	0.0933930919706	0.407667680936
0.0347289847599	2.98122324293e-26	3.52971599675e-15	0.113369324872	0.0933930919695	0.407667680941
0.0347289847599	2.63865985286e-26	3.52389124608e-15	0.113369324873	0.0933930919685	0.407667680945
0.0347289847599	2.3354593909e-26	3.51807610744e-15	0.113369324874	0.0933930919677	0.407667680948
0.0347289847599	2.06709878147e-26	3.51227056496e-15	0.113369324875	0.0933930919669	0.407667680951
0.0347289847599	1.82957468197e-26	3.50647460281e-15	0.113369324875	0.0933930919662	0.407667680954
0.0347289847599	1.61934376185e-26	3.50068820518e-15	0.113369324876	0.0933930919656	0.407667680956
0.0347289847599	1.43326984401e-26	3.49491135628e-15	0.113369324876	0.0933930919651	0.407667680958
0.0347289847599	1.26857712004e-26	3.48914404036e-15	0.113369324877	0.0933930919646	0.40766768096
0.0347289847599	1.12280874129e-26	3.48338624169e-15	0.113369324877	0.0933930919642	0.407667680962
0.0347289847599	9.93790168214e-27	3.47763794456e-15	0.113369324878	0.0933930919638	0.407667680963
0.0347289847599	8.79596731056e-27	3.47189913329e-15	0.113369324878	0.0933930919635	0.407667680964
0.0347289847599	7.78524918067e-27	3.46616979223e-15	0.113369324878	0.0933930919632	0.407667680966
