0.0	0.000239896943919	0.0503392556056	0.0	0.0	0.0
2.10860580794e-19	0.000239896943911	0.050339255605	1.68438610084e-13	2.10942374679e-13	1e-06
2.36050968815e-19	0.00023989694391	0.050339255605	1.76794299522e-13	2.27373675443e-13	1.03833333333e-06
2.64250718028e-19	0.00023989694391	0.0503392556049	1.85802870038e-13	2.45137243837e-13	1.07813611111e-06
2.9581934075e-19	0.000239896943909	0.0503392556049	1.95515335221e-13	2.64233079861e-13	1.11946466204e-06
3.31159298316e-19	0.000239896943909	0.0503392556048	2.05986694663e-13	2.84883228119e-13	1.16237747408e-06
3.70721131969e-19	0.000239896943908	0.0503392556048	2.17276245409e-13	3.07198710914e-13	1.20693527725e-06
4.15009206708e-19	0.000239896943908	0.0503392556048	2.29447917747e-13	3.31179528246e-13	1.25320112954e-06
4.64588141329e-19	0.000239896943907	0.0503392556047	2.42570637227e-13	3.57047724719e-13	1.30124050618e-06
5.20090006617e-19	0.000239896943906	0.0503392556047	2.56718714974e-13	3.84914322637e-13	1.35112139225e-06
5.82222383485e-19	0.000239896943905	0.0503392556046	2.71972268496e-13	4.15001366605e-13	1.40291437895e-06
6.51777383756e-19	0.000239896943905	0.0503392556045	2.88417675371e-13	4.47419878924e-13	1.45669276347e-06
7.29641748627e-19	0.000239896943904	0.0503392556045	3.06148062385e-13	4.82391904199e-13	1.51253265274e-06
8.16808153532e-19	0.000239896943903	0.0503392556044	3.25263832888e-13	5.20139487037e-13	1.57051307109e-06
9.14387863539e-19	0.000239896943902	0.0503392556043	3.4587323536e-13	5.60773649738e-13	1.63071607215e-06
1.02362490062e-18	0.000239896943901	0.0503392556042	3.68092976392e-13	6.04516436908e-13	1.69322685491e-06
1.14591190342e-18	0.000239896943899	0.0503392556041	3.92048881579e-13	6.51811937757e-13	1.75813388435e-06
1.28280788168e-18	0.000239896943898	0.050339255604	4.17876608035e-13	7.02771174587e-13	1.82552901658e-06
1.43605809172e-18	0.000239896943897	0.0503392556039	4.45722412595e-13	7.57616192004e-13	1.89550762888e-06
1.6076162863e-18	0.000239896943895	0.0503392556038	4.75743980033e-13	8.16791079216e-13	1.96816875465e-06
1.79966962262e-18	0.000239896943894	0.0503392556037	5.08111316001e-13	8.80628903132e-13	2.04361522357e-06
2.01466654585e-18	0.000239896943892	0.0503392556036	5.43007709728e-13	9.49462730659e-13	2.12195380714e-06
2.25534800385e-18	0.00023989694389	0.0503392556034	5.80630771952e-13	1.0236256287e-12	2.20329536974e-06
2.52478239088e-18	0.000239896943888	0.0503392556033	6.21193553946e-13	1.10367270878e-12	2.28775502558e-06
2.8264046659e-18	0.000239896943886	0.0503392556031	6.6492575398e-13	1.18982601549e-12	2.37545230155e-06
3.16406014406e-18	0.000239896943883	0.0503392556029	7.12075018055e-13	1.28286270495e-12	2.46651130644e-06
3.5420535198e-18	0.000239896943881	0.0503392556027	7.62908342265e-13	1.38311584408e-12	2.56106090651e-06
3.96520374642e-18	0.000239896943878	0.0503392556025	8.17713584744e-13	1.49114054437e-12	2.65923490792e-06
4.43890547184e-18	0.000239896943875	0.0503392556023	8.76801095738e-13	1.60760293965e-12	2.76117224605e-06
4.96919781378e-18	0.000239896943872	0.0503392556021	9.40505475055e-13	1.73328018604e-12	2.86701718214e-06
5.56284135113e-18	0.000239896943868	0.0503392556018	1.00918746683e-12	1.86872739505e-12	2.97691950744e-06
6.22740431301e-18	0.000239896943864	0.0503392556015	1.08323600235e-12	2.01472172278e-12	3.09103475521e-06
6.97135906452e-18	0.00023989694386	0.0503392556012	1.16307040246e-12	2.17215134767e-12	3.20952442082e-06
7.80419011897e-18	0.000239896943856	0.0503392556009	1.24914275213e-12	2.34179342584e-12	3.33255619027e-06
8.73651505384e-18	0.000239896943851	0.0503392556005	1.34194046047e-12	2.52475818029e-12	3.46030417754e-06
9.78021987193e-18	0.000239896943846	0.0503392556002	1.44198902086e-12	2.72204481177e-12	3.592949171e-06
1.09486105333e-17	0.000239896943841	0.0503392555998	1.54985498668e-12	2.93476354329e-12	3.7306788892e-06
1.22565825902e-17	0.000239896943835	0.0503392555993	1.66614917959e-12	3.16413562017e-12	3.87368824659e-06
1.37208110867e-17	0.000239896943829	0.0503392555988	1.79153014847e-12	3.41127126545e-12	4.02217962935e-06
1.53599631456e-17	0.000239896943822	0.0503392555983	1.92670789867e-12	3.67783581366e-12	4.17636318178e-06
1.71949359512e-17	0.000239896943814	0.0503392555978	2.07244791256e-12	3.96527255474e-12	4.33645710372e-06
1.92491231628e-17	0.000239896943806	0.0503392555972	2.22957548437e-12	4.2750247786e-12	4.50268795932e-06
2.15487131552e-17	0.000239896943798	0.0503392555965	2.39898039359e-12	4.60909088671e-12	4.67529099772e-06
2.41230228887e-17	0.000239896943789	0.0503392555959	2.5816219436e-12	4.9692472359e-12	4.85451048592e-06
2.70048716644e-17	0.000239896943779	0.0503392555951	2.77853439405e-12	5.3574922276e-12	5.0406000545e-06
3.02309995298e-17	0.000239896943768	0.0503392555943	2.9908328176e-12	5.77615733018e-12	5.23382305653e-06
3.38425356701e-17	0.000239896943756	0.0503392555934	3.21971941434e-12	6.22746298969e-12	5.4344529403e-06
3.78855227545e-17	0.000239896943744	0.0503392555925	3.46649031962e-12	6.71396271907e-12	5.64277363627e-06
4.24115039242e-17	0.00023989694373	0.0503392555915	3.73254294377e-12	7.2386541205e-12	5.85907995891e-06
4.74781799043e-17	0.000239896943716	0.0503392555904	4.01938388529e-12	7.80420172924e-12	6.08367802391e-06
5.31501446174e-17	0.0002398969437	0.0503392555892	4.32863746247e-12	8.41404723666e-12	6.3168856814e-06
5.94997086773e-17	0.000239896943683	0.050339255588	4.66205491149e-12	9.07141028952e-12	6.55903296573e-06
6.66078212609e-17	0.000239896943665	0.0503392555866	5.02152430332e-12	9.78028769073e-12	6.81046256263e-06
7.4565102111e-17	0.000239896943646	0.0503392555851	5.40908123545e-12	1.05444541986e-11	7.07153029405e-06
8.34729968274e-17	0.000239896943625	0.0503392555836	5.82692035905e-12	1.13683507051e-11	7.34260562183e-06
9.34450701742e-17	0.000239896943602	0.0503392555819	6.2774078068e-12	1.22566401471e-11	7.62407217049e-06
1.04608453891e-16	0.000239896943577	0.05033925558	6.76309459175e-12	1.32143185281e-11	7.91632827015e-06
1.17105467469e-16	0.000239896943551	0.050339255578	7.28673105324e-12	1.4246825941e-11	8.21978752029e-06
1.31095432548e-16	0.000239896943522	0.0503392555759	7.85128243138e-12	1.53599355455e-11	8.53487937498e-06
1.46756704074e-16	0.000239896943491	0.0503392555736	8.45994565864e-12	1.65601976573e-11	8.86204975074e-06
1.64288944106e-16	0.000239896943458	0.0503392555711	9.11616746336e-12	1.78540515702e-11	9.20176165753e-06
1.83915667264e-16	0.000239896943422	0.0503392555684	9.82366388779e-12	1.92491578229e-11	9.55449585405e-06
2.05887090266e-16	0.000239896943384	0.0503392555656	1.05864413313e-11	2.07531769543e-11	9.92075152806e-06
2.30483321884e-16	0.000239896943342	0.0503392555624	1.14088192378e-11	2.2374768704e-11	1.03010470029e-05
2.58017933992e-16	0.000239896943297	0.0503392555591	1.22954545555e-11	2.41230369008e-11	1.06959204708e-05
2.8884195922e-16	0.000239896943249	0.0503392555555	1.32513681087e-11	2.60079735519e-11	1.1105930755e-05
3.23348366193e-16	0.000239896943197	0.0503392555516	1.42819730292e-11	2.80401257761e-11	1.15316581e-05
3.61977069399e-16	0.000239896943141	0.0503392555474	1.53931054101e-11	3.02310398927e-11	1.19737049931e-05
4.05220537562e-16	0.00023989694308	0.0503392555428	1.65910573537e-11	3.25931503998e-11	1.24326970171e-05
4.53630072014e-16	0.000239896943015	0.0503392555379	1.78826126032e-11	3.51398909958e-11	1.29092837352e-05
5.07822835114e-16	0.000239896942944	0.0503392555327	1.92750849566e-11	3.78855835578e-11	1.34041396107e-05
5.68489718314e-16	0.000239896942868	0.050339255527	2.0776359684e-11	4.08457712081e-11	1.39179649614e-05
6.36404150176e-16	0.000239896942787	0.0503392555209	2.23949381797e-11	4.40373293367e-11	1.44514869503e-05
7.12431956645e-16	0.000239896942698	0.0503392555143	2.41399861038e-11	4.74782435566e-11	1.50054606154e-05
7.97542399267e-16	0.000239896942603	0.0503392555071	2.60213852855e-11	5.11879427707e-11	1.55806699375e-05
8.92820532091e-16	0.000239896942501	0.0503392554995	2.80497896818e-11	5.51876322388e-11	1.617792895e-05
9.99481034776e-16	0.00023989694239	0.0503392554912	3.02366857082e-11	5.9499738466e-11	1.67980828912e-05
1.11888369828e-15	0.000239896942271	0.0503392554823	3.25944572841e-11	6.4148797381e-11	1.74420093999e-05
1.25255076051e-15	0.000239896942142	0.0503392554726	3.51364559603e-11	6.91611212696e-11	1.81106197578e-05
1.40218631302e-15	0.000239896942003	0.0503392554623	3.78770765257e-11	7.45651318412e-11	1.88048601791e-05
1.56969802608e-15	0.000239896941854	0.0503392554511	4.08318385219e-11	8.03913602289e-11	1.95257131497e-05
1.75722146914e-15	0.000239896941693	0.050339255439	4.40174741274e-11	8.66727800566e-11	2.0274198817e-05
1.96714733671e-15	0.000239896941519	0.050339255426	4.74520229076e-11	9.34451405056e-11	2.10513764346e-05
2.20215192682e-15	0.000239896941332	0.050339255412	5.11549339695e-11	1.00746522226e-10	2.18583458603e-05
2.46523126053e-15	0.00023989694113	0.0503392553969	5.51471760978e-11	1.08618447558e-10	2.26962491136e-05
2.75973927752e-15	0.000239896940912	0.0503392553806	5.94513564961e-11	1.17105547468e-10	2.3566271991e-05
3.08943059472e-15	0.000239896940678	0.050339255363	6.4091848807e-11	1.26255672567e-10	2.44696457447e-05
3.45850837312e-15	0.000239896940424	0.0503392553441	6.90949311346e-11	1.36120781295e-10	2.5407648825e-05
3.87167790285e-15	0.000239896940152	0.0503392553237	7.44889348518e-11	1.46756717868e-10	2.63816086891e-05
4.33420658995e-15	0.000239896939858	0.0503392553017	8.03044050345e-11	1.58223767396e-10	2.73929036806e-05
4.85199110928e-15	0.00023989693954	0.0503392552779	8.65742734321e-11	1.70586766905e-10	2.8442964979e-05
5.43163257995e-15	0.000239896939198	0.0503392552524	9.33340449523e-11	1.83915660445e-10	2.95332786261e-05
6.08052072148e-15	0.00023989693883	0.0503392552248	1.00621998718e-10	1.98286165226e-10	3.06653876285e-05
6.8069280637e-15	0.000239896938432	0.050339255195	1.08479404834e-10	2.1377943855e-10	3.18408941412e-05
7.62011541131e-15	0.000239896938004	0.050339255163	1.1695075809e-10	2.3048329906e-10	3.30614617353e-05
8.53044990789e-15	0.000239896937542	0.0503392551284	1.26084029925e-10	2.48492448778e-10	3.43288177521e-05
9.5495372042e-15	0.000239896937044	0.0503392550911	1.35930940079e-10	2.67908695157e-10	3.56447557476e-05
1.0690369416e-14	0.000239896936507	0.0503392550509	1.46547249472e-10	2.88841950274e-10	3.70111380308e-05
1.19674907577e-14	0.000239896935928	0.0503392550076	1.57993075963e-10	3.11411007995e-10	3.8429898299e-05
1.33971829632e-14	0.000239896935304	0.0503392549609	1.70333234788e-10	3.35743432943e-10	3.99030443747e-05
1.49976728579e-14	0.000239896934631	0.0503392549106	1.83637605591e-10	3.61977114818e-10	4.1432661047e-05
1.67893647286e-14	0.000239896933905	0.0503392548563	1.97981528139e-10	3.9026060146e-10	4.30209130216e-05
1.87951004531e-14	0.000239896933123	0.0503392547977	2.13446228954e-10	4.2075398703e-10	4.46700479847e-05
2.10404507059e-14	0.00023989693228	0.0503392547346	2.30119281284e-10	4.53630133251e-10	4.63823997837e-05
2.35540409532e-14	0.000239896931371	0.0503392546666	2.48095101004e-10	4.89075002479e-10	4.81603917303e-05
2.63679163922e-14	0.000239896930391	0.0503392545932	2.6747548128e-10	5.2728943406e-10	5.00065400293e-05
2.95179504882e-14	0.000239896929334	0.0503392545142	2.88370168996e-10	5.68489699436e-10	5.19234573405e-05
3.30443023171e-14	0.000239896928194	0.0503392544289	3.1089748623e-10	6.1290927851e-10	5.39138564751e-05
3.69919285444e-14	0.000239896926966	0.050339254337	3.35185000283e-10	6.60799636794e-10	5.59805542357e-05
4.14111565674e-14	0.000239896925641	0.0503392542379	3.61370246066e-10	7.12432001774e-10	5.81264754019e-05
4.63583261272e-14	0.000239896924214	0.050339254131	3.89601504929e-10	7.68098584146e-10	6.03546568701e-05
5.1896507572e-14	0.000239896922674	0.0503392540158	4.20038644346e-10	8.28114798271e-10	6.26682519505e-05
5.80963059254e-14	0.000239896921014	0.0503392538916	4.52854023208e-10	8.92820483414e-10	6.50705348305e-05
6.50367610143e-14	0.000239896919225	0.0503392537577	4.88233467856e-10	9.6258201317e-10	6.75649052076e-05
7.28063551286e-14	0.000239896917296	0.0503392536133	5.26377324367e-10	1.03779440489e-09	7.01548931008e-05
8.15041410621e-14	0.000239896915215	0.0503392534577	5.67501593078e-10	1.11888365114e-09	7.28441638466e-05
9.12410049127e-14	0.000239896912973	0.0503392532898	6.1183915174e-10	1.20630882915e-09	7.56365232857e-05
1.02141079744e-13	0.000239896910555	0.0503392531089	6.59641074256e-10	1.30056509837e-09	7.8535923149e-05
1.14343328127e-13	0.000239896907948	0.0503392529139	7.11178052456e-10	1.40218625403e-09	8.15464666503e-05
1.28003313743e-13	0.000239896905138	0.0503392527035	7.66741928959e-10	1.51174761369e-09	8.4672414293e-05
1.43295184627e-13	0.000239896902108	0.0503392524768	8.26647349819e-10	1.62986956998e-09	8.79181898993e-05
1.6041389334e-13	0.000239896898841	0.0503392522324	8.91233546284e-10	1.7572212543e-09	9.1288386871e-05
1.79577682372e-13	0.000239896895319	0.0503392519688	9.60866255794e-10	1.89452364548e-09	9.47877746898e-05
2.01030866461e-13	0.000239896891522	0.0503392516847	1.03593979306e-09	2.04255434371e-09	9.84213056672e-05
2.25046947308e-13	0.000239896887428	0.0503392513783	1.11687928298e-09	2.20215156736e-09	0.000102194121953
2.51932100376e-13	0.000239896883015	0.050339251048	1.20414306803e-09	2.37421914897e-09	0.000106111562811
2.82029078251e-13	0.000239896878256	0.0503392506919	1.29822530373e-09	2.55973130925e-09	0.000110179172177
3.15721580309e-13	0.000239896873126	0.050339250308	1.39965875695e-09	2.75973876322e-09	0.000114402706505
3.53439144402e-13	0.000239896867594	0.0503392498941	1.50901782284e-09	2.97537393837e-09	0.00011878814291
3.95662622928e-13	0.000239896861631	0.0503392494478	1.62692177747e-09	3.20785807998e-09	0.000123341687629
4.42930313099e-13	0.000239896855201	0.0503392489667	1.75403828466e-09	3.45850757946e-09	0.000128069784805
4.95844819552e-13	0.00023989684827	0.050339248448	1.89108717682e-09	3.7287417459e-09	0.000132979125604
5.55080736798e-13	0.000239896840796	0.0503392478887	2.03884453114e-09	4.02009102168e-09	0.000138076657687
6.21393249455e-13	0.000239896832739	0.0503392472858	2.19814706434e-09	4.33420519816e-09	0.00014336959504
6.95627759894e-13	0.000239896824052	0.0503392466357	2.3698968708e-09	4.67286307463e-09	0.000148865428182
7.78730666046e-13	0.000239896814686	0.0503392459348	2.55506653089e-09	5.03798222822e-09	0.000154571934768
8.71761426777e-13	0.000239896804589	0.0503392451792	2.75470461841e-09	5.43163044922e-09	0.000160497190595
9.75906068633e-13	0.000239896793702	0.0503392443646	2.96994163847e-09	5.85603673232e-09	0.000166649581029
1.09249230616e-12	0.000239896781965	0.0503392434863	3.20199642914e-09	6.31360448821e-09	0.000173037812872
1.22300646858e-12	0.000239896769311	0.0503392425393	3.4521830635e-09	6.80692475526e-09	0.000179670926685
1.36911244852e-12	0.000239896755668	0.0503392415184	3.72191829082e-09	7.33879107649e-09	0.000186558309582
1.53267291456e-12	0.000239896740959	0.0503392404177	4.01272955928e-09	7.91221537579e-09	0.000193709708508
1.7157730578e-12	0.000239896725101	0.050339239231	4.32626366542e-09	8.53044472222e-09	0.000201135244042
1.92074717531e-12	0.000239896708003	0.0503392379515	4.66429607952e-09	9.19697998182e-09	0.000208845424712
2.1502084294e-12	0.00023989668957	0.0503392365721	5.02874099959e-09	9.91559569057e-09	0.000216851161867
2.40708216194e-12	0.000239896669696	0.050339235085	5.42166219089e-09	1.06903611486e-08	0.00022516378512
2.69464318865e-12	0.00023989664827	0.0503392334816	5.84528467242e-09	1.15256637349e-08	0.00023379505838
3.01655754858e-12	0.000239896625169	0.0503392317529	6.3020073165e-09	1.24262334432e-08	0.000242757196497
3.37692924121e-12	0.000239896600264	0.0503392298892	6.79441643289e-09	1.33971699715e-08	0.00025206288255
3.78035254691e-12	0.000239896573412	0.0503392278798	7.32530041418e-09	1.44439715878e-08	0.000261725285795
4.2319705977e-12	0.000239896544462	0.0503392257134	7.89766552555e-09	1.5572566105e-08	0.000271758080297
4.73754094518e-12	0.00023989651325	0.0503392233778	8.51475292827e-09	1.67893442994e-08	0.000282175464285
5.30350896134e-12	0.0002398964796	0.0503392208596	9.18005703321e-09	1.81011965471e-08	0.000292992180241
5.93709000798e-12	0.00023989644332	0.0503392181447	9.89734528851e-09	1.95155516824e-08	0.000304223535759
6.64636142247e-12	0.000239896404206	0.0503392152177	1.06706795132e-08	2.104041852e-08	0.000315885425211
7.44036549223e-12	0.000239896362035	0.050339212062	1.15044388978e-08	2.26844322621e-08	0.000327994352235
8.32922473089e-12	0.000239896316569	0.0503392086597	1.24033448017e-08	2.44569023491e-08	0.00034056745309
9.32427092557e-12	0.00023989626755	0.0503392049915	1.33724874889e-08	2.63678658616e-08	0.000353622520902
1.04381896004e-11	0.000239896214702	0.0503392010368	1.44173549513e-08	2.8428143919e-08	0.000367178030843
1.1685181738e-11	0.000239896157724	0.050339196773	1.55438639852e-08	3.06494034084e-08	0.000381253166272
1.30811448204e-11	0.000239896096294	0.0503391921761	1.67583936955e-08	3.30442227098e-08	0.000395867845881
1.46438754974e-11	0.000239896030065	0.05033918722	1.80678216173e-08	3.56261628607e-08	0.000411042751876
1.63932964663e-11	0.00023989595866	0.0503391818766	1.947956266e-08	3.84098447172e-08	0.000426799359245
1.83517104539e-11	0.000239895881676	0.0503391761157	2.10016110943e-08	4.14110312212e-08	0.000443159966139
2.05440845407e-11	0.000239895798677	0.0503391699047	2.26425858194e-08	4.46467173283e-08	0.000460147725424
2.29983684496e-11	0.000239895709193	0.0503391632084	2.44117791668e-08	4.81352257087e-08	0.00047778667744
2.57458508577e-11	0.000239895612717	0.0503391559889	2.63192095175e-08	5.18963104425e-08	0.000496101784011
2.88215582734e-11	0.000239895508703	0.0503391482053	2.83756780296e-08	5.59512693735e-08	0.000515118963767
3.22647015618e-11	0.000239895396562	0.0503391398135	3.05928297985e-08	6.03230642353e-08	0.000534865128806
3.61191758135e-11	0.000239895275658	0.050339130766	3.2983219795e-08	6.50364508805e-08	0.000555368222777
4.0434119925e-11	0.000239895145308	0.0503391210115	3.55603839547e-08	7.01181196123e-08	0.000576657260405
4.52645430267e-11	0.000239895004772	0.0503391104949	3.83389158222e-08	7.55968457305e-08	0.00059876236854
5.06720257418e-11	0.000239894853256	0.0503390991566	4.13345491823e-08	8.15036532894e-08	0.000621714828779
5.67255052157e-11	0.000239894689901	0.0503390869324	4.4564247147e-08	8.78719899567e-08	0.000645547121712
6.35021539216e-11	0.000239894513783	0.050339073753	4.80462982023e-08	9.47379168623e-08	0.000670292972873
7.1088363445e-11	0.000239894323903	0.0503390595438	5.18004197587e-08	1.02140312656e-07	0.000695987400439
7.95808457852e-11	0.000239894119187	0.0503390442244	5.58478697906e-08	1.10121093774e-07	0.000722666764768
8.90878662128e-11	0.000239893898476	0.050339027708	6.02115671974e-08	1.18725451252e-07	0.000750368819822
9.97306233953e-11	0.00023989366052	0.0503390099011	6.49162215675e-08	1.28002107516e-07	0.000779132766567
1.11644794382e-10	0.000239893403971	0.0503389907029	6.99884730779e-08	1.38003591161e-07	0.000808999308411
1.24982264141e-10	0.000239893127377	0.0503389700046	7.54570433238e-08	1.48786535048e-07	0.000840010708769
1.39913061688e-10	0.000239892829171	0.050338947689	8.13528979292e-08	1.60411996711e-07	0.000872210850827
1.56627527483e-10	0.000239892507666	0.0503389236298	8.77094218597e-08	1.72945804077e-07	0.000905645299595
1.75338739727e-10	0.00023989216104	0.0503388976908	9.45626084295e-08	1.86458928169e-07	0.000940361366331
1.9628523046e-10	0.000239891787331	0.050338869725	1.01951263071e-07	2.01027884561e-07	0.000976408175437
2.1973402609e-10	0.000239891384422	0.0503388395741	1.09917223022e-07	2.16735166913e-07	0.0010138367339
2.45984051099e-10	0.000239890950034	0.0503388070674	1.18505594169e-07	2.33669713822e-07	0.00105270000341
2.7536993829e-10	0.000239890481705	0.0503387720208	1.27765006389e-07	2.51927412413e-07	0.0010930529752
3.08266294129e-10	0.000239889976784	0.0503387342359	1.37747888836e-07	2.71611640569e-07	0.00113495274779
3.45092473544e-10	0.000239889432413	0.0503386934987	1.48510766727e-07	2.92833852902e-07	0.00117845860767
3.86317924997e-10	0.000239888845509	0.0503386495786	1.60114581298e-07	3.15714210908e-07	0.00122363211309
4.32468173954e-10	0.000239888212748	0.0503386022268	1.72625034754e-07	3.403822632e-07	0.00127053718099
4.84131520964e-10	0.00023988753055	0.0503385511752	1.86112962151e-07	3.66977679242e-07	0.00131924017738
5.41966539689e-10	0.00023988679505	0.0503384961349	2.0065473232e-07	3.95651039044e-07	0.00136981001099
6.06710470402e-10	0.000239886002085	0.050338436794	2.16332680087e-07	4.26564685804e-07	0.00142231823067
6.79188615864e-10	0.000239885147166	0.0503383728167	2.33235572244e-07	4.59893644606e-07	0.00147683912638
7.60324859265e-10	0.000239884225452	0.0503383038407	2.51459109904e-07	4.95826612283e-07	0.00153344983408
8.51153438189e-10	0.000239883231725	0.0503382294755	2.71106470055e-07	5.34567025766e-07	0.00159223044463
9.52832124543e-10	0.000239882160359	0.0503381492999	2.9228888941e-07	5.76334213038e-07	0.00165326411684
1.0666569783e-09	0.000239881005289	0.0503380628601	3.15126293807e-07	6.21364633343e-07	0.00171663719475
1.19407886291e-09	0.000239879759976	0.0503379696667	3.3974797675e-07	6.69913215647e-07	0.00178243932949
1.33672193267e-09	0.00023987841737	0.050337869192	3.66293330888e-07	7.2225480012e-07	0.00185076360572
1.49640432737e-09	0.000239876969872	0.0503377608672	3.94912636585e-07	7.786856932e-07	0.00192170667281
1.67516133773e-09	0.000239875409287	0.0503376440789	4.25767912009e-07	8.39525342877e-07	0.00199536888116
1.87527133635e-09	0.000239873726781	0.0503375181661	4.5903382955e-07	9.05118145539e-07	0.00207185442354
2.09928480434e-09	0.000239871912832	0.0503373824158	4.94898703714e-07	9.75835393363e-07	0.0021512714819
2.35005682276e-09	0.000239869957172	0.0503372360596	5.33565556075e-07	1.05207737358e-06	0.00223373237966
2.63078344251e-09	0.000239867848731	0.0503370782688	5.75253263281e-07	1.13427563092e-06	0.00231935373986
2.94504239508e-09	0.000239865575578	0.0503369081504	6.20197794563e-07	1.2228954076e-06	0.00240825664923
3.29683866205e-09	0.000239863124847	0.0503367247412	6.68653545731e-07	1.31843827222e-06	0.00250056682845
3.69065548278e-09	0.000239860482669	0.050336527003	7.20894777146e-07	1.42144495406e-06	0.0025964148089
4.13151144881e-09	0.000239857634092	0.0503363138166	7.77217163757e-07	1.53249839853e-06	0.00269593611603
4.62502441053e-09	0.000239854562998	0.0503360839752	8.37939465909e-07	1.65222705935e-06	0.00279927145967
5.17748300843e-09	0.000239851252008	0.0503358361779	9.03405330308e-07	1.78130844848e-06	0.00290656693144
5.79592673754e-09	0.000239847682391	0.0503355690222	9.73985231245e-07	1.9204729616e-06	0.00301797420962
6.48823556196e-09	0.00023984383395	0.050335280996	1.05007856296e-06	2.07050800117e-06	0.00313365077174
7.26323021748e-09	0.000239839684915	0.0503349704693	1.13211589488e-06	2.23226242081e-06	0.003253760115
8.13078447522e-09	0.000239835211815	0.0503346356848	1.22056140234e-06	2.40665131429e-06	0.00337847198506
9.10195079099e-09	0.00023983038935	0.0503342747479	1.31591548639e-06	2.59466117825e-06	0.0035079626133
1.0189100934e-08	0.000239825190246	0.0503338856162	1.41871759736e-06	2.79735547445e-06	0.00364241496287
1.14060833781e-08	0.0002398195851	0.0503334660879	1.52954927784e-06	3.01588062518e-06	0.00378201898394
1.27683994499e-08	0.000239813542218	0.0503330137893	1.64903744218e-06	3.25147247338e-06	0.00392697187835
1.42934004659e-08	0.000239807027435	0.0503325261616	1.77785791066e-06	3.50546324466e-06	0.00407747837405
1.60005083537e-08	0.00023980000392	0.050332000446	1.91673921806e-06	3.77928904845e-06	0.00423375100959
1.79114625502e-08	0.000239792431974	0.0503314336688	2.06646671768e-06	4.07449796106e-06	0.00439601042914
2.00505962982e-08	0.000239784268802	0.0503308226242	2.22788700369e-06	4.39275873461e-06	0.00456448568816
2.2445145835e-08	0.000239775468276	0.0503301638561	2.40191267623e-06	4.73587017965e-06	0.00473941457031
2.51255963769e-08	0.000239765980675	0.0503294536393	2.5895274755e-06	5.10577127393e-06	0.00492104391575
2.81260692676e-08	0.000239755752403	0.0503286879576	2.79179181334e-06	5.50455205206e-06	0.00510962996135
3.14847551717e-08	0.000239744725695	0.0503278624819	3.00984873259e-06	5.93446533618e-06	0.00530543869308
3.52443987737e-08	0.000239732838288	0.0503269725455	3.24493032692e-06	6.39793937053e-06	0.00550874621098
3.94528410825e-08	0.000239720023072	0.0503260131182	3.4983646565e-06	6.8975914312e-06	0.00571983910706
4.4163626164e-08	0.000239706207719	0.0503249787774	3.77158319702e-06	7.4362424818e-06	0.00593901485654
4.94366799217e-08	0.000239691314277	0.0503238636781	4.06612886282e-06	8.01693295685e-06	0.00616658222281
5.53390694458e-08	0.000239675258732	0.0503226615203	4.38366464758e-06	8.64293975663e-06	0.00640286167638
6.19458524462e-08	0.000239657950545	0.0503213655128	4.72598292936e-06	9.31779454521e-06	0.00664818582834
6.93410274018e-08	0.000239639292142	0.0503199683361	5.09501549021e-06	1.00453034488e-05	0.00690289987853
7.76185963004e-08	0.000239619178377	0.0503184621007	5.49284430402e-06	1.08295682603e-05	0.00716736207889
8.68837532314e-08	0.000239597495944	0.0503168383032	5.92171315041e-06	1.16750092618e-05	0.00744194421232
9.72542136378e-08	0.00023957412275	0.0503150877788	6.38404011641e-06	1.25863897839e-05	0.00772703208722
1.08861700755e-07	0.000239548927241	0.0503132006498	6.88243105212e-06	1.35688426329e-05	0.00802302604824
1.21853607682e-07	0.000239521767673	0.050311166271	7.41969405122e-06	1.46278985205e-05	0.0083303415034
1.36394855674e-07	0.000239492491331	0.0503089731695	7.99885503214e-06	1.57695166444e-05	0.00864940946773
1.526699716e-07	0.000239460933688	0.0503066089819	8.62317450083e-06	1.70001175765e-05	0.00898067712387
1.70885410186e-07	0.000239426917502	0.0503040603844	9.29616558186e-06	1.83266186239e-05	0.00932460839962
1.91272149566e-07	0.000239390251849	0.0503013130197	1.00216134101e-05	1.97564718429e-05	0.00968168456263
2.14088591963e-07	0.000239350731073	0.0502983514169	1.08035959816e-05	2.12977048938e-05	0.0100524048323
2.3962380493e-07	0.000239308133673	0.0502951589061	1.16465065685e-05	2.29589649382e-05	0.0104372870088
2.68201142596e-07	0.000239262221093	0.050291717526	1.25550778104e-05	2.47495657927e-05	0.0108368681196
3.00182290862e-07	0.00023921273644	0.0502880079251	1.35344075996e-05	2.66795385648e-05	0.0112517050821
3.35971785384e-07	0.000239159403091	0.0502840092551	1.45899868884e-05	2.87596860122e-05	0.011682375384
3.76022056715e-07	0.000239101923212	0.0502796990564	1.57277295501e-05	3.1001640877e-05	0.0121294777792
4.20839062962e-07	0.000239039976161	0.050275053135	1.69540044371e-05	3.34179284642e-05	0.0125936329997
4.7098857708e-07	0.000238973216788	0.0502700454305	1.82756697848e-05	3.60220337428e-05	0.013075484483
5.27103203228e-07	0.0002389012736	0.0502646478738	1.97001101196e-05	3.8828473268e-05	0.013575699113
5.89890204815e-07	0.000238823746808	0.0502588302349	2.12352758369e-05	4.18528722312e-05	0.0140949679749
6.60140235767e-07	0.000238740206231	0.0502525599592	2.28897256246e-05	4.51120469608e-05	0.0146340071215
7.38737076415e-07	0.00023865018906	0.0502458019918	2.46726719136e-05	4.86240932099e-05	0.0151935583504
8.26668486175e-07	0.000238553197462	0.0502385185891	2.65940295473e-05	5.24084805772e-05	0.0157743899893
9.25038297035e-07	0.000238448696032	0.050230669117	2.86644678683e-05	5.6486153421e-05	0.0163772976889
1.03507988474e-06	0.000238336109065	0.0502222098344	3.08954664288e-05	6.0879638631e-05	0.0170031052184
1.15817116866e-06	0.000238214817652	0.0502130936613	3.32993745356e-05	6.56131606348e-05	0.0176526652639
1.29585130671e-06	0.000238084156594	0.0502032699306	3.58894748504e-05	7.07127640144e-05	0.0183268602233
1.44983926802e-06	0.000237943411107	0.0501926841225	3.86800512653e-05	7.62064441155e-05	0.019026602996
1.62205448441e-06	0.000237791813337	0.0501812775805	4.168646128e-05	8.212428602e-05	0.0197528377626
1.81463980053e-06	0.000237628538651	0.0501689872079	4.49252131074e-05	8.8498612253e-05	0.0205065407487
2.02998696366e-06	0.000237452701711	0.0501557451438	4.84140477307e-05	9.53641395727e-05	0.0212887209686
2.27076491581e-06	0.000237263352324	0.0501414784172	5.21720261328e-05	0.000102758145173	0.0221004209406
2.53995117455e-06	0.000237059471059	0.0501261085786	5.62196219099e-05	0.000110720642594	0.0229427173691
2.84086661324e-06	0.000236839964625	0.0501095513073	6.05788194684e-05	0.0001192945676	0.0238167217823
3.17721397744e-06	0.000236603661017	0.0500917159938	6.52732179872e-05	0.000128525974215	0.0247235811194
3.55312050064e-06	0.000236349304415	0.050072505296	7.03281413024e-05	0.000138464241054	0.0256644782539
3.97318500992e-06	0.000236075549861	0.0500518146686	7.57707538432e-05	0.000149162287988	0.0266406324437
4.4425299395e-06	0.000235780957688	0.0500295318633	8.1630182705e-05	0.000160676803075	0.0276532996936
4.96685869742e-06	0.000235463987748	0.0500055364008	8.79376459003e-05	0.000173068479563	0.0287037730166
5.55251885686e-06	0.000235122993425	0.049979699013	9.47265867637e-05	0.000186402262616	0.0297933825766
6.20657166798e-06	0.000234756215459	0.0499518810541	0.000102032814417	0.000200747605212	0.030923495696
6.93686840788e-06	0.000234361775626	0.0499219338812	0.000109894650111	0.000216178732456	0.0320955167075
7.7521341038e-06	0.000233937670273	0.0498896982044	0.000118353079152	0.00023277491328	0.0333108866282
8.66205917628e-06	0.000233481763792	0.0498550034051	0.000127451908001	0.000250620738193	0.0345710826318
9.67739955343e-06	0.000232991782046	0.0498176668249	0.000137237925978	0.000269806401402	0.0358776172926
1.08100858013e-05	0.000232465305842	0.0497774930247	0.00014776107085	0.000290427985192	0.0372320375722
1.20733417971e-05	0.000231899764513	0.0497342730163	0.000159074597349	0.000312587743992	0.0386359235162
1.34818134373e-05	0.000231292429701	0.0496877834682	0.000171235247475	0.000336394385024	0.0400908866276
1.50517078189e-05	0.000230640409458	0.0496377858887	0.000184303421145	0.000361963341788	0.041598567878
1.68009432534e-05	0.000229940642784	0.0495840257904	0.00019834334546	0.000389417035983	0.0431606353167
1.87493103654e-05	0.00022918989476	0.0495262318396	0.00021342324053	0.000418885122648	0.044778781234
2.09186443872e-05	0.000228384752434	0.0494641149982	0.000229615479395	0.000450504712481	0.0464547188308
2.33330085741e-05	0.000227521621669	0.0493973676637	0.000246996739167	0.000484420564311	0.0481901783456
2.60188884381e-05	0.00022659672517	0.0493256628168	0.000265648140048	0.000520785239665	0.0499869025861
2.90053962049e-05	0.000225606101937	0.0492486531868	0.000285655368339	0.000559759210241	0.0518466418079
3.23244845527e-05	0.00022454560844	0.0491659704458	0.000307108779012	0.000601510907867	0.0537711478848
3.60111682627e-05	0.000223410921809	0.049077224448	0.000330103472788	0.00064621670526	0.0557621677072
4.01037519103e-05	0.000222197545402	0.0489820025275	0.000354739342018	0.000694060814501	0.0578214357505
4.46440611281e-05	0.000220900817123	0.0488798688763	0.000381121078983	0.000745235088823	0.059950665748
4.96776742817e-05	0.000219515920882	0.0487703640209	0.000409358139513	0.000799938711844	0.0621515414076
5.5254150607e-05	0.000218037901656	0.0486530044246	0.000439564654108	0.000858377757097	0.0644257061116
6.14272499537e-05	0.000216461684586	0.0485272822396	0.000471859278044	0.000920764599362	0.0667747515413
6.82551382751e-05	0.0002147820986	0.0483926652406	0.000506364971246	0.000987317158256	0.0692002051733
7.58005718906e-05	0.000212993905028	0.0482485969729	0.000543208698125	0.00105825795361	0.0717035166018
8.41310523477e-05	0.00021109183171	0.0480944971492	0.00058252103703	0.00113381295158	0.0742860426476
9.33189424257e-05	0.000209070613027	0.0479297623368	0.000624435688603	0.00121421018044	0.0769490312308
0.000103441532501	0.000206925036316	0.0477537669729	0.000669088872139	0.00129967809519	0.0796936039948
0.000114581045157	0.000204649995	0.0475658647546	0.000716618599116	0.00139044367149	0.0825207376895
0.000126824564613	0.000202240548748	0.0473653904468	0.000767163813442	0.00148673021142	0.0854312443452
0.000140263876384	0.000199691990816	0.0471516621544	0.000820863388725	0.00158875484629	0.0884257502915
0.000154995201562	0.000196999922607	0.0469239841039	0.000877854974118	0.00169672572637	0.0915046741103
0.000171118809411	0.000194160335286	0.0466816499786	0.000938273682044	0.00181083889259	0.0946682036426
0.000188738491676	0.000191169698082	0.0464239468483	0.00100225061348	0.00193127483263	0.0979162722126
0.000207960882236	0.000188025052643	0.0461501597299	0.00106991121955	0.00205819473218	0.101248534272
0.000228848561879	0.000184731508902	0.045642760185	0.00114136886992	0.00219129458237	0.104664340719
0.000251539587216	0.000181284262572	0.0450824965798	0.00121705707725	0.00233064281596	0.108178863731
0.00027615413436	0.000177683342469	0.0444933251216	0.00129713610493	0.00247632736171	0.111794002343
0.000302803382672	0.000173931223127	0.0438750236358	0.00138172020123	0.00262835044035	0.115509693339
0.000331597134521	0.000170031471385	0.0432275063549	0.00147091271999	0.00278667624909	0.119325683001
0.000362642494664	0.00016598879856	0.0425508361079	0.00156480445205	0.00295122779421	0.123241516235
0.000396042430387	0.000161809099252	0.0418452355873	0.00166347195505	0.00312188400249	0.127256526901
0.000431894228064	0.000157499474364	0.0411110973621	0.00176697591129	0.00329847720145	0.131369829528
0.00047028786683	0.000153068236194	0.0403489923021	0.00187535954591	0.00348079105925	0.135580312612
0.000511304335157	0.000148524893694	0.0395596760896	0.00198864713902	0.00366855907328	0.139886633643
0.000555013920894	0.000143880116482	0.0387440935115	0.00210684266631	0.00386146369051	0.144287215998
0.000601474509611	0.000139145676664	0.0379033802621	0.00222992860234	0.00405913613435	0.148780247804
0.000650729929573	0.000134334368193	0.0370388620325	0.00235786491899	0.00426115699942	0.153363682818
0.000702808384065	0.000129459904123	0.0361520507209	0.00249058830962	0.00446705766011	0.158035243353
0.000757721013027	0.000124536792896	0.0352446376679	0.00262801166491	0.00467632251967	0.16279242523
0.000815460625627	0.000119580195495	0.0343184838996	0.00277002382243	0.00488839210499	0.16763250468
0.000876000643627	0.000114605766026	0.033375607442	0.00291648960553	0.00510266698939	0.172552547106
0.000939294291955	0.000109629478927	0.032418167858	0.00306725016115	0.00531851250157	0.177549417542
0.00100526823503	0.000104667874147	0.0314321087422	0.00322212359893	0.0055352318597	0.182619792653
0.00107373470759	9.97443835891e-05	0.0303541787256	0.00338097975094	0.00575152208777	0.187762846024
0.00114469042899	9.48681703926e-05	0.0292720357523	0.00354401818467	0.00596682890442	0.192989308754
0.00121801940604	9.00552896146e-05	0.028188797475	0.00371101178414	0.00618045644497	0.198296491764
0.00129358874865	8.53209846611e-05	0.0271075518286	0.00388171788756	0.00639171258789	0.203681657189
0.00137124969939	8.06795331824e-05	0.0260313271759	0.00405588006825	0.0065999156266	0.209142028441
0.00145083888688	7.61441137941e-05	0.0249630640188	0.00423323002535	0.00680440074251	0.21467479981
0.00153217977707	7.1726695819e-05	0.0239055887853	0.00441348955176	0.0070045261616	0.220277145477
0.00161508429197	6.74379534776e-05	0.0228615901265	0.00459637254629	0.00719967888872	0.225946227806
0.00169935456262	6.32872051719e-05	0.0218335980716	0.00478158703832	0.00738927992826	0.231679204843
0.0017847080674	5.92859902732e-05	0.0207859727312	0.00496883449701	0.00757246094608	0.237473236934
0.00187100985954	5.54375192779e-05	0.0197605039441	0.00515815632327	0.00774871778781	0.243336418384
0.00195805910179	5.17468956801e-05	0.0187604970861	0.00534926986646	0.00791762916133	0.249266941329
0.0020456495395	4.82179847607e-05	0.0177877479261	0.00554188363198	0.00807881625326	0.255262702612
0.00213357539451	4.4853276906e-05	0.0168437988975	0.00573570991166	0.00823195133395	0.261321646566
0.00222163048545	4.16540561292e-05	0.0159272525094	0.005930466193	0.00837674885415	0.267441763949
0.00230960257728	3.8620757565e-05	0.0150387069428	0.00612590823907	0.00851290681578	0.273622142344
0.00239731374549	3.57517448166e-05	0.0141826867278	0.00632181203146	0.00864027080999	0.279862390303
0.00248457752793	3.3044936481e-05	0.0133597635784	0.00651791769738	0.00875872255379	0.286160769725
0.00257121487925	3.0497361894e-05	0.0125702897604	0.00671397481246	0.00886819184267	0.292515583332
0.00265705510698	2.81052757735e-05	0.0118144128989	0.00690974308243	0.00896865444172	0.298925170408
0.00274195593355	2.58637630267e-05	0.0110970988766	0.00710499336019	0.00906019390893	0.30538790227
0.00282574413025	2.37684027083e-05	0.0104125722192	0.00729941882186	0.00914288647672	0.311899128547
0.00290827568577	2.18137761081e-05	0.00976048587351	0.00749281333382	0.00921682392011	0.318457109323
0.00298941734139	1.999412153e-05	0.00914035981303	0.00768498241474	0.00928213330745	0.325060119835
0.00306904687008	1.83034241585e-05	0.00855159441509	0.00787574332424	0.0093389739386	0.331706444674
0.0031470580846	1.67354038001e-05	0.00799646357824	0.00806492510453	0.00938754879234	0.338394373399
0.00322336956522	1.52834132115e-05	0.00747365076622	0.00825230008963	0.00942819553651	0.345119659428
0.00329786388402	1.39416434265e-05	0.00697914428651	0.00843764935383	0.00946113806593	0.351877734631
0.00337046005201	1.27038000402e-05	0.00651206109241	0.00862083976044	0.00948662396335	0.358666630088
0.0034410882094	1.15636719316e-05	0.00607147015896	0.00880174938379	0.00950491852505	0.365484363629
0.00350968937748	1.05151730112e-05	0.00565640343946	0.00898026725779	0.00951630194136	0.372328937052
0.00357622082564	9.55229585878e-06	0.0052671958426	0.00915629315372	0.00952108186982	0.37919833358
0.00364064421637	8.66930349654e-06	0.0049019071626	0.00932969307393	0.00951960386049	0.386088721285
0.00370292266299	7.86076974214e-06	0.00455887379186	0.00950036709098	0.00951217539579	0.392997084115
0.00376303565474	7.12139596684e-06	0.00423709176591	0.00966824673457	0.00949910641793	0.399921229052
0.00382097162398	6.4461267378e-06	0.00393556142789	0.00983327270533	0.00948071005664	0.406858938369
0.00387672742669	5.83015804632e-06	0.00365329313424	0.00999539446721	0.00945730066797	0.413807969011
0.00393030582096	5.26896203502e-06	0.00338855514969	0.0101545698295	0.00942918723673	0.420766052338
0.00398170504577	4.75838714722e-06	0.00313975390646	0.0103107990633	0.0093966135824	0.427732474423
0.00403096343661	4.29421447976e-06	0.00290766362005	0.0104641308041	0.00935985859455	0.434708532834
0.00407810789149	3.87266487381e-06	0.00269134841393	0.0106145413386	0.00931923199108	0.441692060772
0.0041231436343	3.49043260728e-06	0.002486431892	0.0107620133577	0.00927497528314	0.448680863641
0.00416612916022	3.14404617239e-06	0.00229537631378	0.0109067429452	0.00922722587377	0.455682918025
0.00420712117909	2.83034844228e-06	0.00211803604927	0.0110487604704	0.00917626726983	0.462698481557
0.00424616603802	2.54651671957e-06	0.00195291169463	0.0111880574269	0.00912238583384	0.469725690849
0.00428325082928	2.2903647957e-06	0.00179388391549	0.0113246742224	0.00906568007628	0.476764976908
0.0043185080944	2.05893420925e-06	0.00164713634088	0.0114590786542	0.00900612171269	0.48383954833
0.00435199952224	1.84999709201e-06	0.00151180969727	0.0115912589633	0.00894399396934	0.490948433134
0.0043837847464	1.66151656774e-06	0.00138644604	0.0117212077175	0.00887956105162	0.498090617306
0.00441381291454	1.49224205621e-06	0.00126171952941	0.0118489799732	0.00881279091006	0.5052684486
0.00444228392639	1.3396865001e-06	0.00114781772471	0.0119755390557	0.00874324097784	0.512537295007
0.00446926996875	1.20228250588e-06	0.00104385978929	0.0121008619069	0.0086711797604	0.51989878539
0.00449484089398	1.07859606247e-06	0.000949027718015	0.0122249286358	0.00859685958843	0.527354564156
0.00451832092775	9.70696527188e-07	0.000797471754669	0.0123477162178	0.00851910392024	0.53490629077
0.00454021517479	8.75385196903e-07	0.000655191986719	0.0124793943304	0.00842879831551	0.543208068366
0.00456119566513	7.89396468595e-07	0.000538250332128	0.0126239788712	0.00832321821336	0.552582510833
0.00458143944645	7.1186481883e-07	0.00044219328997	0.0127826427564	0.00820151235432	0.563203065711
0.00460112570578	6.4199762099e-07	0.00036333209341	0.0129566420286	0.00806273387206	0.575279196096
0.00462044061268	5.79070869735e-07	0.000298616669512	0.0131473140616	0.00790584726506	0.589065942818
0.00463960951163	5.22352233398e-07	0.000247563793789	0.01335607234	0.00772978321887	0.604876612897
0.00465954592051	4.69428161898e-07	0.000220474682879	0.013582560944	0.00753634565825	0.622947818086
0.00467996755272	4.21159785483e-07	0.000201711471227	0.0138108565516	0.00734089098815	0.642211791105
0.00470058223883	3.77870391943e-07	0.000184551422544	0.0140346538741	0.00714923357517	0.662206351746
0.00472140848086	3.39046114895e-07	0.000168857572985	0.0142540350249	0.00696132523524	0.682966510904
0.00474246579196	3.04226059568e-07	0.000154504631713	0.0144690806101	0.00677711830893	0.704529334141
0.00476377322386	2.72999000737e-07	0.000141316194011	0.0146798697404	0.00659656353635	0.726934081353
0.00478534307736	2.4500669863e-07	0.000129162592041	0.0148865687238	0.00641951271477	0.750232704067
0.00480721286029	2.19899632927e-07	0.000118060933854	0.0150894088198	0.00624578424252	0.774490439653
0.00482941068809	1.97380015607e-07	0.000107920111062	0.0152884537155	0.00607534724906	0.799758475244
0.00485196652753	1.77180769973e-07	9.86568906254e-05	0.0154837659	0.00590817134003	0.826091348933
0.00487491237484	1.59062371539e-07	9.01952372256e-05	0.0156754066612	0.005744226671	0.853547200517
0.00489828245236	1.4281001246e-07	8.24656935213e-05	0.0158634360817	0.00558348402141	0.882188041905
0.00492211342587	1.28231056566e-07	7.54048133889e-05	0.0160479130339	0.0054259148691	0.912080048588
0.00494647324828	1.15137741126e-07	6.91286815257e-05	0.0162288955091	0.00527152210974	0.943293873546
0.00497137745907	1.033891012e-07	6.33998454313e-05	0.0164059871276	0.00512070261918	0.975818794542
0.00499685489213	9.28494810057e-08	5.8150899385e-05	0.016579208562	0.00497345034206	1.00971103676
0.00502294322147	8.33939511667e-08	5.33414899303e-05	0.0167486380903	0.00482970847652	1.04504063808
0.00504968269908	7.49105167579e-08	4.89346611564e-05	0.0169143522434	0.00468942168707	1.08188176377
0.00507710719159	6.73012509754e-08	4.48586677417e-05	0.0170764257481	0.00455252784566	1.12031295832
0.00510526699535	6.04749529178e-08	4.11157513298e-05	0.0172350661402	0.00441884408213	1.16045271289
0.0051342224674	5.43491578281e-08	3.76897227179e-05	0.0173903820342	0.00428829113421	1.20240693052
0.00516403175762	4.885161408e-08	3.45536330353e-05	0.0175424341079	0.00416083164064	1.24627686794
0.00519475752328	4.39175398985e-08	3.16828287673e-05	0.017691281613	0.00403642959853	1.29217019182
0.00522646733618	3.94888505636e-08	2.90547563464e-05	0.0178369823864	0.00391505039057	1.34020137643
0.00525922686073	3.55143271112e-08	2.66371583692e-05	0.0179795927966	0.00379665554525	1.39049211615
0.00529312320154	3.19463053484e-08	2.44246987362e-05	0.0181192296202	0.00368115765128	1.44319598199
0.00532824398796	2.87429256124e-08	2.23999441704e-05	0.0182559436313	0.00356853051057	1.49845450128
0.00536468407167	2.58666609769e-08	2.05468755067e-05	0.0183897838482	0.00345874976849	1.55641804821
0.00540254627936	2.32838597117e-08	1.8850844077e-05	0.018520797982	0.00335179255918	1.61724648221
0.00544194214022	2.09643444829e-08	1.72984543754e-05	0.0186490324476	0.00324763752286	1.68110963418
0.0054829926716	1.88810529907e-08	1.58774567378e-05	0.0187745323775	0.00314626481534	1.74818778245
0.00552582922422	1.70097157635e-08	1.45766491845e-05	0.0188973416384	0.00304765610792	1.81867210849
0.00557059438716	1.5328567274e-08	1.33857876446e-05	0.0190175028529	0.00295179457562	1.89276512079
0.00561744295189	1.38180869345e-08	1.22955038475e-05	0.0191350574253	0.00285866487111	1.97068103278
0.00566654293274	1.24607668836e-08	1.12972302289e-05	0.0192500455743	0.00276825308174	2.05264607843
0.00571817382608	1.12386693812e-08	1.04289389793e-05	0.0193625069479	0.00268059234879	2.13889874669
0.00577246856285	1.01392034832e-08	9.6401661294e-06	0.0194719974649	0.00259612240583	2.22927376358
0.00582954461241	9.15078182289e-09	8.91364381813e-06	0.0195784710374	0.00251487780532	2.32385743843
0.00588957295402	8.26198309322e-09	8.24436533824e-06	0.0196820040346	0.0024367920637	2.42283137898
0.0059527328692	7.46257016088e-09	7.62772763899e-06	0.0197826713465	0.00236179933677	2.52638020731
0.00601921182759	6.74336665351e-09	7.05949859732e-06	0.0198805464941	0.00228983420968	2.63469089574
0.0060892052742	6.09614647793e-09	6.53578696978e-06	0.0199757017385	0.00222083148564	2.74795202755
0.00616291630759	5.51353491138e-09	6.05301480794e-06	0.0200682081881	0.00215472597599	2.86635298877
0.00624055524035	4.98892005052e-09	5.60789213782e-06	0.0201581359023	0.0020914522952	2.99008310033
0.00632233903447	4.51637353028e-09	5.19739371929e-06	0.0202455539904	0.00203094466447	3.11933070295
0.00640849060672	4.09057953862e-09	4.8187377163e-06	0.0203305307039	0.00197313672802	3.25428220983
0.00649923800156	3.70677125506e-09	4.46936612156e-06	0.0204131335195	0.00191796138635	3.39512114515
0.00659481343226	3.36067393224e-09	4.14692679187e-06	0.0204934292124	0.00186535065072	3.54202718839
0.00669545219442	3.04845392124e-09	3.84925696073e-06	0.0205714839169	0.00181523552307	3.69517524632
0.00680139145917	2.7666730146e-09	3.57436810537e-06	0.020647363173	0.00176754590516	3.85473457516
0.00691286895727	2.51224754668e-09	3.32043205444e-06	0.0207211319571	0.00172221054015	4.02086797529
0.00703012156829	2.28241174943e-09	3.08576823112e-06	0.0207928546971	0.00167915698918	4.19373107978
0.00715338383208	2.07468491472e-09	2.86883193467e-06	0.0208625952685	0.00163831164449	4.37347175567
0.00728288640183	1.88684196163e-09	2.66820357065e-06	0.0209304169745	0.00159959977962	4.56022963362
0.00741885445984	1.71688704949e-09	2.48257874741e-06	0.020996382507	0.00156294563604	4.75413577774
0.00756150611771	1.56302991598e-09	2.31075916295e-06	0.0210605538927	0.00152827254459	4.95531250212
0.00771105082261	1.4236646536e-09	2.15164421298e-06	0.0211229924231	0.00149550307859	5.16387333607
0.00786768779036	1.29735066889e-09	2.00422325682e-06	0.0211837585714	0.00146455923511	5.37992313421
0.00803160448451	1.18279559626e-09	1.86756848392e-06	0.021242911899	0.00143536263946	5.60355832329
0.00820292965415	1.07886679418e-09	1.73953213181e-06	0.0213005108701	0.0014078269471	5.83486727245
0.0083818264834	9.84521716578e-10	1.62028905748e-06	0.0213566539831	0.0013818333766	6.07411446854
0.00856851362843	8.98799165877e-10	1.50970514023e-06	0.0214114121852	0.00135730057389	6.32148037345
0.00876314845238	8.20863365918e-10	1.40709801138e-06	0.0214648356012	0.00133415874279	6.57706223516
0.00896587293669	7.49963538086e-10	1.31184205003e-06	0.0215169732469	0.00131233847859	6.84095185067
0.00917681261493	6.8542510605e-10	1.2233637232e-06	0.021567872933	0.00129177098015	7.1132361701
0.00939607559555	6.26641799812e-10	1.141137284e-06	0.0216175811759	0.00127238825505	7.39399792876
0.00962375167592	5.73068568591e-10	1.06468080095e-06	0.0216661431145	0.00125412331461	7.68331628997
0.00985991154891	5.24215221374e-10	9.93552494008e-07	0.0217136024358	0.001236910356	7.98126748324
0.0101046061025	4.79640722302e-10	9.27347355194e-07	0.0217600013112	0.00122068492948	8.28792542398
0.0103578658119	4.38948075367e-10	8.656940337e-07	0.0218053803423	0.0012053840893	8.60336230338
0.0106197002245	4.01779739481e-10	8.08251966893e-07	0.0218497785195	0.00119094652742	8.92764913926
0.0108900975359	3.67813520736e-10	7.54708740181e-07	0.0218932331912	0.00117731268972	9.2608562811
0.0111690242584	3.36758893901e-10	7.04777659849e-07	0.0219357800449	0.001164424875	9.60305386473
0.0114564249801	3.08353709848e-10	6.58195524055e-07	0.0219774530996	0.00115222731709	9.95431221407
0.0117522222161	2.82361249768e-10	6.14720578073e-07	0.0220182847087	0.001140666251	10.3147021892
0.0120563163518	2.58567590802e-10	5.74130640726e-07	0.0220583055732	0.00112968996421	10.6842954815
0.0123685856789	2.36779251135e-10	5.36221389662e-07	0.0220975447635	0.00111924883411	11.063164858
0.0126888865244	2.16821085668e-10	5.0080479382e-07	0.0221360297504	0.00110929535294	11.451384357
0.0130170534738	1.98534406185e-10	4.67707682092e-07	0.0221737864423	0.00109978414155	11.8490294401
0.0133528996893	1.81775302496e-10	4.3677043778e-07	0.0222108392299	0.00109067195301	12.2561771029
0.0136962173211	1.6641314332e-10	4.07845809044e-07	0.0222472110351	0.00108191766749	12.672905949
0.0140467780141	1.52329237811e-10	3.80797826123e-07	0.0222829233658	0.0010734822793	13.0992962326
0.0144043335069	1.39415640535e-10	3.55500816638e-07	0.0223179963729	0.00106532887728	13.5354298717
0.0147686163226	1.27574084431e-10	3.31838510861e-07	0.0223524489108	0.00105742261917	13.9813904375
0.0151393405485	1.16715027901e-10	3.09703229343e-07	0.0223862986	0.00104973070108	14.4372631232
0.0155162027024	1.06756803594e-10	2.88995145804e-07	0.0224195618903	0.00104222232246	14.9031346946
0.0158988826799	9.76248577391e-11	2.69621618684e-07	0.0224522541256	0.0010348686473	15.3790934263
0.0162870447795	8.92510700851e-11	2.51496585247e-07	0.022484389608	0.00102764276204	15.8652290258
0.0166803388002	8.15731455418e-11	2.3454001256e-07	0.0225159816615	0.00102051963062	16.3616325478
0.017078731946	7.45283164598e-11	2.19171925553e-07	0.0225470428597	0.00101349569403	16.8683962996
0.0174817739733	6.80655423286e-11	2.04945837914e-07	0.0225775163623	0.00100661326619	17.3844095357
0.0178886390825	6.21421947919e-11	1.91595247285e-07	0.0226073889664	0.000999852748128	17.9091682071
0.0182987958232	5.67140722009e-11	1.79067041027e-07	0.022636675602	0.000993186459613	18.4426355987
0.0187117021994	5.17407101166e-11	1.67311662778e-07	0.0226653901045	0.00098658906539	18.9847725748
0.0191268079254	4.71850306215e-11	1.56282814029e-07	0.0226935453033	0.000980037494964	19.5355372997
0.0195435567219	4.30130294022e-11	1.4593718542e-07	0.0227211531082	0.000973510861036	20.0948849608
0.0199610535994	3.91965291194e-11	1.36001370362e-07	0.022748224444	0.000966974130936	20.6627674972
0.0203790576824	3.57040823707e-11	1.26678527578e-07	0.0227748154319	0.00096038039285	21.2401624889
0.0207971503372	3.25088410877e-11	1.17956180103e-07	0.0228009383086	0.000953717839324	21.8272012934
0.0212148510002	2.95866536154e-11	1.09797988903e-07	0.0228265997484	0.000946978025073	22.423907184
0.0216316839781	2.6915272776e-11	1.02169769334e-07	0.0228518060495	0.000940153903953	23.0303010736
0.0220471800801	2.44742022254e-11	9.50393470938e-08	0.0228765631781	0.000933239755769	23.6464013124
0.022460878186	2.22445567591e-11	8.83764269841e-08	0.0229008768099	0.000926231113089	24.2722234825
0.0228723267432	2.02089350548e-11	8.21524730855e-08	0.0229247523679	0.000919124688259	24.907780192
0.0232810851834	1.83513035216e-11	7.63405991108e-08	0.0229481950581	0.00091191830082	25.5530808665
0.023686725253	1.66568900882e-11	7.09154678176e-08	0.0229712099011	0.000904610805514	26.2081315382
0.0240888322524	1.51120869033e-11	6.58531984937e-08	0.022993801762	0.000897202021083	26.8729346329
0.0244870061772	1.37043610469e-11	6.1131281639e-08	0.0230159753767	0.000889692660058	27.5474887543
0.0248809130524	1.24220154069e-11	5.6771912993e-08	0.0230377353762	0.000882086044306	28.231788466
0.0252707202412	1.1252806439e-11	5.28387580217e-08	0.023059070342	0.000874419180116	28.9252848743
0.0256553645085	1.0188965381e-11	4.91616830443e-08	0.0230799311412	0.000866724011039	29.6260478838
0.0260344046171	9.22145355106e-12	4.5725205551e-08	0.0231003254912	0.000858998415547	30.333902905
0.0264074230472	8.34197199787e-12	4.25147241477e-08	0.0231202608871	0.000851241303689	31.0486678693
0.0267740271969	7.54290217192e-12	3.95164659121e-08	0.0231397446326	0.000843452534841	31.7701531031
0.0271338504124	6.81725163478e-12	3.67174379421e-08	0.023158783867	0.0008356328372	32.4981612205
0.0274865528486	6.1586043006e-12	3.41053826394e-08	0.0231773855902	0.000827783729202	33.2324870343
0.0278318221567	5.56107476545e-12	3.16687363191e-08	0.0231955566844	0.000819907443081	33.9729174879
0.0281693740018	5.01926633293e-12	2.93965907884e-08	0.0232133039335	0.000812006850732	34.7192316077
0.0284990583976	4.52807636238e-12	2.7300166418e-08	0.023230634059	0.000804088384837	35.4712004791
0.0288205822823	4.0830675091e-12	2.53506261141e-08	0.0232475401366	0.000796167669849	36.2279648873
0.0291336592366	3.68018018222e-12	2.35329188037e-08	0.0232640256741	0.000788249873915	36.9890701396
0.0294380960607	3.31561105664e-12	2.18387733084e-08	0.0232800980517	0.000780338495225	37.7542231939
0.0297337299652	2.98588147892e-12	2.02603909803e-08	0.0232957645742	0.000772437447977	38.5231236565
0.0300204282214	2.68781130748e-12	1.87904206315e-08	0.0233110324819	0.000764550998142	39.2954639941
0.0302980876553	2.41849479627e-12	1.74219349586e-08	0.0233259089597	0.000756683702434	40.0709297815
0.0305666339932	2.17527835107e-12	1.61484083223e-08	0.0233404011438	0.000748840350569	40.8491999829
0.0308260210724	1.95574000586e-12	1.49636957563e-08	0.0233545161284	0.000741025910862	41.6299472704
0.031076279829	1.75763177479e-12	1.38728069588e-08	0.0233682609734	0.000733246657547	42.4128383766
0.0313174692937	1.57890022577e-12	1.28649028178e-08	0.0233816322263	0.000725519452792	43.1969068524
0.0315494785905	1.41780667107e-12	1.19270488947e-08	0.0233946298836	0.000717853232533	43.9813188465
0.0317723450406	1.27267780912e-12	1.10546841299e-08	0.0234072618548	0.000710251971904	44.7656859983
0.0319861312639	1.14199126556e-12	1.02435182549e-08	0.0234195359772	0.000702719703978	45.549617625
0.0321909237512	1.02436278746e-12	9.48951744457e-09	0.0234314600182	0.000695260477753	46.3327213986
0.032386831361	9.18534458039e-13	8.78889069584e-09	0.0234430416764	0.00068787831969	47.1146040523
0.0325739837563	8.23363852742e-13	8.13807687828e-09	0.0234542885826	0.000680577198737	47.8948721124
0.0327525297954	7.37814064184e-13	7.53373241408e-09	0.0234652082993	0.000673360994773	48.6731326525
0.0329226641863	6.60932059454e-13	6.97875793362e-09	0.0234758083209	0.000666234043352	49.4489940673
0.0330846393124	5.9183463155e-13	6.46815986423e-09	0.0234860871372	0.000659210311377	50.2213834778
0.0332385205398	5.29801923379e-13	5.99368109068e-09	0.023496044504	0.00065229825541	50.9892620548
0.0333845049271	4.7413323883e-13	5.5528970946e-09	0.0235056886896	0.000645500005273	51.7522215168
0.0335228030002	4.24194606597e-13	5.14353363252e-09	0.0235150278436	0.000638817576426	52.5098615847
0.0336536369636	3.7941275336e-13	4.76345843034e-09	0.0235240699963	0.000632252849526	53.2617908816
0.0337772389446	3.39269587583e-13	4.41067328298e-09	0.023532823058	0.000625807553066	54.0076278077
0.0338938492822	3.03297153269e-13	4.0833065372e-09	0.0235412948179	0.000619483248946	54.7470013878
0.034003714872	2.71073016213e-13	3.77960593838e-09	0.0235494929429	0.000613281320806	55.4795520815
0.0341070925164	2.42214700347e-13	3.49886549848e-09	0.0235574249757	0.000607203052965	56.2049325545
0.0342042516337	2.16374719611e-13	3.23926639447e-09	0.0235650962723	0.000601251759221	56.9226128605
0.0342954244417	1.93249722349e-13	2.99848637279e-09	0.023572512296	0.000595429630706	57.6320815037
0.034380867318	1.72560554525e-13	2.77521214933e-09	0.0235796804598	0.000589737001174	58.3330313426
0.0344608365265	1.54055904144e-13	2.5682165725e-09	0.0235866080349	0.000584174021087	59.025171143
0.0345355870053	1.37509639417e-13	2.37635351609e-09	0.0235933021494	0.000578740657493	59.7082260629
0.0346053712554	1.22718387126e-13	2.19855302978e-09	0.0235997697874	0.000573436695585	60.381938067
0.0346704383305	1.09499331084e-13	2.03381673694e-09	0.0236060177879	0.000568261741754	61.0460662706
0.03473103293	9.76882121602e-14	1.88121346944e-09	0.0236120528441	0.000563215227968	61.7003872114
0.0347873945922	8.71375127146e-14	1.73987513023e-09	0.023617881503	0.00055829641731	62.3446950493
0.0348397569882	7.77148096709e-14	1.60899277432e-09	0.0236235101644	0.000553504410506	62.9788016927
0.0348883473126	6.93012816436e-14	1.48781289932e-09	0.0236289450809	0.000548838153287	63.6025368548
0.0349333857677	6.17903567013e-14	1.37563393724e-09	0.023634192358	0.000544296444443	64.2157480394
0.0349750851374	5.50864884018e-14	1.27180293887e-09	0.0236392579538	0.00053987794442	64.8183004588
0.0350136504468	4.91040487232e-14	1.17571244291e-09	0.0236441476796	0.000535581184346	65.4100768864
0.0350493243091	4.37595455118e-14	1.09055441559e-09	0.0236488672021	0.000531405267212	65.9909774471
0.035082275556	3.89872908687e-14	1.0127540264e-09	0.0236534057922	0.000527364436917	66.5588680154
0.0351126397421	3.4731746408e-14	9.40439125925e-10	0.023657764032	0.000523461022105	67.1129684235
0.0351405868929	3.09375552708e-14	8.7323085906e-10	0.0236619487185	0.000519691551724	67.6533074398
0.0351662797501	2.75552001643e-14	8.10775605963e-10	0.0236659664252	0.000516052566483	68.1799351576
0.0351898736136	2.45404009356e-14	7.52743403528e-10	0.0236698235062	0.000512540622072	68.6929219238
0.0352115162567	2.18535723651e-14	6.9882645559e-10	0.0236735261017	0.000509152292713	69.1923572334
0.0352313479045	1.94593364114e-14	6.48737727631e-10	0.0236770801427	0.000505884174926	69.6783485993
0.0352495012715	1.73260836658e-14	6.02209621948e-10	0.023680491356	0.000502732891429	70.1510204049
0.0352661016483	1.54255792523e-14	5.58992729387e-10	0.0236837652696	0.000499695095073	70.6105127495
0.0352812670332	1.37326088431e-14	5.1885465396e-10	0.0236869072171	0.000496767472757	71.0569802917
0.0352951083015	1.22246608628e-14	4.81578906722e-10	0.0236899223435	0.00049394674925	71.4905911004
0.0353077309347	1.08814805214e-14	4.47294462592e-10	0.0236928156097	0.000491229712162	71.9115255177
0.0353192414492	9.68417058516e-15	4.16036684713e-10	0.0236955897171	0.000488615382044	72.3196671311
0.0353297170397	8.61812795027e-15	3.86950005659e-10	0.023698245306	0.000486104398481	72.7146141112
0.0353392422467	7.66903839774e-15	3.59885281105e-10	0.0237007873173	0.000483693171878	73.096624903
0.0353478958159	6.82413608381e-15	3.34703406405e-10	0.023703220498	0.000481378197967	73.4659658496
0.0353557509496	6.0720380637e-15	3.11274665794e-10	0.023705549408	0.000479156058518	73.822909987
0.0353628755687	5.40259618356e-15	2.89478120885e-10	0.0237077784258	0.000477023421895	74.1677358951
0.0353693325784	4.80676456571e-15	2.69201036369e-10	0.0237099117554	0.000474977043447	74.5007266087
0.0353751801385	4.27648108682e-15	2.50338340968e-10	0.0237119534317	0.000473013765723	74.8221685892
0.035380471931	3.8045614069e-15	2.32792121717e-10	0.023713907327	0.000471130518505	75.1323507574
0.0353852574267	3.38460425027e-15	2.1647114975e-10	0.0237157771568	0.000469324318661	75.4315635884
0.0353895821459	3.01090676949e-15	2.01290435862e-10	0.023717566485	0.000467592269817	75.7200982685
0.0353934879124	2.67838894089e-15	1.87170814145e-10	0.0237192787299	0.000465931561861	75.9982459125
0.035397013101	2.38252601025e-15	1.74038621887e-10	0.0237209171697	0.000464339470281	76.2662968407
0.0354001928739	2.11928828027e-15	1.61825150077e-10	0.0237224849465	0.000462813355982	76.5245398078
0.0354030594074	1.88508733389e-15	1.5046642348e-10	0.0237239850732	0.000461350663307	76.7732615581
0.0354056421114	1.67672789717e-15	1.39902914441e-10	0.0237254204378	0.000459948918925	77.0127462801
0.0354079678347	1.491365061e-15	1.30079204438e-10	0.0237267938084	0.000458605730975	77.243275043
0.0354100610604	1.32646606884e-15	1.20943705108e-10	0.0237281078375	0.000457318787726	77.4651253478
0.0354119440902	1.1797762382e-15	1.12448397611e-10	0.0237293650666	0.00045608585613	77.6785707258
0.0354136372182	1.04928857409e-15	1.04548589209e-10	0.0237305679307	0.000454904780292	77.8838803828
0.0354151588927	9.33216679295e-16	9.72026859831e-11	0.0237317187623	0.000453773479863	78.0813188864
0.0354165258688	8.29970607591e-16	9.03719806804e-11	0.0237328197959	0.000452689948363	78.2711458946
0.0354177533495	7.38135343586e-16	8.40204547387e-11	0.0237338731715	0.000451652251453	78.453615922
0.0354188551178	6.56451626141e-16	7.81145935803e-11	0.0237348809386	0.000450658525166	78.6289781417
0.0354198436589	5.83798862477e-16	7.26232143303e-11	0.0237358450601	0.000449706974093	78.7974762207
0.0354207302732	5.19179906942e-16	6.75173051566e-11	0.0237367674152	0.000448795869554	78.9593481865
0.035421525181	4.61707502546e-16	6.27698754773e-11	0.0237376498036	0.000447923547746	79.1148263213
0.0354222376191	4.10592204952e-16	5.83558163287e-11	0.0237384939483	0.000447088407882	79.2641370841
0.0354228759294	3.65131622044e-16	5.42517866073e-11	0.0237393014989	0.000446288910329	79.4075010552
0.0354234476407	3.24700854225e-16	5.04360431907e-11	0.0237400740343	0.000445523574992	79.545132861
0.0354239595434	2.88743953076e-16	4.68883730145e-11	0.0237408130661	0.000444790979002	79.6772412439
0.0354244177583	2.56766330046e-16	4.35899782346e-11	0.0237415200416	0.000444089755053	79.8040290387
0.0354248277995	2.28328000116e-16	4.05233748936e-11	0.0237421963458	0.000443418589637	79.9256931863
0.0354251946313	2.03037565191e-16	3.76723016096e-11	0.0237428433046	0.000442776221251	80.0424247718
0.0354255227213	1.80546858546e-16	3.50216345456e-11	0.023743462187	0.000442161438638	80.1544090755
0.0354258160871	1.60546178007e-16	3.25573082336e-11	0.0237440542074	0.00044157307905	80.2618256361
0.0354260783408	1.4276004341e-16	3.02662418599e-11	0.0237446205283	0.000441010026549	80.3648483245
0.0354263127276	1.26943420887e-16	2.8136270641e-11	0.0237451622618	0.000440471210342	80.4636454265
0.0354265221622	1.12878362801e-16	2.61560819433e-11	0.0237456804726	0.000439955603152	80.5583797342
0.0354267092612	1.00371017719e-16	2.43151558246e-11	0.0237461761794	0.000439462219631	80.6492086439
0.0354268763726	8.9248969794e-17	2.2603709695e-11	0.0237466503571	0.000438990114811	80.7362842603
0.0354270256025	7.93588713792e-17	2.1012646816e-11	0.0237471039383	0.000438538382594	80.8197535056
0.0354271588392	7.05643366413e-17	1.95335083742e-11	0.0237475378158	0.000438106154288	80.8997582327
0.0354272777755	6.27440674555e-17	1.81584290823e-11	0.0237479528437	0.000437692597177	80.9764353423
0.035427383928	5.5790185501e-17	1.68800978836e-11	0.0237483498392	0.00043729691315	81.0499169012
0.0354274786552	4.96067507892e-17	1.5691711137e-11	0.0237487295842	0.000436918337413	81.1203302531
0.0354275631733	4.41084399549e-17	1.45869457646e-11	0.023749092827	0.000436556137059	81.1877981668
0.0354276385713	3.92193730738e-17	1.35599225706e-11	0.0237494402833	0.000436209609882	81.2524389464
0.0354277058235	3.48720693587e-17	1.26051751546e-11	0.0237497726381	0.000435878083162	81.3143665553
0.0354277658017	3.10065182033e-17	1.17176209922e-11	0.0237500905468	0.000435560912493	81.373690741
0.0354278192855	2.75693528544e-17	1.08925345344e-11	0.0237503946362	0.000435257480647	81.4305171583
0.035427866972	2.45131153928e-17	1.01255221852e-11	0.0237506855063	0.000434967196479	81.4849474929
0.0354279094844	2.17956029485e-17	9.41249902758e-12	0.0237509637309	0.000434689493872	81.5370795833
0.0354279473797	1.93792861853e-17	8.74966717542e-12	0.0237512298591	0.00043442383072	81.5870075411
0.0354279811556	1.72307920758e-17	8.13349563981e-12	0.0237514844161	0.000434169687946	81.6348218707
0.0354280112566	1.53204438695e-17	7.56070160315e-12	0.0237517279044	0.000433926568558	81.6806095864
0.0354280380798	1.36218519369e-17	7.0282330036e-12	0.0237519608049	0.000433693996737	81.7244543274
0.0354280619798	1.21115498689e-17	6.53325233866e-12	0.0237521835772	0.000433471516969	81.7664364716
0.0354280832731	1.07686708329e-17	6.07312160276e-12	0.0237523966616	0.000433258693194	81.8066332464
0.0354281022424	9.57465972965e-18	5.64538842912e-12	0.0237526004788	0.000433055108005	81.8451188372
0.0354281191398	8.51301718035e-18	5.24777291899e-12	0.0237527954315	0.000432860361871	81.8819644927
0.0354281341905	7.56907198419e-18	4.87815500196e-12	0.023752981905	0.000432674072391	81.9172386284
0.0354281475951	6.72977851578e-18	4.53456406842e-12	0.0237531602675	0.000432495873557	81.9510069314
0.0354281595327	5.98353672504e-18	4.21516811993e-12	0.0237533308718	0.000432325415078	81.9833324565
0.0354281701633	5.32003201563e-18	3.91826402957e-12	0.0237534940549	0.000432162361719	82.0142757217
0.0354281796291	4.73009285015e-18	3.64226848549e-12	0.0237536501394	0.000432006392661	82.0438948019
0.0354281880574	4.20556412116e-18	3.38570956988e-12	0.023753799434	0.000431857200896	82.0722454191
0.0354281955612	3.73919454351e-18	3.1472189289e-12	0.0237539422338	0.00043171449264	82.0993810306
0.0354282022417	3.32453651654e-18	2.92552449223e-12	0.0237540788211	0.000431577986772	82.1253529139
0.0354282081887	2.9558570761e-18	2.71944370367e-12	0.023754209466	0.000431447414293	82.1502102496
0.0354282134826	2.62805870895e-18	2.52787722707e-12	0.023754334427	0.000431322517817	82.1740002013
0.0354282181949	2.33660893793e-18	2.34980309428e-12	0.0237544539511	0.000431203051065	82.1967679934
0.0354282223891	2.07747770687e-18	2.18427126409e-12	0.0237545682748	0.000431088778402	82.2185569855
0.0354282261221	1.84708170176e-18	2.03039856343e-12	0.0237546776243	0.000430979474374	82.2394087453
0.0354282294444	1.64223484024e-18	1.88736398392e-12	0.0237547822158	0.000430874923277	82.2593631186
0.0354282324011	1.46010424543e-18	1.75440435069e-12	0.0237548822563	0.000430774918735	82.2784582969
0.0354282350323	1.29817109836e-18	1.6308101584e-12	0.0237549779438	0.000430679263308	82.2967308821
0.0354282373738	1.15419583411e-18	1.51592182632e-12	0.0237550694674	0.000430587768101	82.3142159503
0.0354282394573	1.02618718048e-18	1.40912624348e-12	0.0237551570085	0.000430500252395	82.3309471128
0.0354282413113	9.12374638735e-19	1.30985346381e-12	0.0237552407401	0.000430416543302	82.3469565744
0.0354282429609	8.11184010847e-19	1.21757366866e-12	0.023755320828	0.000430336475425	82.3622751895
0.0354282444286	7.2121563885e-19	1.13179434295e-12	0.0237553974308	0.000430259890535	82.376932517
0.0354282457344	6.41225055885e-19	1.0520576499e-12	0.0237554706999	0.000430186637261	82.3909568727
0.0354282468962	5.70105781706e-19	9.77937990338e-13	0.0237555407805	0.0004301165708	82.4043753792
0.0354282479298	5.06874025071e-19	9.09039733703e-13	0.0237556078112	0.000430049552628	82.4172140152
0.0354282488494	4.50655081712e-19	8.44995108646e-13	0.0237556719248	0.000429985450229	82.4294976619
0.0354282496674	4.0067124001e-19	7.85462241989e-13	0.0237557332481	0.000429924136841	82.4412501477
0.0354282503951	3.56231027297e-19	7.30123335662e-13	0.0237557919026	0.000429865491201	82.452494292
0.0354282510425	3.16719648211e-19	6.78682971884e-13	0.0237558480043	0.000429809397311	82.4632519463
0.0354282516183	2.81590483015e-19	6.30866537603e-13	0.0237559016644	0.000429755744208	82.4735440345
0.0354282521305	2.50357528377e-19	5.86418759787e-13	0.0237559529891	0.000429704425749	82.4833905912
0.0354282525861	2.22588676001e-19	5.4510235299e-13	0.0237560020799	0.000429655340401	82.4928107983
0.0354282529914	1.97899737066e-19	5.06696727071e-13	0.0237560490342	0.000429608391039	82.5018230208
0.0354282533519	1.75949128403e-19	4.70996833121e-13	0.0237560939449	0.000429563484762	82.5104448407
0.0354282536725	1.56433147971e-19	4.37812066959e-13	0.0237561369008	0.000429520532699	82.51869309
0.0354282539577	1.39081774387e-19	4.06965249381e-13	0.0237561779871	0.000429479449845	82.5265838815
0.0354282542113	1.23654932067e-19	3.78291680816e-13	0.0237562172852	0.000429440154887	82.5341326396
0.0354282544369	1.09939170476e-19	3.51638262524e-13	0.0237562548727	0.000429402570047	82.5413541285
0.0354282546376	9.77447115792e-20	3.26862679655e-13	0.0237562908243	0.000429366620927	82.5482624806
0.035428254816	8.69028246749e-20	3.03832641823e-13	0.023756325211	0.000429332236363	82.5548712226
0.0354282549747	7.72634923181e-20	2.82425177134e-13	0.023756358101	0.000429299348286	82.5611933012
0.0354282551158	6.86933350557e-20	2.62525975927e-13	0.0237563895594	0.000429267891584	82.567241108
0.0354282552414	6.10737662836e-20	2.44028780706e-13	0.0237564196486	0.000429237803978	82.5730265023
0.035428255353	5.42993517094e-20	2.2683481904e-13	0.023756448428	0.000429209025897	82.5785608339
0.0354282554523	4.82763507359e-20	2.10852276374e-13	0.0237564759547	0.000429181500359	82.5838549651
0.0354282555405	4.29214195945e-20	1.95995805981e-13	0.0237565022833	0.000429155172861	82.5889192907
0.035428255619	3.81604582924e-20	1.82186073432e-13	0.0237565274659	0.000429129991272	82.5937637586
0.0354282556889	3.39275854071e-20	1.69349334832e-13	0.0237565515522	0.000429105905725	82.5983978879
0.0354282557509	3.01642266645e-20	1.57417037616e-13	0.0237565745902	0.000429082868524	82.6028307882
0.0354282558062	2.68183044503e-20	1.46325460511e-13	0.0237565966253	0.000429060834048	82.6070711763
0.0354282558553	2.38435173014e-20	1.36015371291e-13	0.0237566177013	0.00042903975866	82.6111273932
0.0354282558989	2.11986992786e-20	1.26431710574e-13	0.0237566378599	0.000429019600621	82.6150074203
0.0354282559377	1.88472503851e-20	1.17523297883e-13	0.023756657141	0.000429000320007	82.6187188945
0.0354282559723	1.6756630154e-20	1.09242558409e-13	0.0237566755828	0.000428981878633	82.622269123
0.035428256003	1.48979073994e-20	1.0154526902e-13	0.0237566932218	0.000428964239973	82.6256650977
0.0354282560303	1.32453599019e-20	9.43903221614e-14	0.023756710093	0.000428947369092	82.6289135083
0.0354282560545	1.17761184929e-20	8.77395063734e-14	0.0237567262298	0.000428931232575	82.6320207555
0.0354282560761	1.04698506112e-20	8.15573022823e-14	0.0237567416642	0.000428915798458	82.6349929633
0.0354282560953	9.30847895675e-21	7.5810692951e-14	0.0237567564267	0.000428901036172	82.6378359909
0.0354282561124	8.27593134827e-21	7.04689875916e-14	0.0237567705466	0.000428886916474	82.6405554441
0.0354282561276	7.35791832394e-21	6.55036576942e-14	0.0237567840519	0.000428873411398	82.6431566863
0.035428256141	6.54173540883e-21	6.08881846986e-14	0.0237567969693	0.000428860494191	82.6456448486
0.035428256153	5.81608731299e-21	5.65979184756e-14	0.0237568093243	0.000428848139265	82.6480248401
0.0354282561637	5.17093162732e-21	5.26099456594e-14	0.0237568211416	0.000428836322148	82.6503013574
0.0354282561732	4.59733986103e-21	4.89029669082e-14	0.0237568324444	0.000428825019431	82.6524788935
0.0354282561816	4.08737388275e-21	4.54571837604e-14	0.0237568432552	0.000428814208722	82.6545617469
0.0354282561891	3.63397607281e-21	4.22541926732e-14	0.0237568535954	0.000428803868608	82.6565540301
0.0354282561958	3.23087165753e-21	3.92768867486e-14	0.0237568634855	0.000428793978603	82.6584596769
0.0354282562017	2.87248187619e-21	3.65093643817e-14	0.0237568729451	0.000428784519116	82.660282451
0.035428256207	2.55384677918e-21	3.39368443447e-14	0.0237568819928	0.000428775471408	82.6620259527
0.0354282562117	2.27055658922e-21	3.15455868529e-14	0.0237568906467	0.000428766817554	82.6636936264
0.0354282562159	2.01869067572e-21	2.93228201914e-14	0.0237568989239	0.00042875854041	82.6652887669
0.0354282562196	1.7947632981e-21	2.72566725104e-14	0.0237569068408	0.000428750623579	82.6668145262
0.0354282562229	1.59567536706e-21	2.53361084261e-14	0.0237569144131	0.000428743051377	82.6682739196
0.0354282562258	1.41867155654e-21	2.35508700876e-14	0.0237569216557	0.000428735808802	82.6696698315
0.0354282562284	1.26130217271e-21	2.18914223954e-14	0.023756928583	0.000428728881507	82.6710050211
0.0354282562307	1.12138925252e-21	2.034890208e-14	0.0237569352088	0.000428722255766	82.672282128
0.0354282562328	9.96996422572e-22	1.89150703674e-14	0.0237569415461	0.000428715918454	82.6735036771
0.0354282562346	8.86402101202e-22	1.75822690031e-14	0.0237569476076	0.000428709857015	82.6746720837
0.0354282562362	7.88075673076e-22	1.63433792991e-14	0.0237569534052	0.000428704059441	82.6757896582
0.0354282562377	7.00656306769e-22	1.51917841275e-14	0.0237569589504	0.000428698514245	82.6768586107
0.035428256239	6.22934121375e-22	1.4121332623e-14	0.0237569642542	0.000428693210441	82.6778810555
0.0354282562401	5.53833442586e-22	1.31263073088e-14	0.0237569693271	0.000428688137522	82.6788590149
0.0354282562411	4.92397915938e-22	1.22013935606e-14	0.0237569741792	0.000428683285437	82.6797944232
0.035428256242	4.37777271314e-22	1.13416512229e-14	0.0237569788201	0.000428678644573	82.6806891311
0.0354282562428	3.89215555586e-22	1.05424882243e-14	0.0237569832589	0.000428674205735	82.6815449085
0.0354282562436	3.46040670512e-22	9.79963605226e-15	0.0237569875046	0.000428669960129	82.6823634485
0.0354282562442	3.07655071138e-22	9.10912695564e-15	0.0237569915654	0.000428665899343	82.6831463708
0.0354282562448	2.73527495956e-22	8.46727275329e-15	0.0237569954494	0.000428662015332	82.6838952246
0.0354282562453	2.43185614394e-22	7.87064513591e-15	0.0237569991643	0.000428658300401	82.6846114917
0.0354282562457	2.1620948987e-22	7.31605735568e-15	0.0237570027175	0.000428654747189	82.6852965896
0.0354282562461	1.92225767951e-22	6.80054720603e-15	0.0237570061161	0.000428651348656	82.6859518742
0.0354282562465	1.70902509198e-22	6.32136120049e-15	0.0237570093667	0.00042864809807	82.6865786424
