0.0	0.157637240424	0.619308141175	1.0	0.0	0.0
2.59415166704e-12	0.157637216772	0.619308085617	1.00000003044	2.59415173718e-08	0.0001
3.23771903809e-12	0.157637213942	0.61930807897	1.00000003408	3.00716948959e-08	0.000107666666162
4.04094512878e-12	0.157637210662	0.619308071264	1.00000003831	3.48594424498e-08	0.00011592110999
5.04343869617e-12	0.15763720686	0.619308062332	1.0000000432	4.04094525943e-08	0.000124808394413
6.29463478993e-12	0.157637202452	0.619308051978	1.00000004887	4.68430858808e-08	0.00013437703718
7.85623249575e-12	0.157637197343	0.619308039975	1.00000005545	5.43010247257e-08	0.000144679275726
9.80523744291e-12	0.157637191419	0.619308026062	1.00000006307	6.29463499448e-08	0.000155771352348
1.22377591077e-11	0.157637184553	0.619308009933	1.00000007191	7.29681066727e-08	0.000167713821242
1.52737501651e-11	0.157637176594	0.619307991236	1.00000008215	8.45854378269e-08	0.000180571879079
1.90629215942e-11	0.157637167368	0.619307969563	1.00000009403	9.80523764851e-08	0.000194415720925
2.37921252231e-11	0.157637156672	0.619307944439	1.0000001078	1.13663400318e-07	0.000209320923445
2.96945677574e-11	0.157637144274	0.619307915315	1.00000012375	1.31759871306e-07	0.000225368857489
3.70613106539e-11	0.157637129902	0.619307881554	1.00000014225	1.52737499745e-07	0.000242647132307
4.62556229147e-11	0.157637113242	0.619307842418	1.00000016369	1.7705499729e-07	0.000261250073815
5.77308945614e-11	0.157637093929	0.619307797051	1.00000018855	2.05244107218e-07	0.000281279239532
7.2052994128e-11	0.157637071541	0.619307744461	1.00000021737	2.37921232397e-07	0.000302843972989
8.99281726504e-11	0.157637045589	0.619307683498	1.00000025077	2.75800912981e-07	0.00032606200064
1.12237890132e-10	0.157637015506	0.61930761283	1.00000028949	3.19711451571e-07	0.000351060074533
1.40082281816e-10	0.157636980632	0.61930753091	1.00000033438	3.70613025138e-07	0.000377974664249
1.74834407626e-10	0.157636940207	0.619307435947	1.00000038641	4.29618680355e-07	0.000406952701878
2.18207959851e-10	0.157636893345	0.619307325866	1.00000044672	4.9801867208e-07	0.000438152384109
2.72341767778e-10	0.157636839022	0.619307198258	1.00000051664	5.77308676534e-07	0.000471744035801
3.3990526621e-10	0.15763677605	0.619307050334	1.00000059769	6.69222495869e-07	0.000507911039746
4.24230128522e-10	0.157636703053	0.619306878859	1.00000069165	7.75769969407e-07	0.000546850837704
5.29474555018e-10	0.157636618434	0.619306680083	1.00000080056	8.99280921487e-07	0.000588776008161
6.60828317522e-10	0.157636520343	0.61930644966	1.00000092681	1.04245610474e-06	0.000633915426695
8.24768670681e-10	0.157636406634	0.619306182552	1.00000107317	1.20842625393e-06	0.000682515515273
1.02937974851e-09	0.157636274822	0.619305872917	1.00000124282	1.40082054192e-06	0.000734841587291
1.28475119484e-09	0.157636122025	0.619305513985	1.00000143949	1.6238459324e-06	0.000791179295684
1.60347568284e-09	0.1576359449	0.619305097908	1.00000166746	1.88237916657e-06	0.000851836192011
2.00126985438e-09	0.157635739576	0.619304615587	1.00000193173	2.18207339272e-06	0.00091714340499
2.49774929459e-09	0.157635501563	0.619304056477	1.00000223808	2.52948177019e-06	0.000987457447634
3.11739575083e-09	0.157635225655	0.619303408351	1.0000025932	2.9322007504e-06	0.00106316216283
3.89076428265e-09	0.157634905822	0.619302657038	1.00000300486	3.39903616537e-06	0.00114467081792
4.85598985623e-09	0.157634535068	0.61930178611	1.00000348206	3.94019575374e-06	0.00123242835974
6.06066765761e-09	0.157634105288	0.619300776524	1.00000403523	4.56751233332e-06	0.00132691384227
7.56419981874e-09	0.157633607085	0.619299606204	1.00000467648	5.29470249471e-06	0.0014286430402
9.4407242382e-09	0.157633029566	0.619298249563	1.00000541981	6.13766646971e-06	0.00153817126246
1.17827698643e-08	0.157632360103	0.619296676936	1.00000628149	7.11483572518e-06	0.00165609638113
1.47058186055e-08	0.15763158406	0.61929485394	1.00000728035	8.24757587496e-06	0.00178306209195
1.8353998704e-08	0.157630684471	0.619292740717	1.00000843823	9.56065370892e-06	0.00191976142423
2.29071901467e-08	0.157629641667	0.619290291063	1.00000978046	1.1082778538e-05	0.00206694051897
2.85898922407e-08	0.157628432851	0.619287451422	1.00001133637	1.28472296713e-05	0.00222540269573
3.56822902617e-08	0.157627031597	0.619284159712	1.00001313999	1.4892583721e-05	0.00239601282989
4.45340663596e-08	0.157625407273	0.61928034397	1.00001523074	1.72635576026e-05	0.00257970206405
5.55816349891e-08	0.157623524372	0.619275920779	1.00001765434	2.0011985616e-05	0.00277747287859
6.93696516605e-08	0.157621341739	0.619270793447	1.00002046377	2.31979519093e-05	0.00299040454855
8.65778540296e-08	0.157618811667	0.619264849895	1.00002372044	2.68911030019e-05	0.00321965901579
1.08054556568e-07	0.157615878862	0.61925796021	1.00002749556	3.11721689499e-05	0.00346648720759
1.34858447112e-07	0.157612479233	0.619249973805	1.00003187163	3.61347262647e-05	0.00373223583475
1.68310741456e-07	0.157608538493	0.619240716139	1.0000369443	4.18872409179e-05	0.00401835470513
2.10060260728e-07	0.157603970544	0.619229984903	1.00004282446	4.85554358306e-05	0.00432640459029
2.62164630382e-07	0.157598675595	0.619217545608	1.0000496406	5.62850342341e-05	0.00465806568605
3.27191590022e-07	0.157592537992	0.619203126477	1.00005754168	6.52449383829e-05	0.0050151467101
4.08345388367e-07	0.1575854237	0.619186412517	1.00006670033	7.5630912444e-05	0.0053995946827
5.09624465038e-07	0.157577177384	0.619167038658	1.00007731665	8.7669849178e-05	0.00581350543913
6.36018149821e-07	0.157567619038	0.619144581813	1.00008962256	0.000101624712476	0.00625913492571
7.93752014011e-07	0.157556540073	0.619118551664	1.00010388683	0.000117800262172	0.0067389113338
9.90593878554e-07	0.157543698794	0.619088380018	1.00012042094	0.000136549684095	0.00725544812905
1.2362354329e-06	0.157528815163	0.619053408461	1.00013958588	0.000158282267337	0.00781155803599
1.54276808634e-06	0.157511564744	0.61901287408	1.00016179997	0.000183472292613	0.00841026804034
1.92527623284e-06	0.157491571698	0.618965892945	1.00018754791	0.00021266932068	0.00905483547367
2.40257677357e-06	0.157468400682	0.618911440983	1.00021739137	0.000246510098549	0.00974876524659
2.99814077083e-06	0.157441547497	0.61884833188	1.00025198106	0.000285732334135	0.0104958282977
3.741241824e-06	0.157410428272	0.618775191516	1.00029207087	0.000331190627505	0.0113000813254
4.66838655687e-06	0.157374366994	0.618690428437	1.00033853409	0.000383874889607	0.0121658878687
5.82509596645e-06	0.157332581113	0.618592199742	1.00039238224	0.00044493162775	0.0130979407999
7.26812289037e-06	0.157284164952	0.618478371715	1.00045478677	0.000515688531808	0.0141012862876
9.06821120957e-06	0.157228070611	0.618346474411	1.00052710419	0.00059768285654	0.0151813492799
1.13135274644e-05	0.157163085993	0.618193649312	1.00061090496	0.000692694164055	0.0163439605469
1.41139263391e-05	0.15708780956	0.618016589065	1.00070800695	0.000802782066564	0.017595385306
1.760624916e-05	0.157000621384	0.617811468158	1.00082051389	0.000930329693149	0.0189423534319
2.19609005596e-05	0.156899649991	0.617573863296	1.00095085964	0.00107809369504	0.0203920912231
2.73900043927e-05	0.156782734477	0.617298662067	1.00110185915	0.00124926170092	0.0219523546626
3.41575076816e-05	0.156647381323	0.616979958372	1.00127676694	0.00144751823544	0.0236314640577
4.25916828146e-05	0.156490715305	0.616610932946	1.00147934415	0.00167712021738	0.0254383398863
5.31005755521e-05	0.156309423893	0.616183717169	1.00171393529	0.00194298325485	0.0273825395921
6.6191061722e-05	0.156099694518	0.615689238297	1.00198555586	0.00225078004642	0.0294742949776
8.24923107025e-05	0.155857144148	0.615117044154	1.0022999922	0.00260705227036	0.031724549715
0.000102784610227	0.155576740687	0.614455105389	1.00266391483	0.00301933738565	0.0341449963408
0.000128034684941	0.155252715885	0.613689593501	1.00308500682	0.00349631175978	0.0367481119104
0.000159438838862	0.15487846968	0.612804633124	1.00357210832	0.00404795145534	0.039547191254
0.000198475464768	0.154446466282	0.611782027555	1.00413537872	0.00468571181582	0.0425563764917
0.000246969178678	0.153948118697	0.610618528342	1.00478647753	0.00542273760569	0.0457906811246
0.000307167039074	0.153373677786	0.609284439691	1.00553874547	0.00627407951074	0.0492659137344
0.000381829853528	0.152712112536	0.60774544092	1.00640744583	0.00725690784477	0.0529988072775
0.000474342890248	0.151950981155	0.605971395148	1.00741000366	0.0083907943567	0.0570070145463
0.000588844606706	0.151076322736	0.603928180906	1.00856625137	0.00969797662698	0.0613090432281
0.000730381457277	0.150072535146	0.601617136393	1.00989869562	0.0112036989629	0.0659242088976
0.000905074510303	0.148922351485	0.598972100267	1.01143270114	0.0129364212503	0.0708722609988
0.00112031894293	0.147606769598	0.595935978135	1.0131968842	0.014928062673	0.0761737392131
0.00138502123581	0.146104995854	0.592524290519	1.01522334323	0.0172144825657	0.0818497136531
0.00170980113947	0.144394736305	0.588626053645	1.01754762436	0.0198353314447	0.0879208822746
0.00210729058832	0.142452122828	0.58425335039	1.02020926053	0.0228345735955	0.0944084157375
0.00259232686713	0.140252333086	0.57930946685	1.02325133563	0.02626010547	0.101332323411
0.00318225305048	0.137769743924	0.573771393264	1.02672083115	0.0301641479441	0.10871210755
0.00389704372442	0.134978879974	0.567604686328	1.03066799946	0.0346024351506	0.116565384277
0.00475941564292	0.131855263268	0.560748549421	1.03514579934	0.0396337422659	0.124907228919
0.00579484129823	0.128376410858	0.553165231585	1.04020922085	0.0453191565941	0.133749736963
0.00703132645085	0.124523291362	0.544827656886	1.04591391965	0.051720589607	0.143100830518
0.00849894193176	0.120281982102	0.53572066802	1.05231444166	0.0588988206066	0.152963082014
0.0102290439145	0.11564548257	0.525793408862	1.0594619185	0.0669110333981	0.163332415327
0.0122532778264	0.110615239072	0.515075219683	1.06740191943	0.075808357163	0.174197713951
0.0146017864821	0.105203592286	0.503525877462	1.0761703565	0.0856309726755	0.185538289778
0.017301459304	0.0994348323848	0.491155015237	1.08579103097	0.0964045500972	0.197324342965
0.0203734769817	0.0933466946069	0.477963977588	1.09627134662	0.1081348592	0.209515307138
0.0238307056851	0.0869908729616	0.463955970632	1.10759896836	0.120802266074	0.2220597276
0.0276751072988	0.0804325856248	0.449151968222	1.11973880013	0.134356689224	0.234895418829
0.0318952664386	0.0737492958029	0.433570039117	1.13263045979	0.148712662377	0.247949811574
0.0364646836317	0.0670280082009	0.417269235325	1.14618752146	0.163746353013	0.261141505161
0.0413409341721	0.0603616719386	0.400328232865	1.16029724316	0.179295041059	0.274381285645
0.0464663166816	0.0538443717562	0.382880408106	1.17482271612	0.195160487081	0.287574315881
0.0517697325368	0.0475663271766	0.365121845909	1.18960576627	0.211115823341	0.300621665196
0.0571698207087	0.0416089860478	0.347284617894	1.20447103956	0.226916283134	0.313421649482
0.0625794472639	0.0360403892208	0.329640849059	1.21923215697	0.24231417579	0.325871875708
0.0679104852175	0.0309120381455	0.312500421874	1.23369825923	0.257074628572	0.337870784292
0.0730777272092	0.0262580127602	0.296146942784	1.24768043364	0.270987317778	0.349318811276
0.0780043811981	0.0220938306823	0.280837370631	1.26100053687	0.283884320814	0.360121667909
0.082623901869	0.0184191853348	0.266757650608	1.27349882168	0.295640601847	0.370193311965
0.0868831062807	0.015219820989	0.253949030042	1.28504276741	0.306179148785	0.379461032093
0.0907440416064	0.0124703139946	0.242385835557	1.29553711026	0.315467751703	0.387872783735
0.0941851823189	0.0101369001887	0.231936895468	1.30492811804	0.323516727958	0.395401088943
0.0971845236671	0.00819078951314	0.218246649829	1.31320550901	0.330290986205	0.402046333922
0.0997474585457	0.00659230473542	0.202802244482	1.32053756135	0.335709644043	0.407950742336
0.101930587739	0.00527981909893	0.187848015957	1.32705571149	0.339959610548	0.413224784403
0.103771590155	0.00421022923219	0.173721984972	1.33281829401	0.343199874666	0.417915753256
0.105308803228	0.0033449449065	0.160326135945	1.33788192481	0.345589905165	0.422066391114
0.106581096646	0.00264928758882	0.147634273253	1.34231120613	0.347278965724	0.425724219207
0.107625882527	0.00209297883426	0.13561443854	1.34617242322	0.34840231225	0.428937580384
0.108477892668	0.00165011785124	0.124223657479	1.34953074304	0.349078328422	0.431754117032
0.109168459263	0.00129891583289	0.113412673767	1.35244842351	0.349407448939	0.434219763249
0.109725234161	0.00102127460033	0.103140100496	1.3549836375	0.349472747583	0.43637800116
0.110172053216	0.000802379763953	0.0933593869549	1.35718955778	0.349341022219	0.438269153516
0.110529241526	0.000630167063999	0.0840159606555	1.35911433669	0.349065006404	0.439930319491
0.110813873219	0.000494898751283	0.0751064932821	1.36080135813	0.348685004094	0.441395485831
0.111040110329	0.000388773464782	0.066620996518	1.36228862072	0.348231643971	0.442694849034
0.111220414677	0.000305193328034	0.0598103332214	1.36360952035	0.347731073245	0.443855337134
0.111364874245	0.000238950995088	0.0533322783881	1.36476741925	0.347227667925	0.444877908078
0.111476889423	0.000188075093668	0.0461773134163	1.36578620098	0.346714531928	0.445781916925
0.111565404193	0.000148221647783	0.0395063822805	1.36671368648	0.346185274002	0.446608602276
0.111635783819	0.000116790824263	0.0337912030918	1.3675690629	0.345645535408	0.44737428215
0.111691587995	9.20594807891e-05	0.0286415211594	1.3683578357	0.345106281848	0.448083235931
0.111735680516	7.26584721448e-05	0.0241298914542	1.3690919588	0.344568755495	0.448745656036
0.111770718406	5.73463381606e-05	0.0202710611355	1.36978015607	0.344036361652	0.449368972718
0.111798486202	4.52896841289e-05	0.0169670331141	1.37042708023	0.343512595549	0.449957026129
0.111820550096	3.57685781815e-05	0.0141876245596	1.37103777032	0.342999524153	0.450514071711
0.11183807893	2.82488625024e-05	0.011860100395	1.37161479801	0.342499867414	0.451042168334
0.111852011474	2.23053911185e-05	0.00992571189809	1.37216014621	0.342015877409	0.451542868079
0.111863073839	1.76114629854e-05	0.00830672632116	1.37267484306	0.341549793445	0.452016870297
0.111871861754	1.39015136872e-05	0.00696410892803	1.37316057482	0.341102600111	0.452465500847
0.111878833251	1.09725389285e-05	0.00583864627248	1.37361802714	0.340675660655	0.452889182327
0.11188436284	8.65993070371e-06	0.0048979350223	1.3740488034	0.340269041386	0.453289205285
0.111888747316	6.83412703437e-06	0.00410972680755	1.37445417852	0.339882786933	0.453666577204
0.111892221822	5.3931368174e-06	0.00344809775326	1.37483552235	0.339516570218	0.45402241338
0.111894972435	4.25674270433e-06	0.00288863266633	1.37519427239	0.339169776848	0.454357911515
0.111897150715	3.36005968974e-06	0.00241504741254	1.37553232966	0.338841174352	0.454674722591
0.111898873701	2.65322134214e-06	0.00201585388207	1.37585155244	0.338529419715	0.45497447805
0.111900234674	2.09669959942e-06	0.00167128176751	1.37615358073	0.338233282679	0.455258622478
0.111901312481	1.65732213122e-06	0.00138336008861	1.37644149907	0.33795002403	0.455529978808
0.111902160243	1.31273371646e-06	0.00112752096915	1.37671647798	0.337678705914	0.455789585077
0.111902832412	1.04028462839e-06	0.000909662649549	1.37698372149	0.337414361695	0.456042306594
0.111903317436	8.44196808641e-07	0.000611504496619	1.37724623041	0.337153942845	0.456290953633
0.111903712055	6.85088611827e-07	0.00041109372444	1.37756299912	0.336838873085	0.456591528929
0.111904033303	5.55985962355e-07	0.000276381346529	1.37794520152	0.336458052223	0.456954972909
0.111904307484	4.46249816059e-07	0.000212551508383	1.37840629368	0.335998137477	0.457394574764
0.111904543226	3.52365405682e-07	0.000176937174704	1.37888744495	0.33551799654	0.457854635716
0.111904727832	2.79207231674e-07	0.000144166046926	1.37934392501	0.335062306074	0.458292372636
0.111904876923	2.2040473489e-07	0.000120700154872	1.37978789306	0.33461897449	0.458719298604
0.111904993906	1.74475466326e-07	9.88356384735e-05	1.38020657373	0.334200792292	0.459122984947
0.111905086401	1.38318014326e-07	7.97391570785e-05	1.38061136897	0.33379639049	0.459514281096
0.111905161249	1.09182924793e-07	6.67616836355e-05	1.38100915009	0.333398927206	0.459899756401
0.111905220391	8.62562580165e-08	5.51957951077e-05	1.38138424213	0.333024085891	0.460264118851
0.111905266751	6.83541272572e-08	4.38607020109e-05	1.38174270873	0.332665815523	0.460613127244
0.111905304184	5.39540702812e-08	3.67232611592e-05	1.3821001923	0.332308490148	0.46096195572
0.111905333843	4.25868108281e-08	3.07478170785e-05	1.38243725905	0.331971548555	0.461291574853
0.111905357182	3.36732966197e-08	2.52237944385e-05	1.38275506066	0.331653845295	0.461602990456
0.111905375585	2.66678421787e-08	2.07455972795e-05	1.38306140329	0.331347580111	0.461903763312
0.111905390396	2.1048501907e-08	1.73706586126e-05	1.38335640922	0.331052636426	0.462193950782
0.111905402122	1.66130055348e-08	1.4544965067e-05	1.38363452677	0.330774568096	0.462468016894
0.111905411283	1.31576642689e-08	1.18614385547e-05	1.38389671345	0.33051241983	0.462726821837
0.111905418603	1.04042713158e-08	9.85406951605e-06	1.38415136178	0.330257802155	0.462978593244
0.111905424449	8.21146760698e-09	8.25167609032e-06	1.38439376317	0.330015425219	0.463218630054
0.111905429075	6.48072062316e-09	6.91000165205e-06	1.38462225085	0.329786956872	0.463445223582
0.111905432735	5.11469676372e-09	5.78662788552e-06	1.38483761425	0.329571608754	0.463659099613
0.111905435595	4.04940747582e-09	4.73041486346e-06	1.38504059799	0.329368636945	0.463860946725
0.111905437877	3.20128847847e-09	3.9331263456e-06	1.38523719632	0.329172048126	0.464056690016
0.111905439697	2.52641167001e-09	3.29407514985e-06	1.38542413786	0.328985114161	0.464243043294
0.111905441136	1.99377499946e-09	2.75902357775e-06	1.38560030485	0.328808953164	0.464418856797
0.111905442274	1.5733998064e-09	2.31104013198e-06	1.38576630469	0.328642958053	0.464584702213
0.111905443174	1.24164867719e-09	1.93578485113e-06	1.38592270936	0.328486557116	0.464741120238
0.111905443883	9.80485832731e-10	1.60906631268e-06	1.3860700726	0.328339196821	0.464888637274
0.111905444442	7.74868561293e-10	1.333037939e-06	1.38621007608	0.328199195665	0.465028913957
0.111905444885	6.12349463385e-10	1.10511046084e-06	1.38634363654	0.328065637039	0.465162850622
0.111905445237	4.83197718616e-10	9.2603845603e-07	1.38647095938	0.32793831566	0.465290637287
0.111905445516	3.81283348452e-10	7.75979837027e-07	1.3865908631	0.327818413092	0.465411071793
0.111905445735	3.01072844726e-10	6.39559187007e-07	1.38670377948	0.327705497618	0.465524571473
0.111905445906	2.38596012151e-10	5.20303135145e-07	1.38681196417	0.32759731364	0.465633391016
0.111905446044	1.88260847099e-10	4.36161267721e-07	1.38691735207	0.327491926307	0.465739468951
0.111905446153	1.48541063688e-10	3.65665089404e-07	1.38701655331	0.327392725521	0.465839384326
0.111905446239	1.17195901273e-10	3.06662572735e-07	1.38710991877	0.327299360422	0.465933479198
0.111905446307	9.24646381601e-11	2.57181438721e-07	1.38719775887	0.327211520599	0.466022056315
0.111905446361	7.29513295655e-11	2.15729308126e-07	1.38728039961	0.327128880083	0.46610543541
0.111905446404	5.75520923907e-11	1.81019269459e-07	1.38735813131	0.327051148553	0.466183901432
0.111905446437	4.54032982276e-11	1.51893526603e-07	1.38743121587	0.326978064138	0.466257711634
0.111905446463	3.58837289934e-11	1.25105356879e-07	1.38749993088	0.326909349228	0.466327140084
0.111905446484	2.83717676017e-11	1.04060677637e-07	1.38756586865	0.326843411545	0.466393790866
0.111905446501	2.23786674515e-11	8.74301182366e-08	1.38762854778	0.326780732485	0.466457173591
0.111905446514	1.7651463077e-11	7.34572213216e-08	1.38768739269	0.326721887634	0.466516701967
0.111905446524	1.39227791173e-11	6.17173117532e-08	1.38774263777	0.326666642589	0.466572608923
0.111905446532	1.09808753102e-11	5.19077989273e-08	1.38779450314	0.32661477726	0.466625113482
0.111905446539	8.6593511235e-12	4.36831182857e-08	1.38784314087	0.32656613955	0.466674366327
0.111905446544	6.82861556111e-12	3.67615546664e-08	1.3878887184	0.326520562048	0.466720534044
0.111905446548	5.38491643039e-12	3.09366564027e-08	1.38793142816	0.326477852303	0.466763808976
0.111905446551	4.24601020895e-12	2.60709125696e-08	1.38797145052	0.326437829954	0.466804371588
0.111905446553	3.34733153228e-12	2.19880140141e-08	1.38800889867	0.326400381817	0.466842334561
0.111905446555	2.63885519553e-12	1.85445012809e-08	1.38804390336	0.326365377136	0.466877828641
0.111905446557	2.08032688893e-12	1.5640251525e-08	1.38807662396	0.326332656534	0.466911013834
0.111905446558	1.63986247525e-12	1.32121959831e-08	1.38810720948	0.326302071025	0.466942039849
0.111905446559	1.29229119467e-12	1.11741441597e-08	1.38813575034	0.326273530171	0.466970997192
0.11190544656	1.01838653853e-12	9.45046212403e-09	1.38816234455	0.326246935965	0.466997984199
0.11190544656	8.02535531826e-13	7.99266053515e-09	1.38818712484	0.326222155671	0.467023134602
0.111905446561	6.32393365731e-13	6.76993518343e-09	1.38821021491	0.3261990656	0.467046573097
0.111905446561	4.98131823545e-13	5.74474640253e-09	1.38823169621	0.326177584307	0.467068381623
0.111905446562	3.9237444906e-13	4.87480034798e-09	1.38825163671	0.326157643804	0.467088628548
0.111905446562	3.09069847492e-13	4.13658976167e-09	1.38827014692	0.326139133599	0.46710742549
0.111905446562	2.43498903216e-13	3.49432167172e-09	1.3882873294	0.326121951119	0.467124876117
0.111905446562	1.92294751671e-13	2.90848850017e-09	1.38830335483	0.326105925692	0.467141153349
0.111905446562	1.51386705749e-13	2.47954802917e-09	1.38831855954	0.326090720979	0.467156598502
0.111905446562	1.19159029532e-13	2.11549696949e-09	1.38833260051	0.326076680007	0.467170862836
0.111905446562	9.37919970652e-14	1.80489536283e-09	1.3883455544	0.326063726122	0.467184023917
0.111905446563	7.38251343452e-14	1.53989606806e-09	1.38835750535	0.326051775169	0.467196166985
0.111905446563	5.81088624856e-14	1.31380396711e-09	1.38836853101	0.326040749508	0.467207370704
0.111905446563	4.57365986462e-14	1.12187481735e-09	1.38837870301	0.326030577507	0.467217707672
0.111905446563	3.59761040558e-14	9.6189081085e-10	1.38838807899	0.326021201527	0.4672272363
0.111905446563	2.82985455603e-14	8.24720843785e-10	1.38839668077	0.326012599752	0.467235978619
0.111905446563	2.22594197898e-14	7.07111661895e-10	1.38840457226	0.326004708259	0.46724399947
0.111905446563	1.75090799928e-14	6.06273905358e-10	1.38841181212	0.325997468401	0.467251358357
0.111905446563	1.37724941161e-14	5.19815963578e-10	1.38841845415	0.325990826375	0.467258109882
0.111905446563	1.08329374564e-14	4.46049946207e-10	1.3884245477	0.325984732818	0.467264304146
0.111905446563	8.51614935408e-15	3.84095127804e-10	1.38843013334	0.325979147185	0.467269982302
0.111905446563	6.69483879347e-15	3.30745537962e-10	1.3884352327	0.325974047826	0.467275166306
0.111905446563	5.26304175069e-15	2.84805969622e-10	1.38843988811	0.325969392407	0.467279899147
0.111905446563	4.13745570407e-15	2.45247217892e-10	1.38844413824	0.325965142282	0.467284220075
0.111905446563	3.25259329969e-15	2.11183024851e-10	1.38844801835	0.325961262169	0.46728816493
0.111905446563	2.55697242161e-15	1.81850230685e-10	1.38845156067	0.325957719855	0.467291766434
0.111905446563	2.0101207245e-15	1.56591848472e-10	1.38845479459	0.325954485934	0.467295054464
0.111905446563	1.58022211291e-15	1.34841750151e-10	1.38845774696	0.325951533561	0.467298056292
0.111905446563	1.24226438324e-15	1.16112654006e-10	1.3884604423	0.325948838226	0.467300796827
0.111905446563	9.76584543569e-16	9.99849582089e-11	1.38846290297	0.325946377551	0.467303298808
0.111905446563	7.67724818007e-16	8.60973407706e-11	1.38846514942	0.325944131106	0.467305582996
0.111905446563	6.035333063e-16	7.4138665023e-11	1.38846720028	0.325942080242	0.467307668346
0.111905446563	4.74456977467e-16	6.38410093175e-11	1.38846907259	0.32594020793	0.467309572165
0.111905446563	3.72985861224e-16	5.49736779032e-11	1.3884707819	0.325938498626	0.467311310253
0.111905446563	2.93216097552e-16	4.73380115121e-11	1.38847234238	0.325936938138	0.467312897035
0.111905446563	2.30506512175e-16	4.07629116151e-11	1.38847376701	0.325935513512	0.46731434568
0.111905446563	1.81208490978e-16	3.51010699791e-11	1.3884750676	0.325934212918	0.467315668213
0.111905446563	1.42453736949e-16	3.02256387328e-11	1.38847625496	0.325933025559	0.467316875611
0.111905446563	1.1198738692e-16	2.60273885551e-11	1.38847733895	0.325931941576	0.467317977896
0.111905446563	8.80368187894e-17	2.24122615673e-11	1.38847832855	0.325930951968	0.467318984219
0.111905446563	6.92085163303e-17	1.92992641076e-11	1.388479232	0.325930048519	0.467319902933
0.111905446563	5.44069901454e-17	1.66186559198e-11	1.38848005679	0.325929223728	0.467320741665
0.111905446563	4.27710412594e-17	1.43103771722e-11	1.38848080978	0.325928470747	0.467321507377
0.111905446563	3.36236550459e-17	1.23227106165e-11	1.3884814972	0.325927783323	0.467322206426
0.111905446563	2.64326069226e-17	1.06111243837e-11	1.38848212477	0.32592715575	0.467322844616
0.111905446563	2.07794981065e-17	9.13727189964e-12	1.38848269771	0.325926582816	0.467323427244
0.111905446563	1.63354119615e-17	7.86813277793e-12	1.38848322076	0.325926059764	0.467323959148
0.111905446563	1.28417766532e-17	6.77527303616e-12	1.38848369827	0.325925582252	0.467324444743
0.111905446563	1.00953206559e-17	5.83420806494e-12	1.38848413421	0.325925146314	0.467324888061
0.111905446563	7.93624562667e-18	5.02385488373e-12	1.38848453219	0.325924748331	0.467325292783
0.111905446563	6.23892937645e-18	4.32605719051e-12	1.38848489552	0.325924384998	0.467325662269
0.111905446563	4.90461618144e-18	3.72518134715e-12	1.38848522722	0.325924053298	0.467325999587
0.111905446563	3.85567103693e-18	3.20776523446e-12	1.38848553004	0.325923750479	0.467326307536
0.111905446563	3.03106262809e-18	2.76221657352e-12	1.3884858065	0.325923474024	0.467326588674
0.111905446563	2.382812325e-18	2.37855321216e-12	1.38848605888	0.325923221638	0.467326845336
0.111905446563	1.87320262464e-18	2.04817948447e-12	1.3884862893	0.325922991227	0.467327079652
0.111905446563	1.47258261734e-18	1.76369366889e-12	1.38848649965	0.325922780876	0.467327293567
0.111905446563	1.15764278758e-18	1.51872214099e-12	1.38848669168	0.32592258884	0.467327488858
0.111905446563	9.10058823767e-19	1.3077763797e-12	1.388486867	0.325922413523	0.467327667146
0.111905446563	7.1542539796e-19	1.12613031666e-12	1.38848702705	0.32592225347	0.467327829912
0.111905446563	5.62418033463e-19	9.69714318499e-13	1.38848717317	0.325922107352	0.467327978506
0.111905446563	4.42134206941e-19	8.35024010354e-13	1.38848730657	0.325921973956	0.467328114163
0.111905446563	3.47575368128e-19	7.19041763435e-13	1.38848742835	0.325921852174	0.46732823801
0.111905446563	2.73239739307e-19	6.19169087671e-13	1.38848753953	0.325921740996	0.467328351073
0.111905446563	2.14802202008e-19	5.33168427324e-13	1.38848764103	0.325921639496	0.467328454293
0.111905446563	1.68862646216e-19	4.59112997817e-13	1.38848773369	0.325921546834	0.467328548526
0.111905446563	1.32748141432e-19	3.95343634518e-13	1.38848781828	0.32592146224	0.467328634555
0.111905446563	1.0435741319e-19	3.40431635546e-13	1.38848789551	0.325921385011	0.467328713094
0.111905446563	8.20385845571e-20	2.93146741091e-13	1.38848796602	0.325921314506	0.467328784794
0.111905446563	6.44930639364e-20	2.52429570467e-13	1.38848803038	0.325921250139	0.467328850252
0.111905446563	5.06999882871e-20	2.17367887566e-13	1.38848808915	0.325921191377	0.467328910011
0.111905446563	3.98568255914e-20	1.8717616296e-13	1.38848814279	0.32592113773	0.467328964567
0.111905446563	3.13326805471e-20	1.61177977601e-13	1.38848819177	0.325921088755	0.467329014373
0.111905446563	2.46315869699e-20	1.38790859286e-13	1.38848823648	0.325921044043	0.467329059843
0.111905446563	1.9363650478e-20	1.19513241627e-13	1.3884882773	0.325921003224	0.467329101354
0.111905446563	1.52223630237e-20	1.02913224767e-13	1.38848831456	0.32592096596	0.467329139251
0.111905446563	1.19667691611e-20	8.8618898372e-14	1.38848834858	0.325920931939	0.467329173848
0.111905446563	9.40744637173e-21	7.63100092744e-14	1.38848837964	0.325920900881	0.467329205433
0.111905446563	7.3954837636e-21	6.5710786459e-14	1.388488408	0.325920872527	0.467329234268
0.111905446563	5.81381788625e-21	5.65837627145e-14	1.38848843388	0.325920846641	0.467329260593
0.111905446563	4.57042154168e-21	4.87244545486e-14	1.38848845751	0.325920823009	0.467329284625
0.111905446563	3.59294932193e-21	4.19567797297e-14	1.38848847909	0.325920801435	0.467329306565
0.111905446563	2.82452826106e-21	3.61291138064e-14	1.38848849878	0.325920781739	0.467329326595
0.111905446563	2.22044876537e-21	3.11108924866e-14	1.38848851676	0.325920763758	0.467329344881
0.111905446563	1.74556324362e-21	2.6789686448e-14	1.38848853318	0.325920747342	0.467329361575
0.111905446563	1.37224108987e-21	2.30686824477e-14	1.38848854817	0.325920732356	0.467329376816
0.111905446563	1.07876103231e-21	1.98645142989e-14	1.38848856185	0.325920718674	0.46732939073
0.111905446563	8.48047308977e-22	1.71053951566e-14	1.38848857434	0.325920706184	0.467329403432
0.111905446563	6.66676136449e-22	1.47295090998e-14	1.38848858574	0.325920694781	0.467329415028
0.111905446563	5.24094665275e-22	1.26836262023e-14	1.38848859615	0.325920684371	0.467329425615
0.111905446563	4.12006974514e-22	1.09219100563e-14	1.38848860565	0.325920674867	0.46732943528
0.111905446563	3.23891384851e-22	9.40489078784e-15	1.38848861433	0.325920666191	0.467329444103
0.111905446563	2.54621003049e-22	8.09858076472e-15	1.38848862225	0.32592065827	0.467329452158
0.111905446563	2.00165420223e-22	6.97371313058e-15	1.38848862948	0.325920651039	0.467329459512
