0.0	4.5327417574	14.1875298771	1.0	0.0	0.0
5.94284281324e-11	4.53272761844	14.1874867555	1.00000075528	5.94284634491e-07	0.0001
7.41716403445e-11	4.53272588398	14.1874814656	1.00000084793	6.88901218883e-07	0.000107666657296
9.25723949436e-11	4.53272387338	14.1874753336	1.00000095533	7.98581760143e-07	0.000115921090971
1.15538064123e-10	4.53272154267	14.1874682253	1.00000107983	9.25724589666e-07	0.000124808363487
1.44201122143e-10	4.53271884088	14.1874599853	1.00000122416	1.07310987325e-06	0.000134376992027
1.79974988467e-10	4.53271570895	14.1874504334	1.00000139146	1.24396040179e-06	0.000144679213338
2.24623724193e-10	4.53271207838	14.1874393607	1.0000015854	1.4420120587e-06	0.000155771268869
2.80349018356e-10	4.53270786979	14.1874265251	1.00000181022	1.67159550654e-06	0.00016771371177
3.49898753127e-10	4.53270299116	14.1874116461	1.00000207082	1.93773087717e-06	0.000180571737417
4.36702500833e-10	4.53269733581	14.1873943981	1.00000237293	2.24623753546e-06	0.000194415539268
5.45040633497e-10	4.53269078007	14.1873744041	1.00000272312	2.60386131692e-06	0.000209320691988
6.80255382677e-10	4.53268318061	14.1873512269	1.00000312908	3.01842201993e-06	0.000225368563936
8.49014255444e-10	4.53267437127	14.1873243597	1.00000359966	3.49898437441e-06	0.000242646761257
1.05963879322e-09	4.53266415941	14.1872932151	1.00000414517	4.05605622687e-06	0.000261249605999
1.32251488114e-09	4.53265232176	14.1872571121	1.00000477752	4.70181826943e-06	0.000281278650854
1.65060483516e-09	4.5326385995	14.1872152613	1.00000551055	5.45039033388e-06	0.000302843233329
2.06008651038e-09	4.53262269259	14.1871667476	1.00000636029	6.31814006913e-06	0.000326061072366
2.57115093375e-09	4.53260425324	14.1871105104	1.00000734531	7.32404074392e-06	0.000351058910634
3.20899777608e-09	4.53258287832	14.1870453201	1.00000848715	8.49008598962e-06	0.000377973206012
4.00507772588e-09	4.53255810049	14.1869697515	1.00000981078	9.84177054141e-06	0.000406950875984
4.99864299115e-09	4.53252937806	14.1868821524	1.00001134515	1.14086474713e-05	0.00043815009901
6.23868233281e-09	4.5324960831	14.1867806078	1.00001312379	1.32249740772e-05	0.000471741177197
7.78633597079e-09	4.53245748775	14.1866628977	1.00001518559	1.53304605208e-05	0.000507907464938
9.71790933216e-09	4.53241274833	14.1865264491	1.00001757564	1.77711375449e-05	0.000546846368552
1.21286340892e-08	4.53236088687	14.1863682793	1.00002034619	2.06003621888e-05	0.000588770422286
1.51373617117e-08	4.5323007698	14.186184931	1.00002355781	2.38799834233e-05	0.000633908446508
1.88924206346e-08	4.53223108319	14.185972397	1.00002728072	2.76816930941e-05	0.000682506794273
2.35789253672e-08	4.53215030407	14.1857260324	1.00003159629	3.20885915837e-05	0.00073483069297
2.94278972427e-08	4.53205666721	14.1854404533	1.00003659888	3.71970022526e-05	0.000791165688192
3.672764552e-08	4.5319481266	14.1851094197	1.00004239783	4.31185740978e-05	0.000851819197527
4.58379685388e-08	4.53182231087	14.1847256992	1.00004911991	4.99827182882e-05	0.000917122182489
5.72078730148e-08	4.53167647162	14.1842809094	1.00005691202	5.79394314309e-05	0.000987430947413
7.13976820636e-08	4.53150742354	14.1837653354	1.00006594449	6.71625667274e-05	0.00106312907475
8.91066175371e-08	4.53131147508	14.1831677182	1.00007641468	7.78536237795e-05	0.00114462950681
1.11207210149e-07	4.53108434821	14.1824750101	1.00008855141	9.02461388783e-05	0.0012323767848
1.38788224582e-07	4.53082108543	14.181672091	1.00010261983	0.000104610770388	0.00132684945648
1.73208202373e-07	4.53051594216	14.18074144	1.0001189273	0.000121261188554	0.00142856266478
2.16162242709e-07	4.5301622622	14.1796627558	1.00013783001	0.000140560896014	0.00153807093026
2.69765285105e-07	4.52975233359	14.1784125169	1.00015974079	0.000162931124792	0.00165597114116
3.3665595867e-07	4.52927722193	14.1769634729	1.00018513804	0.000188859977918	0.00178290576553
4.20126058053e-07	4.52872657755	14.1752840567	1.0002145762	0.000218913009501	0.0019195663007
5.24281942784e-07	4.5280884127	14.1733377043	1.0002486977	0.000253745466447	0.00206669697609
6.54245691701e-07	4.52734884403	14.1710820694	1.00028824698	0.000294116448556	0.00222509872603
8.16405748005e-07	4.52649179526	14.1684681163	1.00033408657	0.000340905281946	0.00239563344986
1.01872914922e-06	4.52549865402	14.1654390726	1.00038721576	0.000395130444102	0.00257922857717
1.27115035531e-06	4.52434787612	14.1619292217	1.0004487922	0.000457971427966	0.00277688195609
1.58605529522e-06	4.52301452947	14.1578625109	1.00052015683	0.000530793987667	0.002989667083
1.97888370212e-06	4.52146976919	14.1531509496	1.00060286275	0.000615179270436	0.00321873869154
2.46887828704e-06	4.51968023394	14.1476927663	1.00069870847	0.000712957407998	0.00346533871828
3.08001603171e-06	4.51760735279	14.141370293	1.00080977646	0.000826246216702	0.00373080266135
3.84216512875e-06	4.51520655054	14.134047538	1.0009384774	0.000957495738413	0.00401656634632
4.79252114566e-06	4.51242633829	14.1255667056	1.00108760144	0.00110953943796	0.0043241731113
5.9773883695e-06	4.50920727474	14.1157469961	1.00126037702	0.00128565299328	0.00465528143394
7.454386844e-06	4.50548078345	14.1043791618	1.0014605387	0.00148962165972	0.00501167294734
9.29518383032e-06	4.50116780951	14.0912219352	1.00169240502	0.00172581733959	0.00539526092046
1.15888695835e-05	4.49617729955	14.0759974049	1.00196096787	0.00199928655034	0.00580809914086
1.44461228003e-05	4.49040448927	14.0583857758	1.00227199487	0.00231585056918	0.00625239118637
1.80043409198e-05	4.48372898394	14.0380194933	1.00263214646	0.00268221908554	0.00673050004756
2.24339451481e-05	4.4760126201	14.0144780376	1.0030491094	0.00310611871814	0.00724495804391
2.79461122204e-05	4.46709709819	13.9872911894	1.0035317487	0.00359643806342	0.00779847690292
3.48022134714e-05	4.45680140401	13.955893904	1.0040902794	0.00416338890465	0.00839395754417
4.33253268712e-05	4.44491899402	13.9196554883	1.00473646208	0.00481868697766	0.0090345012231
5.39141908443e-05	4.43121481072	13.8778560666	1.00548382133	0.00557575081977	0.00972341903397
6.70600508786e-05	4.41542215531	13.8296805266	1.00634789079	0.00644991923727	0.0104642415257
8.33668842004e-05	4.39723949767	13.7742100277	1.00734648528	0.00745868670268	0.0112607273866
0.000103575509521	4.37632734397	13.7104113344	1.0085000009	0.00862195360841	0.0121168709583
0.00012859209225	4.35230533066	13.6371350538	1.00983174293	0.00996228672169	0.0130369082196
0.000159521575821	4.3247497337	13.5530925851	1.01136827902	0.0115051876948	0.0140253200817
0.000197706151347	4.29319187061	13.4567737765	1.01313981663	0.0132793384876	0.015086834297
0.000244769765108	4.25711722987	13.3467244527	1.0151806071	0.0153168640115	0.0162264293356
0.000302667099638	4.2159668926	13.2211874329	1.01752932182	0.017653513089	0.0174493131624
0.000373737596192	4.16914074454	13.0782168802	1.02022946887	0.0203287793876	0.018760925098
0.000460764281655	4.11600301341	12.9160658038	1.02332977977	0.0233860002653	0.0201669248676
0.000567030908691	4.05589320953	12.7326088486	1.02688446964	0.026872192058	0.0216731389633
0.000696379444458	3.9881398502	12.525793113	1.03095353907	0.0308377815903	0.0232855586777
0.000853260314346	3.91208006461	12.2935620573	1.03560287077	0.0353361111317	0.0250102882379
0.0010427685967	3.82708525533	12.0339819257	1.04090419886	0.0404225830103	0.0268535014421
0.0012706600373	3.73259265876	11.7453693445	1.04693483993	0.0461534957564	0.0288213822193
0.00154333387269	3.62814377431	11.4262401851	1.05377712938	0.0525843647545	0.0309200529128
0.00186778138572	3.51342563076	11.0757153461	1.06151760681	0.0597679727784	0.033155523055
0.00225147388904	3.38831863657	10.6933033239	1.07024567671	0.0677516318329	0.0355335918569
0.00270220541614	3.25294036654	10.2793333872	1.08005206116	0.0765743187804	0.0380598157749
0.00322786409544	3.10768859058	9.83496726665	1.09102665791	0.0862631626916	0.0407394340725
0.00383615275316	2.95327306622	9.3623641149	1.10325606267	0.096829907663	0.0435773303947
0.00453425291639	2.79073478126	8.8646257946	1.11682069202	0.10826711553	0.0465780032494
0.00532847706007	2.62144217307	8.34600449634	1.13179180461	0.120545000151	0.04974559618
0.00622389654056	2.44706888479	7.81132270605	1.14822816574	0.133608336624	0.0530839005467
0.0072240678191	2.26953520867	7.26661152929	1.16617370087	0.147375396675	0.0565965782551
0.00833075430814	2.09094137019	6.71815813117	1.18565414933	0.161736972847	0.0602871423519
0.00954383194611	1.91346820696	6.17262278893	1.20667561963	0.176558118837	0.0641592512287
0.0108612833339	1.73927548329	5.63658958683	1.22922313616	0.191681018005	0.068216879177
0.0122793398831	1.57039766843	5.11628469915	1.25326032515	0.206929666062	0.0724645635526
0.013792750637	1.40864998708	4.61726924002	1.27872989133	0.222116096126	0.0769076382809
0.0153951427097	1.25555410519	4.1442347844	1.30555498235	0.237047480622	0.0815524667957
0.0170794366625	1.11228941216	3.70084236531	1.33364110738	0.251533754503	0.0864066226645
0.0188382655287	0.979672473026	3.28965406181	1.36287851718	0.265394964464	0.0914790198008
0.0206643709204	0.85816231596	2.91214255907	1.39314479299	0.278468094422	0.0967799700053
0.0225509479612	0.747887321938	2.56877755996	1.4243074592	0.290612953015	0.102321155054
0.0244918948261	0.64868896368	2.25914830663	1.45622634758	0.301716452231	0.108115481862
0.0264819551105	0.560175287898	1.98213680878	1.48875567758	0.311695074045	0.114176825268
0.0285167945694	0.48177637057	1.73607969099	1.52174559213	0.32049640021	0.120519601966
0.0305929737547	0.41279853883	1.51892611909	1.55504329378	0.328098946955	0.12715817941
0.0327032464248	0.352568873499	1.31153525608	1.58849386261	0.334443868748	0.134106108356
0.034781876262	0.301440445915	1.07918643533	1.62225412027	0.338409428553	0.141456207934
0.0369163571311	0.25670712012	0.908319329699	1.65754882873	0.340198984409	0.149584724611
0.0391289682349	0.217887155338	0.781506214913	1.6935387295	0.340595743455	0.158421276707
0.0414354877427	0.184405918845	0.686404176991	1.7294420877	0.3402989986	0.167861751941
0.0438460618287	0.155634345898	0.614591131146	1.76458138093	0.339903044259	0.177771808295
0.0463586828487	0.130990516664	0.558849941168	1.79838893969	0.339827608918	0.187988249092
0.0489588716958	0.109941855678	0.513634418907	1.83047202708	0.340279100028	0.198348272844
0.0516218670429	0.0920080525907	0.475032312561	1.86061554663	0.341276525462	0.208710326257
0.0543166241347	0.0767605801747	0.440661167509	1.8887455885	0.342714790991	0.218962901988
0.0570091429812	0.0638243842798	0.409231832025	1.91487264022	0.344430916995	0.229020108352
0.0596652849099	0.0528740650437	0.380204887099	1.93904618667	0.346255187773	0.238813265556
0.0622524818228	0.0436289234562	0.353447863326	1.96132325501	0.348042616036	0.248281533908
0.0647407245859	0.0358470940996	0.32901352256	1.98175346489	0.349686722307	0.257365451309
0.067103109039	0.0293200376221	0.30699878097	2.00037504357	0.35112184146	0.26600370495
0.069316377526	0.0238673638177	0.287441622051	2.01721805266	0.35231958109	0.274133208951
0.0713612996814	0.0193329347962	0.270301885069	2.03231269099	0.353279129424	0.281692616327
0.0732233989923	0.0155810845009	0.255431973366	2.04569832834	0.354018840183	0.288627626387
0.0748927166426	0.0124952439258	0.242493158621	2.05743240069	0.354560682379	0.294897544504
0.0763657889164	0.00997270466766	0.231090941263	2.06760114274	0.35492867144	0.300483742813
0.0776348462554	0.00793977522153	0.215975527524	2.07631780771	0.355073420286	0.305391708158
0.078712365851	0.00631115483275	0.199794090242	2.08388859595	0.354872555295	0.309750675093
0.0796241230883	0.0050028439991	0.184396182063	2.09050176425	0.354380137949	0.313637666912
0.0803887455376	0.00395558826781	0.169998332881	2.09626346927	0.353665066296	0.317089459557
0.0810240996169	0.00312084453845	0.156462161224	2.10126632666	0.352791709989	0.320139718387
0.0815477683352	0.00245784395966	0.143724866684	2.10560057694	0.351814261261	0.322825103788
0.0819762553132	0.001932884808	0.131724485182	2.10935020564	0.350777378869	0.325182485412
0.0823246036972	0.00151834432539	0.120392745162	2.11259222522	0.349716358605	0.327247936816
0.0826062104001	0.00119173825105	0.109669987499	2.11539654966	0.348657749272	0.329056085886
0.0828327522651	0.000934902385521	0.0994990712664	2.11782582558	0.347620463649	0.330639457993
0.0830142138465	0.00073327012158	0.0898255620354	2.11993573886	0.346616791521	0.332028168567
0.0831590609093	0.000575163956646	0.0805997818334	2.1217755817	0.345653796098	0.333249850403
0.0832743366469	0.000451312481913	0.0718111397171	2.1233887881	0.344734060303	0.334329630778
0.0833658815376	0.00035433824509	0.0634695721218	2.1248130653	0.343857406899	0.335289900135
0.0834396507082	0.000277189774239	0.0576172198469	2.12608084013	0.34302864769	0.336150338685
0.0834973121548	0.000217568846714	0.0504074072119	2.12717548516	0.342275577205	0.336897712877
0.083542607865	0.000171200576814	0.0434218086564	2.12815892005	0.341559393407	0.337572775682
0.0835784186833	0.000134876343661	0.0371364754248	2.12905820781	0.340870622577	0.338193166706
0.0836068877996	0.000106244220511	0.0317580217017	2.12988731598	0.340208301261	0.338767830006
0.0836293439244	8.38376841246e-05	0.0267651749245	2.13065159992	0.339575159435	0.339299901589
0.0836471952528	6.6157408146e-05	0.0225461555086	2.13136761307	0.338963087144	0.339800448563
0.0836613551138	5.22311631538e-05	0.0188925162148	2.13203869698	0.338374218315	0.340271448628
0.0836725992326	4.12456394479e-05	0.0158083994756	2.13267124548	0.337806781645	0.340717080194
0.0836815314814	3.25736095351e-05	0.0132147177718	2.13326842495	0.337261195453	0.34113931055
0.0836886298211	2.57231988944e-05	0.011051515613	2.1338327972	0.33673772472	0.341539716226
0.083694271133	2.03098184685e-05	0.00924882725296	2.13436587579	0.33623707732	0.341919157921
0.0836987504819	1.60345999792e-05	0.00774556626496	2.13486894498	0.335759703048	0.342278353378
0.0837023083718	1.26561854582e-05	0.0064938093034	2.13534332295	0.335305691869	0.342618063165
0.0837051306124	9.98925511304e-06	0.00544465149035	2.13579003424	0.334875104455	0.342938854975
0.0837073695131	7.88322102943e-06	0.00456847737617	2.13621064718	0.334467258898	0.343241703899
0.0837091441984	6.22104834869e-06	0.00383323039495	2.13660632497	0.334081683526	0.343527310851
0.0837105503686	4.90938078927e-06	0.00321397367383	2.13697853774	0.33371746213	0.343796613876
0.0837116636817	3.87486842282e-06	0.00269246944252	2.13732892909	0.333373387956	0.344050692821
0.083712544272	3.05956358444e-06	0.00224802201014	2.13765910478	0.333048201567	0.344290615852
0.0837132415987	2.41613994204e-06	0.0018723698421	2.13797139567	0.332739856162	0.344517993939
0.0837137921611	1.90977729857e-06	0.00155081018123	2.13826752808	0.332446834756	0.344734013793
0.0837142281845	1.50999079319e-06	0.00127486202085	2.13855016278	0.332166660791	0.344940558058
0.0837145716071	1.19603243435e-06	0.00103908636491	2.13882202515	0.331896734282	0.345139572786
0.0837148402265	9.51146392697e-07	0.000767190966314	2.13908623887	0.331634033085	0.345333311385
0.0837150373974	7.71869888577e-07	0.000515742210256	2.13937077843	0.331350602718	0.34554231148
0.083715197864	6.26402852035e-07	0.000346725985171	2.1397141145	0.331008168462	0.345794993768
0.0837153291143	5.07853158655e-07	0.000239666487361	2.14012834749	0.330594672188	0.346100576667
0.0837154460169	4.02754277724e-07	0.000196787686173	2.14061394391	0.330109730806	0.346459815986
0.0837155403537	3.1837727316e-07	0.000161668627273	2.14108301684	0.329641185367	0.346807872042
0.0837156148013	2.52117098877e-07	0.000133525866129	2.14153442733	0.329190190341	0.347143792239
0.0837156746551	1.99100063839e-07	0.000110717687172	2.14196729219	0.328757658859	0.347466808735
0.0837157216521	1.57659995644e-07	9.03725804346e-05	2.14237961414	0.328345598193	0.347775315602
0.083715758724	1.25113401347e-07	7.39512874517e-05	2.14277965703	0.327945761053	0.348075402773
0.0837157888692	9.87612167965e-08	6.1892289414e-05	2.14316764546	0.327557939647	0.348367172407
0.0837158125269	7.81644839388e-08	5.07833017649e-05	2.14353364624	0.32719206973	0.348643063877
0.0837158308651	6.22602521565e-08	4.08911211842e-05	2.14388671763	0.326839099624	0.348909815385
0.083715846047	4.91438482614e-08	3.42372637292e-05	2.14423599292	0.326489908051	0.349174286562
0.0837158580713	3.87938303764e-08	2.86015145577e-05	2.14456531514	0.326160652047	0.34942418635
0.0837158674636	3.0737510349e-08	2.32615654077e-05	2.14487654654	0.325849472292	0.349660838861
0.0837158749941	2.4299603645e-08	1.93472404637e-05	2.14517977182	0.325546288365	0.349891854178
0.083715881003	1.91792243687e-08	1.61999730481e-05	2.14546801866	0.325258074477	0.350111871356
0.0837158857522	1.51446800909e-08	1.34145551433e-05	2.14573975951	0.324986359638	0.350319659518
0.083715889472	1.19937537396e-08	1.09627163313e-05	2.14599891653	0.324727222964	0.350518160691
0.0837158924644	9.46606143461e-09	9.17988432317e-06	2.14625007169	0.324476084164	0.350710845941
0.0837158948327	7.47095694859e-09	7.68722696406e-06	2.14648681857	0.324239350214	0.350892760055
0.0837158967067	5.89626610721e-09	6.43744350953e-06	2.14670997173	0.324016207267	0.351064480734
0.0837158981868	4.6554447215e-09	5.33555756485e-06	2.14692030213	0.323805884934	0.35122655825
0.0837158993465	3.68550803437e-09	4.37076619069e-06	2.14712068115	0.323605512229	0.351381170153
0.0837159002774	2.90857636821e-09	3.6605412783e-06	2.14731433787	0.323411860573	0.351530783516
0.0837159010136	2.29539542356e-09	3.06584885223e-06	2.14749683852	0.323229363924	0.3516719478
0.0837159015958	1.81145174912e-09	2.56797757178e-06	2.14766881554	0.323057390057	0.351805123072
0.0837159020561	1.42951671828e-09	2.15101254894e-06	2.14783085908	0.322895349021	0.351930740355
0.08371590242	1.12814818645e-09	1.80007434681e-06	2.1479835359	0.322742674172	0.352049215896
0.0837159027061	8.91569069953e-10	1.49128520828e-06	2.14812752544	0.322598686178	0.352161056501
0.0837159029326	7.04598255282e-10	1.23546133747e-06	2.1482648889	0.322461323947	0.352267846745
0.083715903112	5.56703798207e-10	1.02926410089e-06	2.14839593075	0.322330283065	0.352369810147
0.0837159032546	4.39288009713e-10	8.62481687674e-07	2.14852021529	0.322205999297	0.352466594967
0.0837159033673	3.46634644482e-10	7.22721606064e-07	2.14863725762	0.322088957579	0.352557810655
0.0837159034552	2.74450932128e-10	5.88005324586e-07	2.14874747923	0.32197873644	0.352643773407
0.0837159035248	2.1733704363e-10	4.85371980204e-07	2.14885474446	0.32187147159	0.352727488916
0.0837159035808	1.71485345398e-10	4.06904165011e-07	2.14895765239	0.321768563965	0.352807858015
0.083715903625	1.35304055877e-10	3.41181829236e-07	2.14905451239	0.321671704198	0.352883552394
0.08371590366	1.06751926831e-10	2.86131696298e-07	2.14914566168	0.321580555101	0.352954827017
0.0837159036875	8.42245544698e-11	2.39963191529e-07	2.14923141596	0.321494800971	0.353021921151
0.0837159037093	6.64478973288e-11	2.01329123867e-07	2.14931209427	0.321414122778	0.353085077653
0.0837159037265	5.24214366677e-11	1.68935954841e-07	2.14938796131	0.321338255833	0.353144497723
0.0837159037401	4.13617329199e-11	1.41276142355e-07	2.14945929262	0.321266924594	0.353200391824
0.0837159037507	3.27370724597e-11	1.15657212851e-07	2.14952659594	0.321199621329	0.353253153196
0.0837159037592	2.58252674332e-11	9.71213632438e-08	2.14959166598	0.321134551339	0.353304185564
0.0837159037659	2.03700668436e-11	8.15997892941e-08	2.14965279633	0.321073421019	0.353352147653
0.0837159037712	1.60671463683e-11	6.85586612322e-08	2.14971018717	0.321016030209	0.353397192957
0.0837159037754	1.2673114459e-11	5.76026086579e-08	2.14976406711	0.320962150292	0.353439497765
0.0837159037787	9.99384739443e-12	4.84756758324e-08	2.14981464989	0.320911567526	0.35347922712
0.0837159037813	7.88099283629e-12	4.07947961724e-08	2.14986205016	0.320864167271	0.353516468583
0.0837159037834	6.21481329598e-12	3.43308762575e-08	2.14990646805	0.320819749391	0.353551377178
0.083715903785	4.90087734946e-12	2.88914939467e-08	2.14994809113	0.320778126325	0.353584098363
0.0837159037863	3.86360123959e-12	2.43669022672e-08	2.14998709461	0.320739122848	0.353614768177
0.0837159037873	3.04585935652e-12	2.05508594487e-08	2.1500235532	0.320702664261	0.35364344383
0.0837159037881	2.40119007981e-12	1.73324136322e-08	2.15005763289	0.320668584577	0.353670254507
0.0837159037887	1.89296435571e-12	1.46179855558e-08	2.15008948884	0.320636728631	0.353695321087
0.0837159037892	1.49179818264e-12	1.23614291094e-08	2.15011926611	0.320606951369	0.353718756663
0.0837159037896	1.17560901039e-12	1.0454610509e-08	2.15014701706	0.320579200415	0.353740601528
0.0837159037899	9.26435214519e-13	8.84191940036e-09	2.15017287523	0.320553342245	0.353760959961
0.0837159037902	7.30073468096e-13	7.47798858025e-09	2.15019696969	0.320529247792	0.353779932855
0.0837159037903	5.751506323e-13	6.34208565201e-09	2.15021942069	0.32050679679	0.353797614288
0.0837159037905	4.53042012479e-13	5.38168632417e-09	2.15024027562	0.320485941861	0.353814041018
0.0837159037906	3.56857484734e-13	4.56671895011e-09	2.15025963468	0.320466582803	0.353829291479
0.0837159037907	2.81093392696e-13	3.87516180362e-09	2.15027760514	0.320448612341	0.353843449752
0.0837159037908	2.21617063584e-13	3.24770372988e-09	2.15029428659	0.320431930893	0.353856593928
0.0837159037908	1.7494368544e-13	2.72920728894e-09	2.15030997948	0.320416238001	0.353868960461
0.0837159037909	1.37701232515e-13	2.32850207176e-09	2.15032472096	0.320401496521	0.35388057839
0.0837159037909	1.08386942228e-13	1.98662756303e-09	2.15033832113	0.320387896353	0.353891297819
0.083715903791	8.53130982538e-14	1.694946631e-09	2.15035086834	0.320375349146	0.353901188155
0.083715903791	6.71512508908e-14	1.44609013232e-09	2.1503624441	0.320363773388	0.353910313457
0.083715903791	5.28557415983e-14	1.23377077515e-09	2.15037312361	0.320353093875	0.353918732843
0.083715903791	4.1596383965e-14	1.05567939507e-09	2.15038297626	0.320343241224	0.353926500873
0.083715903791	3.27194340148e-14	9.05135046713e-10	2.15039203821	0.320334179277	0.353933645933
0.083715903791	2.57368688364e-14	7.76058641547e-10	2.15040035188	0.320325865605	0.353940201368
0.083715903791	2.0244421981e-14	6.65388873184e-10	2.15040797906	0.320318238426	0.353946215804
0.083715903791	1.59240971972e-14	5.70500959876e-10	2.15041497643	0.320311241059	0.353951733861
0.083715903791	1.25257587818e-14	4.89144401703e-10	2.15042139598	0.320304821501	0.353956796482
0.083715903791	9.85105490804e-15	4.20474602516e-10	2.15042728544	0.320298932042	0.353961441239
0.083715903791	7.74425654976e-15	3.62072090679e-10	2.15043267376	0.320293543725	0.353965690921
0.083715903791	6.08802669877e-15	3.11781413589e-10	2.15043759298	0.320288624504	0.353969570764
0.0837159037911	4.7860056266e-15	2.68475892207e-10	2.15044208394	0.320284133542	0.353973112943
0.0837159037911	3.76244114583e-15	2.31185332025e-10	2.15044618393	0.320280033557	0.353976346833
0.0837159037911	2.95778152606e-15	1.9907428968e-10	2.15044992697	0.320276290513	0.353979299259
0.0837159037911	2.32521083033e-15	1.71423448509e-10	2.15045334415	0.320272873336	0.353981994711
0.0837159037911	1.82792515865e-15	1.47613305995e-10	2.15045646383	0.320269753659	0.353984455549
0.0837159037911	1.43699210443e-15	1.27110294012e-10	2.1504593119	0.320266905584	0.353986702186
0.0837159037911	1.12966652798e-15	1.09455069726e-10	2.15046191202	0.320264305467	0.353988753264
0.0837159037911	8.88067660069e-16	9.42520897375e-11	2.15046428577	0.32026193172	0.353990625802
0.0837159037911	6.98138794948e-16	8.11607489702e-11	2.15046645285	0.320259764636	0.353992335339
0.0837159037911	5.48829463962e-16	6.98877502535e-11	2.15046843126	0.320257786222	0.353993896061
0.0837159037911	4.31452510621e-16	6.01805336609e-11	2.15047023743	0.320255980054	0.35399532092
0.0837159037911	3.391786462e-16	5.18216451432e-11	2.15047188635	0.320254331135	0.353996621742
0.0837159037911	2.66639158978e-16	4.4623785184e-11	2.15047339171	0.320252825775	0.353997809323
0.0837159037911	2.09613529254e-16	3.84256821449e-11	2.15047476601	0.320251451477	0.353998893519
0.0837159037911	1.64783849785e-16	3.30884739536e-11	2.15047602065	0.320250196831	0.35399988333
0.0837159037911	1.29541803397e-16	2.84925857777e-11	2.15047716607	0.320249051418	0.354000786971
0.0837159037911	1.01836905792e-16	2.45350511517e-11	2.15047821176	0.320248005729	0.354001611944
0.0837159037911	8.00572039006e-17	2.11272051749e-11	2.1504791664	0.320247051082	0.354002365096
0.0837159037911	6.29354887199e-17	1.81926982171e-11	2.15048003793	0.32024617955	0.354003052681
0.0837159037911	4.94755637701e-17	1.56657904274e-11	2.15048083359	0.320245383897	0.354003680404
0.0837159037911	3.88942918241e-17	1.34898615746e-11	2.15048155997	0.320244657517	0.354004253479
0.0837159037911	3.05760205411e-17	1.16161619797e-11	2.15048222311	0.320243994379	0.354004776661
0.0837159037911	2.40367658546e-17	1.00027130911e-11	2.15048282851	0.320243388976	0.354005254294
0.0837159037911	1.88960524064e-17	8.61336700841e-12	2.1504833812	0.320242836283	0.354005690345
0.0837159037911	1.48547763835e-17	7.4169966324e-12	2.15048388578	0.32024233171	0.354006088432
0.0837159037911	1.16778027659e-17	6.38679829829e-12	2.15048434642	0.320241871067	0.354006451861
0.0837159037911	9.18028443273e-18	5.49969158904e-12	2.15048476696	0.32024145053	0.354006783649
0.0837159037911	7.21690711415e-18	4.73580173559e-12	2.15048515088	0.320241066606	0.354007086551
0.0837159037911	5.67343497654e-18	4.07801370577e-12	2.15048550138	0.320240716109	0.354007363081
0.0837159037911	4.46006344242e-18	3.51159031594e-12	2.15048582136	0.320240396128	0.354007615536
0.0837159037911	3.50619431006e-18	3.02384132395e-12	2.15048611348	0.320240104007	0.354007846011
0.0837159037911	2.75632811717e-18	2.60383911714e-12	2.15048638017	0.320239837318	0.354008056421
0.0837159037911	2.16683499707e-18	2.24217388987e-12	2.15048662364	0.320239593849	0.354008248511
0.0837159037911	1.70341614614e-18	1.93074282598e-12	2.15048684591	0.320239371578	0.354008423877
0.0837159037911	1.33910819725e-18	1.66256865424e-12	2.15048704883	0.320239168658	0.354008583976
0.0837159037911	1.05271441003e-18	1.43164307128e-12	2.15048723408	0.320238983406	0.354008730135
0.0837159037911	8.27571376203e-19	1.23279231846e-12	2.1504874032	0.320238814283	0.354008863569
0.0837159037911	6.50579461537e-19	1.061561306e-12	2.1504875576	0.320238659885	0.354008985386
0.0837159037911	5.11440635871e-19	9.14113741155e-13	2.15048769856	0.320238518929	0.354009096597
0.0837159037911	4.02059297473e-19	7.87146179459e-13	2.15048782724	0.320238390246	0.354009198126
0.0837159037911	3.16071242266e-19	6.77814013974e-13	2.15048794472	0.320238272766	0.354009290815
0.0837159037911	2.48473371803e-19	5.83667744334e-13	2.15048805197	0.320238165515	0.354009375434
0.0837159037911	1.95332594165e-19	5.02598117579e-13	2.15048814988	0.320238067602	0.354009452685
0.0837159037911	1.53556985832e-19	4.32788808198e-13	2.15048823927	0.320237978213	0.354009523211
0.0837159037911	1.20715888921e-19	3.72675792389e-13	2.15048832088	0.320237896607	0.354009587597
0.0837159037911	9.4898487814e-20	3.20912285792e-13	2.15048839538	0.320237822107	0.354009646376
0.0837159037911	7.46026311831e-20	2.76338568049e-13	2.15048846339	0.320237754092	0.354009700039
0.0837159037911	5.86474313687e-20	2.37956000222e-13	2.15048852549	0.320237692	0.354009749029
0.0837159037911	4.61045560403e-20	2.04904651123e-13	2.15048858217	0.320237635313	0.354009793753
0.0837159037911	3.6244214428e-20	1.76444032126e-13	2.15048863392	0.320237583562	0.354009834584
0.0837159037911	2.84926953816e-20	1.5193650672e-13	2.15048868117	0.320237536317	0.35400987186
0.0837159037911	2.23989869843e-20	1.3083299982e-13	2.1504887243	0.320237493185	0.35400990589
0.0837159037911	1.76085347344e-20	1.12660703982e-13	2.15048876368	0.320237453808	0.354009936958
0.0837159037911	1.38426123821e-20	9.70124832101e-14	2.15048879963	0.32023741786	0.354009965321
0.0837159037911	1.08821046121e-20	8.35377514092e-14	2.15048883244	0.320237385041	0.354009991214
0.0837159037911	8.55475810695e-21	7.19346177823e-14	2.1504888624	0.32023735508	0.354010014853
0.0837159037911	6.7251592144e-21	6.19431232105e-14	2.15048888976	0.320237327728	0.354010036433
0.0837159037911	5.28685507973e-21	5.33394163833e-14	2.15048891473	0.320237302756	0.354010056135
0.0837159037911	4.15615982597e-21	4.59307377927e-14	2.15048893753	0.320237279959	0.354010074122
0.0837159037911	3.26728541052e-21	3.95511015115e-14	2.15048895834	0.320237259147	0.354010090542
0.0837159037911	2.56851381663e-21	3.40575767869e-14	2.15048897734	0.320237240147	0.354010105533
0.0837159037911	2.01918791531e-21	2.93270854981e-14	2.15048899468	0.320237222801	0.354010119218
0.0837159037911	1.58734588292e-21	2.52536446882e-14	2.15048901052	0.320237206966	0.354010131713
0.0837159037911	1.24786154371e-21	2.17459921003e-14	2.15048902498	0.320237192509	0.354010143119
0.0837159037911	9.8098243573e-22	1.87255415187e-14	2.15048903817	0.320237179311	0.354010153532
0.0837159037911	7.71180538931e-22	1.61246221766e-14	2.15048905022	0.320237167262	0.354010163039
0.0837159037911	6.06248798453e-22	1.38849624272e-14	2.15048906122	0.320237156261	0.354010171717
0.0837159037911	4.76590871745e-22	1.19563844284e-14	2.15048907127	0.320237146219	0.354010179641
0.0837159037911	3.7466277779e-22	1.02956798971e-14	2.15048908043	0.320237137051	0.354010186874
0.0837159037911	2.9453396044e-22	8.86564204526e-15	2.1504890888	0.320237128681	0.354010193478
0.0837159037911	2.31542226612e-22	7.63423199144e-15	2.15048909644	0.32023712104	0.354010199506
0.0837159037911	1.82022482547e-22	6.57386095455e-15	2.15048910342	0.320237114065	0.35401020501
