0.0	0.000242435733267	0.0525973670486	0.0	0.0	0.0
2.20319335888e-19	0.000242435733258	0.052597367048	1.75942742884e-13	2.20379270388e-13	1e-06
2.4663971089e-19	0.000242435733258	0.052597367048	1.84669213924e-13	2.3758772727e-13	1.03833333333e-06
2.76104440596e-19	0.000242435733257	0.052597367048	1.94077537474e-13	2.56128451781e-13	1.07813611111e-06
3.09089164278e-19	0.000242435733257	0.0525973670479	2.04220990839e-13	2.76112466224e-13	1.11946466203e-06
3.46014396827e-19	0.000242435733256	0.0525973670479	2.15157014203e-13	2.97650792902e-13	1.16237747408e-06
3.87350889803e-19	0.000242435733255	0.0525973670479	2.26947535904e-13	3.20965476419e-13	1.20693527725e-06
4.33625632942e-19	0.000242435733255	0.0525973670478	2.39659323118e-13	3.46056516776e-13	1.25320112954e-06
4.8542857263e-19	0.000242435733254	0.0525973670478	2.53364359951e-13	3.73034936274e-13	1.30124050618e-06
5.43420133001e-19	0.000242435733253	0.0525973670477	2.68140255064e-13	4.02233801822e-13	1.35112139224e-06
6.08339635532e-19	0.000242435733252	0.0525973670477	2.84070681159e-13	4.33653113418e-13	1.40291437895e-06
6.81014724492e-19	0.000242435733251	0.0525973670476	3.01245848798e-13	4.67514915669e-13	1.45669276347e-06
7.62371918393e-19	0.000242435733251	0.0525973670475	3.19763017243e-13	5.0404125318e-13	1.51253265274e-06
8.53448421966e-19	0.000242435733249	0.0525973670475	3.3972704522e-13	5.43454170554e-13	1.57051307109e-06
9.55405349258e-19	0.000242435733248	0.0525973670474	3.61250984705e-13	5.85864690094e-13	1.63071607215e-06
1.06954252641e-18	0.000242435733247	0.0525973670473	3.84456721116e-13	6.31716901011e-13	1.69322685491e-06
1.19731506286e-18	0.000242435733246	0.0525973670473	4.09475663527e-13	6.81010803305e-13	1.75813388434e-06
1.34035190218e-18	0.000242435733244	0.0525973670472	4.36449488801e-13	7.34301508487e-13	1.82552901657e-06
1.50047658918e-18	0.000242435733243	0.0525973670471	4.65530943883e-13	7.91589016557e-13	1.89550762887e-06
1.67973051779e-18	0.000242435733241	0.052597367047	4.96884710771e-13	8.53428439029e-13	1.96816875464e-06
1.8803989564e-18	0.000242435733239	0.0525973670469	5.30688339072e-13	9.20152842808e-13	2.04361522357e-06
2.1050401822e-18	0.000242435733237	0.0525973670467	5.6713325143e-13	9.92095294804e-13	2.12195380713e-06
2.35651809613e-18	0.000242435733235	0.0525973670466	6.06425827508e-13	1.06958886192e-12	2.20329536973e-06
2.63803873404e-18	0.000242435733233	0.0525973670465	6.48788572677e-13	1.15318865568e-12	2.28775502557e-06
2.95319113982e-18	0.000242435733231	0.0525973670463	6.94461378008e-13	1.24322774297e-12	2.37545230154e-06
3.30599312123e-18	0.000242435733228	0.0525973670462	7.43702878731e-13	1.34037225763e-12	2.46651130643e-06
3.70094247211e-18	0.000242435733225	0.052597367046	7.96791918825e-13	1.44506628885e-12	2.5610609065e-06
4.14307431371e-18	0.000242435733222	0.0525973670458	8.54029130053e-13	1.55797597045e-12	2.65923490791e-06
4.63802528634e-18	0.000242435733219	0.0525973670456	9.15738634377e-13	1.67976743626e-12	2.76117224603e-06
5.19210540962e-18	0.000242435733215	0.0525973670454	9.82269879387e-13	1.81099579777e-12	2.86701718212e-06
5.81237852755e-18	0.000242435733212	0.0525973670451	1.05399961715e-12	1.9525492334e-12	2.97691950742e-06
6.50675236387e-18	0.000242435733208	0.0525973670449	1.13133403767e-12	2.10509387699e-12	3.0910347552e-06
7.28407933585e-18	0.000242435733203	0.0525973670446	1.21471106906e-12	2.26951790693e-12	3.2095244208e-06
8.15426941181e-18	0.000242435733198	0.0525973670443	1.30460285743e-12	2.44693154627e-12	3.33255619024e-06
9.12841645107e-18	0.000242435733193	0.052597367044	1.40151844057e-12	2.63811195111e-12	3.46030417752e-06
1.02189396371e-17	0.000242435733188	0.0525973670436	1.50600663048e-12	2.84416934448e-12	3.59294917097e-06
1.1439741807e-17	0.000242435733182	0.0525973670433	1.61865912121e-12	3.06643599401e-12	3.73067888916e-06
1.28063866954e-17	0.000242435733175	0.0525973670429	1.74011383946e-12	3.30602212272e-12	3.87368824655e-06
1.43362973535e-17	0.000242435733169	0.0525973670424	1.87105855707e-12	3.56437102055e-12	4.02217962931e-06
1.60489782712e-17	0.000242435733161	0.052597367042	2.01223478567e-12	3.84281495512e-12	4.17636318173e-06
1.79662640359e-17	0.000242435733153	0.0525973670415	2.16444197576e-12	4.14313028328e-12	4.33645710366e-06
2.01125976963e-17	0.000242435733144	0.0525973670409	2.32854204376e-12	4.46687131726e-12	4.50268795926e-06
2.25153423819e-17	0.000242435733135	0.0525973670404	2.50546425289e-12	4.81581441389e-12	4.67529099765e-06
2.52051301492e-17	0.000242435733125	0.0525973670397	2.6962104754e-12	5.19218001924e-12	4.85451048584e-06
2.82162525029e-17	0.000242435733114	0.0525973670391	2.90186086595e-12	5.59785551243e-12	5.04060005441e-06
3.15870975707e-17	0.000242435733102	0.0525973670383	3.12357997824e-12	6.03517236183e-12	5.23382305643e-06
3.53606395049e-17	0.00024243573309	0.0525973670375	3.36262335971e-12	6.50679510268e-12	5.43445294018e-06
3.95849863506e-17	0.000242435733076	0.0525973670367	3.62034466138e-12	7.01516622565e-12	5.64277363614e-06
4.43139933642e-17	0.000242435733061	0.0525973670358	3.8982033033e-12	7.5632833329e-12	5.85907995876e-06
4.96079496019e-17	0.000242435733046	0.0525973670348	4.19777273891e-12	8.1542550489e-12	6.08367802375e-06
5.55343465317e-17	0.000242435733029	0.0525973670337	4.5207493652e-12	8.79141204272e-12	6.31688568121e-06
6.2168738467e-17	0.00024243573301	0.0525973670326	4.86896212902e-12	9.47841805034e-12	6.55903296552e-06
6.95957057918e-17	0.00024243573299	0.0525973670314	5.244382884e-12	1.02189368078e-11	6.81046256239e-06
7.79099332569e-17	0.000242435732969	0.05259736703	5.64913755677e-12	1.1017409207e-11	7.07153029379e-06
8.72174170949e-17	0.000242435732946	0.0525973670286	6.08551818558e-12	1.18782761403e-11	7.34260562153e-06
9.76368163423e-17	0.000242435732921	0.0525973670271	6.55599589962e-12	1.28064225889e-11	7.62407217015e-06
1.09300965597e-16	0.000242435732894	0.0525973670254	7.06323491255e-12	1.3807066601e-11	7.91632826978e-06
1.22358568499e-16	0.000242435732865	0.0525973670236	7.61010760927e-12	1.4885870314e-11	8.21978751987e-06
1.36976093515e-16	0.000242435732834	0.0525973670216	8.19971081169e-12	1.60490509768e-11	8.53487937451e-06
1.53339896214e-16	0.000242435732801	0.0525973670196	8.83538331535e-12	1.73030478831e-11	8.86204975021e-06
1.71658595067e-16	0.000242435732764	0.0525973670173	9.52072479627e-12	1.86549664601e-11	9.20176165695e-06
1.92165731083e-16	0.000242435732725	0.0525973670149	1.02596161952e-11	2.01125782691e-11	9.55449585339e-06
2.15122745167e-16	0.000242435732683	0.0525973670123	1.10562416943e-11	2.16840989604e-11	9.92075152733e-06
2.40822311172e-16	0.000242435732638	0.0525973670094	1.19151124118e-11	2.33784103182e-11	1.0301047002e-05
2.69592067135e-16	0.000242435732589	0.0525973670064	1.28410919469e-11	2.52051712828e-11	1.06959204699e-05
3.0179879226e-16	0.000242435732536	0.0525973670031	1.38394239216e-11	2.71745959061e-11	1.11059307539e-05
3.37853082905e-16	0.000242435732479	0.0525973669996	1.4915761674e-11	2.92978974406e-11	1.15316580988e-05
3.78214587181e-16	0.000242435732418	0.0525973669958	1.60762002724e-11	3.15871773172e-11	1.19737049918e-05
4.23397864906e-16	0.000242435732352	0.0525973669916	1.73273110296e-11	3.40552031008e-11	1.24326970156e-05
4.73978947611e-16	0.000242435732281	0.0525973669872	1.86761787155e-11	3.6716185646e-11	1.29092837335e-05
5.3060268224e-16	0.000242435732204	0.0525973669824	2.01304416762e-11	3.95850019414e-11	1.34041396089e-05
5.93990952156e-16	0.000242435732121	0.0525973669773	2.16983350886e-11	4.26780832878e-11	1.39179649593e-05
6.64951880274e-16	0.000242435732032	0.0525973669717	2.33887375942e-11	4.60127491643e-11	1.4451486948e-05
7.4439013164e-16	0.000242435731935	0.0525973669657	2.52112215769e-11	4.96079843846e-11	1.50054606128e-05
8.33318446799e-16	0.000242435731831	0.0525973669593	2.71761073696e-11	5.348410603e-11	1.55806699346e-05
9.32870553004e-16	0.000242435731719	0.0525973669523	2.92945216958e-11	5.76632075389e-11	1.61779289468e-05
1.04431561785e-15	0.000242435731599	0.0525973669448	3.15784606778e-11	6.21687146169e-11	1.67980828876e-05
1.16907442959e-15	0.000242435731469	0.0525973669367	3.40408577683e-11	6.70263844382e-11	1.74420093958e-05
1.3087375105e-15	0.000242435731328	0.052597366928	3.66956569898e-11	7.22635284892e-11	1.81106197532e-05
1.46508539401e-15	0.000242435731177	0.0525973669186	3.95578918961e-11	7.79100117693e-11	1.88048601741e-05
1.64011132441e-15	0.000242435731014	0.0525973669084	4.26437707046e-11	8.39975866569e-11	1.9525713144e-05
1.83604666822e-15	0.000242435730838	0.0525973668975	4.59707680798e-11	9.05607810882e-11	2.02741988107e-05
2.05538936138e-15	0.000242435730649	0.0525973668857	4.95577240883e-11	9.76368985566e-11	2.10513764274e-05
2.30093575495e-15	0.000242435730444	0.052597366873	5.34249508862e-11	1.05265796069e-10	2.18583458524e-05
2.57581626505e-15	0.000242435730224	0.0525973668593	5.75943477425e-11	1.13490883345e-10	2.26962491047e-05
2.88353528192e-15	0.000242435729987	0.0525973668445	6.20895250497e-11	1.22358567707e-10	2.3566271981e-05
3.22801584659e-15	0.000242435729731	0.0525973668286	6.69359380245e-11	1.31919253282e-10	2.44696457335e-05
3.61364966483e-15	0.000242435729454	0.0525973668114	7.2161030855e-11	1.42226896906e-10	2.54076488124e-05
4.04535309602e-15	0.000242435729157	0.0525973667929	7.77943921115e-11	1.53339896313e-10	2.63816086751e-05
4.52862983073e-15	0.000242435728836	0.0525973667729	8.38679222996e-11	1.65321312168e-10	2.73929036649e-05
5.06964105605e-15	0.00024243572849	0.0525973667514	9.04160145065e-11	1.78238868078e-10	2.84429649614e-05
5.67528400312e-15	0.000242435728117	0.0525973667282	9.7475749161e-11	1.92165727738e-10	2.95332786064e-05
6.35327987846e-15	0.000242435727715	0.0525973667032	1.05087104012e-10	2.07180828006e-10	3.06653876064e-05
7.11227229983e-15	0.000242435727281	0.0525973666762	1.13293180515e-10	2.23369100944e-10	3.18408941165e-05
7.96193749179e-15	0.000242435726814	0.0525973666471	1.22140447902e-10	2.40822361994e-10	3.30614617076e-05
8.91310764572e-15	0.00024243572631	0.0525973666158	1.31679006335e-10	2.59639198962e-10	3.43288177212e-05
9.97790901697e-15	0.000242435725766	0.052597366582	1.41962870602e-10	2.79926415302e-10	3.5644755713e-05
1.11699165198e-14	0.00024243572518	0.0525973665455	1.53050275999e-10	3.01798808076e-10	3.7011137992e-05
1.25043267907e-14	0.000242435724549	0.0525973665062	1.650040081e-10	3.25380167148e-10	3.84298982555e-05
1.39981519272e-14	0.000242435723868	0.0525973664639	1.77891758298e-10	3.50804163373e-10	3.99030443261e-05
1.5670436371e-14	0.000242435723133	0.0525973664182	1.91786507129e-10	3.7821457063e-10	4.14326609926e-05
1.75424997014e-14	0.000242435722342	0.052597366369	2.06766937541e-10	4.07766820143e-10	4.30209129606e-05
1.96382084335e-14	0.000242435721488	0.0525973663159	2.22917880462e-10	4.39628111499e-10	4.46700479164e-05
2.19842802874e-14	0.000242435720568	0.0525973662586	2.40330795177e-10	4.73978966961e-10	4.63823997073e-05
2.4610624806e-14	0.000242435719576	0.0525973661969	2.59104287241e-10	5.1101378658e-10	4.81603916447e-05
2.75507246649e-14	0.000242435718507	0.0525973661304	2.79344666863e-10	5.50942513529e-10	5.00065399336e-05
3.08420625359e-14	0.000242435717354	0.0525973660587	3.01166550915e-10	5.93990967171e-10	5.19234572333e-05
3.45265989443e-14	0.000242435716111	0.0525973659814	3.24693511984e-10	6.40403063502e-10	5.39138563551e-05
3.86513072145e-14	0.00024243571477	0.052597365898	3.50058778134e-10	6.90441703333e-10	5.59805541014e-05
4.3268772322e-14	0.000242435713325	0.0525973658081	3.77405987348e-10	7.44390104558e-10	5.81264752516e-05
4.84378612872e-14	0.000242435711767	0.0525973657112	4.06890000919e-10	8.02553911572e-10	6.03546567017e-05
5.42244736571e-14	0.000242435710088	0.0525973656067	4.38677780394e-10	8.652623055e-10	6.2668251762e-05
6.07023816439e-14	0.000242435708277	0.052597365494	4.7294933304e-10	9.32870557708e-10	6.50705346195e-05
6.79541706295e-14	0.000242435706324	0.0525973653726	5.09898731185e-10	1.00576136207e-09	6.75649049713e-05
7.60722920273e-14	0.000242435704219	0.0525973652417	5.49735211206e-10	1.08434761053e-09	7.01548928364e-05
8.51602419239e-14	0.00024243570195	0.0525973651005	5.92684358388e-10	1.16907439148e-09	7.28441635506e-05
9.5333880526e-14	0.000242435699503	0.0525973649483	6.38989384362e-10	1.26042132128e-09	7.56365229543e-05
1.06722909235e-13	0.000242435696865	0.0525973647842	6.88912504358e-10	1.35890565282e-09	7.8535922778e-05
1.19472524181e-13	0.000242435694021	0.0525973646073	7.42736422069e-10	1.46508527317e-09	8.1546466235e-05
1.33745267291e-13	0.000242435690955	0.0525973644165	8.00765930541e-10	1.5795613681e-09	8.4672413828e-05
1.49723098498e-13	0.000242435687649	0.0525973642109	8.6332963814e-10	1.70298208578e-09	8.79181893788e-05
1.67609715507e-13	0.000242435684085	0.0525973639892	9.30781829393e-10	1.83604642264e-09	9.12883862883e-05
1.87633150686e-13	0.000242435680242	0.0525973637501	1.00350447121e-09	1.97950799804e-09	9.47877740375e-05
2.10048678194e-13	0.0002424356761	0.0525973634924	1.0819093759e-09	2.13417894012e-09	9.8421304937e-05
2.35142068411e-13	0.000242435671633	0.0525973632146	1.16644053311e-09	2.30093543688e-09	0.000102194121135
2.63233231154e-13	0.000242435666817	0.052597362915	1.25757662411e-09	2.48072151094e-09	0.000106111561896
2.94680294127e-13	0.000242435661625	0.0525973625921	1.35583373238e-09	2.67455534781e-09	0.000110179171153
3.29884168604e-13	0.000242435656028	0.0525973622439	1.46176826614e-09	2.883534736e-09	0.000114402705358
3.69293660544e-13	0.000242435649993	0.0525973618685	1.57598010909e-09	3.10884284015e-09	0.000118788141626
4.13411192304e-13	0.000242435643486	0.0525973614637	1.69911601744e-09	3.35175563957e-09	0.000123341686192
4.62799207894e-13	0.000242435636472	0.0525973610273	1.83187328234e-09	3.61364870054e-09	0.000128069783196
5.1808734343e-13	0.000242435628909	0.0525973605569	1.97500367843e-09	3.89600505893e-09	0.000132979123803
5.79980454201e-13	0.000242435620755	0.0525973600497	2.12931772101e-09	4.20042365791e-09	0.000138076655671
6.49267600679e-13	0.000242435611964	0.0525973595028	2.29568925575e-09	4.52862834069e-09	0.000143369592783
7.26832108045e-13	0.000242435602486	0.0525973589132	2.47506040703e-09	4.88247762057e-09	0.000148865425655
8.13662827458e-13	0.000242435592267	0.0525973582776	2.66844691304e-09	5.26397522798e-09	0.000154571931939
9.10866742646e-13	0.00024243558125	0.0525973575923	2.87694387753e-09	5.67528165683e-09	0.000160497187428
1.01968308254e-12	0.000242435569373	0.0525973568534	3.10173197118e-09	6.1187259329e-09	0.000166649577483
1.14149911983e-12	0.000242435556567	0.0525973560568	3.34408411737e-09	6.59681915849e-09	0.000173037808903
1.27786785694e-12	0.00024243554276	0.052597355198	3.60537270047e-09	7.11226861232e-09	0.000179670922242
1.43052782476e-12	0.000242435527875	0.052597354272	3.88707733718e-09	7.66799340361e-09	0.000186558304608
1.6014252467e-12	0.000242435511827	0.0525973532737	4.19079325527e-09	8.26714012629e-09	0.00019370970294
1.79273885046e-12	0.000242435494525	0.0525973521974	4.51824032686e-09	8.91310184375e-09	0.000201135237809
2.00690764397e-12	0.00024243547587	0.052597351037	4.87127280759e-09	9.60953651855e-09	0.000208845417734
2.24666200951e-12	0.000242435455759	0.052597349786	5.25188983668e-09	1.03603876626e-08	0.000216851154056
2.51505851249e-12	0.000242435434075	0.0525973484371	5.66224675751e-09	1.11699074297e-08	0.000225163776376
2.81551886857e-12	0.000242435410698	0.0525973469829	6.10466732261e-09	1.20426798193e-08	0.00023379504859
3.15187356592e-12	0.000242435385494	0.0525973454151	6.58165685239e-09	1.29836469888e-08	0.000242757185538
3.52841069879e-12	0.000242435358321	0.0525973437248	7.09591642194e-09	1.39981376751e-08	0.000252062870282
3.94993063487e-12	0.000242435329024	0.0525973419023	7.65035815632e-09	1.50918963935e-08	0.000261725272061
4.42180721339e-12	0.000242435297438	0.0525973399375	8.24812172097e-09	1.62711170776e-08	0.000271758064923
4.9500562541e-12	0.000242435263385	0.0525973378192	8.89259210049e-09	1.75424771629e-08	0.000282175447074
5.54141225061e-12	0.00024243522667	0.0525973355353	9.58741876664e-09	1.89131761117e-08	0.000292992160973
6.20341422563e-12	0.000242435187087	0.052597333073	1.03365363439e-08	2.03909759361e-08	0.00030422351419
6.94450184282e-12	0.000242435144411	0.0525973304183	1.11441868899e-08	2.19842448298e-08	0.000315885401065
7.7741230003e-12	0.0002424350984	0.0525973275562	1.20149439162e-08	2.37020051297e-08	0.000327994325205
8.70285427757e-12	0.000242435048795	0.0525973244704	1.29537382866e-08	2.5553984053e-08	0.00034056742283
9.7425357713e-12	0.000242434995313	0.0525973211436	1.39658861381e-08	2.75506688755e-08	0.000353622487027
1.09064220388e-11	0.000242434937653	0.0525973175568	1.50571189843e-08	2.9703366106e-08	0.000367177992921
1.22093510736e-11	0.000242434875487	0.0525973136897	1.62336161702e-08	3.20242659904e-08	0.00038125312382
1.36679334669e-11	0.000242434808464	0.0525973095204	1.75020398624e-08	3.45265111238e-08	0.000395867798357
1.53007641665e-11	0.000242434736203	0.0525973050254	1.88695727745e-08	3.72242708345e-08	0.000411042698675
1.7128659533e-11	0.000242434658297	0.0525973001792	2.03439588384e-08	4.01328217872e-08	0.000426799299689
1.91749227147e-11	0.000242434574304	0.0525972949543	2.19335470542e-08	4.32686341353e-08	0.000443159899468
2.14656407237e-11	0.000242434483748	0.0525972893212	2.36473387659e-08	4.66494650019e-08	0.000460147650788
2.40300170018e-11	0.000242434386116	0.0525972832479	2.54950386306e-08	5.02944589549e-08	0.000477786593887
2.6900743714e-11	0.000242434280855	0.0525972767001	2.74871095699e-08	5.42242561426e-08	0.000496101690476
3.01144185159e-11	0.00024243416737	0.0525972696406	2.96348320145e-08	5.8461109977e-08	0.000515118859057
3.37120111077e-11	0.000242434045018	0.0525972620296	3.19503677778e-08	6.30290120338e-08	0.000534865011588
3.77393855223e-11	0.000242433913106	0.0525972538238	3.44468289187e-08	6.79538286094e-08	0.000555368091556
4.22478848045e-11	0.000242433770887	0.0525972449769	3.71383519858e-08	7.32634470483e-08	0.000576657113507
4.72949855347e-11	0.000242433617555	0.0525972354388	4.00401780608e-08	7.89879336164e-08	0.000598762204093
5.29450305401e-11	0.000242433452243	0.0525972251554	4.31687390559e-08	8.51597039196e-08	0.000621714644686
5.92700491321e-11	0.000242433274014	0.0525972140684	4.65417507526e-08	9.18137057572e-08	0.000645546915627
6.63506753266e-11	0.000242433081859	0.0525972021152	5.01783131091e-08	9.89876179627e-08	0.000670292742168
7.42771757496e-11	0.000242432874691	0.0525971892281	5.40990184038e-08	1.06722063121e-07	0.000695987142173
8.31506003306e-11	0.000242432651335	0.0525971753339	5.83260678276e-08	1.15060837386e-07	0.000722666475648
9.30840704499e-11	0.000242432410528	0.0525971603542	6.28833971827e-08	1.24051159499e-07	0.000750368496163
1.04204220958e-10	0.000242432150905	0.052597144204	6.77968124025e-08	1.33743936579e-07	0.000779132404242
1.16652814449e-10	0.000242431870997	0.0525971267919	7.30941356567e-08	1.44194053778e-07	0.000808998902801
1.30588548353e-10	0.000242431569218	0.0525971080193	7.88053628695e-08	1.55460683805e-07	0.000840010254703
1.46189077892e-10	0.00024243124386	0.05259708778	8.49628335421e-08	1.67607623221e-07	0.000872210342517
1.63653280671e-10	0.000242430893081	0.0525970659592	9.16014138403e-08	1.80703652029e-07	0.00090564473056
1.83203791765e-10	0.000242430514894	0.0525970424334	9.87586939829e-08	1.94822924584e-07	0.000940360729317
2.05089841614e-10	0.000242430107158	0.0525970170695	1.06475201047e-07	2.10045388484e-07	0.000976407462322
2.29590432885e-10	0.000242429667564	0.0525969897238	1.14794628395e-07	2.26457237083e-07	0.0010138359356
2.57017896789e-10	0.000242429193623	0.0525969602415	1.23764083021e-07	2.44151398219e-07	0.00105269910973
2.87721874162e-10	0.000242428682652	0.0525969284555	1.33434352213e-07	2.63228059227e-07	0.00109305197476
3.22093772041e-10	0.000242428131758	0.052596894186	1.4386019104e-07	2.83795234597e-07	0.00113495162784
3.60571752526e-10	0.000242427537821	0.0525968572388	1.55100632295e-07	3.05969377364e-07	0.00117845735393
4.03646317476e-10	0.000242426897478	0.0525968174049	1.67219320637e-07	3.29876038136e-07	0.00122363070956
4.51866560195e-10	0.000242426207105	0.0525967744585	1.80284872825e-07	3.55650575623e-07	0.0012705356098
5.05847163767e-10	0.000242425462791	0.0525967281566	1.9437126608e-07	3.83438922581e-07	0.00131923841849
5.66276235164e-10	0.000242424660324	0.052596678237	2.09558256775e-07	4.13398412023e-07	0.00136980804198
6.33924074942e-10	0.000242423795159	0.052596624417	2.25931831807e-07	4.45698667389e-07	0.00142231602644
7.09652994221e-10	0.000242422862399	0.0525965663919	2.43584695213e-07	4.80522562209e-07	0.00147683665882
7.94428303975e-10	0.000242421856763	0.0525965038331	2.62616792765e-07	5.18067255264e-07	0.00153344707173
8.89330616594e-10	0.000242420772557	0.0525964363865	2.83135877528e-07	5.58545305784e-07	0.00159222735229
9.95569616374e-10	0.000242419603644	0.0525963636701	3.05258119544e-07	6.02185876024e-07	0.00165326065508
1.11449947427e-09	0.000242418343406	0.0525962852722	3.29108763117e-07	6.49236027983e-07	0.00171663331944
1.24763610317e-09	0.000242416984709	0.052596200749	3.54822835374e-07	6.99962120704e-07	0.00178243499123
1.39667647341e-09	0.000242415519861	0.0525961096218	3.82545910135e-07	7.54651316927e-07	0.0018507587492
1.56352023429e-09	0.000242413940571	0.0525960113749	4.12434931362e-07	8.13613207421e-07	0.00192170123613
1.75029391697e-09	0.000242412237898	0.0525959054519	4.44659100869e-07	8.77181561546e-07	0.001995362795
1.95937802657e-09	0.000242410402206	0.0525957912531	4.79400835262e-07	9.457162148e-07	0.00207184761033
2.19343736831e-09	0.000242408423102	0.052595668132	5.1685679752e-07	1.01960510325e-06	0.00215126385477
2.45545499353e-09	0.000242406289387	0.0525955353916	5.57239009029e-07	1.09926645684e-06	0.00223372384139
2.74877019731e-09	0.000242403988982	0.0525953922804	6.00776048312e-07	1.18515116339e-06	0.00231934418162
3.07712105111e-09	0.00024240150887	0.0525952379883	6.47714343217e-07	1.27774531661e-06	0.00240824594916
3.4446920111e-09	0.000242398835014	0.0525950716418	6.98319563821e-07	1.37757296392e-06	0.00250055485015
3.85616720751e-09	0.000242395952282	0.0525948922992	7.52878123886e-07	1.48519906637e-06	0.00259640139969
4.31679009249e-09	0.000242392844363	0.0525946989453	8.11698799296e-07	1.60123269066e-06	0.00269592110498
4.83243020417e-09	0.00024238949367	0.0525944904857	8.75114472564e-07	1.7263304491e-06	0.00279925465543
5.4096578954e-09	0.000242385881245	0.0525942657405	9.43484013198e-07	1.86120020756e-06	0.0029065481198
6.05582797611e-09	0.000242381986649	0.0525940234374	1.01719430447e-06	2.0066050814e-06	0.00301795315081
6.77917333148e-09	0.000242377787849	0.0525937622052	1.09666242791e-06	2.16336774304e-06	0.00313362719732
7.58890970402e-09	0.000242373261094	0.0525934805653	1.18233801786e-06	2.33237506408e-06	0.00325373372448
8.49535296938e-09	0.000242368380778	0.0525931769237	1.27470579907e-06	2.51458311853e-06	0.00337844244207
9.51005039327e-09	0.000242363119298	0.0525928495621	1.37428832168e-06	2.71102257423e-06	0.00350792954127
1.06459275337e-08	0.000242357446897	0.0525924966281	1.48164890879e-06	2.92280450412e-06	0.00364237794028
1.19174526505e-08	0.000242351331501	0.0525921161244	1.59739483306e-06	3.15112664772e-06	0.00378197753891
1.33408207048e-08	0.00024234473853	0.0525917058981	1.72218073994e-06	3.39728015875e-06	0.00392692548265
1.49341592777e-08	0.000242337630711	0.0525912636281	1.85671233671e-06	3.66265687675e-06	0.00407742643636
1.67177590149e-08	0.000242329967864	0.0525907868123	2.00175036772e-06	3.94875716084e-06	0.00423369286798
1.8714331511e-08	0.00024232170668	0.0525902727531	2.15811489788e-06	4.25719833235e-06	0.00439594534263
2.09492978936e-08	0.000242312800471	0.0525897185429	2.32668992805e-06	4.58972376901e-06	0.00456441282727
2.34511117509e-08	0.000242303198915	0.0525891210467	2.50842836798e-06	4.94821270422e-06	0.00473933300652
2.62516204812e-08	0.00024229284777	0.0525884768853	2.70435739401e-06	5.334690782e-06	0.00492095260965
2.93864696185e-08	0.000242281688569	0.0525877824158	2.91558422118e-06	5.75134142948e-06	0.00510952774945
3.28955552316e-08	0.000242269658293	0.0525870337113	3.14330232128e-06	6.20051810396e-06	0.00530532427293
3.6823530091e-08	0.000242256689022	0.0525862265387	3.38879812103e-06	6.68475748629e-06	0.00550861812464
4.12203699686e-08	0.000242242707547	0.0525853563348	3.65345821681e-06	7.20679368904e-06	0.0057196957225
4.61420071878e-08	0.00024222763497	0.0525844181806	3.93877714531e-06	7.76957355699e-06	0.00593885434693
5.16510393708e-08	0.000242211386253	0.0525834067741	4.24636575225e-06	8.37627314363e-06	0.00616640254319
5.78175222689e-08	0.000242193869755	0.0525823163999	4.5779602044e-06	9.03031545098e-06	0.00640266053771
6.47198565975e-08	0.000242174986712	0.0525811408975	4.9354316935e-06	9.73538952796e-06	0.00664796066832
7.24457799609e-08	0.000242154630693	0.0525798736265	5.32079688409e-06	1.04954710295e-05	0.00690264782902
8.10934762428e-08	0.000242132687006	0.0525785074296	5.7362291611e-06	1.13148443445e-05	0.00716707992947
9.07728162858e-08	0.000242109032062	0.0525770345922	6.18407073708e-06	1.21981264103e-05	0.00744162836938
1.01606745283e-07	0.000242083532692	0.0525754467996	6.66684568293e-06	1.31502923377e-05	0.00772667852836
1.13732834105e-07	0.000242056045409	0.0525737350902	7.18727395098e-06	1.41767029797e-05	0.00802263027108
1.27305013764e-07	0.000242026415615	0.0525718898055	7.74828646339e-06	1.52831345877e-05	0.00832989846837
1.42495514458e-07	0.000241994476753	0.052569900536	8.35304134459e-06	1.64758107061e-05	0.00864891353405
1.59497033073e-07	0.000241960049387	0.0525677560637	9.00494138126e-06	1.77614364681e-05	0.00898012197789
1.78525155802e-07	0.000241922940222	0.052565444299	9.70765279926e-06	1.91472354662e-05	0.00932398697465
1.99821065556e-07	0.000241882941044	0.0525629522139	1.04651254529e-05	2.064098938e-05	0.00968098894922
2.23654567244e-07	0.000241839827587	0.0525602657694	1.1281614528e-05	2.22510805594e-05	0.0100516261779
2.50327467753e-07	0.000241793358312	0.0525573698378	1.21617038664e-05	2.39865377686e-05	0.0104364154054
2.80177351619e-07	0.000241743273096	0.0525542481188	1.31103310278e-05	2.58570853135e-05	0.010835892478
3.1358179801e-07	0.000241689291831	0.0525508830497	1.41328142096e-05	2.78731957852e-05	0.0112506129916
3.50963089721e-07	0.000241631112913	0.0525472557082	1.52348811541e-05	3.00461466662e-05	0.011681152955
3.92793470568e-07	0.000241568411628	0.0525433457085	1.64227001816e-05	3.23880810604e-05	0.0121281094671
4.39601013789e-07	0.000241500838419	0.0525391310891	1.7702913491e-05	3.4912072821e-05	0.0125921014087
4.91976170951e-07	0.000241428017031	0.0525345881929	1.90826728827e-05	3.7632196364e-05	0.0130737701454
5.50579078451e-07	0.000241349542521	0.0525296915375	2.05696780631e-05	4.05636014692e-05	0.0135737802434
6.16147707069e-07	0.000241264979132	0.0525244136767	2.21722176988e-05	4.37225933857e-05	0.0140928201949
6.89506949204e-07	0.000241173858023	0.0525187250512	2.38992133977e-05	4.71267185663e-05	0.0146316031519
7.71578748474e-07	0.00024107567483	0.0525125938289	2.57602667996e-05	5.07948563758e-05	0.015190867667
8.6339338744e-07	0.000240969887076	0.0525059857326	2.77657099677e-05	5.47473171193e-05	0.0157713784384
9.66102061192e-07	0.000240855911397	0.0524988638565	2.99266592805e-05	5.90059467556e-05	0.0163739270566
1.08099087774e-06	0.000240733120587	0.0524911884683	3.22550730253e-05	6.35942386601e-05	0.0169993327504
1.20949644038e-06	0.000240600840453	0.052482916798	3.47638129048e-05	6.8537452813e-05	0.0176484431276
1.35322318266e-06	0.000240458346467	0.0524740028105	3.74667096695e-05	7.38627427829e-05	0.0183221349073
1.51396264338e-06	0.000240304860202	0.0524643969637	4.03786330894e-05	7.95992908813e-05	0.0190213146395
1.69371488698e-06	0.000240139545557	0.0524540459484	4.35155664831e-05	8.57784518501e-05	0.0197469194051
1.89471229386e-06	0.00023996150475	0.0524428924108	4.68946860161e-05	9.24339054324e-05	0.0204999174929
2.11944596595e-06	0.000239769774079	0.0524308746555	5.05344449774e-05	9.96018181576e-05	0.0212813090448
2.37069501448e-06	0.000239563319441	0.0524179263293	5.44546632334e-05	0.000107321014639	0.0220921266627
2.65155901972e-06	0.000239341031605	0.0524039760825	5.8676622047e-05	0.000115633158649	0.0229334359682
2.96549397674e-06	0.000239101721239	0.0523889472091	6.3223164428e-05	0.000124582944175	0.0238063361055
3.31635206567e-06	0.000238844113688	0.0523727572627	6.8118801162e-05	0.000134218296602	0.0247119601774
3.70842561043e-06	0.000238566843498	0.0523553176485	7.33898226265e-05	0.000144590584082	0.0256514756008
4.14649561532e-06	0.000238268448704	0.0523365331896	7.90644164704e-05	0.000155754839052	0.0266260843699
4.635885294e-06	0.000237947364882	0.0523163016666	8.51727911771e-05	0.000167769989718	0.0276370232108
5.18251902956e-06	0.000237601918973	0.0522945133295	9.17473054736e-05	0.000180699101215	0.0286855636119
5.79298722692e-06	0.000237230322914	0.0522710503818	9.88226034727e-05	0.000194609625912	0.0297730117099
6.47461753822e-06	0.000236830667079	0.0522457864349	0.000106435755346	0.000209573662184	0.0309007080127
7.23555295777e-06	0.000236400913585	0.0522185859331	0.000114626403218	0.000225668220662	0.0320700269347
8.08483729306e-06	0.000235938889486	0.0521893035488	0.000123436911846	0.000242975496708	0.0332823761206
9.03250852103e-06	0.000235442279916	0.0521577835464	0.000132912523503	0.000261583147509	0.0345391955296
1.00897005321e-05	0.000234908621237	0.0521238591179	0.000143101516299	0.000281584571795	0.0358419562493
1.1268753745e-05	0.000234335294274	0.0520873516875	0.000154055364992	0.000303079189688	0.0371921590075
1.25833350412e-05	0.000233719517726	0.0520480701887	0.000165828903088	0.000326172719713	0.0385913323443
1.40485674144e-05	0.000233058341853	0.0520058103139	0.000178480484769	0.000350977449361	0.0400410304057
1.56811696519e-05	0.000232348642581	0.0519603537398	0.00019207214489	0.000377612494935	0.0415428303176
1.74996062637e-05	0.000231587116157	0.0519114673303	0.000206669754937	0.00040620404563	0.0430983290918
1.95242477302e-05	0.000230770274537	0.0518589023214	0.000222343172436	0.000436885585965	0.0447091400182
2.17775409683e-05	0.000229894441692	0.0518023934934	0.000239166380899	0.000469798089701	0.0463768884873
2.42841896819e-05	0.000228955751079	0.0517416583338	0.000257217616871	0.000505090177385	0.0481032071906
2.70713438565e-05	0.000227950144549	0.0516763818229	0.000276579480144	0.000542918225771	0.0498897306383
3.01687970602e-05	0.000226873373172	0.0516062332093	0.000297339027712	0.000583446406451	0.0517380894388
3.36091938551e-05	0.000225720998971	0.0515308957778	0.000319587835328	0.000626846724784	0.0536499031432
3.7428237271e-05	0.000224488400735	0.0514500094317	0.000343422014891	0.000673298890392	0.0556267711887
4.16649023077e-05	0.000223170781422	0.0513631927816	0.000368942213988	0.000722990140509	0.0576702648414
4.63616481595e-05	0.000221763179058	0.0512700424696	0.000396253560846	0.000776114944011	0.0597819173489
5.15646260946e-05	0.000220260481282	0.0511701325736	0.000425465555121	0.000832874577764	0.0619632130236
5.73238782125e-05	0.000218657444018	0.0510630141104	0.000456691895731	0.000893476556663	0.0642155751932
6.36935213123e-05	0.000216948714786	0.050948214664	0.000490050236281	0.000958133897481	0.0665403529636
7.07319090104e-05	0.000215128861183	0.0508252381655	0.000525661857924	0.0010270641956	0.0689388067425
7.85017640573e-05	0.000213192405045	0.0506935648524	0.00056365124898	0.00110048849295	0.0714120924834
8.70702715373e-05	0.00021113386283	0.0505526514434	0.000604145580203	0.00117862991527	0.0739612446226
9.65091223207e-05	0.000208947792691	0.0504019315616	0.000647274064366	0.0012617120567	0.0765871576979
0.000106894494805	0.000206628848708	0.0502408164469	0.000693167188907	0.00134995709117	0.0792905666562
0.000118306936037	0.000204171848243	0.0500684466231	0.000741955807361	0.00144358327766	0.0820720258861
0.000130831243099	0.00020157182845	0.049884385575	0.000793770324616	0.00154280302825	0.0849319007945
0.000144556131795	0.000198824133261	0.0496880221643	0.000848739075619	0.00164781993064	0.087870320304
0.000159573827661	0.000195924498018	0.0494786917831	0.000906987096103	0.00175882547871	0.0908871611508
0.000175979527302	0.000192869140713	0.0492557168587	0.000968634616876	0.00187599565764	0.0939820248824
0.000193870699525	0.000189654861702	0.0490184102174	0.00103379535328	0.00199948715969	0.0971542122283
0.000213346217926	0.000186279149525	0.0487660790417	0.00110257462842	0.00212943330123	0.100402697194
0.00023450517025	0.000182740315693	0.0484973224708	0.00117506732414	0.00226593830355	0.103726101228
0.000257445982383	0.000179037550539	0.0482120231427	0.00125135674218	0.00240907527923	0.10712271609
0.000282264710404	0.000175171083599	0.0479095921749	0.00133151047359	0.00255888056729	0.110590393229
0.000309053418125	0.000171142291722	0.0475893663215	0.00141557868316	0.0027153485008	0.114126553307
0.000337898375559	0.000166953803364	0.0472506947241	0.00150359178575	0.0028784268023	0.117728171593
0.000368877515135	0.000162609676604	0.0468913704919	0.00159555795212	0.00304800751095	0.121391760872
0.000402059806673	0.000158115281092	0.0465123653041	0.00169146376737	0.0032239324791	0.125113480485
0.000437501520156	0.000153477574843	0.0461131638077	0.00179126598325	0.00340598287798	0.12888888475
0.000475244242496	0.00014870509846	0.0456928043355	0.00189489224421	0.00359387648884	0.132713035398
0.000515311538364	0.000143808129132	0.0452490925748	0.00200224022307	0.00378725697099	0.13658054452
0.000557709824657	0.000138798302605	0.0447839329062	0.00211317924409	0.00398571294241	0.140485694091
0.000602423009489	0.00013368896617	0.0442971132534	0.00222753991286	0.00418876261093	0.144422111246
0.000649409199484	0.000128495241699	0.0437841791286	0.00234511829069	0.00439584180817	0.148382974408
0.00069860576758	0.000123233202754	0.0432492856191	0.00246568736854	0.00460634098386	0.152361435574
0.000749921513899	0.000117920455659	0.0426912707789	0.00258897547122	0.0048195850376	0.156349898386
0.000803234741625	0.000112576051114	0.0421065443834	0.00271468162206	0.00503481904211	0.160340553177
0.000858403712127	0.00010721922563	0.0415005442138	0.00284248547888	0.00525127488661	0.164325679957
0.000915252944	0.000101870543492	0.0408671483162	0.00297202393866	0.00546811571465	0.168296872839
0.000973585090594	9.65506022975e-05	0.0402110768555	0.00310292970292	0.00568447812502	0.172246225382
0.00103318055291	9.12799611394e-05	0.0395298271988	0.00323480272414	0.00589950063333	0.17616538299
0.00109379044167	8.60796873403e-05	0.0388234519878	0.00336723764753	0.00611225781849	0.180046330624
0.00115516167594	8.09691485785e-05	0.0380935052205	0.00349982219513	0.00632190512785	0.183881261133
0.0012170106425	7.5968272116e-05	0.0373370660164	0.00363213721446	0.00652752673517	0.187662501695
0.0012790646479	7.10941977106e-05	0.0365567424331	0.00376377954568	0.006728336986	0.191383090622
0.00134102350578	6.63644806284e-05	0.0357508770742	0.00389434759936	0.00692347848967	0.195036278692
0.00140261041905	6.17932523572e-05	0.0349170868232	0.00402346451085	0.00711226229472	0.198616100426
0.00146353596682	5.73941895359e-05	0.0340627458365	0.00415078453853	0.00729396083564	0.202117467896
0.00152352438015	5.31786909364e-05	0.0331702684015	0.00427596501263	0.00746796376231	0.205535320781
0.0015823370218	4.91545558856e-05	0.0322586102413	0.00439876177202	0.00763378433012	0.208867176358
0.00163971235556	4.53303297666e-05	0.031308981637	0.00451889691345	0.00779088489591	0.212109453986
0.00169545870321	4.17092422184e-05	0.0303225422891	0.00463620598461	0.00793897210276	0.215261434394
