0.0	0.115818568167	0.711060885113	1.0	0.0	0.0
2.97848450907e-12	0.115818542652	0.711060792483	1.00000003086	2.9784845924e-08	0.0001
3.71739866083e-12	0.115818539734	0.711060781888	1.00000003439	3.45269239046e-08	0.000107666665926
4.63962552464e-12	0.11581853635	0.711060769605	1.00000003848	4.00239932942e-08	0.000115921109473
5.79064202715e-12	0.115818532428	0.711060755367	1.00000004322	4.63962569043e-08	0.000124808393557
7.22720718338e-12	0.115818527882	0.711060738862	1.00000004872	5.37830554476e-08	0.000134377035908
9.0201609985e-12	0.115818522612	0.711060719729	1.00000005509	6.23459139858e-08	0.00014467927394
1.12579177306e-11	0.115818516503	0.71106069755	1.00000006248	7.22720740979e-08	0.000155771349923
1.40508257736e-11	0.115818509421	0.71106067184	1.00000007105	8.37785884866e-08	0.000167713818021
1.75366091545e-11	0.115818501211	0.711060642037	1.00000008097	9.71170669491e-08	0.000180571874863
2.18871589729e-11	0.115818491695	0.711060607488	1.00000009248	1.12579177962e-07	0.000194415715462
2.73170096825e-11	0.115818480664	0.711060567439	1.00000010582	1.30503027229e-07	0.000209320916421
3.40939181911e-11	0.115818467876	0.711060521014	1.00000012129	1.51280549961e-07	0.000225368848509
4.25520674517e-11	0.115818453052	0.711060467197	1.00000013922	1.753660821e-07	0.000242647120877
5.31085456324e-11	0.115818435868	0.711060404812	1.00000016	2.03286294217e-07	0.000261250059317
6.62839134742e-11	0.115818415948	0.711060332495	1.00000018409	2.35651708682e-07	0.000281279221192
8.27278740367e-11	0.115818392857	0.711060248664	1.00000021201	2.73170049011e-07	0.00030284394984
1.03251310635e-10	0.11581836609	0.711060151487	1.00000024439	3.16661715716e-07	0.000326061971474
1.28866272781e-10	0.11581833506	0.711060038837	1.00000028191	3.6707772514e-07	0.000351060037839
1.60835881873e-10	0.115818299091	0.711059908253	1.00000032541	4.25520504842e-07	0.000377974618139
2.00736617484e-10	0.115818257395	0.711059756878	1.00000037584	4.93267999272e-07	0.000406952643996
2.50536055619e-10	0.11581820906	0.711059581403	1.00000043429	5.7180161395e-07	0.000438152311511
3.12689892185e-10	0.11581815303	0.71105937799	1.00000050205	6.62838607406e-07	0.000471743944811
3.90263035853e-10	0.115818088079	0.711059142192	1.0000005806	7.68369641049e-07	0.000507910925774
4.87080741292e-10	0.115818012788	0.711058868853	1.00000067166	8.90702306037e-07	0.000546850695017
6.07917234938e-10	0.11581792551	0.711058551994	1.00000077721	1.03251158086e-06	0.000588775829604
7.58731134046e-10	0.115817824336	0.711058184689	1.00000089957	1.19689832041e-06	0.000633915203335
9.46959266939e-10	0.115817707054	0.711057758906	1.0000010414	1.38745705722e-06	0.000682515235956
1.1818833817e-09	0.1158175711	0.711057265333	1.00000120582	1.60835459596e-06	0.000734841238094
1.47508782417e-09	0.1158174135	0.71105669318	1.00000139642	1.86442111942e-06	0.000791178859228
1.84103075092e-09	0.11581723081	0.711056029934	1.00000161736	2.16125579767e-06	0.000851835646601
2.29775703997e-09	0.115817019034	0.711055261094	1.00000187348	2.50534920862e-06	0.000917142723543
2.86778804736e-09	0.115816773541	0.711054369847	1.00000217037	2.90422524556e-06	0.000987456596348
3.57923207503e-09	0.115816488965	0.711053336708	1.00000251453	3.36660561283e-06	0.00106316109951
4.4671702946e-09	0.115816159082	0.711052139085	1.00000291349	3.90260050402e-06	0.0011446694899
5.57538644859e-09	0.11581577668	0.711050750792	1.00000337596	4.52392963042e-06	0.00123242670128
6.95852559287e-09	0.115815333398	0.711049141474	1.00000391206	5.24417842623e-06	0.00132691177133
8.6847882878e-09	0.115814819544	0.711047275944	1.00000453351	6.07909502837e-06	0.00142864045437
1.0839293029e-08	0.115814223883	0.711045113414	1.00000525389	7.04693451823e-06	0.00153816803392
1.35282726323e-08	0.115813533392	0.711042606601	1.00000608897	8.16885793866e-06	0.00165609235034
1.68843113689e-08	0.115812732976	0.711039700699	1.000007057	9.469394802e-06	0.00178305705979
2.10728809082e-08	0.115811805136	0.711036332175	1.00000817914	1.09769791796e-05	0.00191975514218
2.63004970839e-08	0.115810729589	0.711032427385	1.00000947992	1.27245710721e-05	0.00206693267685
3.28248992985e-08	0.115809482822	0.711027900963	1.00001098779	1.47503766126e-05	0.00222539290641
4.09677539368e-08	0.115808037583	0.711022653957	1.00001273571	1.70986828055e-05	0.00239600061019
5.11305073573e-08	0.115806362283	0.711016571669	1.00001476189	1.98208249917e-05	0.00257968681093
6.38141689574e-08	0.115804420305	0.711009521145	1.00001711062	2.29763081127e-05	0.0027774538394
7.96439980487e-08	0.115802169208	0.711001348276	1.00001983326	2.66341061787e-05	0.00299038078395
9.94003092923e-08	0.1157995598	0.710991874434	1.0000229893	3.08741682082e-05	0.00321962935343
1.24056911992e-07	0.115796535063	0.710980892573	1.00002664773	3.57891633637e-05	0.0034664501843
1.54829073301e-07	0.115793028913	0.710968162707	1.00003088852	4.14865031752e-05	0.00373218962448
1.93233362593e-07	0.115788964759	0.710953406684	1.00003580433	4.80906847049e-05	0.00401829702887
2.41162316614e-07	0.115784253834	0.710936302115	1.00004150258	5.57460054011e-05	0.00432633260383
3.00977590754e-07	0.115778793263	0.710916475354	1.00004810778	6.46197083478e-05	0.00465797583977
3.75626165989e-07	0.115772463826	0.710893493357	1.00005576423	7.49056258037e-05	0.00501503457415
4.68785307279e-07	0.11576512737	0.710866854256	1.00006463916	8.68283995126e-05	0.00539945472871
5.85043371584e-07	0.115756623803	0.710835976448	1.00007492641	0.000100648368478	0.00581333076798
7.301253091e-07	0.115746767632	0.710800185956	1.0000868506	0.000116667228937	0.00625891692775
9.11173873028e-07	0.115735343938	0.710758701795	1.00010067203	0.000135234587425	0.00673863926498
1.13710025356e-06	0.115722103734	0.710710619041	1.00011669234	0.000156755546354	0.00725510858213
1.4190212079e-06	0.115706758591	0.710654889237	1.00013526107	0.000181699482804	0.00781113428081
1.77080392587e-06	0.115688974426	0.710590297724	1.00015678318	0.000210610205514	0.00840973920094
2.20974504279e-06	0.115668364326	0.710515437428	1.00018172789	0.000244117702834	0.00905417550185
2.75741662289e-06	0.115644480258	0.710428678562	1.00021063873	0.000282951725977	0.00974794164179
3.44071987696e-06	0.115616803507	0.710328133617	1.00024414532	0.000327957487774	0.0104948005107
4.29319719788e-06	0.11558473364	0.710211616923	1.00028297691	0.000380113797617	0.0112987987678
5.3566652247e-06	0.115547575797	0.710076597997	1.00032797798	0.00044055399888	0.0121642874316
6.68324659517e-06	0.115504526052	0.70992014772	1.00038012634	0.000510590126039	0.0130959437613
8.33789643544e-06	0.115454654586	0.709738876324	1.00044055396	0.000591740755344	0.0140987944576
1.04015422018e-05	0.11539688636	0.709528862004	1.00051057099	0.000685763085149	0.015178240199
1.29749830988e-05	0.115329978955	0.709285568817	1.00059169343	0.000794689849824	0.0163400815053
1.61837289619e-05	0.115252497207	0.709003752407	1.00068567496	0.000920871743856	0.0175905458967
2.01839993702e-05	0.115162784242	0.708677351903	1.00079454356	0.0010670261092	0.0189363162817
2.51701531421e-05	0.115058928479	0.708299366197	1.00092064344	0.0012362927172	0.0203845604622
3.13838776803e-05	0.114938726153	0.707861712637	1.00106668322	0.00143229755335	0.0219429615858
3.91255383469e-05	0.114799638904	0.707355066053	1.00123579088	0.00165922558433	0.023619749307
4.87681715928e-05	0.114638745981	0.706768675929	1.00143157652	0.00192190354513	0.0254237313228
6.07747031627e-05	0.114452690662	0.706090159465	1.00165820377	0.00222589382083	0.0273643248391
7.57190850782e-05	0.114237620552	0.705305268366	1.0019204707	0.00257760049868	0.029451587382
9.43121721067e-05	0.113989121563	0.704397627335	1.00222390135	0.00298438861485	0.0316962461953
0.000117433298389	0.11370214559	0.70334844261	1.00257484848	0.00345471749121	0.0341097252524
0.000146168663775	0.113370932191	0.702136179547	1.00298060868	0.00399828882024	0.0367041686597
0.00018185778957	0.112988925033	0.700736209168	1.00344955012	0.00462620976844	0.0394924589152
0.000226149441879	0.112548684469	0.69912042509	1.00399125342	0.00535117077783	0.0424882281276
0.00028106852731	0.112041798418	0.697256834277	1.00461666535	0.00618763688449	0.0457058598691
0.000349095509774	0.111458794835	0.695109127909	1.00533826445	0.00715205016077	0.049160478847
0.00043325983461	0.110789060429	0.692636242479	1.00617023678	0.00826303922645	0.0528679250189
0.000537248615815	0.110020772076	0.689791926258	1.00712865857	0.00954162955007	0.0568447081629
0.00066553127555	0.109140849995	0.686521807134	1.0082316807	0.0110114439107	0.0611079382575
0.000823497573315	0.108134958134	0.682747205078	1.00949971117	0.0126988385486	0.0656752425235
0.00101761997294	0.106987495762	0.678423972672	1.01095561371	0.0146331359985	0.0705647495752
0.0012556138893	0.105681735673	0.67348144591	1.01262477525	0.0168466431875	0.0757946575485
0.00154661130518	0.104199988204	0.667842752806	1.01453522842	0.0193746505067	0.0813831389687
0.00190132795846	0.10252388812	0.661425214648	1.01671767286	0.0222552900523	0.0873480622657
0.00233221160397	0.100634812662	0.654141126687	1.01920540124	0.0255292205105	0.0937066523962
0.0028535514029	0.0985144543125	0.645899017227	1.02203409806	0.0292390870249	0.100475086035
0.00348152091287	0.0961455721919	0.636597713101	1.02524147571	0.0334286852074	0.10766801926
0.00423407915253	0.0935130691454	0.626074778366	1.02886673845	0.0381413407722	0.115298138779
0.00513090866249	0.0906047118424	0.614310539863	1.03295014277	0.043419303896	0.123376300024
0.0061929436538	0.087412806422	0.601224250896	1.03753121331	0.0493011396322	0.131909314817
0.00744182204112	0.0839354322055	0.586722326235	1.04264774182	0.0558193225703	0.140900079172
0.00889888948241	0.0801782514243	0.570631402254	1.04833434213	0.0629958062853	0.150347321657
0.0105846923076	0.0761545089074	0.55306672956	1.05462159755	0.0708422817639	0.16024663152
0.0125171599116	0.0718873994426	0.533947594963	1.06153168088	0.0793542048676	0.170585945336
0.0147100264458	0.0674106163852	0.513256103936	1.0690784637	0.0885051989478	0.181348995596
0.0171724049318	0.0627663628258	0.491187904866	1.07726552806	0.0982512541638	0.192514963088
0.0199057662157	0.058007409943	0.467703743939	1.08608219842	0.108519609983	0.204055387313
0.0229049358027	0.0531917426838	0.443194230993	1.09550672904	0.119218090185	0.215940646041
0.0261558895318	0.0483827799323	0.417902251522	1.10549929383	0.130231296748	0.228131857593
0.0296368556256	0.0436443648485	0.392845982639	1.11600499059	0.141428623232	0.24058561052
0.0333235336569	0.0390318032394	0.36846768352	1.12693716627	0.152709916661	0.253231782145
0.0371691358714	0.0346115316689	0.343778222285	1.13818748575	0.163892478084	0.265985850166
0.0411270143153	0.0304334941489	0.319089462777	1.14966950788	0.174799580295	0.278799442637
0.0451422800202	0.0265421981522	0.293759366473	1.16128943414	0.185237020407	0.291623363146
0.0491678228161	0.0229629778399	0.269141938271	1.17298488152	0.195038536426	0.304449147545
0.0531666277331	0.0197046319459	0.246512993321	1.18466004077	0.20412810856	0.317231380694
0.0570869069004	0.0167786861587	0.226361741607	1.1961753554	0.212412842661	0.329871296195
0.0609248381276	0.0141555430278	0.210899624448	1.20738015418	0.220053113788	0.342243617923
0.0645895734623	0.011855249717	0.195894974674	1.21800916651	0.226935717576	0.354074938433
0.06804002856	0.00985828176273	0.181622692486	1.22801482155	0.232999575933	0.365323255251
0.0712445316445	0.00814146870777	0.168051573636	1.23735246993	0.238226457602	0.375942899286
0.0741776974416	0.00668084185292	0.155092047162	1.24599487928	0.24261084956	0.385900712169
0.0768279527011	0.0054491705136	0.143022615637	1.25393623732	0.246184518289	0.395181914452
0.0791928267462	0.00441924153317	0.131738097994	1.26117167344	0.249012421422	0.403766761846
0.0812747867731	0.00356587889682	0.121103187476	1.26771365543	0.251157745504	0.4116511661
0.0830861438367	0.00286411427884	0.111168717478	1.27359265661	0.252698929075	0.418850121072
0.0846503520292	0.00228892645806	0.102642376109	1.27884449201	0.253744783795	0.425383971998
0.0859809684023	0.00182245763285	0.0946445481434	1.28347503502	0.254386076662	0.43123449769
0.0871013489502	0.00144631384266	0.0871683576824	1.28753803786	0.254697253354	0.436444319847
0.0880359256303	0.0011445419402	0.0802014426166	1.29108763817	0.254747995668	0.441059884519
0.0888090099698	0.00090349133219	0.0737710851651	1.29417684815	0.254601192104	0.445129758329
0.0894541638307	0.000708554953385	0.0701152473448	1.29685489031	0.254351557337	0.44870089388
0.08997787421	0.000554579859369	0.0666130207236	1.29908525035	0.254073246055	0.451707079003
0.0903998471296	0.000433346895734	0.0632638227254	1.30093694471	0.253781377899	0.454225985596
0.090737691344	0.000338151524903	0.0600657778267	1.30247017423	0.253488260011	0.45632821578
0.0910004216816	0.000265305257018	0.0533691233108	1.30373684668	0.253180435418	0.458076766473
0.0912058483812	0.000209132086535	0.0462733253643	1.30485928437	0.252804123534	0.459635781587
0.0913699310775	0.000164837868804	0.0399702722683	1.30588246028	0.25237424301	0.461065389029
0.0915008588575	0.000129918332437	0.0344110167979	1.30681815057	0.251909960073	0.46238030333
0.0916052437937	0.000102392063529	0.0295541920218	1.30767632052	0.251426124223	0.46359298371
0.0916884008011	8.06958454982e-05	0.0253292766934	1.30846500713	0.250934518569	0.46471341626
0.0917546183716	6.35909185003e-05	0.0216802383962	1.30919117271	0.250444073846	0.465750275567
0.0918073091364	5.01069269637e-05	0.018540491064	1.30986044476	0.249961740627	0.46671051791
0.09184920653	3.94785249477e-05	0.0158438645084	1.31047766885	0.249492693653	0.467600136614
0.091882501809	3.11011189055e-05	0.0135309642526	1.31104718158	0.24904058731	0.468424532658
0.0919089355263	2.45007513026e-05	0.0115503033964	1.31157288498	0.248607837303	0.469188605042
0.0919298908173	1.9305430916e-05	0.0098253652438	1.31205831876	0.248195902088	0.46989683996
0.0919464996421	1.52149404423e-05	0.0083473551289	1.31250818854	0.247804145946	0.470555537929
0.0919596437827	1.19977275305e-05	0.00699020933619	1.31292569284	0.247432529241	0.471168901825
0.0919697948439	9.52734375657e-06	0.00560121681733	1.31331896024	0.247074627933	0.471748496065
0.0919779015217	7.565439421e-06	0.00448812020845	1.31370874124	0.246713035134	0.472324736897
0.0919843790783	6.00648530464e-06	0.00360942887315	1.3140950591	0.246349196678	0.472897633728
0.0919896384165	4.74775415455e-06	0.00299444429748	1.31447647608	0.245985995187	0.473465016072
0.0919938187591	3.75269503284e-06	0.00248418456676	1.31483995253	0.245636968788	0.474007346699
0.0919971405455	2.96610780473e-06	0.00206083125573	1.31518632445	0.245302057639	0.474525653953
0.0919997794053	2.34433861877e-06	0.00170959352753	1.31551639023	0.244981080078	0.475020930809
0.0920018752117	1.85286793477e-06	0.0014181949066	1.31583091207	0.244673763819	0.475494135493
0.092003539319	1.46440134962e-06	0.00117644668663	1.31613061739	0.244379770496	0.475946192144
0.0920048603462	1.15735876788e-06	0.000975893464444	1.31641620025	0.244098714924	0.476377991519
0.0920059087944	9.14679037621e-07	0.000809518683526	1.31668832278	0.243830180163	0.47679039172
0.0920067407333	7.22874334796e-07	0.000671500080768	1.31694761652	0.243573729244	0.477184218954
0.0920073732731	5.77578971461e-07	0.000496324144843	1.31719468374	0.243328820676	0.47756026832
0.0920078501583	4.68428040331e-07	0.000328291854547	1.31746172118	0.243063408821	0.477967586785
0.0920084605169	3.29433391421e-07	0.00016521540864	1.31778897659	0.242738229859	0.478467999662
0.0920087624483	2.60980703101e-07	0.000134743051348	1.31824579108	0.242282441611	0.479168823887
0.0920090034071	2.0671832532e-07	0.000110546840444	1.31868957656	0.241839473163	0.479852241868
0.0920091979359	1.63199136013e-07	9.25625688542e-05	1.31911808587	0.241411621897	0.480514563674
0.0920093491596	1.29578469815e-07	7.41478010623e-05	1.31952219682	0.241008021356	0.481141372521
0.0920094701676	1.02837011886e-07	5.96531108484e-05	1.31992275483	0.240607870912	0.481764787213
0.0920095682149	8.12994728941e-08	4.96443715214e-05	1.32031790913	0.240213046137	0.482381867249
0.0920096465978	6.41822600566e-08	4.15630848082e-05	1.3206933496	0.239837868534	0.482970081003
0.092009708838	5.06656981778e-08	3.48044772525e-05	1.3210474365	0.239483989958	0.483526561169
0.0920097582382	3.99938107703e-08	2.91489557499e-05	1.32138129057	0.239150300924	0.484052781254
0.0920097974264	3.15699098867e-08	2.44073704057e-05	1.32169600644	0.238835715728	0.484550208134
0.0920098282881	2.49667800966e-08	1.99563826731e-05	1.32199274097	0.238539083946	0.48502043921
0.0920098526637	1.97745146935e-08	1.6471759879e-05	1.32227977428	0.238252131653	0.485476432321
0.0920098723051	1.56087339383e-08	1.37927421718e-05	1.32255523543	0.23797673569	0.485915095142
0.092009887875	1.23200391947e-08	1.15509244856e-05	1.32281493444	0.237717088278	0.486329605733
0.0920099000314	9.76225156581e-09	9.38154808157e-06	1.32305973033	0.237472332613	0.48672117476
0.0920099098071	7.71299502224e-09	7.82240452967e-06	1.32329856989	0.237233525364	0.487104009577
0.0920099175877	6.08782223106e-09	6.55072072162e-06	1.32352490929	0.237007211643	0.487467533304
0.092009923751	4.80481251146e-09	5.48624398255e-06	1.3237382623	0.236793878959	0.487810847702
0.0920099286306	3.79231008183e-09	4.59352297881e-06	1.32393934423	0.236592813088	0.488134993595
0.092009932495	2.99285164936e-09	3.84883599352e-06	1.32412891559	0.23640325444	0.488441098691
0.0920099355348	2.36578284516e-09	3.16135590313e-06	1.32430748692	0.236224693103	0.488729899486
0.0920099379326	1.87248572056e-09	2.61610337347e-06	1.32447934995	0.236052837946	0.489008271328
0.0920099398563	1.47774138228e-09	2.19150569885e-06	1.32464373886	0.235888455341	0.489274923693
0.0920099413784	1.16620238714e-09	1.83580688356e-06	1.32479862066	0.235733578533	0.489526501272
0.0920099425824	9.203305998e-10	1.53786834694e-06	1.3249445441	0.235587659033	0.489763835847
0.0920099435347	7.26289377783e-10	1.28827637608e-06	1.32508202251	0.235450183733	0.489987709258
0.0920099442878	5.73150572367e-10	1.07936574136e-06	1.32521154356	0.235320665153	0.49019886839
0.0920099448835	4.52272640386e-10	9.04599769573e-07	1.32533354585	0.235198664801	0.490397986277
0.0920099453544	3.5688521945e-10	7.58126756964e-07	1.32544842429	0.235083787901	0.490585669827
0.0920099457266	2.81612114507e-10	6.35402522842e-07	1.32555659424	0.234975619166	0.490762564163
0.092009946019	2.22584686e-10	5.11812218984e-07	1.32565844073	0.234873773631	0.490929269167
0.0920099462447	1.7709314056e-10	4.14142759021e-07	1.32575837982	0.234773835271	0.491092995275
0.0920099464303	1.39730009114e-10	3.47282849881e-07	1.32585664705	0.234675568653	0.491254120882
0.092009946577	1.10247440188e-10	2.91241831375e-07	1.32594911371	0.234583102465	0.49140586103
0.092009946693	8.69850791979e-11	2.44243072808e-07	1.3260361127	0.234496103856	0.491548739838
0.0920099467846	6.86285477435e-11	2.04916027943e-07	1.32611796696	0.23441424989	0.491683268049
0.0920099468569	5.41424260221e-11	1.71961593244e-07	1.32619494486	0.234337272228	0.491809869224
0.0920099469141	4.27138221594e-11	1.4430632927e-07	1.32626731523	0.234264902046	0.49192896992
0.0920099469587	3.38066220506e-11	1.18152140985e-07	1.3263353536	0.234196863819	0.492041009758
0.0920099469944	2.66909518174e-11	9.88852291582e-08	1.32640112538	0.234131092159	0.492149380184
0.0920099470226	2.10532440303e-11	8.30834872648e-08	1.32646317313	0.234069044498	0.492251671481
0.092009947045	1.66062734304e-11	6.98066322385e-08	1.32652142529	0.234010792409	0.492347755672
0.0920099470626	1.30985629296e-11	5.8651268978e-08	1.32657611387	0.233956103882	0.492438006248
0.0920099470765	1.0330054163e-11	4.93465154602e-08	1.32662745673	0.233904761069	0.492522774603
0.0920099470875	8.14629541502e-12	4.15257198121e-08	1.32667558409	0.233856633744	0.492602268502
0.0920099470962	6.42415880813e-12	3.49443365154e-08	1.32672068657	0.2338115313	0.492676796314
0.0920099471031	5.06606815741e-12	2.94059656435e-08	1.32676295416	0.233769263728	0.492746666322
0.0920099471085	3.99412709781e-12	2.47950199221e-08	1.32680256496	0.23372965294	0.492812167907
0.0920099471127	3.14877332116e-12	2.09130756705e-08	1.32683960277	0.23369261515	0.492873435155
0.0920099471161	2.48233135888e-12	1.76388605051e-08	1.32687422224	0.233657995689	0.492930719922
0.0920099471188	1.95693781616e-12	1.48772398908e-08	1.32690658121	0.233625636727	0.492984279874
0.0920099471209	1.5423511954e-12	1.25769283059e-08	1.32693682722	0.233595390721	0.493034356157
0.0920099471225	1.21544632143e-12	1.0637647468e-08	1.32696502598	0.233567191974	0.493081054824
0.0920099471238	9.57827637018e-13	8.99737763968e-09	1.32699129952	0.233540918434	0.493124575574
0.0920099471248	7.54810753529e-13	7.61001821149e-09	1.32701577925	0.233516438705	0.493165133941
0.0920099471257	5.94704911975e-13	6.45109537617e-09	1.32703858761	0.233493630353	0.493202930938
0.0920099471263	4.68451675785e-13	5.47386452526e-09	1.32705978662	0.233472431338	0.493238067753
0.0920099471268	3.69000819665e-13	4.64466204212e-09	1.32707946658	0.233452751382	0.493270692582
0.0920099471272	2.9066261753e-13	3.94106612919e-09	1.3270977363	0.233434481662	0.493300984579
0.0920099471275	2.29050605808e-13	3.31157408588e-09	1.32711469682	0.233417521144	0.493329110181
0.0920099471277	1.8083947392e-13	2.77273366117e-09	1.32713060296	0.23340161501	0.49335549108
0.0920099471279	1.42343246847e-13	2.36555785325e-09	1.32714560175	0.233386616223	0.493380370467
0.0920099471281	1.12041762485e-13	2.01817403974e-09	1.32715943992	0.233372778049	0.493403327561
0.0920099471282	8.81906352928e-14	1.7218023998e-09	1.32717220727	0.233360010697	0.493424510655
0.0920099471283	6.94167898412e-14	1.46895225684e-09	1.32718398665	0.233348231317	0.493444056636
0.0920099471284	5.46394267077e-14	1.25323280993e-09	1.3271948545	0.233337363469	0.49346209186
0.0920099471284	4.30036777322e-14	1.07158054075e-09	1.32720488134	0.233327336625	0.493478732952
0.0920099471285	3.38263416473e-14	9.18801387442e-10	1.32721411075	0.23331810722	0.493494051858
0.0920099471285	2.6607500949e-14	7.87804078108e-10	1.32722257774	0.233309640228	0.493508106402
0.0920099471286	2.09292080815e-14	6.75483251614e-10	1.3272303453	0.233301872673	0.493521000847
0.0920099471286	1.64627046983e-14	5.79176247334e-10	1.32723747119	0.233294746784	0.493532830872
0.0920099471286	1.2949389354e-14	4.96599997988e-10	1.32724400841	0.233288209557	0.493543684277
0.0920099471286	1.01849839864e-14	4.26631498871e-10	1.3272500056	0.233282212368	0.49355364163
0.0920099471286	8.00679664323e-15	3.67369567436e-10	1.32725549613	0.233276721835	0.493562758222
0.0920099471286	6.29443869856e-15	3.16339401711e-10	1.32726050875	0.233271709219	0.493571081653
0.0920099471286	4.94828836913e-15	2.72397593109e-10	1.32726508505	0.233267132922	0.493578680895
0.0920099471286	3.89002860619e-15	2.34559549841e-10	1.327269263	0.233262954966	0.49358561893
0.0920099471287	3.05809102383e-15	2.01977438677e-10	1.32727307729	0.233259140682	0.493591953263
0.0920099471287	2.40396864933e-15	1.74096417239e-10	1.32727655956	0.233255658414	0.493597736405
0.0920099471287	1.88896089777e-15	1.50435054414e-10	1.32727973537	0.233252482602	0.493603010756
0.0920099471287	1.48428395246e-15	1.29989470215e-10	1.32728262333	0.233249594644	0.493607807169
0.0920099471287	1.16630163645e-15	1.12322618827e-10	1.32728524952	0.233246968451	0.493612168941
0.0920099471287	9.16441312581e-16	9.7056850683e-11	1.32728763767	0.233244580296	0.493616135447
0.0920099471287	7.20109141085e-16	8.38658405361e-11	1.32728980937	0.233242408605	0.4936197425
0.0920099471287	5.65837713984e-16	7.24676124513e-11	1.32729178421	0.233240433757	0.493623022666
0.0920099471287	4.44442159607e-16	6.28055728006e-11	1.32729358006	0.233238637912	0.493626005563
0.0920099471287	3.49082870274e-16	5.443693388e-11	1.32729520762	0.233237010345	0.49362870899
0.0920099471287	2.74183774222e-16	4.7183384013e-11	1.32729668251	0.233235535464	0.493631158837
0.0920099471287	2.15354966935e-16	4.08963429193e-11	1.32729801903	0.233234198944	0.493633378885
0.0920099471287	1.69148430364e-16	3.54470277022e-11	1.32729923016	0.233232987806	0.493635390689
0.0920099471287	1.32855945383e-16	3.07238150213e-11	1.32730032768	0.233231890287	0.493637213779
0.0920099471287	1.04342674633e-16	2.66696183251e-11	1.32730132224	0.23323089573	0.493638865855
0.0920099471287	8.19252208917e-17	2.31781035387e-11	1.32730222209	0.233229995881	0.493640360622
0.0920099471287	6.43240281358e-17	2.01436873059e-11	1.32730303504	0.233229182929	0.493641711051
0.0920099471287	5.05043522894e-17	1.75065279209e-11	1.32730376949	0.233228448484	0.493642931077
0.0920099471287	3.96537571324e-17	1.52146178852e-11	1.32730443301	0.233227784964	0.493644033293
0.0920099471287	3.1134353102e-17	1.32227583001e-11	1.32730503245	0.23322718552	0.493645029075
0.0920099471287	2.44452971881e-17	1.14916675228e-11	1.32730557401	0.233226643964	0.493645928698
0.0920099471287	1.9185258075e-17	1.00193446953e-11	1.32730606326	0.233226154705	0.493646741449
0.0920099471287	1.50566340509e-17	8.73665814246e-12	1.32730650367	0.233225714298	0.493647473052
0.0920099471287	1.18164799435e-17	7.61818218606e-12	1.32730690005	0.233225317921	0.493648131515
0.0920099471287	9.27359935187e-18	6.64289449708e-12	1.3273072568	0.233224961171	0.49364872415
0.0920099471287	7.27794078764e-18	5.79246402616e-12	1.32730757788	0.233224640088	0.493649257537
0.0920099471287	5.71174342426e-18	5.05090646797e-12	1.32730786686	0.233224351105	0.4936497376
0.0920099471287	4.48253090094e-18	4.40556128494e-12	1.32730812696	0.233224091014	0.49365016967
0.0920099471287	3.51735525276e-18	3.84595605056e-12	1.32730836097	0.233223856996	0.493650558426
0.0920099471287	2.76000052291e-18	3.35743319774e-12	1.32730857132	0.233223646648	0.493650907863
0.0920099471287	2.16571888505e-18	2.93096368535e-12	1.3273087604	0.233223457575	0.493651221956
0.0920099471287	1.69939757072e-18	2.5586653586e-12	1.32730893034	0.233223287626	0.493651504281
0.0920099471287	1.33348426015e-18	2.23365726981e-12	1.3273090831	0.233223134866	0.493651758051
0.0920099471287	1.04635917485e-18	1.9499325035e-12	1.32730922041	0.233222997557	0.493651986154
0.0920099471287	8.21057688999e-19	1.70224715532e-12	1.32730934383	0.233222874136	0.493652191185
0.0920099471287	6.44267986551e-19	1.48602341302e-12	1.32730945477	0.233222763199	0.493652375479
0.0920099471287	5.05544541623e-19	1.2972649482e-12	1.32730955449	0.233222663482	0.493652541133
0.0920099471287	3.96690951398e-19	1.13248305506e-12	1.32730964412	0.233222573851	0.493652690032
0.0920099471287	3.11275656823e-19	9.88632171199e-13	1.32730972468	0.233222493286	0.493652823871
0.0920099471287	2.44251937845e-19	8.63053588595e-13	1.3273097971	0.233222420869	0.493652944173
0.0920099471287	1.91659730919e-19	7.53426314559e-13	1.32730986219	0.233222355777	0.493653052307
0.0920099471287	1.50391650917e-19	6.57724174391e-13	1.3273099207	0.233222297269	0.493653149504
0.0920099471287	1.18009393002e-19	5.74178362948e-13	1.32730997329	0.233222244678	0.49365323687
0.0920099471287	9.25992573754e-20	5.01271758441e-13	1.32731002056	0.233222197407	0.493653315399
0.0920099471287	7.24924952544e-20	4.45142950796e-13	1.32731006305	0.233222154919	0.493653385982
0.0920099471287	5.67516628672e-20	3.95299042333e-13	1.32731010051	0.233222117463	0.493653448205
0.0920099471287	4.4428753758e-20	3.51036295608e-13	1.32731013353	0.233222084443	0.49365350306
0.0920099471287	3.4781609057e-20	3.11729772542e-13	1.32731016264	0.233222055333	0.493653551419
0.0920099471287	2.72292202963e-20	2.76824511052e-13	1.3273101883	0.233222029671	0.493653594051
0.0920099471287	2.13167376475e-20	2.45827689662e-13	1.32731021092	0.233222007047	0.493653631634
0.0920099471287	1.6688076174e-20	2.18301669459e-13	1.32731023087	0.233221987103	0.493653664767
0.0920099471287	1.30644702863e-20	1.93857815156e-13	1.32731024845	0.233221969521	0.493653693976
0.0920099471287	1.02276848243e-20	1.72151008026e-13	1.32731026395	0.233221954021	0.493653719725
0.0920099471287	8.0068716406e-21	1.5287477324e-13	1.32731027761	0.233221940356	0.493653742426
0.0920099471287	6.26828010884e-21	1.35756952799e-13	1.32731028966	0.23322192831	0.493653762438
0.0920099471287	4.90720186597e-21	1.20555862994e-13	1.32731030028	0.23322191769	0.49365378008
0.0920099471287	3.84166465102e-21	1.07056882111e-13	1.32731030964	0.233221908328	0.493653795632
0.0920099471287	3.00749544735e-21	9.50694202274e-14	1.3273103179	0.233221900074	0.493653809343
0.0920099471287	2.35237025794e-21	8.51375994165e-14	1.32731032517	0.233221892798	0.493653821431
0.0920099471287	1.83885226201e-21	7.64309352604e-14	1.32731033153	0.233221886443	0.493653831988
0.0920099471287	1.43743427578e-21	6.86146649921e-14	1.32731033706	0.23322188091	0.493653841181
0.0920099471287	1.12364507908e-21	6.1597731784e-14	1.32731034188	0.233221876092	0.493653849185
0.0920099471287	8.78355472703e-22	5.52983908046e-14	1.32731034607	0.233221871896	0.493653856155
0.0920099471287	6.86612125374e-22	4.96432569208e-14	1.32731034973	0.233221868243	0.493653862224
0.0920099471287	5.36725989748e-22	4.45664497867e-14	1.32731035291	0.233221865062	0.493653867509
0.0920099471287	4.1955971542e-22	4.00088263612e-14	1.32731035568	0.233221862292	0.49365387211
0.0920099471287	3.27970618319e-22	3.59172919125e-14	1.32731035809	0.23322185988	0.493653876117
0.0920099471287	2.5637524883e-22	3.2244181483e-14	1.32731036019	0.233221857779	0.493653879606
0.0920099471287	2.00409013854e-22	2.89467046093e-14	1.32731036202	0.233221855951	0.493653882644
0.0920099471287	1.56660102743e-22	2.59864468284e-14	1.32731036361	0.233221854358	0.49365388529
0.0920099471287	1.22461496682e-22	2.33289221624e-14	1.327310365	0.233221852972	0.493653887593
0.0920099471287	9.57283820438e-23	2.09431713693e-14	1.32731036621	0.233221851764	0.493653889599
0.0920099471287	7.48198777085e-23	1.88637822836e-14	1.32731036726	0.233221850713	0.493653891345
0.0920099471287	5.84254162012e-23	1.70650531254e-14	1.32731036817	0.233221849801	0.493653892861
0.0920099471287	4.56232937329e-23	1.54378392296e-14	1.32731036896	0.233221849013	0.493653894169
0.0920099471287	3.56263603428e-23	1.39657860021e-14	1.32731036964	0.233221848334	0.493653895298
0.0920099471287	2.78199456303e-23	1.26340983183e-14	1.32731037022	0.233221847747	0.493653896273
0.0920099471287	2.17240651964e-23	1.14293918213e-14	1.32731037073	0.233221847241	0.493653897114
0.0920099471287	1.69639083731e-23	1.03395584004e-14	1.32731037117	0.233221846803	0.49365389784
0.0920099471287	1.32467926545e-23	9.35364449701e-15	1.32731037154	0.233221846426	0.493653898467
0.0920099471287	1.0344167851e-23	8.46174101308e-15	1.32731037187	0.2332218461	0.493653899008
0.0920099471287	8.07756347624e-24	7.65488371872e-15	1.32731037215	0.233221845819	0.493653899475
0.0920099471287	6.30166180541e-24	7.07044034012e-15	1.32731037239	0.233221845576	0.493653899879
0.0920099471287	4.87728283096e-24	6.81881313301e-15	1.3273103726	0.233221845371	0.493653900219
0.0920099471287	3.77485948095e-24	6.57614099064e-15	1.32731037276	0.233221845207	0.493653900492
0.0920099471287	2.92161939222e-24	6.34210521464e-15	1.3273103729	0.233221845075	0.493653900712
0.0920099471287	2.2612391046e-24	6.11639844867e-15	1.327310373	0.233221844969	0.493653900888
0.0920099471287	1.7501260779e-24	5.89872427476e-15	1.32731037309	0.233221844884	0.493653901029
0.0920099471287	1.35454109308e-24	5.68879682408e-15	1.32731037315	0.233221844816	0.493653901142
0.0920099471287	1.04837108366e-24	5.48634040143e-15	1.32731037321	0.233221844761	0.493653901233
0.0920099471287	8.11405379019e-25	5.29108912326e-15	1.32731037325	0.233221844717	0.493653901306
0.0920099471287	6.28001572493e-25	5.10278656843e-15	1.32731037329	0.233221844682	0.493653901365
0.0920099471287	4.86060121234e-25	4.92050913348e-15	1.32731037332	0.233221844653	0.493653901412
0.0920099471287	3.76204409999e-25	4.74453813875e-15	1.32731037334	0.233221844631	0.49365390145
0.0920099471287	2.91177473565e-25	4.57486035273e-15	1.32731037336	0.233221844612	0.49365390148
0.0920099471287	2.25367696013e-25	4.41125071291e-15	1.32731037337	0.233221844598	0.493653901504
