0.0	0.23945242986	1.12695555624	1.0	0.0	0.0
4.72057945091e-12	0.239452358238	1.12695530881	1.00000005242	4.72057967081e-08	0.0001
5.89167930995e-12	0.23945234983	1.12695527977	1.00000005857	5.47214831257e-08	0.000107666665689
7.35331017608e-12	0.239452340084	1.1269552461	1.0000000657	6.34337498924e-08	0.000115921108972
9.17754809403e-12	0.239452328785	1.12695520707	1.00000007397	7.35331059706e-08	0.000124808392753
1.1454350002e-11	0.239452315688	1.12695516182	1.00000008356	8.52403909184e-08	0.000134377034748
1.42959896868e-11	0.239452300506	1.12695510938	1.00000009467	9.88116049046e-08	0.000144679272356
1.78425942248e-11	0.239452282907	1.12695504858	1.00000010755	1.14543505661e-07	0.000155771347827
2.22690539204e-11	0.239452262506	1.1269549781	1.00000012248	1.32780098272e-07	0.0001677138153
2.77936464815e-11	0.239452238856	1.1269548964	1.00000013979	1.53920156799e-07	0.000180571871374
3.46888007048e-11	0.239452211442	1.12695480169	1.00000015985	1.78425944713e-07	0.000194415711026
4.32945304433e-11	0.239452179662	1.12695469191	1.00000018311	2.06833322211e-07	0.000209320910811
5.4035201304e-11	0.239452142823	1.12695456465	1.00000021007	2.39763464772e-07	0.000225368841443
6.74404568616e-11	0.239452100119	1.12695441712	1.00000024132	2.7793644466e-07	0.000242647111998
8.41713362859e-11	0.239452050616	1.12695424611	1.00000027755	3.22186977543e-07	0.000261250048181
1.05052871266e-10	0.239451993232	1.12695404787	1.00000031954	3.73482674187e-07	0.000281279207243
1.31114769612e-10	0.239451926711	1.12695381807	1.00000036823	4.32945198323e-07	0.000302843932384
1.63642191669e-10	0.2394518496	1.12695355168	1.00000042466	5.01874793977e-07	0.000326061949642
2.04239123339e-10	0.239451760211	1.12695324288	1.00000049008	5.81778715909e-07	0.000351060010549
2.54907470649e-10	0.239451656591	1.12695288491	1.00000056591	6.74404188309e-07	0.000377974584039
3.1814577598e-10	0.239451536474	1.12695246995	1.00000065382	7.81776608896e-07	0.000406952601396
3.97072423612e-10	0.239451397233	1.12695198893	1.00000075573	9.06243836261e-07	0.000438152258304
4.955794097e-10	0.239451235823	1.12695143132	1.00000087385	1.05052752781e-06	0.000471743878365
6.1852425883e-10	0.239451048715	1.12695078494	1.00000101079	1.21778264987e-06	0.000507910842803
7.71969550164e-10	0.239450831818	1.12695003565	1.00000116952	1.41166646255e-06	0.000546850591423
9.63481863489e-10	0.239450580388	1.12694916706	1.00000135353	1.63641848626e-06	0.000588775700268
1.20250488513e-09	0.239450288929	1.12694816019	1.00000156684	1.89695319854e-06	0.000633915041869
1.50082506987e-09	0.239449951068	1.12694699301	1.0000018141	2.19896748721e-06	0.000682515034388
1.87315281797e-09	0.239449559415	1.12694564001	1.00000210073	2.54906520897e-06	0.000734840986473
2.33784782128e-09	0.239449105409	1.12694407159	1.000002433	2.95490157531e-06	0.000791178545134
2.91782433902e-09	0.239448579122	1.12694225348	1.00000281816	3.42535052179e-06	0.000851835254532
3.64168103355e-09	0.239447969047	1.12694014591	1.00000326465	3.97069871828e-06	0.000917142234154
4.5451110647e-09	0.239447261844	1.1269377028	1.00000378222	4.60287045913e-06	0.00098745598549
5.67266195467e-09	0.23944644205	1.12693487073	1.0000043822	5.33568834793e-06	0.00106316033704
7.07993197286e-09	0.239445491743	1.12693158778	1.00000507769	6.18517546975e-06	0.00114466853822
8.83631130115e-09	0.239444390144	1.12692778217	1.00000588391	7.16990565394e-06	0.00123242551344
1.10284030829e-08	0.239443113168	1.1269233707	1.00000681849	8.31140947394e-06	0.00132691028873
1.37642929546e-08	0.239441632899	1.12691825691	1.00000790185	9.63464485125e-06	0.00142863860388
1.71788774544e-08	0.239439916973	1.12691232901	1.00000915769	1.11685425354e-05	0.00153816572428
2.14405138527e-08	0.239437927879	1.12690545739	1.00001061347	1.29466383643e-05	0.00165608946764
2.67593190184e-08	0.239435622133	1.12689749184	1.000012301	1.50078060985e-05	0.00178305346187
3.33975261159e-08	0.239432949333	1.12688825822	1.0000142572	1.73971068126e-05	0.0019197506516
4.16824092074e-08	0.239429851057	1.12687755469	1.00001652481	2.01667733582e-05	0.00206692707219
5.20224121799e-08	0.239426259586	1.12686514728	1.00001915342	2.33773513491e-05	0.00222538591129
6.49272760194e-08	0.239422096425	1.1268507648	1.0000222005	2.70990215164e-05	0.0023959918797
8.10331550237e-08	0.239417270594	1.12683409291	1.00002573264	3.14131322067e-05	0.0025796759146
1.01133957705e-07	0.239411676642	1.12681476727	1.00002982705	3.64139753512e-05	0.00277744024001
1.26220453839e-07	0.239405192346	1.12679236557	1.00003457324	4.22108444868e-05	0.00299036381103
1.57529070291e-07	0.239397676046	1.12676639834	1.00004007493	4.8930419495e-05	0.00321960817025
1.96602773406e-07	0.239388963563	1.12673629828	1.00004645235	5.67195297528e-05	0.00346642374664
2.45367028031e-07	0.239378864622	1.12670140789	1.00005384487	6.57483555075e-05	0.00373215662916
3.06224561232e-07	0.239367158713	1.12666096517	1.00006241401	7.62141366615e-05	0.00401825584964
3.82173578201e-07	0.239353590294	1.12661408701	1.00007234698	8.83454689698e-05	0.00432628121121
4.76955222992e-07	0.239337863248	1.12655975002	1.00008386076	0.000102407280117	0.00465791170122
5.95237502338e-07	0.239319634452	1.12649676829	1.00009720681	0.000118706592505	0.00501495452939
7.42844665162e-07	0.239298506345	1.12642376765	1.00011267656	0.000137599196106	0.00539935483423
9.27043237507e-07	0.239274018325	1.12633915589	1.00013060773	0.000159497373718	0.00581320610312
1.15689865675e-06	0.239245636804	1.12624108829	1.00015139168	0.000184878842761	0.00625876135279
1.44371985863e-06	0.239212743699	1.1261274278	1.00017548189	0.000214297102686	0.00673844511947
1.80161340396e-06	0.239174623143	1.12599569892	1.00020340382	0.000248393405644	0.00725486630867
2.24817398395e-06	0.239130446129	1.12584303443	1.00023576623	0.000287910600541	0.00781083195607
2.80534465163e-06	0.23907925278	1.12566611389	1.00027327438	0.00033370913766	0.00840936195092
3.50048818441e-06	0.239019931895	1.12546109257	1.00031674522	0.000386785562926	0.00905370477318
4.36772094345e-06	0.238951197375	1.12522351948	1.00036712499	0.00044829387821	0.00974735429368
5.4495728897e-06	0.238871561063	1.12494824285	1.0004255095	0.000519570197192	0.0104940676836
6.79905256278e-06	0.238779301496	1.12462930124	1.00049316761	0.000602161185593	0.0112978844749
8.48221444789e-06	0.238672428004	1.12425979827	1.0005715683	0.00069785684022	0.0121631468047
1.05813489844e-05	0.238548639504	1.12383175856	1.00066241182	0.000808728233272	0.0130945208678
1.31989433746e-05	0.238405277304	1.12333596247	1.00076766572	0.000937170926367	0.0140970195863
1.64625953353e-05	0.238239271138	1.12276175663	1.00088960614	0.00108595484192	0.0151760264844
2.05311031461e-05	0.238047077624	1.1220968373	1.00103086544	0.00125828146625	0.0163373207342
2.56020050561e-05	0.237824610256	1.12132700317	1.00119448678	0.00145784934675	0.017587103302
3.19209006979e-05	0.237567160036	1.12043587399	1.00138398666	0.0016889289301	0.0189320240845
3.97929580243e-05	0.237269305849	1.11940457137	1.00160342656	0.00195644786527	0.0203792098689
4.95970927738e-05	0.236924813721	1.11821135807	1.00185749462	0.00226608795346	0.0219362928824
6.18034046522e-05	0.236526524228	1.11683123214	1.00215159869	0.00262439495838	0.0236114396147
7.6994565821e-05	0.236066227507	1.11523547269	1.0024919719	0.00303890247472	0.0254133794858
9.5891982458e-05	0.235534525677	1.11339113507	1.00288579204	0.00351827097196	0.0273514328091
0.000119387687026	0.23492068297	1.11126049392	1.00334131602	0.00407244295271	0.0294355373344
0.000148585025137	0.234212424186	1.10898405953	1.00386803173	0.00471287738676	0.0316762724709
0.000184842232619	0.233395840695	1.10641933261	1.00447673861	0.00545268017825	0.0340845133054
0.000229828925925	0.232455172004	1.10346112665	1.00517985042	0.00630676020238	0.0366719903063
0.000285595641533	0.231372593486	1.10005164524	1.00599157976	0.0072921306918	0.0394511997407
0.00035465244667	0.230128070112	1.09612548219	1.0069281301	0.00842812369888	0.042435293011
0.000440062432002	0.228699199561	1.09160891271	1.00800792529	0.00973663372975	0.0456380590293
0.00054555016566	0.227061086817	1.0864192218	1.00925184856	0.0112423615171	0.049073890834
0.000675625720106	0.225186269371	1.08046411542	1.0106834849	0.0129730470006	0.0527577327409
0.000835723996184	0.223044717596	1.07364127598	1.01232935793	0.0149596762426	0.0567050038158
0.00103235769306	0.220603940822	1.0658381412	1.01421914849	0.0172366416325	0.0609314930057
0.00127328026925	0.217829235976	1.05693200662	1.01638587837	0.0198418282717	0.065453220921
0.00156767816533	0.214683886808	1.04700353339	1.01886604535	0.0228169746004	0.0702862631335
0.00192628112326	0.211130331907	1.03577955156	1.02169916759	0.0262070294087	0.0754455674327
0.00236151907829	0.20713075102	1.02306641346	1.02492843436	0.0300596793961	0.080946199957
0.00288763657084	0.202648271217	1.00871450155	1.02860029699	0.0344250429881	0.0868026277192
0.00352071332672	0.1976487065	0.992577075348	1.03276391696	0.0393546262131	0.0930281255231
0.00427859730276	0.192102548959	0.974509470313	1.03747045566	0.044900000449	0.0996343234786
0.00518069596408	0.185987353894	0.954372307586	1.04277208991	0.0511109299428	0.106630746055
0.00624760775629	0.179290336246	0.932047628095	1.04872071096	0.0580331197966	0.114024336941
0.00750054252069	0.172011167965	0.907444015052	1.0553662368	0.0657053860779	0.12181892095
0.00896054735465	0.164164578036	0.880604596381	1.06275459067	0.0741566179678	0.130014701045
0.0106475948274	0.15578227539	0.851553924822	1.07092460472	0.0834036490949	0.138606890655
0.0125791470187	0.14691550104	0.820566069856	1.0799058232	0.0934452950917	0.147585832063
0.0147690518142	0.137634672969	0.787635150064	1.08971355496	0.104262609744	0.156934394788
0.0172281927883	0.128021324955	0.754512984663	1.10034997463	0.115828761582	0.166631242089
0.0199559093813	0.118191695804	0.719640607304	1.11177892656	0.128067785715	0.176629904309
0.0229458452917	0.108264371813	0.683233622787	1.12396624292	0.140878750322	0.186898502961
0.0261820271067	0.0983698795631	0.645334435814	1.13685851026	0.154124376307	0.197400962677
0.0296403292999	0.0886398106986	0.606277000188	1.15038769088	0.167641347153	0.208101537289
0.0332883067988	0.0792026578092	0.566405103978	1.164469368	0.181241701747	0.218963025602
0.0370861257011	0.0701775814296	0.526105179892	1.17900628747	0.194717030932	0.229948806739
0.0409891023207	0.0616667475091	0.485823272478	1.19389222635	0.207851817456	0.241024325836
0.0449503018766	0.0537501575725	0.446073675125	1.20901565459	0.220436285721	0.252157710407
0.048924308853	0.046480791642	0.407637540745	1.22426238512	0.232286920985	0.263319072632
0.0528759987783	0.0398748028331	0.373011273718	1.23950994381	0.243303679292	0.274472588045
0.0567538421481	0.0339555611986	0.33998854603	1.25455908201	0.253372145039	0.285520740725
0.0605123702583	0.0287166028245	0.308197728435	1.26929984038	0.26236024448	0.296426369193
0.0641096676683	0.0241366790404	0.277236238041	1.28365752105	0.270140520479	0.307174350519
0.0675340657357	0.0201559178498	0.249737481376	1.2976042733	0.27672432874	0.317780102681
0.0707631093264	0.0167291060453	0.226083123267	1.31100569367	0.282167655374	0.328167649305
0.0738132446129	0.0137733097946	0.208510609518	1.32371536768	0.286763175429	0.338231910968
0.0766231728177	0.0112777469515	0.191865555403	1.33544641827	0.290539143014	0.347729960402
0.0791814016802	0.00918494842318	0.176481759616	1.34621113013	0.293525406108	0.356644475532
0.0814805568346	0.00744364896601	0.162049325531	1.35601537086	0.295774125182	0.364949742073
0.0835218044012	0.00600504349154	0.148578022739	1.36489302292	0.297347164597	0.372641603453
0.0853155647062	0.0048227696393	0.136332387852	1.37288659927	0.298334110051	0.379723042747
0.0868720660599	0.00385847414091	0.124908436117	1.38002980023	0.298821805501	0.386189361951
0.0882083786362	0.00307637452736	0.114287258911	1.38638323961	0.298893039544	0.392061639978
0.089346719886	0.00244396619504	0.105065120129	1.39201001498	0.298640646719	0.397366498295
0.0903066660699	0.0019353267426	0.0966907844455	1.39694307331	0.298164326875	0.402104814047
0.0911071702292	0.00152881821104	0.0889068364701	1.40124157026	0.297526199994	0.406305504199
0.0917691901321	0.00120514963504	0.0816881422053	1.40497470153	0.29677896963	0.410012009775
0.0923125940557	0.000948285375106	0.0750071600902	1.40820734421	0.295967258065	0.4132683912
0.0927608030432	0.000742691499076	0.0708086006258	1.41099951977	0.295149784721	0.416118173047
0.0931249233418	0.000579987248002	0.0672399845349	1.4133329665	0.294404747008	0.418527326186
0.0934169024264	0.000452368855978	0.0638347496236	1.41526384488	0.29373693388	0.420540516478
0.0936497252814	0.00035247159716	0.0605890448641	1.4168583062	0.293142560788	0.422216830108
0.0938323699782	0.000275296995121	0.0545465883281	1.41817268668	0.292608169533	0.423608430143
0.0939726154661	0.000216795270178	0.0472970302533	1.41931628427	0.292060689912	0.424826729837
0.0940843260068	0.000170739600894	0.0408565091546	1.42035699224	0.29149277488	0.425941858156
0.0941732280627	0.000134485493152	0.0351722981512	1.42130740224	0.290917109628	0.426965863997
0.0942439596555	0.000105933660603	0.0302051554832	1.42217819915	0.290343336028	0.427909020929
0.094300193962	8.34486975829e-05	0.0258893303553	1.42297785477	0.289778986192	0.428779436156
0.0943448839927	6.57375416739e-05	0.0221577768727	1.42371351714	0.289229700539	0.429583962501
0.0943803858022	5.1783828078e-05	0.0189455130185	1.42439121062	0.288699602254	0.430328380708
0.0944085752977	4.07894185678e-05	0.0161888363677	1.42501602138	0.288191643615	0.431017572732
0.0944309454521	3.21272340678e-05	0.0138255426181	1.42559234312	0.287707797813	0.431655768371
0.0944486825249	2.5304944337e-05	0.0118004752338	1.42612415902	0.28724911799	0.432246839603
0.0944627348228	1.99335282674e-05	0.0100431195182	1.4266151609	0.286815920751	0.43279442048
0.0944738533358	1.57080980209e-05	0.00853166263995	1.4270698042	0.2864069127	0.433303078762
0.0944826556279	1.23809367171e-05	0.00720460542484	1.42749169479	0.286021076021	0.433776509669
0.094489435887	9.83080535148e-06	0.0057725355214	1.42788559149	0.285654899178	0.434219772556
0.0944948457439	7.80580279882e-06	0.00462504742684	1.42827598169	0.285286587134	0.434660290568
0.094499161983	6.19783714147e-06	0.00370561336827	1.4286628916	0.284917261184	0.435098073486
0.0945026623478	4.90003897634e-06	0.00307048480228	1.42904634838	0.284548039054	0.435533130696
0.094505445932	3.87282714799e-06	0.00254714429063	1.42941228202	0.284193405059	0.435949411808
0.0945076560573	3.06088899773e-06	0.00211296792553	1.42976098371	0.283853659862	0.436347101019
0.0945094104643	2.41912746818e-06	0.00175277299675	1.43009325972	0.283528481996	0.436726980489
0.0945108028175	1.91188748557e-06	0.00145395983938	1.43040987938	0.2832174869	0.437089803746
0.094511907604	1.51098069404e-06	0.00120607299505	1.43071157662	0.282920245944	0.437436296364
0.0945127840424	1.19412290634e-06	0.0010004367488	1.4309990515	0.282636301278	0.437767156646
0.0945134791988	9.43698205141e-07	0.000829852491042	1.43127297166	0.282365177363	0.438083056333
0.0945140304701	7.45781519688e-07	0.000688347454551	1.43153397375	0.28210638988	0.438384641318
0.0945144563204	5.93380694589e-07	0.000520447896852	1.43178266482	0.281859407523	0.438672532363
0.0945147722859	4.80644861635e-07	0.00034897891547	1.43204434363	0.281598995233	0.438976020185
0.094515114371	3.59083000625e-07	0.000178131205352	1.43236031637	0.281284391551	0.439343247339
0.0945153251854	2.84448485773e-07	0.000145330979051	1.43282224155	0.280823309367	0.439881625971
0.0945154930711	2.25355718227e-07	0.000118440481393	1.43327078916	0.280375431637	0.440406153582
0.0945156282275	1.78052314064e-07	9.88212027234e-05	1.43370687761	0.279939881326	0.44091776402
0.0945157352357	1.4080433057e-07	8.02719437141e-05	1.43411990955	0.279527274561	0.441403834428
0.0945158190849	1.11768572632e-07	6.45082540837e-05	1.43452204831	0.279125468332	0.441878502654
0.0945158862893	8.86153713953e-08	5.29700646049e-05	1.43491928074	0.278728501906	0.442348758642
0.0945159407269	6.99553417221e-08	4.43392240872e-05	1.43530286958	0.27834512813	0.442804169251
0.0945159839212	5.52208091345e-08	3.71260167843e-05	1.43566469223	0.277983475805	0.443234919477
0.0945160181792	4.35879914291e-08	3.1091599697e-05	1.43600585305	0.277642449846	0.443642126289
0.094516045339	3.44052002116e-08	2.60350715553e-05	1.43632746078	0.277320948851	0.444026935417
0.0945160668278	2.71693342197e-08	2.15673043256e-05	1.43663066275	0.277017831204	0.444390560759
0.094516083614	2.1538556682e-08	1.75628400195e-05	1.43691973003	0.276728829698	0.444737995369
0.0945160971927	1.70006358246e-08	1.47052079756e-05	1.43720115592	0.276447456939	0.445076961375
0.0945161079504	1.34183149077e-08	1.23145718795e-05	1.43746648951	0.276182165385	0.44539719354
0.0945161164262	1.06053475076e-08	1.01075210001e-05	1.43771659888	0.275932089097	0.445699629636
0.0945161230957	8.39894954929e-09	8.33931460039e-06	1.43795745833	0.275691255647	0.445991412344
0.094516128462	6.6291414434e-09	6.9822049825e-06	1.43818867098	0.275460063881	0.446272000815
0.0945161327112	5.23189227718e-09	5.84807804683e-06	1.4384066566	0.275242094786	0.446536980175
0.0945161360737	4.12926045957e-09	4.89654921468e-06	1.4386120813	0.275036683156	0.446787084775
0.094516138735	3.25889288949e-09	4.10162422019e-06	1.438805737	0.274843037785	0.447023211563
0.094516140838	2.57280532047e-09	3.40460546873e-06	1.43898821118	0.274660571755	0.447246016912
0.0945161424822	2.03763198136e-09	2.7868457984e-06	1.43916177472	0.274487014592	0.447458223907
0.0945161438051	1.60804056809e-09	2.33450150607e-06	1.43932971341	0.274319081022	0.447663815708
0.0945161448513	1.2690078645e-09	1.95556578688e-06	1.43948793829	0.274160860182	0.44785775199
0.0945161456786	1.00144581601e-09	1.63815493841e-06	1.43963701022	0.274011791448	0.448040679515
0.0945161463328	7.90289132253e-10	1.37226952099e-06	1.43977745536	0.273871348842	0.448213207741
0.09451614685	6.23650471892e-10	1.14953284776e-06	1.43990977042	0.273739035775	0.448375914666
0.094516147259	4.92115875001e-10	9.6338578083e-07	1.44003442534	0.273614382434	0.448529349504
0.0945161475822	3.88319791042e-10	8.07385673041e-07	1.44015180212	0.273497006894	0.448673956888
0.0945161478376	3.06413810369e-10	6.76663176298e-07	1.44026232383	0.273386486167	0.448810235191
0.0945161480393	2.41848268535e-10	5.63603164884e-07	1.44036638713	0.273282423651	0.448938653224
0.0945161481925	1.92842059161e-10	4.41211734042e-07	1.44046500382	0.273183807546	0.449060442475
0.0945161483199	1.5215458644e-10	3.69967300895e-07	1.440565449	0.273083362857	0.449184582522
0.0945161484206	1.20049515968e-10	3.10258760114e-07	1.44065996752	0.272988844725	0.44930148331
0.0945161485001	9.47178945194e-11	2.60189111918e-07	1.44074889811	0.272899914438	0.4494115487
0.0945161485629	7.47305352901e-11	2.1823910436e-07	1.44083256935	0.272816243437	0.449515171964
0.0945161486125	5.89558496128e-11	1.83140786366e-07	1.44091127688	0.272737536101	0.449612707344
0.0945161486517	4.65107962365e-11	1.53686650666e-07	1.44098527303	0.272663540101	0.449704456949
0.0945161486825	3.6738737024e-11	1.26872573538e-07	1.44105483959	0.272593973663	0.449790760741
0.0945161487068	2.90620872448e-11	1.05258092166e-07	1.44112140519	0.27252740815	0.449873383843
0.0945161487262	2.2923370074e-11	8.84374812771e-08	1.44118487623	0.272463937187	0.449952204406
0.0945161487415	1.80812531343e-11	7.43046615296e-08	1.4412444644	0.272404349075	0.45002623734
0.0945161487535	1.4261889962e-11	6.24301891004e-08	1.44130040708	0.272348406445	0.450095771285
0.0945161487631	1.12488174963e-11	5.24979527851e-08	1.44135292714	0.272295886418	0.450161077738
0.0945161487706	8.87078129354e-12	4.41775055113e-08	1.44140218991	0.272246623682	0.450222357343
0.0945161487766	6.99544891518e-12	3.71756934916e-08	1.44144835629	0.272200457321	0.450279805884
0.0945161487812	5.51655691821e-12	3.12835545598e-08	1.44149162081	0.272157192817	0.45033366153
0.0945161487849	4.35005558951e-12	2.63577212525e-08	1.44153216578	0.272116647862	0.450384147807
0.0945161487879	3.42935436507e-12	2.22310464149e-08	1.4415701131	0.272078700558	0.450431413471
0.0945161487902	2.7035156575e-12	1.87504290899e-08	1.44160558262	0.272043231048	0.450475605107
0.094516148792	2.13129933022e-12	1.5814731564e-08	1.44163873606	0.27201007761	0.450516921813
0.0945161487934	1.68009689243e-12	1.33565322645e-08	1.44166972461	0.271979089066	0.450555549898
0.0945161487946	1.32399197927e-12	1.12970144176e-08	1.44169864915	0.271950164528	0.450591613281
0.0945161487955	1.04336328915e-12	9.55505225418e-09	1.44172559889	0.271923214795	0.45062522153
0.0945161487962	8.22214210062e-13	8.08168478701e-09	1.4417507086	0.271898105081	0.450656541286
0.0945161487967	6.47907800146e-13	6.84303105584e-09	1.4417741039	0.271874709793	0.450685727944
0.0945161487971	5.10358522884e-13	5.80641844179e-09	1.44179587677	0.27185293692	0.450712895192
0.0945161487975	4.02010019189e-13	4.92683135252e-09	1.44181608944	0.271832724254	0.45073811967
0.0945161487978	3.16663327618e-13	4.18048473587e-09	1.44183485367	0.27181396002	0.450761540012
0.094516148798	2.49461671634e-13	3.53869492502e-09	1.44185227325	0.271796540446	0.450783284999
0.0945161487981	1.97003005075e-13	2.94555498613e-09	1.44186848505	0.271780328641	0.450803524884
0.0945161487983	1.55183457007e-13	2.50507268034e-09	1.44188386587	0.271764947827	0.450822729592
0.0945161487984	1.22148397262e-13	2.13719868767e-09	1.44189811219	0.271750701507	0.450840519741
0.0945161487985	9.61456530443e-14	1.82334627992e-09	1.44191125609	0.271737557604	0.450856934938
0.0945161487985	7.56782535076e-14	1.55558277018e-09	1.44192338287	0.271725430822	0.450872081312
0.0945161487986	5.95678805906e-14	1.32714027115e-09	1.44193457123	0.271714242464	0.450886056821
0.0945161487986	4.68863577336e-14	1.13261110233e-09	1.44194489378	0.27170391992	0.450898951878
0.0945161487987	3.68803860746e-14	9.71129924798e-10	1.44195441428	0.271694399415	0.450910845906
0.0945161487987	2.90097564355e-14	8.32671389476e-10	1.44196314832	0.271685665376	0.45092175815
0.0945161487987	2.28187786754e-14	7.13953208299e-10	1.44197116086	0.271677652839	0.450931769585
0.0945161487987	1.79490069194e-14	6.12161022971e-10	1.44197851149	0.271670302209	0.450940954519
0.0945161487987	1.41184881221e-14	5.2488169996e-10	1.44198525488	0.271663558811	0.450949381138
0.0945161487987	1.1105272071e-14	4.50197093515e-10	1.44199144121	0.271657372485	0.450957112011
0.0945161487987	8.73026394039e-15	3.87661591759e-10	1.44199711449	0.271651699204	0.450964202064
0.0945161487988	6.86317907715e-15	3.33812603144e-10	1.44200229395	0.271646519748	0.450970675236
0.0945161487988	5.39539310403e-15	2.87443546739e-10	1.44200702256	0.271641791135	0.450976585174
0.0945161487988	4.24151176396e-15	2.47515434401e-10	1.44201133957	0.271637474124	0.450981980865
0.0945161487988	3.33440306434e-15	2.13133593317e-10	1.44201528081	0.271633532889	0.45098690704
0.0945161487988	2.62129179613e-15	1.83527621406e-10	1.44201887897	0.271629934722	0.450991404541
0.0945161487988	2.05986365311e-15	1.58540459081e-10	1.44202216394	0.271626649761	0.450995510658
0.0945161487988	1.61857323334e-15	1.36993244107e-10	1.44202515218	0.27162366152	0.450999245971
0.0945161487988	1.2718213633e-15	1.18374489066e-10	1.44202786956	0.271620944133	0.451002642789
0.0945161487988	9.9935495469e-16	1.0228619414e-10	1.44203034065	0.271618473051	0.451005731778
0.0945161487988	7.85259730467e-16	8.83844498019e-11	1.44203258775	0.27161622595	0.451008540829
0.0945161487988	6.17030731011e-16	7.63720858403e-11	1.44203463117	0.271614182528	0.451011095306
0.0945161487988	4.84774373103e-16	6.61203581591e-11	1.44203648937	0.271612324323	0.451013418278
0.0945161487988	3.80761353312e-16	5.73100285342e-11	1.44203817564	0.271610638056	0.451015526336
0.0945161487988	2.990652829e-16	4.96736429085e-11	1.44203970371	0.271609109981	0.451017436656
0.0945161487988	2.34897869022e-16	4.30547785715e-11	1.44204108844	0.271607725258	0.451019167784
0.0945161487988	1.84498184154e-16	3.73178552132e-11	1.44204234326	0.271606470439	0.451020736526
0.0945161487988	1.44912238049e-16	3.23453578435e-11	1.44204348036	0.271605333338	0.451022158114
0.0945161487988	1.13817445353e-16	2.80488281308e-11	1.44204451079	0.27160430291	0.45102344635
0.0945161487988	8.93643797594e-17	2.43767494596e-11	1.44204544408	0.271603369616	0.451024613159
0.0945161487988	7.01649172971e-17	2.11854085294e-11	1.44204628725	0.271602526449	0.451025667298
0.0945161487988	5.50903528477e-17	1.84118688101e-11	1.44204704899	0.271601764706	0.451026619645
0.0945161487988	4.32544762752e-17	1.60014331537e-11	1.44204773717	0.271601076525	0.451027480028
0.0945161487988	3.39614741073e-17	1.39065651405e-11	1.4420483589	0.271600454801	0.451028257329
0.0945161487988	2.66650241239e-17	1.20859516344e-11	1.44204892058	0.271599893116	0.45102895957
0.0945161487988	2.09330836668e-17	1.05255650749e-11	1.44204942802	0.271599385673	0.451029593997
0.0945161487988	1.64283307278e-17	9.17807142518e-12	1.44204988544	0.271598928254	0.451030165885
0.0945161487988	1.28929899777e-17	8.00308508535e-12	1.44205029713	0.271598516566	0.451030680599
0.0945161487988	1.01184463805e-17	6.97852156483e-12	1.44205066766	0.271598146037	0.451031143856
0.0945161487988	7.9409782732e-18	6.08512363316e-12	1.44205100115	0.271597812551	0.4510315608
0.0945161487988	6.23209645241e-18	5.30609937584e-12	1.44205130129	0.271597512406	0.451031936061
0.0945161487988	4.89096225526e-18	4.62680658548e-12	1.44205157143	0.271597242268	0.451032273805
0.0945161487988	3.83796269182e-18	4.03857944839e-12	1.44205181456	0.271596999137	0.451032577784
0.0945161487988	3.01157489817e-18	3.52558904854e-12	1.44205203313	0.271596780563	0.451032851061
0.0945161487988	2.36312436851e-18	3.07775992544e-12	1.4420522296	0.271596584096	0.451033096698
0.0945161487988	1.85429778655e-18	2.68681514508e-12	1.4420524062	0.271596407501	0.45103331749
0.0945161487988	1.45503142547e-18	2.34552912667e-12	1.44205256493	0.271596248767	0.451033515951
0.0945161487988	1.14173485496e-18	2.04759409801e-12	1.44205270761	0.271596106088	0.451033694339
0.0945161487988	8.95897117408e-19	1.78750351378e-12	1.44205283586	0.271595977841	0.451033854684
0.0945161487988	7.02993020542e-19	1.56045028219e-12	1.44205295113	0.271595862565	0.451033998811
0.0945161487988	5.51624925945e-19	1.36223791907e-12	1.44205305475	0.271595758949	0.451034128361
0.0945161487988	4.32849326772e-19	1.18920298725e-12	1.44205314788	0.271595665812	0.451034244807
0.0945161487988	3.3964842608e-19	1.0381473878e-12	1.4420532316	0.271595582096	0.451034349476
0.0945161487988	2.66515494436e-19	9.06279251848e-13	1.44205330685	0.271595506848	0.451034443558
0.0945161487988	2.09129507951e-19	7.91161340292e-13	1.44205337449	0.27159543921	0.451034528124
0.0945161487988	1.64099842986e-19	6.90665997976e-13	1.44205343528	0.271595378414	0.451034604137
0.0945161487988	1.28765942992e-19	6.02935829631e-13	1.44205348993	0.271595323767	0.451034672461
0.0945161487988	1.01040120937e-19	5.26349370852e-13	1.44205353905	0.271595274647	0.451034733875
0.0945161487988	7.92119555507e-20	4.64702429869e-13	1.4420535832	0.271595230495	0.451034789078
0.0945161487988	6.20120767384e-20	4.12668390717e-13	1.44205362241	0.27159519129	0.451034838095
0.0945161487988	4.85469348144e-20	3.66460748531e-13	1.44205365697	0.271595156728	0.451034881308
0.0945161487988	3.80055788112e-20	3.25427105527e-13	1.44205368744	0.271595126258	0.451034919403
0.0945161487988	2.97531455039e-20	2.88988114665e-13	1.4420537143	0.271595099397	0.451034952987
0.0945161487988	2.32926241911e-20	2.56629299969e-13	1.44205373798	0.271595075718	0.451034982594
0.0945161487988	1.82349237675e-20	2.27893792742e-13	1.44205375885	0.271595054842	0.451035008695
0.0945161487988	1.427543935e-20	2.02375881129e-13	1.44205377726	0.271595036438	0.451035031704
0.0945161487988	1.11757071632e-20	1.7971528195e-13	1.44205379348	0.271595020214	0.451035051989
0.0945161487988	8.74904283389e-21	1.59592053927e-13	1.44205380778	0.271595005912	0.451035069871
0.0945161487988	6.84929814776e-21	1.41722080495e-13	1.44205382039	0.271594993303	0.451035085636
0.0945161487988	5.36205913423e-21	1.25853058409e-13	1.44205383151	0.271594982187	0.451035099534
0.0945161487988	4.19775537565e-21	1.11760935523e-13	1.44205384131	0.271594972388	0.451035111786
0.0945161487988	3.28626554299e-21	9.92467474321e-14	1.44205384995	0.271594963749	0.451035122587
0.0945161487988	2.57217242523e-21	8.85349792426e-14	1.44205385756	0.271594956133	0.451035132109
0.0945161487988	2.01067202894e-21	7.94808793204e-14	1.44205386425	0.271594949451	0.451035140464
0.0945161487988	1.57174611024e-21	7.13527040841e-14	1.44205387006	0.271594943633	0.451035147738
0.0945161487988	1.2286368923e-21	6.405576312e-14	1.44205387513	0.271594938566	0.451035154073
0.0945161487988	9.60427770251e-22	5.75050496025e-14	1.44205387954	0.271594934155	0.451035159588
0.0945161487988	7.50768194483e-22	5.16242499946e-14	1.44205388338	0.271594930313	0.451035164391
0.0945161487988	5.86876909442e-22	4.63448550224e-14	1.44205388673	0.271594926968	0.451035168573
0.0945161487988	4.58762783517e-22	4.16053615662e-14	1.44205388964	0.271594924056	0.451035172215
0.0945161487988	3.58615730265e-22	3.7350556171e-14	1.44205389218	0.27159492152	0.451035175386
0.0945161487988	2.80330590382e-22	3.35308718288e-14	1.44205389438	0.271594919311	0.451035178147
0.0945161487988	2.19134949328e-22	3.01018105407e-14	1.44205389631	0.271594917389	0.451035180551
0.0945161487988	1.71298201665e-22	2.70234249306e-14	1.44205389798	0.271594915714	0.451035182644
0.0945161487988	1.33904126096e-22	2.42598528722e-14	1.44205389944	0.271594914256	0.451035184467
0.0945161487988	1.04673106943e-22	2.1778899708e-14	1.44205390071	0.271594912987	0.451035186054
0.0945161487988	8.18215369474e-23	1.95600422469e-14	1.44205390181	0.271594911881	0.451035187437
0.0945161487988	6.38928784215e-23	1.76949222085e-14	1.44205390278	0.271594910919	0.451035188639
0.0945161487988	4.98927307493e-23	1.60076480406e-14	1.44205390361	0.271594910089	0.451035189678
0.0945161487988	3.89602823164e-23	1.44812615031e-14	1.44205390432	0.271594909372	0.451035190574
0.0945161487988	3.04233417417e-23	1.31004213849e-14	1.44205390494	0.271594908753	0.451035191348
0.0945161487988	2.37570075887e-23	1.18512493141e-14	1.44205390548	0.271594908219	0.451035192016
0.0945161487988	1.85513943313e-23	1.07211902711e-14	1.44205390594	0.271594907758	0.451035192592
0.0945161487988	1.44864301754e-23	9.69888640263e-15	1.44205390634	0.27159490736	0.45103519309
0.0945161487988	1.13121771586e-23	8.7740628671e-15	1.44205390668	0.271594907016	0.451035193519
0.0945161487988	8.83346349044e-24	7.93742456591e-15	1.44205390698	0.27159490672	0.45103519389
0.0945161487988	6.89788324028e-24	7.18056272136e-15	1.44205390723	0.271594906464	0.45103519421
0.0945161487988	5.34213854345e-24	6.90717478043e-15	1.44205390745	0.271594906243	0.451035194486
0.0945161487988	4.13464279763e-24	6.66135796905e-15	1.44205390763	0.271594906065	0.451035194709
0.0945161487988	3.20008006611e-24	6.42428943847e-15	1.44205390777	0.271594905922	0.451035194887
0.0945161487988	2.47675867793e-24	6.19565784946e-15	1.44205390789	0.271594905808	0.45103519503
0.0945161487988	1.91693127103e-24	5.97516294294e-15	1.44205390798	0.271594905716	0.451035195145
0.0945161487988	1.48364292836e-24	5.76251514561e-15	1.44205390805	0.271594905642	0.451035195238
0.0945161487988	1.14829173696e-24	5.55743518971e-15	1.44205390811	0.271594905583	0.451035195312
0.0945161487988	8.88740739393e-25	5.3596537462e-15	1.44205390816	0.271594905535	0.451035195371
0.0945161487988	6.87856645159e-25	5.16891107113e-15	1.4420539082	0.271594905497	0.451035195419
0.0945161487988	5.3238072671e-25	4.98458985863e-15	1.44205390823	0.271594905467	0.451035195457
0.0945161487988	4.12055975047e-25	4.8063271602e-15	1.44205390825	0.271594905442	0.451035195488
0.0945161487988	3.1892613322e-25	4.63443962814e-15	1.44205390827	0.271594905422	0.451035195512
0.0945161487988	2.46844808982e-25	4.4686992689e-15	1.44205390829	0.271594905406	0.451035195532
0.0945161487988	1.9105477217e-25	4.3088862426e-15	1.4420539083	0.271594905394	0.451035195548
