0.0	0.168420721663	0.895172617602	0.0	0.0	0.0
3.74969029215e-18	0.168420721658	0.895172617587	4.02672341843e-12	3.74966724335e-12	1e-06
4.19764577563e-18	0.168420721658	0.895172617586	4.25590162537e-12	4.04265509955e-12	1.03833333333e-06
4.69911610956e-18	0.168420721658	0.895172617585	4.50298692614e-12	4.35862457236e-12	1.07813611111e-06
5.26049442746e-18	0.168420721658	0.895172617584	4.76937851142e-12	4.69912997401e-12	1.11946466204e-06
5.88893761637e-18	0.168420721657	0.895172617583	5.05658489922e-12	5.06628072825e-12	1.16237747408e-06
6.59245755846e-18	0.168420721657	0.895172617582	5.36623247724e-12	5.46218625882e-12	1.20693527725e-06
7.38002327266e-18	0.168420721657	0.895172617581	5.70007471282e-12	5.88895598948e-12	1.25320112955e-06
8.26167525873e-18	0.168420721656	0.895172617579	6.06000208241e-12	6.34914343319e-12	1.30124050618e-06
9.24865350135e-18	0.168420721656	0.895172617578	6.44805277695e-12	6.84519108058e-12	1.35112139225e-06
1.03535407662e-17	0.168420721655	0.895172617577	6.86642424367e-12	7.38009653384e-12	1.40291437895e-06
1.15904230146e-17	0.168420721655	0.895172617575	7.3174856298e-12	7.95674637282e-12	1.45669276348e-06
1.29750689829e-17	0.168420721654	0.895172617573	7.80379119851e-12	8.5783602443e-12	1.51253265274e-06
1.45251312138e-17	0.168420721654	0.895172617571	8.32809479317e-12	9.24871290655e-12	1.5705130711e-06
1.62603711053e-17	0.168420721653	0.895172617569	8.89336543176e-12	9.97135707327e-12	1.63071607215e-06
1.82029108439e-17	0.168420721653	0.895172617567	9.50280411977e-12	1.07504005696e-11	1.69322685492e-06
2.03775154359e-17	0.168420721652	0.895172617565	1.01598619768e-11	1.159039531e-11	1.75813388435e-06
2.28119084305e-17	0.168420721651	0.895172617562	1.08682597796e-11	1.24961152535e-11	1.82552901659e-06
2.55371253614e-17	0.16842072165	0.895172617559	1.16320090318e-11	1.34724453813e-11	1.89550762889e-06
2.8587909412e-17	0.168420721649	0.895172617556	1.24554346804e-11	1.45251588533e-11	1.96816875466e-06
3.2003154348e-17	0.168420721649	0.895172617553	1.3343199607e-11	1.56601398513e-11	2.04361522358e-06
3.58264003661e-17	0.168420721648	0.895172617549	1.43003310325e-11	1.68837166467e-11	2.12195380715e-06
4.01063891776e-17	0.168420721646	0.895172617546	1.53322489855e-11	1.82028836445e-11	2.20329536976e-06
4.4897685406e-17	0.168420721645	0.895172617542	1.64447969942e-11	1.96251903613e-11	2.2877550256e-06
5.02613722189e-17	0.168420721644	0.895172617537	1.76442751778e-11	2.11586304029e-11	2.37545230157e-06
5.62658300641e-17	0.168420721643	0.895172617532	1.8937475922e-11	2.28119745311e-11	2.46651130646e-06
6.29876084364e-17	0.168420721641	0.895172617527	2.03317223432e-11	2.45943265747e-11	2.56106090654e-06
7.05124017901e-17	0.16842072164	0.895172617522	2.18349097577e-11	2.65161226302e-11	2.65923490795e-06
7.89361420386e-17	0.168420721638	0.895172617516	2.3455550391e-11	2.85879098164e-11	2.76117224608e-06
8.83662215688e-17	0.168420721636	0.89517261751	2.52028215809e-11	3.08216785418e-11	2.86701718218e-06
9.89228623629e-17	0.168420721634	0.895172617503	2.70866177466e-11	3.32299743266e-11	2.97691950749e-06
1.10740648681e-16	0.168420721632	0.895172617495	2.91176064188e-11	3.58264529142e-11	3.09103475527e-06
1.23970242848e-16	0.168420721629	0.895172617487	3.13072886475e-11	3.86257692482e-11	3.20952442088e-06
1.38780306011e-16	0.168420721627	0.895172617479	3.36680641301e-11	4.16437995181e-11	3.33255619034e-06
1.55359648363e-16	0.168420721624	0.895172617469	3.62133014281e-11	4.48977521807e-11	3.46030417762e-06
1.73919636246e-16	0.168420721621	0.895172617459	3.89574136704e-11	4.84058348936e-11	3.59294917108e-06
1.94696886809e-16	0.168420721618	0.895172617449	4.19159401717e-11	5.21880316712e-11	3.7306788893e-06
2.17956284587e-16	0.168420721615	0.895172617437	4.51056344283e-11	5.62658808402e-11	3.8736882467e-06
2.43994358458e-16	0.168420721611	0.895172617424	4.85445589898e-11	6.06622529949e-11	4.02217962948e-06
2.73143062024e-16	0.168420721607	0.895172617411	5.22521877427e-11	6.54021281534e-11	4.17636318192e-06
3.05774005609e-16	0.168420721603	0.895172617396	5.62495161878e-11	7.0512484735e-11	4.33645710387e-06
3.4230319384e-16	0.168420721598	0.895172617381	6.05591803323e-11	7.60219664939e-11	4.5026879595e-06
3.83196329196e-16	0.168420721593	0.895172617364	6.52055848731e-11	8.19621037639e-11	4.67529099792e-06
4.28974749144e-16	0.168420721588	0.895172617345	7.02150413953e-11	8.83662032358e-11	4.85451048614e-06
4.80222072557e-16	0.168420721582	0.895172617326	7.56159173687e-11	9.5270791247e-11	5.04060005475e-06
5.37591640139e-16	0.168420721576	0.895172617304	8.1438796787e-11	1.02714947648e-10	5.23382305681e-06
6.01814843719e-16	0.168420721569	0.895172617282	8.77166533584e-11	1.10740638869e-10	5.43445294061e-06
6.73710450604e-16	0.168420721562	0.895172617257	9.4485037228e-11	1.19393495076e-10	5.64277363662e-06
7.54195041863e-16	0.168420721554	0.89517261723	1.01782276291e-10	1.28722477105e-10	5.85907995931e-06
8.44294697609e-16	0.168420721546	0.895172617201	1.09649693237e-10	1.3878032055e-10	6.08367802435e-06
9.45158078269e-16	0.168420721537	0.895172617171	1.18131839546e-10	1.49624090873e-10	6.31688568189e-06
1.0580710686e-15	0.168420721527	0.895172617137	1.27276747782e-10	1.61315183407e-10	6.55903296629e-06
1.18447317115e-15	0.168420721517	0.895172617101	1.37136203583e-10	1.73919656424e-10	6.81046256325e-06
1.32597585815e-15	0.168420721506	0.895172617062	1.47766038917e-10	1.87509119307e-10	7.07153029475e-06
1.48438311581e-15	0.168420721493	0.895172617021	1.59226448245e-10	2.02160288469e-10	7.34260562261e-06
1.66171444295e-15	0.16842072148	0.895172616976	1.71582329389e-10	2.17956319612e-10	7.62407217136e-06
1.86023059713e-15	0.168420721466	0.895172616927	1.84903651034e-10	2.3498658569e-10	7.91632827113e-06
2.08246241654e-15	0.168420721451	0.895172616875	1.99265848945e-10	2.53347454062e-10	8.21978752138e-06
2.33124308512e-15	0.168420721434	0.895172616818	2.14750253148e-10	2.73143063648e-10	8.53487937621e-06
2.60974425214e-15	0.168420721417	0.895172616757	2.31444548475e-10	2.9448543595e-10	8.86204975212e-06
2.9215164669e-15	0.168420721397	0.895172616691	2.49443271116e-10	3.17495363233e-10	9.20176165908e-06
3.27053444387e-15	0.168420721377	0.895172616621	2.68848343946e-10	3.42303185679e-10	9.55449585579e-06
3.66124773542e-15	0.168420721355	0.895172616544	2.89769653701e-10	3.69049457524e-10	9.92075153e-06
4.0986374582e-15	0.168420721331	0.895172616462	3.12325673236e-10	3.97885502165e-10	1.0301047005e-05
4.58827979628e-15	0.168420721305	0.895172616373	3.36644132416e-10	4.28974744431e-10	1.06959204732e-05
5.13641709065e-15	0.168420721277	0.895172616278	3.6286274142e-10	4.62493154671e-10	1.11059307577e-05
5.75003742148e-15	0.168420721247	0.895172616174	3.91129970567e-10	4.98630581021e-10	1.1531658103e-05
6.43696369754e-15	0.168420721214	0.895172616063	4.21605891065e-10	5.37591637583e-10	1.19737049965e-05
7.20595338876e-15	0.168420721179	0.895172615943	4.54463081467e-10	5.79597036696e-10	1.24326970209e-05
8.06681017326e-15	0.168420721142	0.895172615814	4.89887604941e-10	6.24884477105e-10	1.29092837395e-05
9.03050892222e-15	0.168420721101	0.895172615675	5.2808006291e-10	6.73710531353e-10	1.34041396155e-05
1.01093356161e-14	0.168420721057	0.895172615524	5.69256731007e-10	7.26351644969e-10	1.39179649667e-05
1.13170439758e-14	0.16842072101	0.895172615362	6.13650783806e-10	7.83105912836e-10	1.44514869564e-05
1.2669030806e-14	0.168420720959	0.895172615188	6.61513615235e-10	8.44294744515e-10	1.50054606221e-05
1.41825322851e-14	0.168420720904	0.895172615	7.13116262161e-10	9.10264640612e-10	1.5580669945e-05
1.58768437059e-14	0.168420720845	0.895172614797	7.68750939224e-10	9.81389191171e-10	1.61779289585e-05
1.7773565467e-14	0.168420720781	0.895172614578	8.28732693573e-10	1.05807107408e-09	1.67980829007e-05
1.98968784508e-14	0.168420720713	0.895172614342	8.9340118892e-10	1.14074460858e-09	1.74420094105e-05
2.22738523011e-14	0.168420720638	0.895172614087	9.63122628977e-10	1.22987797573e-09	1.81106197697e-05
2.49347905271e-14	0.168420720558	0.895172613813	1.03829183119e-09	1.32597588289e-09	1.88048601924e-05
2.79136168365e-14	0.168420720472	0.895172613517	1.11933446249e-09	1.42958245037e-09	1.95257131646e-05
3.12483076215e-14	0.168420720379	0.895172613199	1.2067094498e-09	1.54128443104e-09	2.02741988337e-05
3.49813761106e-14	0.168420720279	0.895172612855	1.30091157877e-09	1.66171442996e-09	2.10513764533e-05
3.9160414361e-14	0.168420720171	0.895172612484	1.40247429569e-09	1.79155434611e-09	2.18583458813e-05
4.38386999985e-14	0.168420720055	0.895172612085	1.51197272828e-09	1.93153948018e-09	2.2696249137e-05
4.90758754426e-14	0.168420719929	0.895172611654	1.63002694248e-09	2.08246242039e-09	2.35662720172e-05
5.49387082739e-14	0.168420719794	0.89517261119	1.75730545378e-09	2.24517792742e-09	2.44696457741e-05
6.15019424391e-14	0.168420719648	0.895172610689	1.89452901287e-09	2.42060737534e-09	2.54076488578e-05
6.88492511451e-14	0.16842071949	0.895172610149	2.0424746871e-09	2.60974430273e-09	2.6381608726e-05
7.70743035896e-14	0.168420719321	0.895172609567	2.2019802608e-09	2.81365951967e-09	2.73929037218e-05
8.62819591291e-14	0.168420719138	0.89517260894	2.37394897957e-09	3.03350788013e-09	2.84429650252e-05
9.65896041071e-14	0.168420718941	0.895172608263	2.55935466505e-09	3.27053438816e-09	2.95332786778e-05
1.08128648386e-13	0.168420718728	0.895172607534	2.75924722953e-09	3.52608130339e-09	3.06653876863e-05
1.21046200663e-13	0.168420718499	0.895172606747	2.97475862136e-09	3.80159557943e-09	3.18408942059e-05
1.35506943924e-13	0.168420718252	0.895172605899	3.20710923493e-09	4.09863741265e-09	3.30614618078e-05
1.51695234951e-13	0.168420717985	0.895172604985	3.45761482149e-09	4.41888901294e-09	3.43288178333e-05
1.69817454648e-13	0.168420717698	0.895172604	3.72769393996e-09	4.76416381851e-09	3.56447558385e-05
1.90104639137e-13	0.168420717388	0.895172602938	4.01887598994e-09	5.13641704307e-09	3.70111381325e-05
2.12815425196e-13	0.168420717054	0.895172601792	4.33280987234e-09	5.53775666698e-09	3.84298984128e-05
2.38239347551e-13	0.168420716694	0.895172600557	4.67127332678e-09	5.97045542771e-09	3.99030445022e-05
2.66700530096e-13	0.168420716306	0.895172599226	5.03618299851e-09	6.43696358735e-09	4.14326611897e-05
2.98561818073e-13	0.168420715888	0.89517259779	5.42960529197e-09	6.93992292147e-09	4.30209131813e-05
3.34229403901e-13	0.168420715437	0.895172596242	5.85376807241e-09	7.48218148502e-09	4.46700481635e-05
3.74158005637e-13	0.16842071495	0.895172594574	6.31107328175e-09	8.06681004371e-09	4.63823999839e-05
4.18856664068e-13	0.168420714426	0.895172592775	6.80411054029e-09	8.69711917136e-09	4.81603919544e-05
4.68895232362e-13	0.168420713861	0.895172590835	7.33567181116e-09	9.37667823476e-09	5.00065402802e-05
5.24911640992e-13	0.168420713251	0.895172588744	7.90876721061e-09	1.01093353776e-08	5.19234576214e-05
5.87620030566e-13	0.168420712594	0.89517258649	8.52664205361e-09	1.08992395031e-08	5.39138567896e-05
6.5781985625e-13	0.168420711885	0.895172584059	9.19279523135e-09	1.17508635884e-08	5.59805545877e-05
7.36406079831e-13	0.168420711121	0.895172581438	9.91099902475e-09	1.26690304419e-08	5.81264757961e-05
8.24380579385e-13	0.168420710298	0.895172578613	1.0685320466e-08	1.36589391264e-08	6.03546573113e-05
9.2286492199e-13	0.16842070941	0.895172575567	1.15201443693e-08	1.47261954904e-08	6.26682524444e-05
1.03311466233e-12	0.168420708453	0.895172572283	1.2420198161e-08	1.58768431435e-08	6.50705353834e-05
1.15653534946e-12	0.168420707421	0.895172568742	1.33905786502e-08	1.71173977615e-08	6.75649058266e-05
1.29470044585e-12	0.168420706308	0.895172564925	1.44367808906e-08	1.8454884613e-08	7.01548937938e-05
1.44937138708e-12	0.168420705108	0.895172560809	1.5564729298e-08	1.98968774161e-08	7.28441646224e-05
1.62252003796e-12	0.168420703815	0.895172556372	1.67808111987e-08	2.14515419711e-08	7.56365241541e-05
1.81635383141e-12	0.16842070242	0.895172551588	1.80919129997e-08	2.3127681901e-08	7.85359241212e-05
2.03334391048e-12	0.168420700917	0.89517254643	1.95054591848e-08	2.49347889447e-08	8.15464677387e-05
2.27625663238e-12	0.168420699296	0.895172540869	2.10294543579e-08	2.6883096248e-08	8.46724155114e-05
2.54818883613e-12	0.168420697548	0.895172534874	2.26725285712e-08	2.898363665e-08	8.79181912633e-05
2.85260732341e-12	0.168420695664	0.89517252841	2.44439861952e-08	3.12483050774e-08	9.12883883979e-05
3.19339305601e-12	0.168420693633	0.895172521442	2.63538586072e-08	3.36899259353e-08	9.47877763992e-05
3.57489063328e-12	0.168420691443	0.895172513928	2.8412960997e-08	3.63223253826e-08	9.84213075808e-05
4.00196368039e-12	0.168420689082	0.895172505828	3.06329536107e-08	3.91604103797e-08	0.000102194124095
4.48005685352e-12	0.168420686536	0.895172497095	3.302640778e-08	4.22202521771e-08	0.000106111565209
5.01526525246e-12	0.168420683792	0.895172487679	3.56068771105e-08	4.55191780199e-08	0.000110179174862
5.61441212556e-12	0.168420680832	0.895172477528	3.83889742335e-08	4.90758690693e-08	0.000114402709511
6.28513585763e-12	0.168420677642	0.895172466583	4.1388453553e-08	5.29104660956e-08	0.000118788146274
7.03598734988e-12	0.168420674203	0.895172454784	4.46223004598e-08	5.7044683498e-08	0.000123341691395
7.87653903315e-12	0.168420670495	0.895172442062	4.81088275156e-08	6.1501932539e-08	0.000128069789021
8.81750690452e-12	0.168420666497	0.895172428347	5.1867778153e-08	6.63074534611e-08	0.000132979130324
9.87088714277e-12	0.168420662186	0.895172413559	5.59204384775e-08	7.14884589268e-08	0.000138076662971
1.10501090447e-11	0.168420657539	0.895172397616	6.02897578061e-08	7.70742878956e-08	0.000143369600955
1.23702062316e-11	0.168420652529	0.895172380428	6.50004786235e-08	8.3096571602e-08	0.000148865434804
1.38480083092e-11	0.168420647127	0.895172361896	7.0079276693e-08	8.95894129666e-08	0.000154571942181
1.55023554237e-11	0.168420641303	0.895172341917	7.55549121147e-08	9.65895793311e-08	0.000160497198894
1.735433845e-11	0.168420635024	0.895172320376	8.14583921872e-08	1.04136711179e-07	0.000166649590319
1.94275678733e-11	0.168420628255	0.895172297153	8.78231469941e-08	1.12273546289e-07	0.000173037823272
2.17484747928e-11	0.168420620956	0.895172272114	9.46852187102e-08	1.21046161541e-07	0.000179670938328
2.43466478846e-11	0.168420613087	0.89517224512	1.02083465699e-07	1.30504234374e-07	0.000186558322615
2.72552106193e-11	0.168420604604	0.895172216016	1.1005978256e-07	1.40701323668e-07	0.000193709723099
3.05112435436e-11	0.168420595457	0.895172184638	1.18659337361e-07	1.51695173282e-07	0.000201135260376
3.41562570094e-11	0.168420585596	0.895172150808	1.27930827422e-07	1.63548038676e-07	0.000208845442997
3.82367203772e-11	0.168420574965	0.895172114335	1.37926755067e-07	1.76327040075e-07	0.000216851182336
4.28046544395e-11	0.168420563502	0.895172075012	1.48703724936e-07	1.9010454194e-07	0.000225163808035
4.79182946182e-11	0.168420551145	0.895172032616	1.60322764519e-07	2.04958562969e-07	0.000233795084032
5.36428333896e-11	0.168420537821	0.895171986908	1.72849669737e-07	2.20973217967e-07	0.000242757225213
6.00512514022e-11	0.168420523456	0.895171937628	1.86355377531e-07	2.38239194236e-07	0.000252062914697
6.72252478826e-11	0.16842050797	0.895171884498	2.0091636755e-07	2.56854264941e-07	0.000261725321783
7.5256282192e-11	0.168420491272	0.895171827217	2.16615095241e-07	2.76923842664e-07	0.000271758120584
8.42467398091e-11	0.168420473271	0.89517176546	2.33540458762e-07	2.98561576585e-07	0.000282175509386
9.43112376065e-11	0.168420453863	0.895171698877	2.5178830239e-07	3.21889995962e-07	0.000292992230729
1.05578085059e-10	0.168420432938	0.895171627092	2.71461959259e-07	3.47041203796e-07	0.000304223592279
1.18190920011e-10	0.168420410378	0.895171549698	2.92672836494e-07	3.74157625221e-07	0.000315885488483
1.32310539862e-10	0.168420386056	0.895171466256	3.15541046086e-07	4.03392813741e-07	0.000327994423066
1.48116951507e-10	0.168420359833	0.895171376295	3.40196085034e-07	4.34912320857e-07	0.000340567532382
1.65811666165e-10	0.168420331561	0.895171279305	3.66777568651e-07	4.68894633416e-07	0.000353622609667
1.85620268365e-10	0.16842030108	0.895171174736	3.95436021148e-07	5.05532184347e-07	0.000367178130212
2.07795291814e-10	0.168420268217	0.895171061996	4.26333728006e-07	5.45032442547e-07	0.000381253277512
2.32619438837e-10	0.168420232787	0.895170940448	4.59645654932e-07	5.87619087483e-07	0.000395867970411
2.6040918441e-10	0.168420194589	0.895170809402	4.95560438624e-07	6.3353327571e-07	0.000411042891283
2.91518810737e-10	0.168420153405	0.895170668117	5.34281454943e-07	6.83035006866e-07	0.000426799515306
3.26344923804e-10	0.168420109004	0.895170515793	5.76027970549e-07	7.36404595244e-07	0.000443160140844
3.65331509496e-10	0.168420061133	0.895170351566	6.2103638451e-07	7.93944257597e-07	0.000460147921
4.08975593708e-10	0.168420009523	0.895170174508	6.69561566925e-07	8.55979824622e-07	0.00047778689638
4.5783357863e-10	0.168419953879	0.895169983615	7.21878302136e-07	9.22862585216e-07	0.000496102029107
5.12528335963e-10	0.168419893888	0.895169777806	7.78282844693e-07	9.94971276497e-07	0.000515119238143
5.73757147491e-10	0.168419829209	0.895169555917	8.39094596899e-07	1.07271422748e-06	0.000534865435961
6.42300594237e-10	0.168419759477	0.89516931669	9.04657917412e-07	1.15653167224e-06	0.000555368566626
7.19032507507e-10	0.168419684296	0.895169058771	9.75344071157e-07	1.24689824177e-06	0.000576657645331
8.04931108682e-10	0.16841960324	0.895168780699	1.05155333158e-06	1.34432565203e-06	0.000598762799452
9.01091479756e-10	0.168419515852	0.8951684809	1.13371724717e-06	1.44936560119e-06	0.000621715311169
1.00873952357e-09	0.168419421635	0.895168157677	1.22230108501e-06	1.56261289392e-06	0.000645547661731
1.12924759172e-09	0.168419320057	0.895167809198	1.31780646529e-06	1.68470880861e-06	0.000670293577405
1.26415197932e-09	0.168419210542	0.89516743349	1.42077420163e-06	1.81634472898e-06	0.000695988077191
1.41517250962e-09	0.168419092469	0.895167028427	1.53178736328e-06	1.95826605888e-06	0.000722667522368
1.58423445816e-09	0.168418965172	0.895166591714	1.65147457663e-06	2.11127644228e-06	0.000750369667928
1.77349309581e-09	0.168418827928	0.895166120878	1.78051358452e-06	2.2762423142e-06	0.000779133715991
1.98536116366e-09	0.16841867996	0.895165613254	1.91963508375e-06	2.45409780566e-06	0.000809000371258
2.22253962986e-09	0.168418520431	0.895165065967	2.06962686234e-06	2.64585003393e-06	0.000840011898588
2.48805212041e-09	0.168418348438	0.895164475917	2.23133825995e-06	2.85258480316e-06	0.000872212182787
2.78528346284e-09	0.168418163006	0.895163839764	2.40568497683e-06	3.07547275335e-06	0.000905646790676
3.11802283396e-09	0.168417963085	0.895163153906	2.59365425838e-06	3.31577598737e-06	0.000940363035543
3.4905120615e-09	0.168417747544	0.895162414458	2.79631048476e-06	3.57485521667e-06	0.000976410044059
3.9074996955e-09	0.168417515162	0.895161617235	3.01480119715e-06	3.85417746535e-06	0.00101383882576
4.37430153819e-09	0.168417264623	0.895160757721	3.25036359467e-06	4.15532437534e-06	0.00105270234516
4.8968684041e-09	0.168416994508	0.89515983105	3.50433153892e-06	4.48000116085e-06	0.00109305559671
5.48186197364e-09	0.168416703289	0.895158831974	3.77814310556e-06	4.83004626176e-06	0.00113495568247
6.13673970688e-09	0.168416389315	0.895157754838	4.0733487258e-06	5.20744175135e-06	0.00117846189295
6.86984989962e-09	0.16841605081	0.895156593541	4.39161996379e-06	5.61432455695e-06	0.00122363579083
7.69053809282e-09	0.168415685857	0.895155341508	4.73475897954e-06	6.0529985568e-06	0.00127054129809
8.60926619139e-09	0.16841529239	0.89515399165	5.10470873098e-06	6.52594762127e-06	0.00131924478632
9.63774580995e-09	0.16841486818	0.895152536325	5.50356397281e-06	7.0358496732e-06	0.00136981517053
1.07890875445e-08	0.168414410826	0.895150967291	5.93358311426e-06	7.58559184569e-06	0.00142232400659
1.20779680718e-08	0.168413917739	0.895149275665	6.39720100301e-06	8.1782868244e-06	0.0014768455923
1.3520817205e-08	0.168413386126	0.89514745187	6.8970427073e-06	8.81729046439e-06	0.00153345707243
1.51360272883e-08	0.168412812978	0.895145485579	7.43593837434e-06	9.5062207839e-06	0.0015922385477
1.69441875986e-08	0.168412195051	0.89514336566	8.01693924896e-06	1.02489784409e-05	0.00165327318792
1.89683467382e-08	0.168411528845	0.895141080109	8.64333494292e-06	1.1049768807e-05	0.00171664734948
2.12343063621e-08	0.16841081059	0.895138615989	9.31867205262e-06	1.19131257667e-05	0.00178245069733
2.37709499787e-08	0.168410036218	0.895135959346	1.00467742303e-05	1.28439373722e-05	0.00185077633157
2.6610611013e-08	0.168409201347	0.895133095143	1.08317638221e-05	1.38474735027e-05	0.00192172091891
2.9789484816e-08	0.16840830125	0.895130007163	1.16780851953e-05	1.49294156811e-05	0.00199538482912
3.33480898686e-08	0.168407330833	0.895126677924	1.25905298864e-05	1.60958892178e-05	0.00207187227666
3.73317840489e-08	0.1684062846	0.89512308858	1.35742637116e-05	1.73534978635e-05	0.00215129146777
4.17913425357e-08	0.168405156632	0.895119218812	1.46348559937e-05	1.87093611655e-05	0.00223375475305
4.67836047023e-08	0.168403940543	0.895115046713	1.57783110695e-05	2.0171154738e-05	0.00231937878598
5.23721982331e-08	0.16840262945	0.895110548668	1.70111022548e-05	2.17471536746e-05	0.00240828468734
5.86283496765e-08	0.168401215932	0.895105699214	1.83402084608e-05	2.3446279346e-05	0.00250059821597
6.56317917443e-08	0.168399691989	0.895100470904	1.97731536659e-05	2.52781498488e-05	0.00259644994594
7.34717788998e-08	0.168398048998	0.895094834143	2.13180494661e-05	2.72531343863e-05	0.0026959754505
8.22482241486e-08	0.16839627766	0.89508875703	2.29836409449e-05	2.93824118898e-05	0.00279931549295
9.20729714858e-08	0.168394367951	0.895082205169	2.47793561191e-05	3.16780342108e-05	0.00290661622481
1.03071220177e-07	0.168392309066	0.895075141482	2.67153592397e-05	3.41529942353e-05	0.00301802939143
1.15383118969e-07	0.168390089355	0.895067525994	2.88026082482e-05	3.68212993081e-05	0.00313371254535
1.29165550499e-07	0.168387696259	0.895059315609	3.10529167107e-05	3.96980503757e-05	0.00325382926782
1.44594128548e-07	0.16838511624	0.89505046387	3.34790205773e-05	4.27995272942e-05	0.00337854939852
1.61865433522e-07	0.168382334703	0.895040920691	3.60946501436e-05	4.61432807781e-05	0.00350804927411
1.81199514531e-07	0.168379335913	0.895030632079	3.89146076159e-05	4.97482315088e-05	0.00364251197559
2.02842689821e-07	0.16837610291	0.895019539827	4.19548507169e-05	5.36347769543e-05	0.00378212758506
2.27070681085e-07	0.16837261741	0.895007581184	4.52325827993e-05	5.78249064997e-05	0.00392709345203
2.54192121406e-07	0.168368859701	0.894994688507	4.87663499727e-05	6.23423255312e-05	0.00407761446974
2.84552481292e-07	0.168364808537	0.894980788871	5.25761457869e-05	6.72125891667e-05	0.00423390336181
3.18538462556e-07	0.168360441014	0.894965803669	5.66835240558e-05	7.24632463785e-05	0.00439618097953
3.56582915687e-07	0.168355732443	0.894949648156	6.1111720454e-05	7.81239953108e-05	0.00456467661024
3.99170342946e-07	0.16835065621	0.894932230984	6.5885783562e-05	8.42268506565e-05	0.00473962829713
4.46843056821e-07	0.168345183627	0.89491345368	7.10327160918e-05	9.08063240226e-05	0.00492128317092
5.00208071694e-07	0.168339283772	0.894893210095	7.65816270767e-05	9.7899618284e-05	0.00510989779368
5.59944815793e-07	0.168332923314	0.894871385806	8.25638958735e-05	0.000105546837005	0.00530573851541
6.26813760813e-07	0.168326066325	0.894847857473	8.90133488838e-05	0.000113791210079	0.00550908184365
7.01666078071e-07	0.168318674083	0.894822492148	9.59664499758e-05	0.000122679336844	0.00572021482651
7.85454442925e-07	0.16831070485	0.894795146525	0.000103462505658	0.000132261447993	0.00593943544977
8.79245123538e-07	0.168302113641	0.89476566614	0.000111543886136	0.000142591687741	0.00616705304829
9.842315061e-07	0.168292851973	0.894733884502	0.000120256263473	0.000153728417775	0.00640338873224
1.10174922652e-06	0.16828286759	0.894699622162	0.000129648868159	0.00016573454466	0.00664877582869
1.23329309858e-06	0.16827210418	0.894662685706	0.000139774765497	0.000178677872481	0.00690356033885
1.38053605084e-06	0.168260501053	0.89462286668	0.000150691153315	0.000192631482637	0.00716810141166
1.5453503095e-06	0.168247992805	0.894579940418	0.000162459682633	0.000207674142847	0.00744277183395
1.72983109213e-06	0.168234508958	0.894533664793	0.000175146803017	0.000223890747568	0.00772795853782
1.93632310811e-06	0.168219973566	0.894483778864	0.000188824134502	0.000241372792201	0.00802406312559
2.16745019632e-06	0.168204304794	0.894430001429	0.000203568868089	0.000260218883616	0.00833150241285
2.42614846885e-06	0.168187414467	0.894372029455	0.000219464196957	0.000280535289715	0.00865070899002
2.71570337238e-06	0.168169207582	0.894309536401	0.000236599780723	0.00030243653096	0.00898213180286
3.03979112686e-06	0.168149581785	0.894242170405	0.000255072245202	0.000326046016962	0.00932623675239
3.40252505386e-06	0.168128426807	0.89416955234	0.000274985720329	0.00035149673149	0.00968350731453
3.80850736631e-06	0.168105623861	0.894091273717	0.000296452419083	0.000378931969453	0.01005444518
4.26288705712e-06	0.168081044992	0.894006894435	0.00031959326044	0.000408506129673	0.0104395709145
4.77142459687e-06	0.168054552377	0.893915940363	0.000344538539618	0.000440385567527	0.0108394246402
5.34056423252e-06	0.168025997576	0.893817900732	0.000371428649062	0.000474749511774	0.0112545667378
5.97751476849e-06	0.167995220729	0.893712225344	0.0004004148539	0.000511791050235	0.01168557857
6.69033981196e-06	0.167962049689	0.893598321569	0.0004316601258	0.000551718189204	0.0121330632268
7.48805857473e-06	0.167926299097	0.893475551116	0.000465340039462	0.000594754991874	0.0125976462917
8.38075844673e-06	0.167887769387	0.893343226571	0.000501643736211	0.000641142801312	0.0130799766306
9.37972069207e-06	0.167846245723	0.893200607679	0.000540774959481	0.000691141553898	0.0135807272003
1.04975607686e-05	0.167801496854	0.89304689736	0.000582953167256	0.000745031189473	0.0141005958805
1.17483849379e-05	0.167753273894	0.892881237425	0.000628414726837	0.00080311316482	0.0146403063247
1.31479650144e-05	0.167701309011	0.892702703996	0.000677414197653	0.000865712077427	0.0152006088332
1.47139333056e-05	0.167645314033	0.89251030259	0.000730225708125	0.000933177406908	0.0157822812445
1.64660015986e-05	0.167584978898	0.892304616658	0.000787144434136	0.00100588547863	0.016386129847
1.84261993255e-05	0.167519970198	0.89208305009	0.000848488078043	0.00108424126811	0.0170129892067
2.06191473602e-05	0.167449929331	0.891844297949	0.000914598756481	0.00116868065771	0.0176637251674
2.30723581045e-05	0.167374470727	0.891587037845	0.000985844737918	0.00125967272152	0.0183392348929
2.58165705754e-05	0.167293179914	0.891309847345	0.00106262238712	0.00135772217417	0.019040447789
2.88861235734e-05	0.167205611456	0.89101119669	0.00114535825159	0.00146337199335	0.0197683264874
3.231937093e-05	0.167111286756	0.890689441012	0.00123451129362	0.00157720622149	0.0205238678373
3.61591433586e-05	0.167009691735	0.890342812047	0.00133057527673	0.00169985295627	0.0213081039033
4.04532618684e-05	0.166900274355	0.889969409316	0.00143408131524	0.00183198754033	0.0221221029642
4.52551081796e-05	0.166782442007	0.889567190734	0.00154560059617	0.00197433595994	0.0229669705098
5.0624258078e-05	0.166655558749	0.889133962646	0.00166574728267	0.00212767846304	0.0238438502317
5.66271841903e-05	0.166518942385	0.888667369251	0.00179518160838	0.00229285340625	0.0247539250005
6.33380352277e-05	0.166371861396	0.8881648814	0.00193461317195	0.00247076134067	0.0256984178265
7.08394993456e-05	0.166213531712	0.887623784745	0.00208480444092	0.00266236934533	0.0266785927943
7.92237598913e-05	0.166043113329	0.887041167228	0.00224657447397	0.0028687156167	0.027695755965
8.85935524539e-05	0.16585970677	0.886413905899	0.0024208028701	0.0030909143216	0.0287512562371
9.90633327874e-05	0.165662349405	0.885738653051	0.00260843395241	0.00333016071941	0.0298464861562
0.000110760565838	0.165450011621	0.885011821673	0.00281048119399	0.00358773655797	0.0309828826625
0.000123827146746	0.165221592863	0.884229570234	0.00302803189156	0.0038650157454	0.0321619277635
0.000138420965335	0.164975917569	0.883387786802	0.00326225209168	0.00416347029737	0.033385149119
0.000154717626133	0.164711730986	0.88248207254	0.00351439177225	0.00448467655625	0.0346541205227
0.000172912336522	0.164427694934	0.881507724602	0.00378579028011	0.00483032167485	0.0359704622631
0.000193221975955	0.164122383508	0.880459718498	0.00407788202255	0.00520221035251	0.0373358413461
0.00021588735946	0.163794278782	0.879332689984	0.0043922024077	0.00560227180626	0.038751971558
0.000241175708687	0.163441766542	0.878120916592	0.00473039402465	0.00603256695301	0.0402206133461
0.00026938334359	0.16306313211	0.876818298892	0.00509421304978	0.0064952957714	0.0417435734938
0.000300838607288	0.162656556318	0.875418341644	0.00548553586041	0.00699280480303	0.0433227045606
0.000335905035826	0.162220111712	0.873914135011	0.00590636583048	0.0075275947427	0.04495990406
0.000374984783113	0.161751759054	0.872298336041	0.00635884027615	0.00810232805576	0.0466571133428
0.000418522309447	0.161249344251	0.870563150666	0.00684523751052	0.00871983654704	0.0484163161511
0.000467008339326	0.160710595796	0.868700316513	0.0073679839574	0.0093831287911	0.0502395368066
0.000520984090858	0.160133122872	0.866701086867	0.00792966126325	0.0100953973162	0.0521288379943
0.000581045774608	0.159514414261	0.864556216181	0.00853301333433	0.0108600254153	0.0540863180997
0.000647849354212	0.158851838219	0.862255947588	0.00918095321247	0.0116805934363	0.0561141080557
0.000722115554298	0.158142643511	0.859790002933	0.00987656968786	0.01256088438	0.058214367653
0.000804635092957	0.157383961809	0.857147575905	0.0106231335305	0.0135048886084	0.0603892812672
0.000896274106186	0.156572811672	0.854317328932	0.0114241032045	0.0145168074389	0.0626410529534
0.000997979720062	0.155706104362	0.851287394561	0.0122831299081	0.0156010553685	0.0649719008583
0.00111078571285	0.154780651752	0.848045382131	0.0132040617648	0.0167622606414	0.0673840509013
0.00123581819371	0.153793176595	0.844578390618	0.0141909469643	0.0180052638403	0.0698797296756
0.00137430120685	0.152740325464	0.840873028596	0.0152480356338	0.0193351141468	0.072461156523
0.00152756616518	0.151618659392	0.836970890305	0.0163797807785	0.0207571185851	0.0751305347391
0.00169704899926	0.150424730475	0.832824552176	0.0175907627413	0.0222767676697	0.0778898673566
0.00188429632531	0.149155075281	0.828401779899	0.0188857987555	0.0238996771082	0.0807412227065
0.00209097433405	0.147806217655	0.823687747187	0.0202699188161	0.0256316478577	0.08368667337
0.00231886934967	0.146374718674	0.818667367095	0.0217483339184	0.0274786230868	0.0867282283213
0.00256988981744	0.144857211389	0.813325373812	0.0233264241509	0.0294466613756	0.089867819133
0.00284606692744	0.143250439974	0.80764641881	0.0250097233539	0.0315419042859	0.0931072852053
0.0031495535903	0.141551303355	0.801615182242	0.0268038999882	0.0337705377817	0.0964483580579
0.00348262146036	0.139756903286	0.795216500328	0.0287147338724	0.0361387470037	0.099892644744
0.00384765568742	0.137864596698	0.788435509264	0.0307480884617	0.0386526639486	0.103441610472
0.00424724010656	0.135871649456	0.781633004856	0.0329098895894	0.0413192512126	0.107096560545
0.00468389715934	0.133776457613	0.774458664701	0.0352050701699	0.0441443546876	0.110856913807
0.00516028636871	0.131577446493	0.766879505607	0.0376393779654	0.0471336376085	0.114723379612
0.00567913727597	0.12927349331	0.758883183932	0.0402185214403	0.0502924809971	0.118696520797
0.00624321985121	0.126864034644	0.750458437862	0.0429480629773	0.0536258446002	0.122776644325
0.006855318713	0.124349132722	0.741595305701	0.0458333588074	0.0571381672417	0.126963781544
0.00751820593825	0.121729531031	0.732301579272	0.0488794940113	0.0608332833745	0.131257669149
0.00823461276138	0.119006701574	0.722570875124	0.0520911482888	0.0647144028387	0.135657637381
0.00900716128194	0.116182991209	0.712383044595	0.055472581375	0.0687836972647	0.140162682825
0.00983835537138	0.113261558172	0.701735545577	0.0590276218024	0.0730424132529	0.144771543151
0.0107305251358	0.110246455895	0.6906282805	0.0627595280224	0.0774906965717	0.149482598173
0.0116857537296	0.10714273373	0.679009947801	0.0666709076879	0.0821272734631	0.154293860231
0.0127058673996	0.103956319143	0.666912388555	0.0707639364637	0.0869494253549	0.159203338369
0.0137924153334	0.100693990008	0.654370143581	0.0750398629045	0.0919533764369	0.164208501667
0.0149465517644	0.0973635317592	0.641395187325	0.0794989258528	0.0971336866719	0.169306274011
0.0161689613893	0.0939737389259	0.627924681504	0.0841404257406	0.102482896685	0.174493213277
0.0174599173324	0.0905340766408	0.614022960238	0.0889632172738	0.107991780724	0.179766144059
0.0188192599609	0.0870546561708	0.599744069882	0.0939648372287	0.113649984186	0.185121222956
0.0202462395133	0.0835463985193	0.585069526865	0.0991415376087	0.119445104606	0.190554042313
0.0217393921653	0.0800210726611	0.569951870218	0.10448884026	0.125361643829	0.196060296629
0.0232970500116	0.0764900723958	0.554545262696	0.110001891637	0.131384225952	0.201636158988
0.0249168025545	0.0729655058652	0.538855610329	0.115673751401	0.137495408508	0.207276508725
0.0265954203783	0.0694600342614	0.522792115986	0.121496706986	0.143674405389	0.212976329055
0.0283296682644	0.0659852015742	0.506557618344	0.127463430735	0.149901368131	0.218731828102
0.0301155381839	0.0625529401632	0.490149492525	0.133564061003	0.156154794518	0.224537512747
0.0319482984737	0.059175171187	0.473531841769	0.139788385201	0.162410309664	0.23038833019
0.0338233636761	0.0558623036543	0.456880750171	0.146126475784	0.168645406823	0.236280209705
0.0357355427269	0.0526245687794	0.440257841295	0.152566226643	0.174836805632	0.242207646765
0.0376793865345	0.0494713092037	0.423707858329	0.15909476642	0.18096150079	0.248164974241
0.0396491010777	0.0464110878793	0.407258360963	0.165698766114	0.186996006486	0.254146573363
0.0416405168302	0.0434490285357	0.391836572891	0.172364890833	0.192927209373	0.260147134651
0.0436473770486	0.0405922580333	0.376846034121	0.179065641597	0.198743031704	0.266148472957
0.0456621312663	0.0378476347099	0.362013951909	0.185782390131	0.204418658171	0.272140450311
0.0476781738556	0.0352194532738	0.347263422121	0.192501393912	0.209931825977	0.278117453469
0.0496893099335	0.0327105533313	0.332710114048	0.199211035951	0.215261707289	0.284075836732
0.0516896064998	0.0303227394818	0.318416219018	0.205898600877	0.220390677506	0.290010935098
0.053671811115	0.0280584858888	0.303874258387	0.212551107856	0.225295184676	0.29591774708
0.0556307436319	0.0259172469861	0.289525003123	0.219166924372	0.229953685415	0.301801465138
0.0575622185849	0.0238973704692	0.275558024139	0.22573741506	0.23435625821	0.307660968392
0.0594632567569	0.0219958056024	0.262576632693	0.232251235431	0.238502213631	0.313492316091
0.0613289503512	0.0202110845529	0.25012953376	0.238684214743	0.242393186501	0.319279221503
0.0631540736643	0.0185412668646	0.238052179937	0.245022626286	0.246021350301	0.325013976371
0.0649363075745	0.016981673337	0.227497455884	0.251257645841	0.249390006226	0.330692764394
0.0666815076008	0.0155213985669	0.21914160406	0.257352941279	0.252568830706	0.336284876924
0.0683751822037	0.0141652006717	0.210959495386	0.263252089491	0.255546928756	0.341738430788
0.0700134186519	0.012908339805	0.202957547708	0.268952163622	0.258319352088	0.347049729865
0.071592861499	0.0117459914825	0.195141582102	0.274450999326	0.260883222929	0.352215522013
0.0731108008265	0.0106732292862	0.187573111888	0.279747214638	0.263238021599	0.357233017598
0.0745655890412	0.00968480027634	0.180318627485	0.284838782015	0.265388785337	0.362098483388
0.0759548644896	0.00877628630662	0.173251634326	0.289722698084	0.26733798494	0.366806870044
0.0772774579581	0.00794284759035	0.166375342338	0.294400229014	0.269089536103	0.371356952815
0.0785327394006	0.00717972569306	0.159692278968	0.298873356745	0.270648837207	0.37574801485
0.0797205885996	0.00648226998108	0.153204288348	0.303144738619	0.272022588603	0.37997984024
0.0808415190872	0.00584587563644	0.147020422591	0.307217659993	0.273219318783	0.384052702521
0.0818967335501	0.00526596502519	0.141116557502	0.311093233441	0.2742522543	0.387964516861
0.0828867293961	0.00473869269037	0.135394990112	0.314773608249	0.275130002896	0.39171405511
0.0838129858839	0.00426003815884	0.129855466732	0.318264062887	0.275862030546	0.39530322362
0.084677297178	0.00382617612616	0.124497202546	0.321570251212	0.276458222147	0.398734355259
0.0854817245325	0.003433483252	0.119318912196	0.32469814009	0.276928713496	0.402010177939
0.0862285491488	0.00307854216897	0.114318843959	0.327653947941	0.277283737074	0.405133780911
0.0869204258864	0.00275805399138	0.109685506477	0.330444085226	0.277534334228	0.408108579417
0.0875607915757	0.00246864611456	0.105441566925	0.333070610988	0.27769854579	0.410933380789
0.0881510526564	0.00220807350068	0.101336797585	0.335534955715	0.277785882413	0.413606272359
0.0886938935501	0.00197372378454	0.0973693287881	0.337844881974	0.277804599346	0.416132324294
0.0891920399571	0.00176317865602	0.0935370336771	0.340008072675	0.277762642497	0.418516786844
0.0896482249714	0.00157420618163	0.0898375549134	0.342032091413	0.27766758293	0.420765045387
0.0900651593739	0.00140475234041	0.0862683316906	0.343924347609	0.277526566914	0.42288257758
0.0904455061261	0.0012529319768	0.0828266265766	0.34569206651	0.277346280273	0.424874913075
0.090791858978	0.00111701936054	0.0795095517738	0.347342263971	0.277132925618	0.426747596136
0.0911067250088	0.000995438527309	0.0763140944558	0.348881725857	0.27689221094	0.428506151438
0.0913926683769	0.000886694802517	0.0734821413205	0.350316991808	0.276629984776	0.430156053186
0.0916538215205	0.000788804784009	0.0717062585792	0.351649886949	0.276362798718	0.431697499019
0.0918899442571	0.000701482869729	0.0699683133286	0.352869603335	0.276101873931	0.43311600651
0.0921030855427	0.000623633162049	0.0682680393311	0.353985086336	0.275847908186	0.434420073028
0.0922951898473	0.000554265188919	0.0666051146013	0.355004682293	0.275601524313	0.435617816212
0.092468090273	0.000492485200472	0.0649791663858	0.355936161628	0.275363258078	0.436716956554
0.0926235047082	0.000437487945357	0.0633897762636	0.356786743776	0.275133551835	0.437724807142
0.0927630345255	0.000388548937694	0.0618364852389	0.357563123421	0.27491275274	0.438648269609
0.0928881653625	0.000345017219582	0.0603187987272	0.358271497614	0.274701114456	0.439493835376
0.0930000357259	0.000306388652575	0.0581011380845	0.358917593318	0.274497881795	0.4402675913
0.0930982466726	0.000272705078932	0.0542428528481	0.359514239813	0.274289084884	0.440984321819
0.0931863012396	0.00024269721208	0.0506182935402	0.360083785437	0.274066494296	0.441670531147
0.0932651851818	0.000215980386891	0.0471888537099	0.360627580183	0.273832836703	0.442327631369
0.0933358305299	0.000192196710506	0.0439513118372	0.361147224803	0.273590344689	0.44295735363
0.0933990783183	0.000171026599975	0.0408988549315	0.361644180841	0.273341003569	0.443561278654
0.0934556900317	0.000152183742161	0.0380230183977	0.362119812929	0.273086558274	0.444140886466
0.0935063577862	0.000135410688474	0.0353253533209	0.362575410132	0.272828535484	0.444697581246
0.0935516885455	0.000120483142052	0.0328014107584	0.363012063066	0.272568308553	0.445232539566
0.0935922318011	0.000107199972956	0.0304360051339	0.363430747884	0.272307124487	0.445746810682
0.0936284949215	9.53775590382e-05	0.0282276809264	0.363832463813	0.272046028475	0.446241484432
0.0936609180105	8.48574140706e-05	0.026171345612	0.364218048314	0.271785953529	0.446717463224
0.0936899025898	7.5496310259e-05	0.02425208586	0.364588242122	0.271527768616	0.44717554018
0.0937158113561	6.71659419545e-05	0.0224707539141	0.36494382481	0.271272143919	0.447616566096
0.0937389645534	5.97537144302e-05	0.0208122753326	0.365285393611	0.27101975946	0.448041174682
0.0937596529203	5.31582445382e-05	0.0192741253402	0.365613609774	0.270771110139	0.448450087265
0.0937781363838	4.72895123395e-05	0.0178467833905	0.365929012506	0.270526687782	0.448843881033
0.0937946449788	4.20683042548e-05	0.0165217639017	0.366232134418	0.2702868704	0.449223131943
0.0938093894173	3.74226613428e-05	0.0152948753644	0.366523503213	0.270051961844	0.449588416672
0.0938225554054	3.32894927018e-05	0.0141554079269	0.366803566063	0.269822246441	0.449940217347
0.0938343084316	2.96128987043e-05	0.0130978393022	0.367072821638	0.269597876032	0.450279086794
0.0938448006816	2.63418798393e-05	0.0121191366987	0.367331741852	0.269378975133	0.450605550253
0.0938541660184	2.34317864699e-05	0.0112134416897	0.367580717716	0.269165676455	0.45092003644
0.093862517597	2.08449349965e-05	0.0103552878259	0.367820126135	0.268958045603	0.451222961112
0.0938699679806	1.8544294445e-05	0.00955846846605	0.368050797354	0.268755690508	0.451515319775
0.0938766164365	1.64973700111e-05	0.00882288814246	0.368273155542	0.268558572646	0.451797600201
0.0938825485807	1.46762195296e-05	0.00814385192778	0.368487497025	0.268366727939	0.452070132045
0.093887840988	1.30559709727e-05	0.00751702297819	0.368694107946	0.268180166874	0.452333235398
0.093892522281	1.16266261177e-05	0.00678233165425	0.368893264537	0.267998727487	0.452587220985
0.0938966739634	1.03622446969e-05	0.00607206408361	0.369089844574	0.267817845638	0.452838283879
0.0939003837808	9.23531756768e-06	0.00543615219861	0.369285550585	0.267636154099	0.453088591336
0.0939036987195	8.2309107191e-06	0.00486681693984	0.36948038558	0.267453830297	0.453338144605
0.0939066607747	7.33571087325e-06	0.0043570921058	0.369674352657	0.267271032258	0.453586944895
0.09390930748	6.53784995703e-06	0.00390073960996	0.369867454986	0.267087900685	0.453834993385
0.0939116757209	5.82574709116e-06	0.0035228914587	0.370059695805	0.266904573353	0.454082291227
0.09391380785	5.18627482902e-06	0.00321211348028	0.370249381103	0.266722905313	0.454326651378
0.0939157107856	4.61697477923e-06	0.00292874100984	0.370434597341	0.266544837862	0.454565590863
0.0939174090598	4.11015011768e-06	0.00267035888526	0.370615449016	0.266370360316	0.454799221927
0.0939189245926	3.65894762018e-06	0.00243476453628	0.370792038258	0.266199454258	0.455027654847
0.0939202769681	3.25726531691e-06	0.00221994931316	0.370964464876	0.266032094577	0.455250997947
0.0939214836818	2.89967023334e-06	0.00202408144805	0.371132826401	0.265868250391	0.455469357622
0.0939225603623	2.58132512025e-06	0.00184549050725	0.371297218134	0.265707885862	0.455682838356
0.0939235209689	2.29792319416e-06	0.00168265320536	0.371457733187	0.265550960927	0.455891542744
0.0939243779694	2.04563001501e-06	0.00153418046256	0.371614462534	0.265397431939	0.456095571512
0.0939251424983	1.8210317229e-06	0.00139880559701	0.371767495049	0.265247252238	0.456295023539
0.0939258244984	1.62108893991e-06	0.00127537355337	0.371916917557	0.265100372657	0.456489995875
0.0939264328482	1.44309571841e-06	0.00116283107691	0.372062814873	0.264956741968	0.456680583768
0.0939269754749	1.2846429847e-06	0.00106021775073	0.372205269845	0.264816307278	0.456866880684
0.0939274594558	1.14358598648e-06	0.000966657820461	0.372344363402	0.264679014378	0.457048978328
0.0939278911092	1.01801530651e-06	0.000881352737662	0.372480174591	0.264544808047	0.457226966667
0.0939282760751	9.06231052422e-07	0.00080357435885	0.372612780619	0.264413632325	0.457400933956
0.093928619388	8.06719874978e-07	0.000732658742747	0.372742256898	0.26428543075	0.457570966756
0.0939289255414	7.18134505428e-07	0.000668000493265	0.372868677081	0.264160146565	0.457737149962
0.0939291958252	6.40060102097e-07	0.000582957579407	0.372992113102	0.264037712824	0.45789956682
0.0939294302332	5.72458274399e-07	0.000488612740624	0.373118174865	0.263912519829	0.458065598463
0.0939296374217	5.12805368488e-07	0.000398981182374	0.37325267829	0.263778783876	0.458242926804
0.0939298203647	4.60225397932e-07	0.00031463789174	0.37340020951	0.263631929951	0.458437643234
0.0939300293473	4.00297471226e-07	0.000217095803795	0.373568063981	0.263464848465	0.458659453628
0.0939301703339	3.59940379009e-07	0.000178502631233	0.373779542588	0.263253891267	0.458939322173
0.0939303081747	3.2060225584e-07	0.000161340483748	0.374010756084	0.263023186995	0.459245833904
0.0939304313385	2.85562961853e-07	0.000145828186722	0.374238616601	0.262795780959	0.459548439937
0.0939305413545	2.5436090211e-07	0.000131735295908	0.374463172554	0.26257163051	0.459847182521
0.0939306396478	2.26568567221e-07	0.000119000396521	0.374684599099	0.262350565855	0.460142273628
0.0939307277481	2.01733492376e-07	0.000108538476539	0.374902947352	0.262132541606	0.460433761304
0.0939308067298	1.79535366116e-07	9.94388208697e-05	0.375116114979	0.261919664125	0.460718812209
0.0939308772153	1.5978272121e-07	9.10092474155e-05	0.375323202733	0.261712835025	0.460996187527
0.0939309393047	1.42431711005e-07	8.11880759909e-05	0.375524591833	0.261511673535	0.461266360672
0.0939309949031	1.26937286284e-07	7.27035462855e-05	0.375725828427	0.261310640555	0.461536754406
0.0939310446456	1.13112916677e-07	6.52369535507e-05	0.375926105566	0.261110545402	0.461806281945
0.0939310890937	1.00793738067e-07	5.85388861257e-05	0.376125000554	0.260911812868	0.462074368021
0.0939311291221	8.97298756728e-08	5.34706189108e-05	0.376322516391	0.260714443185	0.462341008952
0.0939311649415	7.98562615425e-08	4.89797213444e-05	0.376515030286	0.260522059945	0.462601295123
0.0939311969048	7.10688607264e-08	4.48679980774e-05	0.376702082485	0.260335124221	0.462854573785
0.0939312254275	6.3247532397e-08	4.11078530724e-05	0.376883818892	0.260153491652	0.463101011165
0.0939312508752	5.62868242654e-08	3.76627557172e-05	0.377060360276	0.259977042825	0.463340741248
0.0939312735783	5.00919526636e-08	3.45085689934e-05	0.377231854716	0.259805630886	0.463573936837
0.0939312938317	4.45785734769e-08	3.16198504866e-05	0.377398434895	0.259639124241	0.463800751571
0.0939313118977	3.96719350213e-08	2.89728976963e-05	0.377560233535	0.259477391137	0.46402134077
0.0939313280108	3.53054884766e-08	2.65448210877e-05	0.377717387526	0.259320295549	0.464235867021
0.0939313423817	3.1419578764e-08	2.43200734312e-05	0.377870046036	0.259167689087	0.464444511254
0.0939313551854	2.79647286587e-08	2.21463791978e-05	0.378018338131	0.259019443327	0.46464742844
0.0939313665111	2.49149308374e-08	1.9918324426e-05	0.378163284959	0.258874537454	0.464845997732
0.0939313766264	2.21965132095e-08	1.79640186113e-05	0.378306871959	0.258730987007	0.465042928346
0.0939313857357	1.97533352856e-08	1.64585163029e-05	0.378448712056	0.258589179803	0.465237682543
0.0939313938584	1.75790447887e-08	1.50791630381e-05	0.378586493191	0.258451427977	0.465427072761
0.0939314011011	1.56440357802e-08	1.3816121593e-05	0.378720331258	0.258317616025	0.465611240658
0.0939314075589	1.39219264371e-08	1.26594612455e-05	0.378850331844	0.258187638707	0.465790314825
0.0939314133162	1.23893663189e-08	1.15996188679e-05	0.378976598083	0.2580613932	0.465964421503
0.0939314184154	1.1034362516e-08	1.0474692432e-05	0.379099237026	0.257938772606	0.466133693334
0.0939314229568	9.82964880313e-09	9.43980689936e-06	0.379220196021	0.257817829944	0.466300807641
0.0939314270236	8.75262998559e-09	8.60169946429e-06	0.379339763941	0.25769827664	0.466466157649
0.0939314306678	7.78915680998e-09	7.88034580013e-06	0.37945660864	0.257581445031	0.46662789329
0.0939314339161	6.93172905081e-09	7.21951948996e-06	0.379570114477	0.257467950855	0.466785150956
0.0939314368118	6.16858442433e-09	6.61568925318e-06	0.379680376032	0.257357699689	0.466938049543
0.0939314393927	5.4894493889e-09	6.06235559032e-06	0.379787458577	0.257250626397	0.467086668039
0.0939314416929	4.88508420674e-09	5.55488802109e-06	0.379891453611	0.257146639607	0.46723112249
0.0939314437427	4.34729354594e-09	5.08933410669e-06	0.379992457567	0.257045642993	0.467371536524
0.0939314455694	3.86870197562e-09	4.66279330002e-06	0.380090568076	0.256947539023	0.467508036143
0.0939314471975	3.4427456318e-09	4.27326369502e-06	0.380185867893	0.256852245031	0.467640727317
0.0939314486483	3.06365313182e-09	3.9166467168e-06	0.380278408716	0.256759709397	0.467769673316
0.0939314499407	2.72639533338e-09	3.58359512015e-06	0.380368260783	0.25666986195	0.467894963727
0.093931451084	2.4284310495e-09	3.23521898396e-06	0.380455655719	0.256582471098	0.46801691392
0.0939314521036	2.16302974015e-09	2.92070854756e-06	0.380541883034	0.256496247425	0.468137318046
0.093931453018	1.92528333779e-09	2.67108796053e-06	0.380626958306	0.256411175417	0.468256194605
0.0939314538344	1.71328828449e-09	2.44787899185e-06	0.380709761677	0.256328374959	0.468371974044
0.0939314545617	1.52463447614e-09	2.24332049965e-06	0.380790168931	0.2562479703	0.468484476292
0.0939314552097	1.35675221534e-09	2.05585433494e-06	0.380868249313	0.256169892228	0.468593791946
0.0939314557869	1.20735467695e-09	1.8840525006e-06	0.380944070074	0.256094073524	0.468700009222
0.0939314563012	1.07440650844e-09	1.72662032976e-06	0.381017696526	0.256020448903	0.46880321401
0.0939314567592	9.56096400323e-10	1.58235099116e-06	0.3810891915	0.255948955561	0.468903489087
0.0939314571673	8.50813360082e-10	1.45013512309e-06	0.381158616194	0.25587953232	0.46900091529
0.0939314575308	7.57123099057e-10	1.3289657966e-06	0.38122603049	0.255812119317	0.469095571933
0.0939314578546	6.73749229083e-10	1.21792018704e-06	0.38129149254	0.255746658418	0.469187536216
0.0939314581429	5.99555000483e-10	1.11623426366e-06	0.38135505882	0.255683093164	0.46927688327
0.0939314583998	5.33523486112e-10	1.02321069679e-06	0.381416779568	0.255621373329	0.469363679736
0.0939314586286	4.74763885093e-10	9.37938819353e-07	0.381476697373	0.255561456338	0.46944798174
0.0939314588324	4.22475413083e-10	8.59772747218e-07	0.381534864849	0.255503289585	0.469529859744
0.0939314590139	3.75945460604e-10	7.88120405061e-07	0.381591333079	0.255446822	0.469609382289
0.0939314591755	3.34539884478e-10	7.22439085498e-07	0.381646151656	0.255392003996	0.469686616046
0.0939314593194	2.97693664878e-10	6.62256672016e-07	0.381699368729	0.255338787435	0.469761625855
0.0939314594476	2.64905487128e-10	6.07087380935e-07	0.381751028934	0.255287127684	0.469834471813
0.0939314595614	2.35807502256e-10	5.47288022355e-07	0.381801177781	0.255236979241	0.469905215423
0.0939314596608	2.10417084314e-10	4.79466150465e-07	0.381850696151	0.255187461223	0.46997509751
0.0939314597503	1.87574447831e-10	4.32223373186e-07	0.381901132383	0.255137025309	0.470046303403
0.0939314598313	1.66912178177e-10	3.96315114604e-07	0.381951007979	0.25508715	0.470116746078
0.0939314599034	1.48525855104e-10	3.63389849238e-07	0.381999411634	0.255038746601	0.470185136746
0.0939314599677	1.32164329112e-10	3.33219636252e-07	0.382046386755	0.254991771707	0.470251534367
0.0939314600249	1.17605065857e-10	3.0555496941e-07	0.382091972596	0.254946186069	0.470315992187
0.0939314600758	1.04649586757e-10	2.80186950616e-07	0.382136210078	0.254901948767	0.470378565964
0.0939314601211	9.31212353977e-11	2.56924933194e-07	0.382179139056	0.254859019949	0.470439310082
0.0939314601615	8.28628127484e-11	2.35594094563e-07	0.382220798207	0.254817360942	0.470498277395
0.0939314601974	7.37338097517e-11	2.16082810177e-07	0.382261225065	0.25477693421	0.470555519268
0.0939314602295	6.56096675019e-11	1.98211241244e-07	0.382300446893	0.254737712496	0.470611072632
0.093931460258	5.83806264033e-11	1.81817699692e-07	0.382338494504	0.254699664986	0.470664979551
0.0939314602833	5.19480706403e-11	1.66779957112e-07	0.382375403031	0.254662756549	0.470717288305
0.0939314603059	4.62242485552e-11	1.52985892084e-07	0.382411206555	0.254626953105	0.470768045793
0.093931460326	4.11344450555e-11	1.39761870035e-07	0.382445938139	0.254592221591	0.470817297562
0.0939314603438	3.6631198434e-11	1.26554558121e-07	0.382479770166	0.254558389627	0.470865286897
0.0939314603597	3.26209419156e-11	1.14595293702e-07	0.382513042824	0.254525117025	0.4709124955
0.0939314603739	2.90261038949e-11	1.05162440494e-07	0.382545765357	0.254492394543	0.470958935862
0.0939314603865	2.58268434519e-11	9.65257322232e-08	0.382577493946	0.254460665998	0.471003977253
0.0939314603978	2.29801949213e-11	8.85983026284e-08	0.382608251816	0.254429908168	0.471047651581
0.0939314604078	2.04472960841e-11	8.13219065038e-08	0.38263806865	0.25440009137	0.471089999991
0.0939314604167	1.81935676155e-11	7.46430813033e-08	0.382666973224	0.254371186827	0.471131062414
0.0939314604247	1.61882411072e-11	6.85127544658e-08	0.382694993438	0.254343166642	0.471170877596
0.0939314604318	1.4403939099e-11	6.28858829752e-08	0.382722156335	0.254316003769	0.471209483134
0.0939314604381	1.28163013872e-11	5.77211225115e-08	0.382748488136	0.254289671991	0.47124691551
0.0939314604437	1.14031556834e-11	5.30203135119e-08	0.382774014257	0.254264145889	0.471283210119
0.0939314604487	1.01457559292e-11	4.87052858984e-08	0.382798739699	0.254239420465	0.471318373372
0.0939314604531	9.02700330367e-12	4.47414218904e-08	0.382822687956	0.254215472223	0.471352438012
0.0939314604571	8.03161036369e-12	4.11001446198e-08	0.382845883447	0.254192276746	0.471385438148
0.0939314604606	7.14597521712e-12	3.77552025865e-08	0.382868349824	0.254169810381	0.471417406843
0.0939314604637	6.35799568765e-12	3.46824804536e-08	0.382890109999	0.254148050218	0.471448376144
0.0939314604665	5.65690396716e-12	3.18598252369e-08	0.38291118616	0.254126974066	0.471478377117
0.093931460469	5.03311949698e-12	2.92668866334e-08	0.382931599804	0.254106560432	0.47150743987
0.0939314604712	4.47791022861e-12	2.69100978037e-08	0.382951371747	0.254086788496	0.471535593587
0.0939314604731	3.98383930876e-12	2.47492770631e-08	0.382970503391	0.25406765686	0.471562839828
0.0939314604749	3.54428068726e-12	2.27619603742e-08	0.382989010343	0.254049149913	0.471589200407
0.0939314604765	3.1532200141e-12	2.09342167067e-08	0.383006912997	0.254031247265	0.471614703979
0.0939314604778	2.80530648217e-12	1.92532335233e-08	0.383024231077	0.25401392919	0.471639378279
0.0939314604791	2.49577962382e-12	1.77072269844e-08	0.383040983667	0.253997176604	0.471663250155
0.0939314604802	2.2204041829e-12	1.6285359362e-08	0.383057189225	0.25398097105	0.471686345592
0.0939314604811	1.97541217156e-12	1.49776630828e-08	0.383072865611	0.253965294667	0.471708689739
0.093931460482	1.75741831731e-12	1.37857987817e-08	0.383088030099	0.253950130183	0.47173030694
0.0939314604828	1.56337005529e-12	1.26971861983e-08	0.383102687605	0.253935472679	0.471751203938
0.0939314604835	1.39074760931e-12	1.16945352085e-08	0.383116844693	0.253921315593	0.471771389836
0.0939314604841	1.23718529896e-12	1.07710581355e-08	0.383130518444	0.253907641844	0.47179088875
0.0939314604846	1.10057863795e-12	9.92050324411e-09	0.383143725356	0.253894434935	0.471809723983
0.0939314604851	9.79055496744e-13	9.1371124271e-09	0.383156481363	0.25388167893	0.471827918052
0.0939314604855	8.70950448776e-13	8.41558223122e-09	0.383168801857	0.253869358437	0.471845492715
0.0939314604859	7.74781948991e-13	7.75102796049e-09	0.383180701704	0.253857458591	0.471862468998
0.0939314604863	6.89228923034e-13	7.14054209573e-09	0.383192195263	0.253845965033	0.471878867215
0.0939314604866	6.13063039347e-13	6.58752541359e-09	0.383203293879	0.253834866418	0.471894703394
0.0939314604868	5.45314050562e-13	6.0773376275e-09	0.38321399481	0.253824165488	0.471909973471
0.0939314604871	4.85051842749e-13	5.60666190489e-09	0.383224312303	0.253813847996	0.471924697632
0.0939314604873	4.31449082583e-13	5.17243827122e-09	0.383234260094	0.253803900206	0.471938895348
0.0939314604875	3.83769860057e-13	4.77184371979e-09	0.38324385143	0.253794308871	0.471952585399
0.0939314604877	3.4135958615e-13	4.40227386172e-09	0.38325309908	0.253785061221	0.471965785896
0.0939314604878	3.03636006756e-13	4.06132599673e-09	0.383262015359	0.253776144943	0.47197851431
0.0939314604879	2.70081209566e-13	3.74678349475e-09	0.383270612138	0.253767548164	0.471990787487
0.0939314604881	2.40273102987e-13	3.43698437986e-09	0.383278900865	0.253759259438	0.472002621678
0.0939314604882	2.13851226708e-13	3.13950970444e-09	0.383286939476	0.253751220827	0.472014099523
0.0939314604883	1.90333862005e-13	2.8684870855e-09	0.383294772049	0.253743388254	0.472025283893
0.0939314604884	1.69270722136e-13	2.65373943583e-09	0.383302401949	0.253735758354	0.472036179538
0.0939314604884	1.5053849499e-13	2.45506850539e-09	0.383309736625	0.253728423679	0.472046654226
0.0939314604885	1.3387923773e-13	2.27127076448e-09	0.383316787497	0.253721372807	0.472056724198
0.0939314604886	1.1906355145e-13	2.10123277867e-09	0.383323565546	0.253714594759	0.472066405065
0.0939314604886	1.05887422576e-13	1.94392446466e-09	0.383330081327	0.253708078977	0.472075711842
0.0939314604887	9.41694137787e-14	1.79839285094e-09	0.383336344988	0.253701815317	0.472084658965
0.0939314604887	8.37481657209e-14	1.66375630552e-09	0.383342366283	0.253695794022	0.472093260312
0.0939314604887	7.44801752579e-14	1.53919919562e-09	0.383348154588	0.253690005717	0.472101529231
0.0939314604888	6.62378194868e-14	1.4239669472e-09	0.383353718919	0.253684441386	0.472109478553
0.0939314604888	5.89075984505e-14	1.3173614742e-09	0.383359067941	0.253679092364	0.472117120616
0.0939314604888	5.23885722972e-14	1.21873695004e-09	0.383364209985	0.25367395032	0.472124467283
0.0939314604888	4.65905267393e-14	1.1280266237e-09	0.383369153059	0.253669007246	0.472131529959
0.0939314604889	4.14279983664e-14	1.04625244454e-09	0.383373902581	0.253664257724	0.472138316352
0.0939314604889	3.68375075141e-14	9.70406269938e-10	0.383378455922	0.253659704384	0.472144822674
0.0939314604889	3.27556697074e-14	9.00058371586e-10	0.383382821184	0.253655339121	0.472151060473
0.0939314604889	2.91261236933e-14	8.34810171935e-10	0.383387006137	0.253651154169	0.472157040822
0.0939314604889	2.58987532544e-14	7.74291986199e-10	0.383391018226	0.253647142079	0.472162774336
0.0939314604889	2.30289952459e-14	7.18160927999e-10	0.383394864593	0.253643295713	0.472168271197
0.0939314604889	2.04772243022e-14	6.66098966813e-10	0.383398552082	0.253639608224	0.472173541163
0.093931460489	1.82082057175e-14	6.17811126236e-10	0.383402087254	0.253636073052	0.472178593595
0.093931460489	1.61906089487e-14	5.7302381283e-10	0.383405476402	0.253632683904	0.472183437465
0.093931460489	1.43965750214e-14	5.31483266111e-10	0.383408725557	0.253629434749	0.472188081377
0.093931460489	1.2801331869e-14	4.92954120887e-10	0.383411840501	0.253626319805	0.47219253358
0.093931460489	1.13828522924e-14	4.57218073808e-10	0.383414826777	0.253623333529	0.472196801982
0.093931460489	1.01203159627e-14	4.24945878107e-10	0.383417689701	0.253620470605	0.472200894168
0.093931460489	8.99769611965e-15	3.95000033234e-10	0.383420428392	0.253617731914	0.472204808868
0.093931460489	7.99960503888e-15	3.6716445184e-10	0.383423047887	0.253615112419	0.472208553269
0.093931460489	7.11222920059e-15	3.41290426609e-10	0.383425553373	0.253612606933	0.472212134774
0.093931460489	6.32328735733e-15	3.17239729255e-10	0.383427949811	0.253610210495	0.472215560468
0.093931460489	5.62186056746e-15	2.94883872106e-10	0.383430241948	0.253607918358	0.472218837125
0.093931460489	4.99824108185e-15	2.74103421723e-10	0.383432434323	0.253605725983	0.472221971227
0.093931460489	4.44379799255e-15	2.54787360886e-10	0.383434531277	0.253603629029	0.472224968973
0.093931460489	3.95085778409e-15	2.36832495533e-10	0.383436536964	0.253601623342	0.472227836293
0.093931460489	3.51259813466e-15	2.20142903489e-10	0.383438455356	0.25359970495	0.47223057886
0.093931460489	3.12295349711e-15	2.04629422042e-10	0.383440290252	0.253597870054	0.4722332021
0.093931460489	2.77653115341e-15	1.90209171625e-10	0.383442045286	0.25359611502	0.472235711201
0.093931460489	2.46850583717e-15	1.76913460803e-10	0.383443723935	0.253594436372	0.47223811113
0.093931460489	2.19443889966e-15	1.64737761e-10	0.383445328518	0.253592831788	0.472240405201
0.093931460489	1.95080029128e-15	1.53400024891e-10	0.38344686038	0.253591299926	0.47224259533
0.093931460489	1.73421171244e-15	1.42842581992e-10	0.383448322817	0.253589837489	0.472244686225
0.093931460489	1.54166993698e-15	1.33011730785e-10	0.383449718975	0.253588441331	0.472246682382
0.093931460489	1.37050517018e-15	1.23857465573e-10	0.383451051858	0.253587108449	0.472248588093
0.093931460489	1.21834402987e-15	1.15333222129e-10	0.383452324333	0.253585835973	0.472250407453
0.093931460489	1.08307663761e-15	1.07395640857e-10	0.383453539138	0.253584621168	0.472252144376
0.093931460489	9.62827363477e-16	1.00004346244e-10	0.383454698887	0.253583461419	0.472253802596
0.093931460489	8.55928818765e-16	9.31217414964e-11	0.383455806075	0.253582354232	0.472255385677
0.093931460489	7.60898736239e-16	8.67128173007e-11	0.383456863083	0.253581297223	0.472256897025
0.093931460489	6.76419417133e-16	8.07449737553e-11	0.383457872187	0.253580288119	0.472258339888
0.093931460489	6.01319460048e-16	7.51878545497e-11	0.383458835557	0.253579324749	0.47225971737
0.093931460489	5.34550259023e-16	7.0059919218e-11	0.383459755266	0.25357840504	0.472261032433
0.093931460489	4.75155284435e-16	6.53403436487e-11	0.383460632694	0.253577527612	0.47226228705
0.093931460489	4.22359798301e-16	6.09387007959e-11	0.383461468966	0.25357669134	0.472263482825
0.093931460489	3.75430520277e-16	5.68335733069e-11	0.383462266011	0.253575894295	0.472264622519
0.093931460489	3.33715645836e-16	5.30049865871e-11	0.383463025669	0.253575134637	0.472265708759
0.093931460489	2.96635793402e-16	4.94343116113e-11	0.383463749695	0.253574410612	0.472266744054
0.093931460489	2.63675957358e-16	4.61041742813e-11	0.383464439758	0.253573720548	0.472267730793
0.093931460489	2.34378355163e-16	4.29983708901e-11	0.383465097453	0.253573062853	0.472268671252
0.093931460489	2.08336069219e-16	4.01017892801e-11	0.383465724298	0.253572436009	0.472269567601
0.093931460489	1.85187395209e-16	3.74003353122e-11	0.383466321739	0.253571838567	0.47227042191
0.093931460489	1.64610818386e-16	3.48808642888e-11	0.383466891156	0.25357126915	0.47227123615
0.093931460489	1.46320548057e-16	3.25311169954e-11	0.383467433864	0.253570726442	0.4722720122
0.093931460489	1.3006254823e-16	3.03396600514e-11	0.383467951115	0.253570209191	0.472272751851
0.093931460489	1.1561030307e-16	2.83043015607e-11	0.383468444103	0.253569716203	0.47227345681
0.093931460489	1.02755894007e-16	2.64335770042e-11	0.383468913824	0.253569246483	0.472274128499
0.093931460489	9.13307322112e-17	2.46864946316e-11	0.383469360863	0.253568799443	0.472274767758
0.093931460489	8.1175903676e-17	2.3054882553e-11	0.383469786318	0.253568373988	0.472275376152
0.093931460489	7.21501635732e-17	2.15311089818e-11	0.383470191229	0.253567969077	0.472275955172
0.093931460489	6.41279716737e-17	2.01080465374e-11	0.383470576589	0.253567583717	0.472276506235
0.093931460489	5.69977462023e-17	1.87790389087e-11	0.383470943342	0.253567216964	0.472277030692
0.093931460489	5.06603118404e-17	1.75378697192e-11	0.383471292386	0.25356686792	0.472277529827
0.093931460489	4.50275202901e-17	1.63787334507e-11	0.383471624576	0.25356653573	0.472278004862
0.093931460489	4.00210242135e-17	1.52962082891e-11	0.383471940727	0.25356621958	0.472278456961
0.093931460489	3.55711874928e-17	1.42852307638e-11	0.383472241612	0.253565918695	0.472278887231
0.093931460489	3.16161166562e-17	1.33410720643e-11	0.383472527968	0.253565632338	0.472279296727
0.093931460489	2.81007999956e-17	1.24593159211e-11	0.383472800498	0.253565359808	0.472279686451
0.093931460489	2.49763424035e-17	1.16358379498e-11	0.383473059869	0.253565100437	0.472280057357
0.093931460489	2.21979651522e-17	1.08805214771e-11	0.383473306716	0.25356485359	0.472280410356
0.093931460489	1.97277630746e-17	1.0178538801e-11	0.383473541333	0.253564618973	0.472280745866
0.093931460489	1.75324463713e-17	9.52184617141e-12	0.383473764222	0.253564396084	0.472281064605
0.093931460489	1.5581425671e-17	8.90752159928e-12	0.38347397597	0.253564184336	0.472281367411
0.093931460489	1.38475155993e-17	8.33283161367e-12	0.383474177132	0.253563983174	0.472281655081
0.093931460489	1.23065559809e-17	7.79521909939e-12	0.383474368239	0.253563792067	0.472281928372
0.093931460489	1.09370751946e-17	7.29229191901e-12	0.383474549793	0.253563610514	0.472282188002
0.093931460489	9.7199909901e-18	6.82181226901e-12	0.383474722271	0.253563438035	0.472282434653
0.093931460489	8.63834459837e-18	6.38168672263e-12	0.383474886127	0.253563274179	0.472282668975
0.093931460489	7.67706442961e-18	5.9699569151e-12	0.383475041792	0.253563118514	0.472282891584
0.093931460489	6.82275606738e-18	5.58479082985e-12	0.383475189676	0.25356297063	0.472283103066
0.093931460489	6.06351563217e-18	5.22447464694e-12	0.383475330168	0.253562830138	0.472283303976
0.093931460489	5.38876391385e-18	4.88740511729e-12	0.383475463636	0.25356269667	0.472283494843
0.093931460489	4.78909896193e-18	4.57208242903e-12	0.383475590433	0.253562569873	0.47228367617
0.093931460489	4.25602862709e-18	4.2794248567e-12	0.383475710891	0.253562449415	0.472283848432
0.093931460489	3.78227900858e-18	4.00564724825e-12	0.383475825262	0.253562335044	0.472284011989
0.093931460489	3.36126368255e-18	3.74938464582e-12	0.38347593385	0.253562226457	0.472284167275
0.093931460489	2.98711266041e-18	3.50951652226e-12	0.383476036945	0.253562123361	0.472284314708
0.093931460489	2.6546093567e-18	3.28499403635e-12	0.383476134827	0.253562025479	0.472284454685
0.093931460489	2.35911785724e-18	3.0748354467e-12	0.383476227758	0.253561932548	0.472284587583
0.093931460489	2.09651828312e-18	2.87812181906e-12	0.38347631599	0.253561844316	0.47228471376
0.093931460489	1.86314934961e-18	2.69399300818e-12	0.38347639976	0.253561760546	0.472284833557
0.093931460489	1.65575731885e-18	2.52164389678e-12	0.383476479293	0.253561681013	0.472284947294
0.093931460489	1.47145063483e-18	2.36032087519e-12	0.383476554804	0.253561605502	0.47228505528
0.093931460489	1.30765960798e-18	2.20931854606e-12	0.383476626496	0.25356153381	0.472285157805
0.093931460489	1.16210058746e-18	2.06797664003e-12	0.383476694563	0.253561465743	0.472285255145
0.093931460489	1.03274412144e-18	1.93567712863e-12	0.383476759187	0.253561401119	0.472285347562
0.093931460489	9.17786661571e-19	1.81184152192e-12	0.383476820543	0.253561339763	0.472285435305
0.093931460489	8.15625417105e-19	1.69592833901e-12	0.383476878796	0.25356128151	0.472285518611
0.093931460489	7.24836008055e-19	1.58743074039e-12	0.383476934103	0.253561226203	0.472285597705
0.093931460489	6.44152605839e-19	1.48587431175e-12	0.383476986613	0.253561173693	0.472285672798
0.093931460489	5.72450284522e-19	1.39081498957e-12	0.383477036468	0.253561123838	0.472285744093
0.093931460489	5.08729336578e-19	1.3018371194e-12	0.383477083801	0.253561076505	0.472285811783
0.093931460489	4.52101334517e-19	1.21855163842e-12	0.383477128741	0.253561031566	0.47228587605
0.093931460489	4.0177674401e-19	1.14059437421e-12	0.383477171407	0.253560988899	0.472285937067
0.093931460489	3.57053915845e-19	1.06762445238e-12	0.383477211916	0.25356094839	0.472285994997
0.093931460489	3.17309303205e-19	9.99322806094e-13	0.383477250377	0.253560909929	0.472286049999
0.093931460489	2.81988767891e-19	9.35390780899e-13	0.383477286892	0.253560873414	0.472286102218
0.093931460489	2.50599854269e-19	8.75548828857e-13	0.383477321561	0.253560838746	0.472286151797
0.093931460489	2.22704923222e-19	8.19535286192e-13	0.383477354476	0.25356080583	0.472286198868
0.093931460489	1.97915050389e-19	7.67105229149e-13	0.383477385727	0.25356077458	0.472286243559
0.093931460489	1.7588460359e-19	7.18029403046e-13	0.383477415397	0.253560744909	0.47228628599
0.093931460489	1.56306423869e-19	6.72093219841e-13	0.383477443567	0.25356071674	0.472286326275
0.093931460489	1.38907542935e-19	6.29095819829e-13	0.383477470312	0.253560689994	0.472286364523
0.093931460489	1.23445377312e-19	5.88849193369e-13	0.383477495704	0.253560664602	0.472286400836
0.093931460489	1.09704346127e-19	5.51177358796e-13	0.383477519813	0.253560640493	0.472286435313
0.093931460489	9.74928653751e-20	5.15915592929e-13	0.383477542702	0.253560617604	0.472286468046
0.093931460489	8.66278582442e-20	4.85321427003e-13	0.383477564434	0.253560595873	0.472286499124
0.093931460489	7.69438622142e-20	4.58199368031e-13	0.383477584961	0.253560575346	0.472286528479
0.093931460489	6.83424252737e-20	4.32593017983e-13	0.383477604272	0.253560556034	0.472286556096
0.093931460489	6.07025298066e-20	4.08417671891e-13	0.38347762244	0.253560537866	0.472286582078
0.093931460489	5.3916686569e-20	3.855933585e-13	0.383477639532	0.253560520774	0.472286606522
0.093931460489	4.78894223733e-20	3.64044575722e-13	0.383477655613	0.253560504693	0.472286629518
0.093931460489	4.25359368322e-20	3.43700040882e-13	0.383477670741	0.253560489565	0.472286651152
0.093931460489	3.77809092631e-20	3.24492454918e-13	0.383477684973	0.253560475333	0.472286671505
0.093931460489	3.35574389662e-20	3.06358279754e-13	0.383477698362	0.253560461944	0.472286690653
0.093931460489	2.9806103968e-20	2.89237528123e-13	0.383477710959	0.253560449347	0.472286708668
0.093931460489	2.64741249861e-20	2.73073565128e-13	0.38347772281	0.253560437496	0.472286725615
0.093931460489	2.35146228529e-20	2.57812920897e-13	0.383477733959	0.253560426347	0.472286741559
0.093931460489	2.0885958951e-20	2.43405113706e-13	0.383477744448	0.253560415858	0.472286756559
0.093931460489	1.85511493801e-20	2.2980248299e-13	0.383477754316	0.25356040599	0.472286770671
0.093931460489	1.64773446134e-20	2.16960031679e-13	0.383477763599	0.253560396707	0.472286783947
0.093931460489	1.46353673224e-20	2.04835277353e-13	0.383477772333	0.253560387973	0.472286796437
0.093931460489	1.29993018675e-20	1.93388111709e-13	0.38347778055	0.253560379756	0.472286808188
0.093931460489	1.15461296786e-20	1.82580667886e-13	0.38347778828	0.253560372026	0.472286819243
0.093931460489	1.02554053966e-20	1.72377195202e-13	0.383477795553	0.253560364754	0.472286829643
0.093931460489	9.10896921754e-21	1.62743940892e-13	0.383477802394	0.253560357912	0.472286839427
0.093931460489	8.09069139444e-21	1.53649038455e-13	0.383477808831	0.253560351475	0.472286848632
0.093931460489	7.18624529995e-21	1.4506240224e-13	0.383477814887	0.25356034542	0.472286857292
0.093931460489	6.38290585857e-21	1.36955627926e-13	0.383477820584	0.253560339723	0.472286865439
0.093931460489	5.66937051152e-21	1.29301898557e-13	0.383477825943	0.253560334363	0.472286873104
0.093931460489	5.03560019586e-21	1.22075895839e-13	0.383477830985	0.253560329321	0.472286880315
0.093931460489	4.47267810017e-21	1.1525371638e-13	0.383477835729	0.253560324577	0.472286887099
0.093931460489	3.97268420976e-21	1.08812792625e-13	0.383477840192	0.253560320114	0.472286893481
0.093931460489	3.52858387634e-21	1.027318182e-13	0.383477844391	0.253560315915	0.472286899485
0.093931460489	3.1341288442e-21	9.69906774327e-14	0.383477848341	0.253560311966	0.472286905134
0.093931460489	2.78371704506e-21	9.16538282635e-14	0.383477852057	0.253560308249	0.472286910448
0.093931460489	2.47169189091e-21	8.70030114248e-14	0.383477855549	0.253560304757	0.472286915443
0.093931460489	2.19464144665e-21	8.25881923319e-14	0.383477858817	0.25356030149	0.472286920116
0.093931460489	1.94864541837e-21	7.83973956834e-14	0.383477861872	0.253560298434	0.472286924486
0.093931460489	1.73022293547e-21	7.4419253844e-14	0.383477864731	0.253560295575	0.472286928574
0.093931460489	1.53628329603e-21	7.06429760093e-14	0.383477867405	0.253560292902	0.472286932397
0.093931460489	1.36408223302e-21	6.70583189361e-14	0.383477869906	0.253560290401	0.472286935974
0.093931460489	1.21118308264e-21	6.36555591566e-14	0.383477872245	0.253560288061	0.472286939319
0.093931460489	1.07542230522e-21	6.04254666042e-14	0.383477874433	0.253560285873	0.472286942448
0.093931460489	9.5487887097e-22	5.73592795756e-14	0.38347787648	0.253560283826	0.472286945375
0.093931460489	8.47847077126e-22	5.44486809658e-14	0.383477878394	0.253560281912	0.472286948113
0.093931460489	7.52812412127e-22	5.16857757064e-14	0.383477880185	0.253560280121	0.472286950674
0.093931460489	6.68430125087e-22	4.90630693511e-14	0.38347788186	0.253560278446	0.472286953069
0.093931460489	5.93506197428e-22	4.65734477463e-14	0.383477883427	0.25356027688	0.47228695531
0.093931460489	5.26980447388e-22	4.4210157734e-14	0.383477884892	0.253560275414	0.472286957406
0.093931460489	4.67911528337e-22	4.19667888336e-14	0.383477886263	0.253560274043	0.472286959366
0.093931460489	4.15463608613e-22	3.98372558534e-14	0.383477887545	0.253560272761	0.4722869612
0.093931460489	3.68894544418e-22	3.78157823843e-14	0.383477888744	0.253560271562	0.472286962915
0.093931460489	3.27545378404e-22	3.58968851312e-14	0.383477889866	0.25356027044	0.472286964519
0.093931460489	2.90831015348e-22	3.40753590394e-14	0.383477890916	0.253560269391	0.47228696602
0.093931460489	2.58231942998e-22	3.23462631758e-14	0.383477891897	0.253560268409	0.472286967424
0.093931460489	2.29286880914e-22	3.07049073265e-14	0.383477892815	0.253560267491	0.472286968736
0.093931460489	2.03586253302e-22	2.91468392746e-14	0.383477893674	0.253560266632	0.472286969965
0.093931460489	1.80766393467e-22	2.7667832723e-14	0.383477894477	0.253560265829	0.472286971113
0.093931460489	1.60504397897e-22	2.62638758312e-14	0.383477895228	0.253560265078	0.472286972188
0.093931460489	1.42513557135e-22	2.49311603325e-14	0.383477895931	0.253560264375	0.472286973193
0.093931460489	1.26539298817e-22	2.36660712041e-14	0.383477896589	0.253560263717	0.472286974133
0.093931460489	1.12355585437e-22	2.24651768615e-14	0.383477897204	0.253560263103	0.472286975012
0.093931460489	9.97617158997e-23	2.13252198501e-14	0.383477897779	0.253560262527	0.472286975835
0.093931460489	8.85794855708e-23	2.0243108009e-14	0.383477898317	0.253560261989	0.472286976604
0.093931460489	7.86478612691e-23	1.92490243597e-14	0.38347789882	0.253560261486	0.472286977324
0.093931460489	6.98156378117e-23	1.8342042991e-14	0.38347789929	0.253560261016	0.472286977996
0.093931460489	6.19752807555e-23	1.74777970454e-14	0.383477899727	0.253560260579	0.472286978622
0.093931460489	5.50154026383e-23	1.66542729023e-14	0.383477900135	0.253560260171	0.472286979205
0.093931460489	4.88371249072e-23	1.58695518196e-14	0.383477900515	0.253560259791	0.472286979748
0.093931460489	4.33526731567e-23	1.51218054627e-14	0.383477900869	0.253560259437	0.472286980254
0.093931460489	3.8484130124e-23	1.44092916455e-14	0.383477901199	0.253560259107	0.472286980726
0.093931460489	3.41623287226e-23	1.37303502704e-14	0.383477901506	0.2535602588	0.472286981165
0.093931460489	3.03258693902e-23	1.30833994609e-14	0.383477901792	0.253560258514	0.472286981574
0.093931460489	2.6920247789e-23	1.24669318759e-14	0.383477902059	0.253560258248	0.472286981955
0.093931460489	2.38970804659e-23	1.18795111975e-14	0.383477902307	0.253560257999	0.472286982311
0.093931460489	2.12134174716e-23	1.13197687849e-14	0.383477902538	0.253560257768	0.472286982641
0.093931460489	1.88311321738e-23	1.0786400485e-14	0.383477902754	0.253560257552	0.47228698295
0.093931460489	1.67163795942e-23	1.02781635944e-14	0.383477902955	0.253560257352	0.472286983237
0.093931460489	1.48391155749e-23	9.79387396382e-15	0.383477903142	0.253560257165	0.472286983504
0.093931460489	1.31726699435e-23	9.33240323895e-15	0.383477903316	0.25356025699	0.472286983753
0.093931460489	1.1693367611e-23	8.89267623169e-15	0.383477903478	0.253560256828	0.472286983985
0.093931460489	1.03801922216e-23	8.47366841495e-15	0.383477903629	0.253560256677	0.472286984202
0.093931460489	9.21448757459e-24	8.07440353563e-15	0.38347790377	0.253560256536	0.472286984403
0.093931460489	8.1796925769e-24	7.69395134001e-15	0.383477903901	0.253560256405	0.472286984591
0.093931460489	7.26110596066e-24	7.33142540636e-15	0.383477904024	0.253560256282	0.472286984766
0.093931460489	6.4436430347e-24	7.09275519592e-15	0.383477904138	0.253560256168	0.472286984929
0.093931460489	5.70882377596e-24	6.97233133767e-15	0.383477904242	0.253560256064	0.472286985078
0.093931460489	5.05780173254e-24	6.85395208763e-15	0.383477904336	0.25356025597	0.472286985213
0.093931460489	4.48102084939e-24	6.73758273158e-15	0.383477904421	0.253560255885	0.472286985334
0.093931460489	3.97001482352e-24	6.62318914466e-15	0.383477904498	0.253560255809	0.472286985443
0.093931460489	3.51728283099e-24	6.51073778142e-15	0.383477904567	0.25356025574	0.472286985542
0.093931460489	3.11617942579e-24	6.40019566595e-15	0.383477904629	0.253560255677	0.472286985631
0.093931460489	2.76081699433e-24	6.29153038221e-15	0.383477904685	0.253560255621	0.472286985711
0.093931460489	2.44597933389e-24	6.18471006454e-15	0.383477904735	0.253560255571	0.472286985783
0.093931460489	2.16704508632e-24	6.07970338832e-15	0.383477904781	0.253560255526	0.472286985848
0.093931460489	1.91991990328e-24	5.97647956075e-15	0.383477904822	0.253560255485	0.472286985907
0.093931460489	1.70097634713e-24	5.87500831187e-15	0.383477904859	0.253560255448	0.47228698596
0.093931460489	1.50700064547e-24	5.77525988564e-15	0.383477904892	0.253560255414	0.472286986007
0.093931460489	1.33514551761e-24	5.67720503123e-15	0.383477904922	0.253560255384	0.47228698605
0.093931460489	1.18288838068e-24	5.58081499445e-15	0.383477904949	0.253560255357	0.472286986089
0.093931460489	1.04799432173e-24	5.4860615093e-15	0.383477904973	0.253560255333	0.472286986124
0.093931460489	9.2848329252e-25	5.39291678971e-15	0.383477904995	0.253560255311	0.472286986155
0.093931460489	8.22601045266e-25	5.30135352136e-15	0.383477905015	0.253560255291	0.472286986183
0.093931460489	7.28793382847e-25	5.21134485369e-15	0.383477905033	0.253560255273	0.472286986209
0.093931460489	6.45683345454e-25	5.12286439202e-15	0.383477905049	0.253560255257	0.472286986232
0.093931460489	5.72051271681e-25	5.03577362898e-15	0.383477905063	0.253560255243	0.472286986253
0.093931460489	5.06818534785e-25	4.94984705424e-15	0.383477905077	0.25356025523	0.472286986271
0.093931460489	4.49024484198e-25	4.8653866646e-15	0.383477905088	0.253560255218	0.472286986288
0.093931460489	3.9782086402e-25	4.7823674422e-15	0.383477905099	0.253560255207	0.472286986303
0.093931460489	3.52456147535e-25	4.70076479606e-15	0.383477905108	0.253560255198	0.472286986317
0.093931460489	3.12264506893e-25	4.62055455483e-15	0.383477905117	0.253560255189	0.472286986329
0.093931460489	2.76656040609e-25	4.54171295956e-15	0.383477905125	0.253560255181	0.47228698634
0.093931460489	2.45108115446e-25	4.46421665674e-15	0.383477905132	0.253560255174	0.47228698635
0.093931460489	2.17157695619e-25	4.38804269133e-15	0.383477905138	0.253560255168	0.472286986359
0.093931460489	1.9239454671e-25	4.31316849998e-15	0.383477905144	0.253560255162	0.472286986368
0.093931460489	1.70455214578e-25	4.23957190435e-15	0.383477905149	0.253560255157	0.472286986375
0.093931460489	1.51017690852e-25	4.16723110451e-15	0.383477905154	0.253560255152	0.472286986382
0.093931460489	1.33796686754e-25	4.09612467254e-15	0.383477905158	0.253560255148	0.472286986388
0.093931460489	1.18539445844e-25	4.02623154612e-15	0.383477905162	0.253560255145	0.472286986393
0.093931460489	1.05022034266e-25	3.95753102236e-15	0.383477905165	0.253560255141	0.472286986398
0.093931460489	9.30460540191e-26	3.89000275158e-15	0.383477905168	0.253560255138	0.472286986402
0.093931460489	8.24357310257e-26	3.82362673137e-15	0.383477905171	0.253560255135	0.472286986406
0.093931460489	7.30353352583e-26	3.7583833006e-15	0.383477905173	0.253560255133	0.47228698641
0.093931460489	6.47068950553e-26	3.69425313364e-15	0.383477905175	0.253560255131	0.472286986413
0.093931460489	5.73281720812e-26	3.63121723461e-15	0.383477905177	0.253560255129	0.472286986416
0.093931460489	5.07908672076e-26	3.56925693176e-15	0.383477905179	0.253560255127	0.472286986418
0.093931460489	4.49737064754e-26	3.54940719467e-15	0.383477905181	0.253560255125	0.472286986421
0.093931460489	3.98059132245e-26	3.54354994951e-15	0.383477905182	0.253560255124	0.472286986423
0.093931460489	3.52319355422e-26	3.53770237e-15	0.383477905184	0.253560255122	0.472286986425
0.093931460489	3.11835398687e-26	3.53186444019e-15	0.383477905185	0.253560255121	0.472286986426
0.093931460489	2.76003331574e-26	3.52603614415e-15	0.383477905186	0.25356025512	0.472286986428
0.093931460489	2.44288619447e-26	3.52021746599e-15	0.383477905187	0.253560255119	0.472286986429
0.093931460489	2.16218149437e-26	3.51440838984e-15	0.383477905188	0.253560255119	0.47228698643
0.093931460489	1.9137317265e-26	3.50860889984e-15	0.383477905188	0.253560255118	0.472286986431
0.093931460489	1.69383057369e-26	3.50281898018e-15	0.383477905189	0.253560255117	0.472286986432
0.093931460489	1.49919760049e-26	3.49703861507e-15	0.383477905189	0.253560255117	0.472286986433
0.093931460489	1.32692931644e-26	3.49126778874e-15	0.38347790519	0.253560255116	0.472286986433
0.093931460489	1.17445586243e-26	3.48550648545e-15	0.38347790519	0.253560255116	0.472286986434
0.093931460489	1.03950267411e-26	3.47975468949e-15	0.383477905191	0.253560255115	0.472286986435
0.093931460489	9.20056550485e-27	3.47401238516e-15	0.383477905191	0.253560255115	0.472286986435
0.093931460489	8.14335621419e-27	3.4682795568e-15	0.383477905191	0.253560255115	0.472286986436
