0.0	3.36480638614	2.83078437064	1.0	0.0	0.0
1.18575582516e-11	3.36480449469	2.83078322482	1.00000030529	1.18575596603e-07	0.0001
1.47992271804e-11	3.36480422767	2.83078306306	1.00000034839	1.37454143603e-07	0.0001076666649
1.84706765016e-11	3.36480391813	2.83078287554	1.00000039835	1.59338362984e-07	0.000115921107127
2.30529528065e-11	3.36480355931	2.83078265817	1.00000045627	1.84706790607e-07	0.000124808389515
2.8772017344e-11	3.36480314336	2.8307824062	1.0000005234	2.14114150084e-07	0.000134377029692
3.59098885824e-11	3.36480266119	2.8307821141	1.00000060123	2.48203483112e-07	0.000144679264947
4.48185490434e-11	3.36480210225	2.8307817755	1.00000069144	2.87720210252e-07	0.000155771337392
5.59373021693e-11	3.36480145433	2.83078138299	1.00000079602	3.33528430544e-07	0.000167713800991
6.98144351096e-11	3.36480070324	2.830780928	1.00000091725	3.86629816782e-07	0.000180571852127
8.71342556388e-11	3.36479983258	2.83078040056	1.00000105778	4.4818551789e-07	0.000194415685506
1.08750836413e-10	3.36479882329	2.83077978914	1.00000122068	5.19541549309e-07	0.000209320877345
1.35730130509e-10	3.36479765332	2.83077908038	1.00000140952	6.02258225174e-07	0.000225368797931
1.6940253498e-10	3.36479629708	2.83077825879	1.00000162843	6.98144276594e-07	0.000242647055813
2.11428494316e-10	3.3647947249	2.83077730638	1.00000188219	8.09296401187e-07	0.000261249976033
2.63880378698e-10	3.36479290243	2.83077620234	1.00000217634	9.38145109887e-07	0.000281279115015
3.2934467439e-10	3.36479078979	2.83077492253	1.00000251734	1.08750787147e-06	0.000302843814925
4.11049525136e-10	3.36478834081	2.83077343896	1.00000291262	1.26065071919e-06	0.000326061800513
5.1302391339e-10	3.36478550192	2.83077171919	1.00000337083	1.46135966411e-06	0.000351059821696
6.402963302e-10	3.36478221106	2.83076972562	1.00000390199	1.69402347715e-06	0.000377974345398
7.99142729519e-10	3.36477839626	2.83076741465	1.00000451773	1.96372965101e-06	0.000406952300389
9.97395992537e-10	3.36477397412	2.83076473576	1.00000523149	2.27637563662e-06	0.000438151879216
1.24483216014e-09	3.36476884794	2.83076163036	1.00000605889	2.638797789e-06	0.000471743401564
1.55365247623e-09	3.36476290563	2.83075803056	1.00000701802	3.05892083846e-06	0.000507910243767
1.93908500772e-09	3.36475601726	2.83075385765	1.00000812985	3.54593115599e-06	0.000546849839523
2.42013550173e-09	3.36474803222	2.83074902038	1.00000941869	4.11047759749e-06	0.000588774757256
3.02052449638e-09	3.36473877593	2.83074341298	1.00001091273	4.76490431845e-06	0.000633913859982
3.76985688208e-09	3.36472804599	2.83073691286	1.00001264463	5.52352064363e-06	0.000682513553989
4.70508156624e-09	3.3647156078	2.83072937789	1.00001465226	6.40291389037e-06	0.0007348391331
5.87231319101e-09	3.36470118944	2.83072064333	1.00001697952	7.42231197753e-06	0.000791176225821
7.32910569379e-09	3.36468447566	2.8307105182	1.00001967729	8.60400374073e-06	0.00085183235322
9.14728976272e-09	3.36466510106	2.83069878115	1.00002280455	9.97382613399e-06	0.000917138605955
1.14165140181e-08	3.36464264208	2.83068517557	1.00002642969	1.15617289525e-05	0.000987451449535
1.4248664413e-08	3.36461660775	2.83066940402	1.00003063195	1.34024294069e-05	0.00106315466756
1.77833795956e-08	3.36458642896	2.83065112173	1.00003550322	1.55361708305e-05	0.00114466145337
2.21949339353e-08	3.36455144603	2.83062992902	1.00004115	1.80096020722e-05	0.00123241666143
2.77008272353e-08	3.36451089432	2.83060536267	1.00004769572	2.08767967512e-05	0.00132689923047
3.45725041417e-08	3.36446388751	2.8305768857	1.00005528348	2.4200434592e-05	0.00142862479129
4.31487310211e-08	3.3644093983	2.8305438757	1.00006407916	2.80531705755e-05	0.00153814847327
5.38522887589e-08	3.36434623595	2.83050561127	1.00007427502	3.25192217176e-05	0.00165606792438
6.72108029156e-08	3.36427302035	2.83046125622	1.00008609391	3.76962060027e-05	0.00178302656068
8.38827359268e-08	3.3641881519	2.83040984136	1.00009979416	4.36972734522e-05	0.00191971706242
1.04689819478e-07	3.36408977668	2.8303502434	1.00011567517	5.06535756191e-05	0.00206688513498
1.30657521148e-07	3.36397574604	2.83028116042	1.00013408399	5.87171270939e-05	0.00222533355427
1.63065533291e-07	3.36384356988	2.83020108355	1.00015542286	6.80641210333e-05	0.00239592651721
2.03510762952e-07	3.36369036249	2.83010826413	1.00018015798	7.88987704651e-05	0.0025795943197
2.53985913248e-07	3.36351277979	2.83000067566	1.00020882968	9.14577583569e-05	0.00277733838552
3.16977508403e-07	3.36330694682	2.82987596977	1.00024206421	0.000106015392407	0.00299023667119
3.95588163325e-07	3.36306837369	2.82973142527	1.00028058729	0.000122889575459	0.00321944947323
4.93689079422e-07	3.36279185834	2.82956388909	1.00032524	0.000142448719658	0.00346622566579
6.1611021767e-07	3.36247137413	2.82936970806	1.00037699696	0.00016511975226	0.0037319093979
7.68877427154e-07	3.36209993977	2.82914464992	1.00043698756	0.000191397383764	0.00401794728092
9.5950807846e-07	3.36166946901	2.82888381195	1.0005065204	0.000221854835139	0.00432589609826
1.1973795722e-06	3.36117059695	2.82858151543	1.00058711163	0.000257156250777	0.00465743107011
1.49418859406e-06	3.36059247947	2.82823118365	1.00068051777	0.000298071058004	0.00501435470687
1.86452332895e-06	3.35992256177	2.82782520101	1.00078877355	0.000345490572883	0.00539860628557
2.32657622449e-06	3.35914631141	2.82735475044	1.00091423577	0.000400447196304	0.00581227198307
2.90303154614e-06	3.3582469107	2.82680962591	1.00105963391	0.000464136594511	0.00625759569947
3.6221701849e-06	3.35720490259	2.82617801628	1.00122812859	0.000537943314727	0.00673699060351
4.51924431252e-06	3.35599778352	2.82544625661	1.00142337905	0.00062347035001	0.00725305142875
5.63818695313e-06	3.35459953587	2.82459854202	1.00164962096	0.000722573238225	0.00780856754569
7.03373685527e-06	3.35298009181	2.82361659922	1.00191175612	0.000837399358329	0.00840653682868
8.77407780205e-06	3.35110471986	2.82247930976	1.00221545564	0.000970433173023	0.00905018032839
1.09441143841e-05	3.34893332423	2.82116227886	1.00256727872	0.00112454825974	0.00974295774975
1.36495340841e-05	3.34641964679	2.81963734294	1.00297480895	0.00130306707106	0.0104885837204
1.70218391899e-05	3.34351036067	2.81787200852	1.00344681066	0.00150982946893	0.0112910448162
2.1224572563e-05	3.34014404464	2.81582881483	1.00399340791	0.00174927118194	0.0121546172854
2.64610097119e-05	3.33625002733	2.81346461236	1.00462628887	0.00202651343624	0.0130838853828
3.29836871459e-05	3.33174707844	2.8107676552	1.00535893885	0.00234746796606	0.0140837601874
4.11059997841e-05	3.32654202526	2.80765530579	1.00620689454	0.00271894887223	0.0151594855686
5.12166024046e-05	3.32052808715	2.804057518	1.00718805871	0.00314880512934	0.0163166790782
6.37970005674e-05	3.31358314005	2.7999003987	1.00832303333	0.00364607024269	0.0175613434061
7.94430225317e-05	3.3055678275	2.79509942077	1.00963549711	0.00422112851939	0.0188998826284
9.88909688536e-05	3.29632353457	2.78955809908	1.01115262837	0.00488590121965	0.0203391191921
0.000123049313578	3.28567026324	2.78316657182	1.01290557358	0.00565405302256	0.0218863091044
0.000153036950115	3.2734044589	2.77580010685	1.01492996246	0.00654121916106	0.0235491545594
0.000190229071032	3.25929686177	2.76731756459	1.01726646851	0.00756525281521	0.0253358130713
0.000236311836957	3.24309048858	2.75755986497	1.01996141141	0.0087464912655	0.0272549020113
0.000293347001701	3.22449888805	2.746348526	1.02306739453	0.0101080378188	0.0293154972497
0.000363847693442	3.20320484567	2.73349338505	1.02664396633	0.0116760580413	0.0315271244173
0.000450865790639	3.178859883	2.71876710315	1.03075827637	0.013480070402	0.0338997340938
0.000558092112999	3.151084618	2.70192555397	1.03548574489	0.0155532365268	0.0364436849751
0.000689968748697	3.11947060996	2.68270354633	1.04091065878	0.0179326289421	0.0391696980288
0.000851819249903	3.08358329908	2.6610905592	1.04712668475	0.0206596224136	0.0420887993149
0.00104997029668	3.04297097204	2.63663778157	1.05423657756	0.0237799136649	0.0452119558247
0.00129188815027	2.99717054672	2.60893827302	1.06235320501	0.0273434244004	0.0485504202529
0.00158631941579	2.94571918057	2.57762457001	1.07159933734	0.0314044121295	0.0521155530358
0.00194341761819	2.88816975756	2.54243372972	1.08210709841	0.0360213024137	0.0559186479819
0.0023748577697	2.82411018647	2.50324863665	1.09401665514	0.0412565808248	0.0599706397948
0.00289387047404	2.75319010619	2.46011046242	1.10747400787	0.047175734456	0.0642817218072
0.00351534303915	2.6751432039	2.41270195432	1.1226276465	0.0538482488071	0.0688608314518
0.00425545699877	2.5898263936	2.36006580459	1.13962777863	0.0613410450071	0.0737161750167
0.00513186739916	2.49721759658	2.3022688592	1.15862696013	0.0697216911125	0.0788561296012
0.00616353525112	2.39745376727	2.24049250156	1.17977094646	0.0790586576911	0.0842874414731
0.0073697799341	2.29089928763	2.17398440292	1.2031846174	0.089413631117	0.0900127656601
0.0087700796657	2.17810373281	2.10298994999	1.22898266851	0.100840249036	0.0960347041566
0.0103840408225	2.05980286034	2.02845919911	1.25725711796	0.113390772229	0.102353666495
0.0122294812277	1.93696837751	1.95049551508	1.28806547797	0.127100122749	0.108966318514
0.014322552449	1.81073003041	1.86915148972	1.32143530606	0.141992827854	0.115867682987
0.0166760452255	1.68236564995	1.78548776401	1.35736409017	0.158068856023	0.123051853563
0.0193007954349	1.55321936985	1.70051897992	1.39580195802	0.175330410266	0.130508913493
0.0222016144543	1.42473266208	1.6148088834	1.43665147013	0.193742238764	0.138225404341
0.0253797938073	1.2982944897	1.52884242527	1.47977319691	0.213262934474	0.146185591894
0.0288311179642	1.1752227337	1.44397277285	1.52499077698	0.233825085103	0.154372189938
0.0325467483581	1.05671488643	1.36020759344	1.5720722239	0.255354081583	0.162762420732
0.0365105871452	0.943818576498	1.27878774347	1.62076373578	0.277730732581	0.171333748298
0.0407011502589	0.837403561462	1.19965038234	1.67075888197	0.300822356932	0.180057629409
0.0450936469322	0.73808689615	1.12383867242	1.72173940992	0.324488186873	0.188905733142
0.0496575374082	0.646304816211	1.05086324928	1.77334459306	0.348566013386	0.19784334303
0.054358982056	0.562262004606	0.982050545894	1.82522463734	0.372872549712	0.206837849465
0.0591570961983	0.486040095892	0.916703249665	1.8769777533	0.397191604091	0.215846609531
0.0640088600081	0.417525197138	0.855306568438	1.92822990889	0.421285249316	0.224830036873
0.0688725241478	0.356443338282	0.797230055966	1.97859555713	0.444946666511	0.233743331236
0.073700871997	0.302444274259	0.743472534621	2.02772642085	0.467903165005	0.242544564219
0.0784475370633	0.255101312302	0.69269679009	2.07524579514	0.489918222251	0.25118181817
0.0830699112189	0.213896388542	0.645592568644	2.12086512423	0.510756423099	0.259613685078
0.0875239239826	0.178317929074	0.601633996832	2.16428812039	0.530185062842	0.26779140203
0.0917709472653	0.147823194785	0.560708542634	2.20528107763	0.548006592257	0.275671557308
0.0957771847728	0.121873594781	0.522475935598	2.24365537867	0.564064350316	0.283212922309
0.099515223677	0.0999436364113	0.486999608498	2.27928342043	0.578248410901	0.290380027
0.102962874346	0.0815424724172	0.453924660782	2.31207743297	0.590497618328	0.297139608089
0.106106118849	0.0662060195484	0.423021387335	2.34201481584	0.60080969165	0.303466779347
0.108939196896	0.0535046622805	0.394231841045	2.36912801522	0.6092437145	0.309344452456
0.111463003795	0.0430521343433	0.367310324358	2.39348977219	0.615907553735	0.314761662248
0.113685916395	0.0345002188466	0.342154652297	2.41521858619	0.620953864569	0.319716367154
0.115621232262	0.0275447822023	0.318502638966	2.43446251253	0.624557303205	0.324213453705
0.117287931215	0.0219173432647	0.296315326061	2.45140111664	0.626913115095	0.328266668248
0.118708421866	0.0173865311325	0.275425221124	2.46622475782	0.628225452645	0.331894879991
0.119906598149	0.0137566634507	0.255634524596	2.47913341714	0.628684104248	0.335122566172
0.120908110874	0.0108600537179	0.236848414993	2.4903322635	0.62846971213	0.337979265686
0.121738362022	0.00855649601408	0.219064882307	2.50001964974	0.627744215869	0.340496714542
0.122421034947	0.00673130488212	0.202082995671	2.50837958848	0.626644836156	0.342706714888
0.122978908117	0.00528814219933	0.18600946058	2.51558804931	0.625289088879	0.344642460647
0.123432085041	0.00414961473873	0.171026887155	2.52179834318	0.623773886816	0.346334205478
0.123798339885	0.00325299708983	0.157043526741	2.5271409106	0.622182636337	0.347808587309
0.124092921282	0.00254814092553	0.14397497544	2.53173292994	0.620576646902	0.349090758578
0.124328840893	0.00199488966331	0.131730155035	2.53567888685	0.618999810036	0.35020417023
0.124517086067	0.00156116969672	0.120235462168	2.53907147593	0.617481785533	0.351170474197
0.124666795674	0.00122154032749	0.109402906056	2.54199199434	0.616040949289	0.35200931963
0.124785522638	0.000955832796847	0.0991692277066	2.54451186451	0.614686722008	0.352738515031
0.124879458806	0.000748098207553	0.089458862845	2.54669317052	0.613422197769	0.353373954333
0.124953640977	0.000585759325032	0.0802348421912	2.54859010026	0.612245437198	0.353929846937
0.125012121815	0.000458958749414	0.071454240808	2.55024930995	0.611151296665	0.35441867264
0.125058181033	0.000359906160343	0.0631350582612	2.55171138908	0.610132392892	0.354851490919
0.125094548297	0.000282267388029	0.0553576602683	2.55301066272	0.609181713135	0.355237787102
0.12512301879	0.000221883282556	0.0479688997184	2.55417404815	0.608290303347	0.355585052336
0.125145497925	0.000174489260864	0.0414076318907	2.55523029949	0.607448125985	0.355901487651
0.125163248998	0.000137267456106	0.035631366708	2.55619324132	0.606653746366	0.356190942407
0.125177270754	0.000108012977567	0.0305837001297	2.55707411532	0.605905667145	0.356456556516
0.125188346139	8.5012602434e-05	0.0262023118605	2.55788208913	0.605202325209	0.356700896279
0.125197095533	6.69203488232e-05	0.0224171078626	2.5586246976	0.604542184831	0.356926074673
0.125204008167	5.26827850154e-05	0.0191607805904	2.55930825762	0.60392364147	0.357133867441
0.125209469548	4.147552292e-05	0.0163678823884	2.55993807752	0.60334508669	0.357325769599
0.125213783507	3.26529362962e-05	0.0139752332464	2.56051871759	0.602804866496	0.357503069314
0.125217189545	2.57090637246e-05	0.0119251785896	2.56105427199	0.6023011706	0.357666929989
0.125219878147	2.02437824625e-05	0.0101498810988	2.5615485621	0.601831988526	0.357818446631
0.125221997177	1.59478963542e-05	0.00862062152435	2.56200596375	0.601394346846	0.357958897929
0.125223670253	1.25645682614e-05	0.00730725021601	2.56243031599	0.600985574775	0.358089410391
0.125224953992	9.97444261456e-06	0.0058535531317	2.56282480969	0.600603021146	0.358210921416
0.125225975283	7.91823314558e-06	0.00468903839824	2.56321576609	0.600221553167	0.358331516601
0.125226787766	6.28588863275e-06	0.00375618358944	2.56360321619	0.599841643155	0.358451201626
0.125227443621	4.9710350051e-06	0.00310576855987	2.56398719084	0.599463748127	0.358569982102
0.125227964874	3.92823854881e-06	0.00257604882175	2.56435447915	0.599101286204	0.358683758755
0.12522837763	3.10416656344e-06	0.00213666294025	2.56470444141	0.598755141558	0.358792312413
0.125228704439	2.45294914059e-06	0.00177220948592	2.56503789243	0.598424710063	0.358895875764
0.12522896317	1.93833413843e-06	0.00146991213437	2.56535560897	0.598109381679	0.358994671763
0.125229167987	1.53167107848e-06	0.00121917240647	2.56565833148	0.597808547873	0.359088913984
0.125229330109	1.21031752469e-06	0.0010111985678	2.56594676579	0.597521607209	0.359178806964
0.125229458424	9.56379452208e-07	0.00083869773037	2.56622158468	0.597247969496	0.359264546538
0.125229559975	7.55715636352e-07	0.000695620401113	2.56648342939	0.596987058807	0.359346320167
0.125229638803	6.00173492089e-07	0.000529535514625	2.56673291113	0.596738301545	0.359424307254
0.125229696853	4.85769409069e-07	0.000356715089417	2.56699316989	0.596478575998	0.359505740696
0.125229761998	3.57609938323e-07	0.000177492795989	2.56730577126	0.596166572399	0.359603656611
0.125229799853	2.83226173794e-07	0.000144784173945	2.56776783976	0.595704851194	0.359748599909
0.125229829895	2.24345230755e-07	0.000117973707823	2.56821650868	0.595256457526	0.359889580133
0.12522985401	1.77199694583e-07	9.84655493287e-05	2.56865270195	0.594820484899	0.360026867655
0.125229873014	1.40136459315e-07	7.99082240629e-05	2.56906554894	0.594407811561	0.360157014128
0.125229887875	1.11218064772e-07	6.4209699519e-05	2.56946789378	0.594005602349	0.360284043968
0.125229899754	8.81544153505e-08	5.27625818998e-05	2.56986529276	0.593608311663	0.360409700731
0.125229909343	6.95796505408e-08	4.41603482636e-05	2.5702486538	0.593225037918	0.360531096572
0.125229916929	5.49154657092e-08	3.69718019161e-05	2.57061022899	0.592863531723	0.360645754015
0.125229922929	4.33403756537e-08	3.09590854238e-05	2.57095113043	0.592522684795	0.360753998535
0.125229927674	3.42049079625e-08	2.59212147316e-05	2.57127246854	0.592201389738	0.360856158373
0.125229931418	2.70086248433e-08	2.14501351516e-05	2.57157539734	0.591898494883	0.360952578699
0.125229934337	2.14076507807e-08	1.74826599339e-05	2.5718644769	0.591609441769	0.361044693482
0.125229936693	1.68951917606e-08	1.46366963829e-05	2.57214562028	0.591328319703	0.361134375657
0.125229938555	1.33334955314e-08	1.2256168623e-05	2.5724106716	0.591063285223	0.361219011643
0.125229940018	1.05391494073e-08	1.00507343425e-05	2.57266049919	0.590813470854	0.361298863837
0.125229941169	8.34471603391e-09	8.29883943439e-06	2.57290131403	0.590572666405	0.361375906513
0.125229942092	6.58564989319e-09	6.94787395377e-06	2.57313225255	0.590341736212	0.361449855263
0.125229942822	5.19705919318e-09	5.81889717664e-06	2.57334996572	0.590124029627	0.361519628147
0.125229943399	4.10139924936e-09	4.87173355207e-06	2.57355512395	0.589918876588	0.361585429898
0.125229943855	3.23660663525e-09	4.08065412436e-06	2.57374852211	0.589725482533	0.361647506438
0.125229944214	2.55509904728e-09	3.38389239277e-06	2.57393074135	0.589543266534	0.36170603628
0.125229944495	2.02337960876e-09	2.77225174726e-06	2.57410422116	0.589369789249	0.361761796409
0.125229944721	1.59667198755e-09	2.32214461995e-06	2.57427191538	0.589202097055	0.361815731671
0.125229944899	1.2599461302e-09	1.9451106677e-06	2.57442990411	0.58904410992	0.361866576644
0.12522994504	9.94227493641e-10	1.62931589237e-06	2.57457874838	0.588895266918	0.361914506465
0.125229945151	7.84542940648e-10	1.36480024364e-06	2.57471897429	0.588755042006	0.361959685738
0.125229945239	6.19078640463e-10	1.14322978428e-06	2.57485107873	0.588622938352	0.362002270279
0.125229945308	4.88479551152e-10	9.58072208241e-07	2.574975531	0.588498486707	0.362042407566
0.125229945363	3.85429900755e-10	8.02900625921e-07	2.57509271231	0.588381305884	0.36208021716
0.125229945406	3.04118170067e-10	6.72880802204e-07	2.57520304708	0.588270971506	0.362115832977
0.12522994544	2.40055471016e-10	5.58754168996e-07	2.57530693151	0.588167087378	0.362149380232
0.125229945466	1.91382193e-10	4.38727086792e-07	2.57540568467	0.588068334455	0.362181282678
0.125229945487	1.509958303e-10	3.67871358749e-07	2.57550595284	0.587968066473	0.362213686755
0.125229945504	1.19130027299e-10	3.08492331654e-07	2.57560030265	0.587873716813	0.362244189402
0.125229945518	9.39886166636e-11	2.58699962065e-07	2.57568907221	0.587784947375	0.36227289794
0.125229945528	7.41522468872e-11	2.16988966846e-07	2.57577259025	0.587701429426	0.36229991692
0.125229945537	5.84975280492e-11	1.82086862307e-07	2.57585115026	0.587622869493	0.362325339722
0.125229945543	4.6147662094e-11	1.52798406796e-07	2.57592500638	0.587549013428	0.362349247198
0.125229945549	3.64574309324e-11	1.26040405059e-07	2.57599444011	0.587479579749	0.362371729227
0.125229945553	2.88354584474e-11	1.0465513501e-07	2.57606094044	0.587413079454	0.362393266993
0.125229945556	2.27439502391e-11	8.7929002658e-08	2.57612428691	0.587349733014	0.362413788348
0.125229945558	1.79392423748e-11	7.38759603258e-08	2.57618375724	0.587290262708	0.362433058494
0.12522994556	1.41495137257e-11	6.2068829623e-08	2.5762395885	0.587234431467	0.362451153425
0.125229945562	1.1159814632e-11	5.21958303686e-08	2.57629200327	0.587182016712	0.362468144554
0.125229945563	8.80039467846e-12	4.39225442444e-08	2.5763411637	0.587132856289	0.362484083802
0.125229945564	6.93979513542e-12	3.69605717912e-08	2.57638723364	0.587086786365	0.362499023715
0.125229945565	5.47255990273e-12	3.11020788709e-08	2.57643040728	0.587043612724	0.362513026765
0.125229945566	4.31522875189e-12	2.62064619987e-08	2.57647086666	0.587003153348	0.362526151544
0.125229945566	3.40183917213e-12	2.21031919086e-08	2.57650873015	0.586965289866	0.362538436052
0.125229945567	2.6817802917e-12	1.86423737539e-08	2.57654412097	0.586929899047	0.362549919919
0.125229945567	2.1141320453e-12	1.57234218725e-08	2.57657720056	0.58689681946	0.362560655213
0.125229945567	1.66653296058e-12	1.32806300089e-08	2.57660811982	0.586865900205	0.362570690633
0.125229945567	1.31328539442e-12	1.12327101424e-08	2.5766369764	0.58683704363	0.362580057633
0.125229945567	1.03491311268e-12	9.50058008722e-09	2.5766638626	0.586810157427	0.362588785961
0.125229945568	8.15545626106e-13	8.03554637318e-09	2.57668891294	0.586785107085	0.362596919097
0.125229945568	6.42642791902e-13	6.80470432748e-09	2.57671225276	0.586761767271	0.362604497567
0.125229945568	5.06206135386e-13	5.77385735382e-09	2.57673397123	0.586740048797	0.362611550189
0.125229945568	3.98735428317e-13	4.89917107227e-09	2.57675413328	0.586719886755	0.362618097912
0.125229945568	3.14081189391e-13	4.15698961642e-09	2.57677285041	0.586701169624	0.36262417684
0.125229945568	2.47432907587e-13	3.51631091046e-09	2.57679022616	0.586683793868	0.362629820505
0.125229945568	1.95399423129e-13	2.92690609805e-09	2.57680640898	0.586667611051	0.362635077036
0.125229945568	1.53889595673e-13	2.49119516544e-09	2.57682176224	0.586652257788	0.362640064407
0.125229945568	1.21129161211e-13	2.12534969452e-09	2.57683596887	0.586638051166	0.362644679562
0.125229945568	9.5342802958e-14	1.81322992738e-09	2.57684907609	0.586624943946	0.362648937786
0.125229945568	7.50458868987e-14	1.54694619889e-09	2.57686116898	0.586612851057	0.362652866665
0.125229945568	5.9069822306e-14	1.31976741706e-09	2.57687232602	0.58660169401	0.362656491657
0.125229945568	4.64937386939e-14	1.12652443568e-09	2.57688261964	0.586591400388	0.362659836253
0.125229945568	3.65713912983e-14	9.65908281414e-10	2.57689211161	0.586581908427	0.362662920489
0.125229945568	2.87665856394e-14	8.28192034405e-10	2.57690081943	0.5865732006	0.362665750034
0.125229945568	2.26274175044e-14	7.1011077816e-10	2.5769088079	0.586565212133	0.362668345909
0.125229945568	1.77984225702e-14	6.08865076405e-10	2.57691613643	0.586557883603	0.362670727406
0.125229945568	1.39999956307e-14	5.22054611526e-10	2.57692285954	0.586551160496	0.362672912221
0.125229945568	1.10119617461e-14	4.47842312401e-10	2.57692902723	0.586544992798	0.362674916593
0.125229945568	8.65688597015e-15	3.85633261479e-10	2.57693468249	0.586539337545	0.362676754473
0.125229945568	6.80547726637e-15	3.32065515785e-10	2.57693984548	0.586534174558	0.362678432407
0.125229945568	5.3500196316e-15	2.8593874442e-10	2.57694455904	0.586529460989	0.362679964312
0.125229945568	4.20583344399e-15	2.46219347451e-10	2.57694886231	0.586525157719	0.362681362894
0.125229945568	3.30634889137e-15	2.12017296809e-10	2.576952791	0.586521229036	0.362682639755
0.125229945568	2.59923298749e-15	1.82566193893e-10	2.5769563777	0.586517642332	0.362683805484
0.125229945568	2.04246937876e-15	1.57727945659e-10	2.57695965219	0.586514367841	0.362684869755
0.125229945568	1.60490310029e-15	1.36291041803e-10	2.57696263048	0.586511389553	0.362685837765
0.125229945568	1.26107819289e-15	1.17767630776e-10	2.57696533881	0.58650868122	0.362686718043
0.125229945568	9.90912162621e-16	1.01761741512e-10	2.57696780166	0.586506218375	0.362687518539
0.125229945568	7.78624833513e-16	8.79312186705e-11	2.57697004127	0.586503978765	0.362688246484
0.125229945568	6.11816656487e-16	7.59804087324e-11	2.57697207788	0.586501942157	0.362688908452
0.125229945568	4.80665596614e-16	6.57879559577e-11	2.57697392988	0.58650009015	0.362689510423
0.125229945568	3.77533850235e-16	5.70218906721e-11	2.57697561031	0.586498409722	0.362690056628
0.125229945568	2.96530055616e-16	4.94238771628e-11	2.57697713309	0.586496886939	0.362690551595
0.125229945568	2.32906445696e-16	4.2838276579e-11	2.57697851302	0.586495507012	0.36269100013
0.125229945568	1.829339309e-16	3.71301882942e-11	2.57697976349	0.586494256541	0.362691406589
0.125229945568	1.43683533025e-16	3.21826866488e-11	2.57698089665	0.586493123379	0.362691774919
0.125229945568	1.12851848943e-16	2.79105353815e-11	2.57698192351	0.586492096522	0.362692108696
0.125229945568	8.86061968947e-17	2.42565553363e-11	2.57698285347	0.586491166559	0.362692410979
0.125229945568	6.9569597872e-17	2.10809449659e-11	2.57698369363	0.586490326402	0.362692684072
0.125229945568	5.462291473e-17	1.83210774686e-11	2.57698445265	0.586489567378	0.362692930793
0.125229945568	4.28874506623e-17	1.59225249391e-11	2.57698513838	0.586488881654	0.362693153689
0.125229945568	3.36732920258e-17	1.3837985001e-11	2.57698575788	0.586488262149	0.36269335506
0.125229945568	2.64387493771e-17	1.20263479604e-11	2.57698631756	0.58648770247	0.362693536985
0.125229945568	2.07548871766e-17	1.04748180499e-11	2.57698682319	0.586487196839	0.362693701343
0.125229945568	1.62884781387e-17	9.13381994961e-12	2.57698727892	0.586486741117	0.362693849477
0.125229945568	1.2783230826e-17	7.96449783793e-12	2.57698768908	0.586486330955	0.362693982802
0.125229945568	1.0032305372e-17	6.94487359791e-12	2.57698805823	0.5864859618	0.362694102798
0.125229945568	7.87337336234e-18	6.05578276609e-12	2.57698839048	0.586485629551	0.362694210797
0.125229945568	6.17903908346e-18	5.28051432774e-12	2.57698868951	0.586485330519	0.362694308
0.125229945568	4.84932209122e-18	4.60449662545e-12	2.57698895865	0.586485061383	0.362694395484
0.125229945568	3.80525175078e-18	4.01925935056e-12	2.57698920088	0.586484819154	0.362694474222
0.125229945568	2.98590694249e-18	3.50872283047e-12	2.57698941863	0.586484601401	0.362694545004
0.125229945568	2.34298300003e-18	3.06303593399e-12	2.57698961436	0.586484405672	0.362694608627
0.125229945568	1.83849308947e-18	2.67396130441e-12	2.57698979029	0.586484229741	0.362694665815
0.125229945568	1.44262967654e-18	2.33430791312e-12	2.57698994843	0.586484071603	0.362694717219
0.125229945568	1.13200336598e-18	2.03779815282e-12	2.57699009057	0.586483929461	0.362694763424
0.125229945568	8.88260952513e-19	1.77895181273e-12	2.57699021834	0.586483801695	0.362694804955
0.125229945568	6.97001031934e-19	1.55298479156e-12	2.57699033318	0.586483686852	0.362694842286
0.125229945568	5.46923101919e-19	1.35572067611e-12	2.57699043641	0.586483583625	0.36269487584
0.125229945568	4.29159877844e-19	1.18351355133e-12	2.57699052919	0.586483490839	0.362694906001
0.125229945568	3.36753373863e-19	1.0331806152e-12	2.5769906126	0.586483407438	0.362694933112
0.125229945568	2.64243793851e-19	9.0194335308e-13	2.57699068756	0.586483332472	0.36269495748
0.125229945568	2.0734694207e-19	7.87376184108e-13	2.57699075495	0.586483265088	0.362694979384
0.125229945568	1.62701093564e-19	6.87361630752e-13	2.57699081551	0.58648320452	0.362694999072
0.125229945568	1.27668368266e-19	6.00051182762e-13	2.57699086995	0.586483150078	0.362695016769
0.125229945568	1.00178873111e-19	5.23831132294e-13	2.57699091889	0.586483101143	0.362695032675
0.125229945568	7.85258594361e-20	4.62745491947e-13	2.57699096288	0.586483057157	0.362695046973
0.125229945568	6.14749565711e-20	4.10930572799e-13	2.57699100191	0.586483018127	0.36269505966
0.125229945568	4.81264427125e-20	3.64917515971e-13	2.57699103631	0.586482983719	0.362695070845
0.125229945568	3.76763907134e-20	3.24056670711e-13	2.57699106665	0.586482953386	0.362695080705
0.125229945568	2.94954360704e-20	2.87771129456e-13	2.57699109339	0.586482926645	0.362695089397
0.125229945568	2.30908728506e-20	2.55548582584e-13	2.57699111696	0.586482903071	0.36269509706
0.125229945568	1.80769800079e-20	2.26934085203e-13	2.57699113774	0.586482882289	0.362695103816
0.125229945568	1.41517909638e-20	2.01523633869e-13	2.57699115607	0.586482863968	0.362695109771
0.125229945568	1.10789073812e-20	1.78958462531e-13	2.57699117222	0.586482847816	0.362695115022
0.125229945568	8.67326184668e-21	1.58919977175e-13	2.57699118646	0.586482833578	0.36269511965
0.125229945568	6.78997200732e-21	1.41125257652e-13	2.57699119901	0.586482821025	0.36269512373
0.125229945568	5.31561489054e-21	1.25323063175e-13	2.57699121007	0.586482809959	0.362695127328
0.125229945568	4.16139589577e-21	1.11290285093e-13	2.57699121983	0.586482800203	0.362695130499
0.125229945568	3.25780105345e-21	9.8828796859e-14	2.57699122843	0.586482791603	0.362695133294
0.125229945568	2.54984753601e-21	8.81975518705e-14	2.57699123601	0.586482784021	0.362695135759
0.125229945568	1.99322061435e-21	7.91779591109e-14	2.57699124266	0.586482777372	0.36269513792
0.125229945568	1.55810430209e-21	7.10807621601e-14	2.57699124845	0.586482771582	0.362695139802
0.125229945568	1.21797306212e-21	6.38116314823e-14	2.57699125349	0.58648276654	0.362695141441
0.125229945568	9.52091832043e-22	5.72858842255e-14	2.57699125788	0.58648276215	0.362695142868
0.125229945568	7.44251974482e-22	5.1427497696e-14	2.57699126171	0.586482758328	0.362695144111
0.125229945568	5.81783167044e-22	4.61682237203e-14	2.57699126503	0.586482754999	0.362695145193
0.125229945568	4.54780994847e-22	4.14467935784e-14	2.57699126793	0.586482752101	0.362695146135
0.125229945568	3.55503158128e-22	3.7208204244e-14	2.57699127046	0.586482749577	0.362695146955
0.125229945568	2.77897486586e-22	3.34030776187e-14	2.57699127265	0.58648274738	0.36269514767
0.125229945568	2.1723298731e-22	2.99870852946e-14	2.57699127457	0.586482745466	0.362695148291
0.125229945568	1.6981143424e-22	2.69204321433e-14	2.57699127623	0.5864827438	0.362695148833
0.125229945568	1.3274191711e-22	2.41673927166e-14	2.57699127768	0.586482742349	0.362695149305
0.125229945568	1.03764605929e-22	2.16958950578e-14	2.57699127895	0.586482741086	0.362695149715
0.125229945568	8.11103504168e-23	1.94909790544e-14	2.57699128005	0.586482739986	0.362695150073
0.125229945568	6.33375263866e-23	1.76324444352e-14	2.576991281	0.586482739029	0.362695150384
0.125229945568	4.94590669114e-23	1.59511277439e-14	2.57699128183	0.586482738203	0.362695150653
0.125229945568	3.86216424786e-23	1.44301306169e-14	2.57699128254	0.586482737489	0.362695150884
0.125229945568	3.01589043387e-23	1.30541660101e-14	2.57699128316	0.586482736874	0.362695151085
0.125229945568	2.35505134555e-23	1.18094045535e-14	2.57699128369	0.586482736342	0.362695151257
0.125229945568	1.83901469949e-23	1.06833355573e-14	2.57699128415	0.586482735884	0.362695151406
0.125229945568	1.43605152015e-23	9.66464127046e-15	2.57699128455	0.586482735488	0.362695151535
0.125229945568	1.1213852554e-23	8.74308313025e-15	2.57699128489	0.586482735146	0.362695151646
0.125229945568	8.7566836798e-24	7.90939885739e-15	2.57699128518	0.586482734851	0.362695151742
0.125229945568	6.83792734899e-24	7.15520936409e-15	2.57699128544	0.586482734597	0.362695151825
0.125229945568	5.29279924498e-24	6.89811659577e-15	2.57699128566	0.586482734377	0.362695151896
0.125229945568	4.09645577281e-24	6.65262215258e-15	2.57699128583	0.5864827342	0.362695151954
0.125229945568	3.17052454126e-24	6.41586451757e-15	2.57699128597	0.586482734059	0.362695152
0.125229945568	2.45388365555e-24	6.18753275981e-15	2.57699128609	0.586482733945	0.362695152037
0.125229945568	1.89922674198e-24	5.96732701396e-15	2.57699128618	0.586482733854	0.362695152066
0.125229945568	1.46994019429e-24	5.75495808649e-15	2.57699128625	0.586482733781	0.36269515209
0.125229945568	1.13768626305e-24	5.55014707586e-15	2.57699128631	0.586482733722	0.362695152109
0.125229945568	8.80532444896e-25	5.35262500625e-15	2.57699128636	0.586482733675	0.362695152124
0.125229945568	6.81503690155e-25	5.1621324743e-15	2.5769912864	0.586482733637	0.362695152137
0.125229945568	5.27463895214e-25	4.97802000324e-15	2.57699128643	0.586482733606	0.362695152147
0.125229945568	4.0825040941e-25	4.79999226098e-15	2.57699128645	0.586482733582	0.362695152155
0.125229945568	3.1598067336e-25	4.6283312824e-15	2.57699128647	0.586482733563	0.362695152161
0.125229945568	2.44565060158e-25	4.46280937447e-15	2.57699128649	0.586482733547	0.362695152166
0.125229945568	1.89290275301e-25	4.30320698705e-15	2.5769912865	0.586482733534	0.36269515217
