0.0	0.459772832682	1.66688941633	0.0	0.0	0.0
6.98225005937e-18	0.459772832664	1.66688941627	8.41645253744e-12	6.98230362412e-12	1e-06
7.81638220295e-18	0.459772832663	1.66688941627	8.91495805245e-12	7.52786721841e-12	1.03833333333e-06
8.75016366116e-18	0.459772832662	1.66688941627	9.45241484977e-12	8.11606337685e-12	1.07813611111e-06
9.79549900568e-18	0.459772832661	1.66688941626	1.00318664311e-11	8.75022276851e-12	1.11946466204e-06
1.09657149839e-17	0.459772832659	1.66688941626	1.06565941056e-11	9.43389810706e-12	1.16237747408e-06
1.22757304184e-17	0.459772832658	1.66688941625	1.13301355711e-11	1.01709751731e-11	1.20693527725e-06
1.3742246404e-17	0.459772832657	1.66688941625	1.20563049474e-11	1.09657838364e-11	1.25320112955e-06
1.53839592262e-17	0.459772832655	1.66688941624	1.28392143747e-11	1.18225429445e-11	1.30124050618e-06
1.72217987159e-17	0.459772832653	1.66688941624	1.36832973001e-11	1.27463595233e-11	1.35112139225e-06
1.92791950791e-17	0.459772832651	1.66688941623	1.45933335826e-11	1.37422295763e-11	1.40291437895e-06
2.15823776035e-17	0.459772832649	1.66688941622	1.55744765613e-11	1.48160372857e-11	1.45669276347e-06
2.41607090497e-17	0.459772832647	1.66688941622	1.66322822367e-11	1.59736668334e-11	1.51253265274e-06
2.70470599908e-17	0.459772832644	1.66688941621	1.7772740734e-11	1.72217795577e-11	1.57051307109e-06
3.02782278715e-17	0.459772832642	1.6668894162	1.90023102231e-11	1.85674808858e-11	1.63071607215e-06
3.3895406131e-17	0.459772832639	1.66688941619	2.03279534904e-11	2.0018209312e-11	1.69322685491e-06
3.79447093688e-17	0.459772832636	1.66688941618	2.17571773673e-11	2.15824025313e-11	1.75813388435e-06
4.24777612494e-17	0.459772832633	1.66688941617	2.32980752399e-11	2.32687202834e-11	1.82552901658e-06
4.75523526408e-17	0.459772832629	1.66688941616	2.49593728798e-11	2.50869325307e-11	1.89550762888e-06
5.32331783777e-17	0.459772832625	1.66688941615	2.67504778567e-11	2.70471423029e-11	1.96816875465e-06
5.95926620412e-17	0.459772832621	1.66688941614	2.86815328111e-11	2.91604518301e-11	2.04361522358e-06
6.67118792712e-17	0.459772832617	1.66688941612	3.076347289e-11	3.14389625434e-11	2.12195380714e-06
7.46815913814e-17	0.459772832612	1.66688941611	3.30080876701e-11	3.38954420076e-11	2.20329536975e-06
8.36034024553e-17	0.459772832607	1.66688941609	3.54280879201e-11	3.65438790326e-11	2.28775502558e-06
9.35910546737e-17	0.459772832601	1.66688941607	3.80371775785e-11	3.93992616294e-11	2.37545230156e-06
1.04771878389e-16	0.459772832595	1.66688941606	4.08501313563e-11	4.24777990542e-11	2.46651130645e-06
1.1728841543e-16	0.459772832589	1.66688941604	4.3882878403e-11	4.5796810786e-11	2.56106090652e-06
1.31300236338e-16	0.459772832582	1.66688941601	4.71525925099e-11	4.93751706163e-11	2.65923490794e-06
1.46985974695e-16	0.459772832574	1.66688941599	5.06777893615e-11	5.32331956265e-11	2.76117224607e-06
1.64545604483e-16	0.459772832566	1.66688941596	5.44784313859e-11	5.73926461878e-11	2.86701718216e-06
1.84202989509e-16	0.459772832558	1.66688941594	5.85760407977e-11	6.18770590283e-11	2.97691950747e-06
2.06208737393e-16	0.459772832548	1.66688941591	6.29938214738e-11	6.67118582553e-11	3.09103475524e-06
2.3084339451e-16	0.459772832538	1.66688941588	6.77567903516e-11	7.19244663775e-11	3.20952442085e-06
2.58421022613e-16	0.459772832527	1.66688941584	7.28919190947e-11	7.75444153274e-11	3.3325561903e-06
2.89293202735e-16	0.459772832515	1.6668894158	7.84282868277e-11	8.36034574833e-11	3.46030417758e-06
3.23853517421e-16	0.459772832503	1.66688941576	8.4397244805e-11	9.01358987367e-11	3.59294917104e-06
3.62542568418e-16	0.459772832489	1.66688941572	9.08325939458e-11	9.71787095144e-11	3.73067888925e-06
4.05853593816e-16	0.459772832474	1.66688941567	9.77707762419e-11	1.04771857845e-10	3.87368824665e-06
4.54338756222e-16	0.459772832458	1.66688941562	1.05251081121e-10	1.12958420382e-10	4.02217962942e-06
5.08616182166e-16	0.459772832441	1.66688941557	1.13315867932e-10	1.21784471381e-10	4.17636318186e-06
5.69377842453e-16	0.459772832423	1.66688941551	1.22010805822e-10	1.31300303945e-10	4.3364571038e-06
6.37398373946e-16	0.459772832403	1.66688941545	1.31385132344e-10	1.41559541846e-10	4.50268795942e-06
7.1354495524e-16	0.459772832381	1.66688941538	1.41491932285e-10	1.52620471793e-10	4.67529099783e-06
7.98788362127e-16	0.459772832358	1.66688941531	1.52388438269e-10	1.64545599341e-10	4.85451048604e-06
8.942153438e-16	0.459772832333	1.66688941523	1.64136354854e-10	1.77402537073e-10	5.04060005463e-06
1.00104247758e-15	0.459772832306	1.66688941515	1.76802207954e-10	1.9126411562e-10	5.23382305668e-06
1.12063167878e-15	0.459772832277	1.66688941505	1.90457721559e-10	2.06208716726e-10	5.43445294047e-06
1.25450756347e-15	0.459772832246	1.66688941496	2.05180223891e-10	2.22321161431e-10	5.64277363646e-06
1.40437688546e-15	0.459772832212	1.66688941485	2.210530853e-10	2.39692377e-10	5.85907995913e-06
1.57215029533e-15	0.459772832176	1.66688941473	2.3816619037e-10	2.5842106226e-10	6.08367802415e-06
1.75996669889e-15	0.459772832136	1.66688941461	2.56616446919e-10	2.78613021465e-10	6.31688568167e-06
1.97022052559e-15	0.459772832094	1.66688941448	2.76508334762e-10	3.00382829631e-10	6.55903296604e-06
2.20559225461e-15	0.459772832049	1.66688941433	2.97954497362e-10	3.23853499468e-10	6.81046256297e-06
2.46908258764e-15	0.459772831999	1.66688941418	3.21076379703e-10	3.49158146718e-10	7.07153029443e-06
2.7640507042e-15	0.459772831946	1.66688941401	3.4600491601e-10	3.76440101171e-10	7.34260562226e-06
3.09425708706e-15	0.459772831889	1.66688941383	3.72881271197e-10	4.05853572806e-10	7.62407217097e-06
3.46391146377e-15	0.459772831828	1.66688941364	4.01857640255e-10	4.37565428144e-10	7.9163282707e-06
3.87772647557e-15	0.459772831761	1.66688941343	4.33098110103e-10	4.71755079223e-10	8.21978752089e-06
4.34097775779e-15	0.459772831689	1.6668894132	4.66779588769e-10	5.08616259961e-10	8.53487937566e-06
4.85957119774e-15	0.459772831612	1.66688941296	5.03092807189e-10	5.48357470242e-10	8.8620497515e-06
5.44011822756e-15	0.459772831529	1.6668894127	5.42243399272e-10	5.91203974315e-10	9.20176165839e-06
6.0900201119e-15	0.459772831439	1.66688941242	5.84453066362e-10	6.37398355912e-10	9.55449585502e-06
6.81756230497e-15	0.459772831342	1.66688941211	6.29960832682e-10	6.87202183574e-10	9.92075152914e-06
7.63202007996e-15	0.459772831238	1.66688941178	6.79024398878e-10	7.40897564972e-10	1.03010470041e-05
8.54377677744e-15	0.459772831126	1.66688941143	7.31921601322e-10	7.98788368145e-10	1.06959204722e-05
9.56445618022e-15	0.459772831004	1.66688941105	7.88951985442e-10	8.61202552973e-10	1.11059307565e-05
1.07070707024e-14	0.459772830874	1.66688941064	8.50438501978e-10	9.28493614464e-10	1.15316581017e-05
1.19861872817e-14	0.459772830733	1.66688941019	9.16729335784e-10	1.00104247014e-09	1.1973704995e-05
1.34181130901e-14	0.459772830581	1.66688940971	9.88199877526e-10	1.07926001353e-09	1.24326970192e-05
1.50211034303e-14	0.459772830417	1.6668894092	1.06525484944e-09	1.16358922362e-09	1.29092837376e-05
1.68155944688e-14	0.45977283024	1.66688940864	1.14833059717e-09	1.25450760733e-09	1.34041396134e-05
1.88244637714e-14	0.45977283005	1.66688940804	1.23789756072e-09	1.35252997508e-09	1.39179649644e-05
2.10733219647e-14	0.459772829844	1.6668894074	1.33446293846e-09	1.45821132734e-09	1.44514869537e-05
2.35908392401e-14	0.459772829623	1.6668894067	1.43857355923e-09	1.57215029636e-09	1.50054606192e-05
2.64091108638e-14	0.459772829384	1.66688940595	1.55081897899e-09	1.69499203274e-09	1.55806699417e-05
2.95640663517e-14	0.459772829127	1.66688940514	1.67183481929e-09	1.8274320912e-09	1.61779289548e-05
3.30959275274e-14	0.459772828849	1.66688940427	1.80230636666e-09	1.97022053839e-09	1.67980828965e-05
3.70497213008e-14	0.45977282855	1.66688940332	1.94297245328e-09	2.12416594973e-09	1.74420094058e-05
4.14758537062e-14	0.459772828228	1.66688940231	2.09462964078e-09	2.29013996131e-09	1.81106197644e-05
4.64307525177e-14	0.45977282788	1.66688940122	2.25813673103e-09	2.46908259894e-09	1.88048601866e-05
5.19775866341e-14	0.459772827505	1.66688940004	2.43441962934e-09	2.66200705214e-09	1.9525713158e-05
5.81870714051e-14	0.459772827101	1.66688939876	2.62447658763e-09	2.87000600239e-09	2.02741988264e-05
6.51383701653e-14	0.459772826665	1.66688939739	2.82938385737e-09	3.09425706321e-09	2.10513764451e-05
7.29201034702e-14	0.459772826195	1.66688939591	3.05030178412e-09	3.33603032973e-09	2.18583458721e-05
8.16314788994e-14	0.459772825689	1.66688939432	3.28848137832e-09	3.5966947069e-09	2.26962491267e-05
9.1383555832e-14	0.459772825143	1.6668893926	3.5452713995e-09	3.87772645822e-09	2.35662720057e-05
1.02300661318e-13	0.459772824554	1.66688939075	3.82212599401e-09	4.18071686632e-09	2.44696457612e-05
1.14521975094e-13	0.459772823919	1.66688938875	4.12061292953e-09	4.50738189184e-09	2.54076488434e-05
1.28203303959e-13	0.459772823235	1.6668893866	4.44242247301e-09	4.85957116628e-09	2.63816087098e-05
1.43519068114e-13	0.459772822497	1.66688938427	4.78937696228e-09	5.23927909421e-09	2.73929037037e-05
1.60664524812e-13	0.459772821701	1.66688938177	5.16344112552e-09	5.64865606652e-09	2.84429650049e-05
1.79858257643e-13	0.459772820844	1.66688937907	5.56673320716e-09	6.09002000673e-09	2.95332786551e-05
2.01344963212e-13	0.459772819919	1.66688937616	6.00153696296e-09	6.56587047084e-09	3.06653876609e-05
2.2539857072e-13	0.459772818922	1.66688937302	6.47031459249e-09	7.07890208103e-09	3.18408941775e-05
2.5232573422e-13	0.459772817847	1.66688936964	6.97572068198e-09	7.63201995772e-09	3.3061461776e-05
2.82469742089e-13	0.459772816688	1.66688936599	7.52061723669e-09	8.22835626193e-09	3.43288177977e-05
3.16214893526e-13	0.459772815439	1.66688936206	8.1080898878e-09	8.87128806983e-09	3.56447557986e-05
3.53991397903e-13	0.459772814092	1.66688935782	8.7414653657e-09	9.56445602452e-09	3.70111380879e-05
3.96280859399e-13	0.45977281264	1.66688935325	9.42433033851e-09	1.03117853192e-08	3.84298983629e-05
4.43622416867e-13	0.459772811074	1.66688934833	1.01605517226e-08	1.11175081237e-08	3.99030444463e-05
4.96619617195e-13	0.459772809386	1.66688934301	1.09542985802e-08	1.19861870103e-08	4.14326611272e-05
5.55948109782e-13	0.459772807566	1.66688933729	1.18100657275e-08	1.29227410435e-08	4.30209131113e-05
6.22364260241e-13	0.459772805604	1.66688933111	1.27326991885e-08	1.39324736472e-08	4.46700480852e-05
6.96714793134e-13	0.459772803489	1.66688932445	1.37274236362e-08	1.50211029135e-08	4.63823998962e-05
7.79947586665e-13	0.459772801208	1.66688931728	1.47998719795e-08	1.6194793466e-08	4.81603918562e-05
8.73123756966e-13	0.459772798749	1.66688930954	1.59561172605e-08	1.7460191543e-08	5.00065401703e-05
9.77431186021e-13	0.459772796098	1.66688930119	1.72027070453e-08	1.88244629671e-08	5.19234574983e-05
1.0941996657e-12	0.45977279324	1.6668892922	1.8546700501e-08	2.0295333224e-08	5.39138566518e-05
1.22491785097e-12	0.459772790158	1.6668892825	1.99957083706e-08	2.18811316496e-08	5.59805544335e-05
1.37125223841e-12	0.459772786836	1.66688927204	2.15579360706e-08	2.35908380594e-08	5.81264756234e-05
1.535068412e-12	0.459772783254	1.66688926077	2.32422301567e-08	2.54341342624e-08	6.0354657118e-05
1.71845482699e-12	0.459772779392	1.66688924862	2.505812842e-08	2.74214584625e-08	6.26682522281e-05
1.92374943516e-12	0.459772775228	1.66688923552	2.70159138969e-08	2.95640644329e-08	6.50705351412e-05
2.1535694908e-12	0.45977277074	1.66688922139	2.91266731001e-08	3.18740852433e-08	6.75649055554e-05
2.41084491749e-12	0.4597727659	1.66688920616	3.14023587989e-08	3.43646020932e-08	7.01548934902e-05
2.69885566096e-12	0.459772760682	1.66688918974	3.3855857705e-08	3.70497182529e-08	7.28441642826e-05
3.02127350439e-12	0.459772755057	1.66688917203	3.65010634472e-08	3.99446388886e-08	7.56365237737e-05
3.38220887907e-12	0.459772748992	1.66688915294	3.93529552476e-08	4.30657572153e-08	7.85359236954e-05
3.78626326732e-12	0.459772742453	1.66688913237	4.24276827461e-08	4.64307476447e-08	8.1546467262e-05
4.23858786566e-12	0.459772735403	1.66688911018	4.57426574515e-08	5.00586652607e-08	8.46724149777e-05
4.74494925617e-12	0.459772727802	1.66688908626	4.93166513393e-08	5.39700541773e-08	8.79181906658e-05
5.31180292327e-12	0.459772719608	1.66688906047	5.31699031532e-08	5.81870636678e-08	9.12883877291e-05
5.94637555305e-12	0.459772710773	1.66688903267	5.73242330122e-08	6.27335738415e-08	9.47877756505e-05
6.65675716457e-12	0.459772701248	1.66688900269	6.18031659729e-08	6.76353305358e-08	9.84213067427e-05
7.45200424744e-12	0.459772690978	1.66688897037	6.66320652469e-08	7.29200913103e-08	0.000102194123157
8.34225522076e-12	0.459772679906	1.66688893553	7.18382758262e-08	7.86177825428e-08	0.000106111564159
9.33885968527e-12	0.459772667969	1.66688889796	7.74512793318e-08	8.47606690711e-08	0.000110179173686
1.04545231165e-11	0.4597726551	1.66688885746	8.35028609613e-08	9.13835366025e-08	0.000114402708194
1.17034688434e-11	0.459772641225	1.66688881379	9.00272894806e-08	9.85238889992e-08	0.000118788144801
1.31016193785e-11	0.459772626265	1.66688876671	9.706151128e-08	1.06222160553e-07	0.000123341689746
1.46667994087e-11	0.459772610137	1.66688871595	1.04645359593e-07	1.14521944691e-07	0.000128069787174
1.64189630386e-11	0.459772592748	1.66688866123	1.12821780062e-07	1.23470241441e-07	0.000132979128257
1.83804481794e-11	0.459772574001	1.66688860223	1.21637073928e-07	1.33117722666e-07	0.000138076660657
2.05762613285e-11	0.459772553789	1.66688853862	1.31141160225e-07	1.43519020165e-07	0.000143369598364
2.30343963711e-11	0.459772531998	1.66688847004	1.41387858459e-07	1.5473303398e-07	0.000148865431904
2.57861914659e-11	0.459772508504	1.6668883961	1.52435193372e-07	1.66823266571e-07	0.000154571938934
2.88667285663e-11	0.459772483174	1.66688831639	1.64345723524e-07	1.79858181973e-07	0.000160497195259
3.23152806698e-11	0.459772455866	1.66688823044	1.77186895546e-07	1.9391159415e-07	0.00016664958625
3.61758124981e-11	0.459772426423	1.66688813778	1.91031426069e-07	2.09063084213e-07	0.000173037818717
4.04975409898e-11	0.45977239468	1.66688803788	2.05957713505e-07	2.25398451392e-07	0.000179670933229
4.53355627519e-11	0.459772360456	1.66688793018	2.22050281993e-07	2.43010199307e-07	0.000186558316907
5.07515564688e-11	0.459772323559	1.66688781406	2.39400260034e-07	2.61998058883e-07	0.000193709716709
5.68145692241e-11	0.459772283778	1.66688768886	2.58105896533e-07	2.82469554005e-07	0.000201135253222
6.36018967587e-11	0.45977224089	1.66688755389	2.7827311715e-07	3.045406098e-07	0.000208845434989
7.1200068888e-11	0.45977219465	1.66688740836	3.00016124128e-07	3.28336209441e-07	0.000216851173372
7.97059526401e-11	0.459772144797	1.66688725147	3.23458042987e-07	3.53991101466e-07	0.000225163797999
8.92279871787e-11	0.459772091048	1.66688708232	3.48731619751e-07	3.81650563268e-07	0.000233795072798
9.98875662538e-11	0.4597720331	1.66688689995	3.75979972643e-07	4.11471223761e-07	0.000242757212637
1.11820585804e-10	0.459771970625	1.66688670333	4.05357402523e-07	4.43621949662e-07	0.000252062900618
1.2517917644e-10	0.459771903267	1.66688649135	4.37030266646e-07	4.7828480249e-07	0.000261725306022
1.40133642898e-10	0.459771830647	1.6668862628	4.71177920685e-07	5.15656069286e-07	0.00027175810294
1.56874635177e-10	0.459771752352	1.6668860164	5.07993734368e-07	5.55947373701e-07	0.000282175489634
1.75615579058e-10	0.45977166794	1.66688575075	5.47686186461e-07	5.99386874914e-07	0.000292992208618
1.9659539697e-10	0.459771576932	1.66688546433	5.90480045313e-07	6.46220559462e-07	0.000304223567526
2.20081553899e-10	0.459771478813	1.66688515554	6.36617641634e-07	6.96713633765e-07	0.000315885460773
2.46373467164e-10	0.459771373028	1.66688482262	6.86360240731e-07	7.51152026343e-07	0.000327994392046
2.75806323541e-10	0.459771258977	1.66688446369	7.39989521944e-07	8.09844006816e-07	0.000340567497656
3.08755352374e-10	0.459771136014	1.66688407671	7.97809173693e-07	8.73121931248e-07	0.000353622570792
3.45640609163e-10	0.459771003444	1.6668836595	8.60146613133e-07	9.41344124478e-07	0.000367178086693
3.8693233061e-10	0.459770860515	1.66688320968	9.27354840183e-07	1.01489690867e-06	0.000381253228795
4.33156929368e-10	0.459770706419	1.66688272472	9.99814436406e-07	1.09419679128e-06	0.000395867915873
4.84903704946e-10	0.459770540282	1.66688220187	1.07793572007e-06	1.17969282353e-06	0.00041104283023
5.42832356277e-10	0.459770361164	1.66688163816	1.16216106957e-06	1.27186914273e-06	0.00042679944696
6.07681391753e-10	0.459770168051	1.66688103041	1.25296742842e-06	1.37124771377e-06	0.000443160064333
6.8027754391e-10	0.459769959848	1.66688037517	1.35086900591e-06	1.47839128511e-06	0.000460147835349
7.61546308784e-10	0.459769735378	1.66687966874	1.45642018882e-06	1.59390657471e-06	0.000477786800496
8.52523744277e-10	0.459769493368	1.6668789071	1.57021868055e-06	1.71844770582e-06	0.000496101921768
9.54369677942e-10	0.459769232449	1.66687808596	1.69290888561e-06	1.85271991039e-06	0.000515119117981
1.06838249253e-09	0.459768951144	1.66687720066	1.82518555844e-06	1.99748352289e-06	0.000534865301444
1.19601567778e-09	0.459768647858	1.66687624618	1.96779773735e-06	2.15355828473e-06	0.000555368416039
1.33889635942e-09	0.459768320875	1.66687521713	2.1215529858e-06	2.32182798645e-06	0.000576657476755
1.49884604155e-09	0.459767968344	1.66687410767	2.28732196506e-06	2.50324547098e-06	0.000598762610736
1.67790382685e-09	0.459767588268	1.66687291152	2.46604336406e-06	2.6988380296e-06	0.000621715099909
1.87835241049e-09	0.459767178494	1.66687162191	2.65872921444e-06	2.90971321793e-06	0.000645547425233
2.10274717914e-09	0.459766736704	1.66687023154	2.86647062078e-06	3.13706512638e-06	0.000670293312654
2.35394878589e-09	0.459766260394	1.66686873253	3.09044393855e-06	3.38218114205e-06	0.000695987780812
2.63515961638e-09	0.459765746868	1.6668671164	3.33191743466e-06	3.64644923652e-06	0.000722667190583
2.94996461068e-09	0.459765193219	1.666865374	3.59225846833e-06	3.93136582462e-06	0.000750369296507
3.30237696152e-09	0.45976459631	1.66686349545	3.87294123298e-06	4.23854423624e-06	0.000779133300199
3.69688927093e-09	0.459763952764	1.66686147013	4.17555510284e-06	4.56972385073e-06	0.000808999905794
4.13853081749e-09	0.459763258934	1.66685928656	4.50181363162e-06	4.92677994358e-06	0.000840011377518
4.63293166385e-09	0.459762510894	1.66685693238	4.85356425413e-06	5.31173430355e-06	0.000872211599469
5.18639442153e-09	0.459761704407	1.66685439426	5.23279874566e-06	5.72676667754e-06	0.000905646137673
5.80597458755e-09	0.459760834908	1.66685165784	5.64166449845e-06	6.17422711129e-06	0.000940362304531
6.49957047647e-09	0.459759897472	1.6668487076	6.08247667897e-06	6.65664925186e-06	0.000976409225719
7.27602389383e-09	0.459758886792	1.66684552686	6.55773133471e-06	7.17676469091e-06	0.00101383790966
8.14523283374e-09	0.459757797146	1.6668420976	7.07011952476e-06	7.73751842614e-06	0.00105270131962
9.11827763654e-09	0.459756622365	1.66683840041	7.62254255409e-06	8.34208553235e-06	0.00109305444866
1.02075622137e-08	0.459755355797	1.66683441435	8.21812839753e-06	8.99388913255e-06	0.00113495439728
1.14269721392e-08	0.45975399027	1.66683011685	8.86024940657e-06	9.69661977343e-06	0.00117846045422
1.27920516214e-08	0.459752518055	1.66682548359	9.55254139893e-06	1.04542563129e-05	0.00122363418023
1.43202016098e-08	0.459750930817	1.66682048833	1.02989242389e-05	1.12710884392e-05	0.00127053949509
1.60309015596e-08	0.459749219568	1.66681510279	1.11036240248e-05	1.21517409482e-05	0.00131924276793
1.79459576791e-08	0.459747374621	1.66680929648	1.19711970091e-05	1.31011999151e-05	0.00136981291102
2.00897808215e-08	0.459745385533	1.66680303653	1.29065553859e-05	1.41248409101e-05	0.00142232147716
2.24896975597e-08	0.459743241041	1.66679628751	1.39149950921e-05	1.52284594158e-05	0.00147684276071
2.51762984051e-08	0.459740929007	1.6667890112	1.50022257797e-05	1.64183036197e-05	0.00153345390259
2.81838276042e-08	0.459738436343	1.66678116641	1.61744031264e-05	1.77011097649e-05	0.00159223499919
3.15506194764e-08	0.459735748939	1.66677270874	1.74381636704e-05	1.90841402601e-05	0.00165326921551
3.53195868452e-08	0.459732851582	1.66676359031	1.88006623626e-05	2.05752247636e-05	0.00171664290254
3.95387677821e-08	0.459729727873	1.66675375951	2.02696130514e-05	2.21828044714e-05	0.00178244571918
4.42619376197e-08	0.459726360132	1.66674316069	2.18533321254e-05	2.39159798621e-05	0.00185077075875
4.95492940227e-08	0.459722729297	1.66673173386	2.35607855637e-05	2.57845621652e-05	0.0019217146804
5.54682238323e-08	0.459718814819	1.66671941435	2.54016396559e-05	2.77991288433e-05	0.00199537784539
6.20941614397e-08	0.459714594546	1.66670613243	2.73863156807e-05	2.99710834012e-05	0.0020718644587
6.95115496046e-08	0.459710044593	1.66669181294	2.95260488488e-05	3.23127198585e-05	0.00215128271593
7.78149149394e-08	0.459705139214	1.66667637484	3.18329518449e-05	3.48372922478e-05	0.00223374495579
8.71100717305e-08	0.45969985065	1.66665973076	3.43200833248e-05	3.75590895303e-05	0.00231936781844
9.75154693989e-08	0.45969414898	1.66664178653	3.70015217536e-05	4.04935163489e-05	0.00240827240974
1.09163700726e-07	0.459688001943	1.66662244062	3.98924450018e-05	4.36571800729e-05	0.00250058447183
1.22203190002e-07	0.459681374763	1.66660158357	4.30092161462e-05	4.70679846231e-05	0.00259643456011
1.36800082548e-07	0.459674229949	1.66657909737	4.63694759581e-05	5.07452316033e-05	0.0026959582269
1.53140359591e-07	0.459666527087	1.66655485484	4.99922425989e-05	5.47097293059e-05	0.0027992962121
1.71432205354e-07	0.459658222609	1.66652871882	5.38980190834e-05	5.89839102002e-05	0.00290659464102
1.91908656386e-07	0.459649269548	1.66650054151	5.81089091133e-05	6.35919575636e-05	0.00301800522967
2.14830566746e-07	0.459639617274	1.66647016353	6.26487419312e-05	6.85599419622e-05	0.00313368549775
2.40489926634e-07	0.45962921121	1.6664374131	6.75432068955e-05	7.39159683422e-05	0.00325379898974
2.69213576542e-07	0.459617992522	1.66640210504	7.28199985288e-05	7.96903345557e-05	0.00337851550421
3.01367363967e-07	0.459605897791	1.66636403972	7.85089728524e-05	8.59157022015e-05	0.00350801133174
3.37360795329e-07	0.459592858654	1.66632300196	8.46423158811e-05	9.26272807336e-05	0.0036424695018
3.77652241964e-07	0.459578801421	1.6662787598	9.12547252189e-05	9.98630258595e-05	0.00378208003878
4.2275476605e-07	0.45956364666	1.6662310632	9.83836057689e-05	0.000107663853331	0.0039270402276
4.73242640097e-07	0.459547308754	1.66617964265	0.000106069280649	0.000116073869312	0.00407755488925
5.29758642371e-07	0.459529695415	1.66612420764	0.000114355218488	0.000125140618594	0.00423383666641
5.93022220337e-07	0.459510707173	1.66606444504	0.000123288278358	0.000134915352038	0.00439610631983
6.63838625094e-07	0.459490236815	1.66600001735	0.000132918973719	0.000145453314707	0.0045645930355
7.43109131928e-07	0.459468168786	1.66593056077	0.00014330175682	0.000156814056284	0.00473953474319
8.31842475664e-07	0.459444378542	1.66585568323	0.000154495325143	0.000169061765463	0.00492117844664
9.31167644677e-07	0.459418731857	1.66577496215	0.000166562951573	0.000182265630166	0.00510978056586
1.04234819433e-06	0.45939108407	1.66568794207	0.000179572840121	0.000196500225527	0.00530560729185
1.16679825951e-06	0.459361279282	1.66559413217	0.000193598509156	0.000211845931771	0.00550893495415
1.30610046694e-06	0.459329149486	1.66549300345	0.000208719204237	0.000228389384249	0.00572005040176
1.46202597166e-06	0.459294513637	1.66538398587	0.00022502034282	0.00024622395806	0.00593925139758
1.63655686798e-06	0.45925717664	1.66526646512	0.000242593993257	0.000265450289869	0.00616684702709
1.83191125487e-06	0.459216928277	1.66513977923	0.000261539390695	0.000286176839728	0.00640315812138
2.05057126793e-06	0.459173542036	1.66500321491	0.000281963492679	0.000308520495888	0.00664851769523
2.29531442678e-06	0.459126773868	1.66485600358	0.00030398157745	0.00033260722582	0.00690327140046
2.56924868708e-06	0.459076360835	1.66469731716	0.000327717888176	0.000358572776892	0.00716777799505
2.87585163122e-06	0.459022019667	1.66452626348	0.000353306326553	0.000386563430378	0.00744240982839
3.21901428243e-06	0.458963445208	1.66434188136	0.000380891199502	0.000416736812742	0.0077275533432
3.60309008226e-06	0.458900308746	1.66414313538	0.000410628022901	0.000449262768401	0.00802360959428
4.03294963396e-06	0.458832256218	1.66392891018	0.000442684386638	0.000484324298484	0.00833099478476
4.51404188295e-06	0.458758906281	1.66369800436	0.000477240885493	0.000522118570353	0.00865014081989
5.05246248224e-06	0.458679848248	1.66344912398	0.000514492120749	0.000562858003034	0.00898149587905
5.65503017593e-06	0.458594639862	1.66318087552	0.000554647777712	0.000606771433998	0.00932552500605
6.32937212765e-06	0.458502804917	1.66289175831	0.000597933784693	0.000654105373075	0.00968271071811
7.08401922613e-06	0.458403830704	1.66258015651	0.000644593559392	0.0007051253497	0.0100535536337
7.92851251498e-06	0.458297165268	1.6622443304	0.000694889348991	0.000760117359995	0.0104385731198
8.87352202245e-06	0.458182214476	1.66188240708	0.000749103670703	0.000819389420652	0.0108383079578
9.93097940804e-06	0.458058338875	1.66149237053	0.000807540859926	0.000883273236942	0.0112533170295
1.11142259991e-05	0.457924850325	1.66107205093	0.000870528733632	0.00095212599259	0.011684180022
1.2438177963e-05	0.457781008402	1.66061911323	0.000938420377069	0.00102633226972	0.0121314981522
1.39195105496e-05	0.457626016551	1.66013104499	0.00101159606235	0.00110630610745	0.0125958949102
1.55768635482e-05	0.457459017975	1.65960514324	0.00109046530801	0.00119249320812	0.0130780168219
1.74310707483e-05	0.457279091216	1.65903925624	0.00117546908948	0.00128537333158	0.0135785342303
1.95054140595e-05	0.45708524558	1.65842957873	0.00126708217091	0.00138546276134	0.0140981418697
2.18259088894e-05	0.456876416036	1.65777273576	0.00136581571777	0.00149331705257	0.0146375601066
2.44216205215e-05	0.456651457953	1.65706511809	0.00147221998926	0.00160953392197	0.0151975355742
2.73250165885e-05	0.456409141451	1.65630284668	0.00158688725609	0.00173475634126	0.0157788420159
3.0572359261e-05	0.456148145416	1.65548175352	0.0017104549253	0.00186967584137	0.0163822811466
3.42041413954e-05	0.455867051137	1.65459736136	0.00184360888428	0.00201503603795	0.0170086835279
3.82655713109e-05	0.455564335574	1.6536448621	0.00198708707698	0.00217163638972	0.0176589094532
4.28071113072e-05	0.455238364241	1.65261909397	0.00214168332586	0.00234033620131	0.0183338498415
4.78850755116e-05	0.454887383693	1.6515145174	0.00230825141376	0.00252205888175	0.0190344271372
5.35622931428e-05	0.454509513605	1.65032518948	0.00248770943957	0.00271779647009	0.0197615962133
5.99088438151e-05	0.45410273846	1.64904473716	0.00268104446248	0.00292861443849	0.0205163452742
6.70028720631e-05	0.453664898818	1.64766632894	0.00288931744896	0.00315565678299	0.0212996967546
7.49314888479e-05	0.453193682194	1.64618264531	0.00311366853717	0.00340015141083	0.0221127082098
8.3791768407e-05	0.45268661355	1.64458584776	0.00335532263265	0.00366341583205	0.022956473193
9.3691849418e-05	0.45214104541	1.64286754643	0.0036155953492	0.00394686316146	0.0238321221133
0.000104752150056	0.451554147635	1.6410187666	0.00389589930763	0.00425200843479	0.0247408230688
0.000117106707126	0.450922896885	1.63902991388	0.0041977508045	0.00458047524034	0.025683782647
0.000130904650024	0.450244065822	1.63689073839	0.00452277686099	0.00493400266417	0.0266622466854
0.000146311835969	0.44951421153	1.63459440848	0.00487272266662	0.00531445309659	0.027677500983
0.000163512598812	0.448729665798	1.63212691254	0.00524945852867	0.00572381916581	0.0287308694184
0.000182711700873	0.447886523141	1.62947447153	0.00565498941921	0.00616423107189	0.0298237184942
0.000204136483327	0.446980629103	1.62662386866	0.00609146342214	0.00663796548956	0.0309574571958
0.000228039180879	0.446007569856	1.62356104487	0.00656118047195	0.00714745366137	0.0321335365622
0.000254699453302	0.444962661647	1.62027106153	0.0070666017571	0.00769528990643	0.033353449979
0.000284427135465	0.443840940787	1.61673806424	0.00761035949122	0.00828424026746	0.0346187333444
0.000317565218793	0.442637154345	1.61294582653	0.00819526702906	0.00891725129255	0.0359309650935
0.000354493137849	0.441345750076	1.60888204276	0.00882432910628	0.0095974607372	0.0372917655851
0.000395630037136	0.439960875636	1.60452232211	0.00950075059712	0.0103282017439	0.0387027927323
0.000441438675977	0.438476366266	1.59984685848	0.0102279515598	0.0111130143562	0.0401657505594
0.000492429341491	0.436885744135	1.59483479212	0.0110095762667	0.0119556530117	0.0416823838354
0.000549164086313	0.435182217124	1.58946631996	0.0118495043474	0.0128600944827	0.0432544770741
0.000612261376186	0.433358677085	1.5837256897	0.0127518608281	0.0138305495152	0.0448838511376
0.000682400239645	0.431407718801	1.57758023643	0.0137210240584	0.0148714577342	0.0465723565374
0.000760325719496	0.429321633427	1.57100488227	0.0147616449832	0.0159875007151	0.0483218872006
0.000846853916863	0.427092426216	1.56398164476	0.0158786529077	0.0171836063282	0.0501343696465
0.000942877251915	0.424711837367	1.55648229899	0.0170772593883	0.0184649541117	0.0520117509247
0.00104936918767	0.422171376043	1.54847282383	0.0183629732583	0.0198369596986	0.0539560062935
0.00116739065791	0.419462330496	1.53993628827	0.0197416120399	0.0213052918354	0.055969141031
0.00129809468375	0.416575825877	1.53083800018	0.021219293741	0.022875861455	0.0580531642825
0.00144273123932	0.413502869952	1.52114627771	0.0228024560351	0.0245548007278	0.0602101064233
0.0016026536019	0.41023438628	1.51083892922	0.0244978558584	0.026348478842	0.0624420087317
0.00177932058157	0.40676132066	1.49987819924	0.026312559885	0.0282634520505	0.0647509045337
0.00197430386689	0.403074656636	1.48825092728	0.0282539582394	0.030306491588	0.0671388340228
0.00218928650081	0.399165584571	1.47591583355	0.030329729975	0.032484496863	0.069607800999
0.0024260708357	0.395025501086	1.46285258616	0.0325478677219	0.0348045362334	0.0721598076087
0.00268657405461	0.39064620771	1.44902942864	0.0349166390189	0.037273736352	0.0747968152869
0.00297283165635	0.386019971264	1.4344167836	0.0374445835245	0.0398992878784	0.0775207542728
0.00328699641784	0.381139644995	1.41900045588	0.0401404914371	0.0426884030146	0.0803335143003
0.00363133107817	0.375998861448	1.40276292787	0.0430133510228	0.0456482207488	0.0832369091811
0.00400820305753	0.370592166609	1.38567557051	0.0460723192648	0.0487857498746	0.0862326737376
0.00442005722599	0.364915364508	1.36730057633	0.0493267086915	0.0521075461794	0.0893224805318
0.00486911063556	0.358968453927	1.34369501149	0.0527868938272	0.0556155202864	0.0925088516355
0.00535652823226	0.352761597616	1.31249098746	0.0564730773611	0.0592922967166	0.0958034185265
0.00588642817573	0.346276626592	1.2806191306	0.0604131069648	0.0631498115057	0.0992240135474
0.00646154993193	0.339518729378	1.24817501408	0.0646180823437	0.0671911823773	0.102772861433
0.00708469007918	0.332494810355	1.21524650488	0.0690989144422	0.0714191423391	0.106452049648
0.00775867682463	0.325213600744	1.18194637597	0.0738662740106	0.0758358620325	0.110263540644
0.00848634803187	0.317685732811	1.14848173268	0.078930401948	0.0804429213829	0.114209079457
0.00927046678432	0.309924326599	1.11486877268	0.0843005662897	0.0852408932262	0.118289843106
0.010113864519	0.301943385391	1.08126336503	0.0899857078174	0.0902305644816	0.122507012211
0.0110192253809	0.293759404179	1.04779776467	0.0959937295766	0.0954113014674	0.12686129127
0.0119892268201	0.28539000343	1.01460336759	0.102331377892	0.100782684726	0.13135290041
0.0130263514111	0.276854921869	0.981753374327	0.109004070656	0.106342972834	0.135981525006
0.0141329914491	0.268174884066	0.949422455563	0.116016020981	0.112090206442	0.140746478556
0.0153113803701	0.259371862659	0.91771212877	0.123369399882	0.118022252072	0.145646179066
0.0165634923576	0.25046914953	0.886704094647	0.131064558619	0.124135998163	0.150678374947
0.0178911017706	0.241490583667	0.85649582926	0.139099944391	0.13042814764	0.155840146733
0.0192956277311	0.232461017856	0.827062841253	0.147471758273	0.136894330896	0.161127732914
0.0207781782994	0.223405449662	0.798460862787	0.156174831981	0.14352917546	0.166537142001
0.0223396290375	0.214348483728	0.770813131984	0.16520181612	0.150327618701	0.172063652858
0.023980525091	0.205314591018	0.744250669012	0.174542312441	0.157284854403	0.177701284962
0.0257008922795	0.19632852151	0.718774878758	0.184182458464	0.164395401269	0.183442565508
0.0275003336288	0.18741419997	0.694409810038	0.194106151268	0.171653374227	0.18927928319
0.0293779692152	0.178594723091	0.671196123942	0.204294696652	0.179052476885	0.195202264217
0.0313324516855	0.169892036522	0.649125904205	0.214726495226	0.186586566242	0.201201159577
0.033361672877	0.161327589366	0.62812809743	0.225377613301	0.194247401695	0.207264759025
0.0354631015835	0.152920808271	0.608231227819	0.236222744723	0.202026678961	0.213381517774
0.0376333351563	0.144690626576	0.589301929206	0.247233789536	0.209913958499	0.219538698839
0.039868408562	0.13665398144	0.571307924225	0.258382523269	0.217897261922	0.225723859834
0.0421636542399	0.128826448358	0.554147933463	0.269639191037	0.225963102483	0.231924012213
0.0445136009091	0.121222327663	0.537730556159	0.280973894757	0.234094936108	0.23812636366
0.0469122375616	0.113853998676	0.521981679208	0.29235673299	0.242274841689	0.244318357745
0.0493527321525	0.106732769661	0.506784129924	0.303757767196	0.25048159937	0.250487617215
0.0518278032741	0.0998679863847	0.492086011527	0.315148188196	0.258692239868	0.256622552414
0.0543295655328	0.0932677087572	0.477791380358	0.32649936728	0.266881529993	0.262711801432
0.0568497325762	0.0869383352742	0.463838577988	0.337784080297	0.275022257588	0.268744857976
0.0593797394918	0.0808846377289	0.450184447191	0.348976150965	0.283086059324	0.274711837322
0.061910816215	0.0751098677446	0.436790156723	0.36005037923	0.291043746693	0.280603388701
0.0644340976023	0.0696157739075	0.4236305273	0.370982754926	0.298865663806	0.286410760763
0.0669407972779	0.0644025334563	0.410697282694	0.381750455857	0.306522619759	0.292125747518
0.06942230513	0.0594688438562	0.397994079401	0.392331733929	0.313986446613	0.297740568929
0.0718702959371	0.0548119833815	0.385535681174	0.402705880722	0.321230601454	0.303247792238
0.07427683209	0.0504278803339	0.373344179269	0.412853178715	0.328230772461	0.30864024468
0.0766344404378	0.0463112177033	0.361448440323	0.422754905666	0.334965305583	0.313910956208
0.0789361858068	0.0424555362377	0.349876883776	0.432393323028	0.341415641441	0.319053097315
0.0811757382499	0.038853336268	0.338673369447	0.441751807985	0.347566601962	0.324060000937
0.0833474322744	0.0354961960299	0.327869100532	0.450814579713	0.353406969146	0.328924970103
0.0854461371381	0.0323751143256	0.317472383689	0.459567070437	0.358928353188	0.33364144701
0.0874676149536	0.0294801774802	0.307557571743	0.467996583053	0.36412677931	0.338203357956
0.0894079988137	0.0268014465375	0.298085430012	0.476090675532	0.369000806496	0.342604227546
0.0912644960476	0.0243281095876	0.289133843067	0.483840055377	0.373553247112	0.346838770686
0.0930345008262	0.0220497951147	0.280671364098	0.491235651595	0.377788162507	0.350901324537
0.0947165448197	0.0199554393101	0.272704691696	0.498271433488	0.381714060995	0.354787433341
0.0963096554669	0.018034193854	0.265225991027	0.504943325061	0.385340763525	0.358493314124
0.0978133617939	0.0162754671675	0.258211230402	0.511249549284	0.388678960128	0.362016125571
0.0992278480008	0.0146687990341	0.251641534145	0.517190959778	0.391740649789	0.365354239099
0.10055391906	0.0132039448087	0.245493145972	0.522770793052	0.394538976522	0.36850718496
0.101792962461	0.0118709381271	0.239753796036	0.527994611504	0.397087891092	0.371475701834
0.102946797509	0.0106602502721	0.234379920985	0.532869882997	0.39940150609	0.374261574408
0.104017359325	0.00956307434367	0.228932329919	0.537406414466	0.401491707396	0.37686795461
0.105004104866	0.00857375182063	0.221590072578	0.541623059578	0.403346277942	0.379303393101
0.105911387685	0.00768254874401	0.213598188633	0.545570748601	0.40495016261	0.381595559086
0.106746122348	0.00687848782415	0.205756386718	0.549276387156	0.406324680737	0.383758704302
0.107512447431	0.00615400323051	0.198074129902	0.552751840452	0.407488352503	0.385798430961
0.108214487574	0.00550205460603	0.190551247335	0.556008862112	0.408459206145	0.387720309221
0.108856474263	0.00491597022619	0.183284972143	0.559059164296	0.409255418851	0.389529935429
0.109442479737	0.0043896444673	0.17625303488	0.561912788435	0.409895358423	0.391231967976
0.10997637362	0.0039175161807	0.169427883198	0.564579966462	0.41039556093	0.392831236692
0.110461955203	0.00349441413879	0.162801558236	0.56707114012	0.410771488215	0.394332774296
0.110902887838	0.00311557975945	0.156368988777	0.569396560839	0.411037553188	0.395741587952
0.111302671904	0.00277665502825	0.150124705871	0.571566187031	0.411207090955	0.397062602339
0.111664617764	0.00247367200313	0.144056228569	0.573589646494	0.411292271467	0.398300638916
0.111991874695	0.00220299862003	0.138164195457	0.575476302635	0.411304232893	0.399460456801
0.112287386634	0.00196134815653	0.132432144055	0.577235044611	0.411253068538	0.40054662209
0.112553923752	0.00174572837501	0.126862761569	0.578874499224	0.411147832377	0.401563635
0.112794051732	0.00155344459449	0.12143594155	0.580402772457	0.410996652419	0.40251576557
0.113010174323	0.00138204576425	0.116157608335	0.581827732613	0.410806724237	0.403407224278
0.113204494366	0.00122933837677	0.111013447132	0.583156688441	0.410584438874	0.404241955471
0.113379063219	0.00109333206989	0.105996151107	0.584396648804	0.410335433363	0.405023793133
0.113535756342	0.000972245583061	0.101108054088	0.585554234668	0.41006456585	0.405756399804
0.113676284796	0.000864486071059	0.0963300899979	0.586635599357	0.409776083882	0.406443209358
0.113802235771	0.000768608014176	0.0916584609256	0.58764668239	0.40947362048	0.407087581737
0.113915057114	0.000683316725715	0.0870962190461	0.588593043864	0.40916029062	0.40769269232
0.11401604411	0.000607470564351	0.0826402248042	0.589479818285	0.408838681597	0.408261496126
0.114106386311	0.000540039210316	0.0782844051141	0.59031182612	0.408511018363	0.40879679329
0.114187165244	0.000480100045015	0.0740206749149	0.591093615405	0.408179122351	0.409301250863
0.114259367773	0.000426823666574	0.0698513228393	0.591829503524	0.407844455352	0.409777425435
0.114323882914	0.00037947231405	0.0657833892159	0.592523492373	0.407508196664	0.410227704123
0.114381565045	0.000337350525203	0.0621818033745	0.59317925202	0.407171616378	0.410654289512
0.114433473533	0.000299630078578	0.0593847633446	0.593796530056	0.40684098196	0.411056848815
0.114479815673	0.000266110378293	0.0567121391385	0.594371117258	0.406521798969	0.41143245988
0.11452078322	0.000236605334892	0.0530166573819	0.594905904334	0.406212388508	0.411782839737
0.114557271771	0.0002104316277	0.0494058721534	0.595414849422	0.405903846646	0.412117006683
0.114589859754	0.000187146211112	0.0460326975724	0.595900837914	0.405596551075	0.412436767457
0.114618871633	0.000166493026794	0.0426351999306	0.596364951726	0.40529127505	0.412742755173
0.114644781296	0.00014811429018	0.039487618214	0.596810940367	0.40498692799	0.41303737384
0.114667916605	0.000131760457721	0.0365717039135	0.597239493351	0.404684665679	0.413321020006
0.114688571326	0.000117209181858	0.0338705188472	0.597651276272	0.404385472441	0.413594078143
0.114707006243	0.000104264025717	0.0313439484426	0.598046931329	0.404090168126	0.413856920913
0.114723399076	9.2788919217e-05	0.0288057069037	0.598427378333	0.403798837321	0.414110109661
0.114738034406	8.25751908721e-05	0.0264726527569	0.598795884396	0.403509790882	0.414355777059
0.114751099239	7.34844827182e-05	0.0243282583066	0.599152816146	0.403223702765	0.414594132456
0.114762760875	6.53935551986e-05	0.0223573171016	0.599498529915	0.402941145978	0.414825380109
0.114773160406	5.8198546368e-05	0.0204977287008	0.599833371895	0.402662558036	0.415049719284
0.114782434431	5.17997517501e-05	0.0187747670743	0.600158469555	0.402387567645	0.415267875759
0.114790711625	4.61039655163e-05	0.0171964837101	0.600474432843	0.402116274657	0.415480232249
0.114798098228	4.10342522851e-05	0.0157468493939	0.600781514311	0.401849012545	0.415686933439
0.114804688117	3.65228423103e-05	0.0144141978953	0.601080035208	0.401585977256	0.415888171612
0.114810568485	3.2507147507e-05	0.0131942418213	0.601370342878	0.401327300651	0.416084158208
0.114815815337	2.89327500796e-05	0.0120774649799	0.601652660447	0.401073176879	0.416275022231
0.114820497439	2.57506207261e-05	0.0110603930148	0.601927205283	0.400823765423	0.416460889909
0.114824674982	2.29179518436e-05	0.0101304484196	0.602194057048	0.400579316143	0.416641795134
0.114828401538	2.03967604215e-05	0.0092786488502	0.602453386073	0.400339951625	0.416817833981
0.114831725569	1.81528193584e-05	0.00849843435185	0.602705402563	0.400105726199	0.416989130574
0.114834691013	1.61552195509e-05	0.00778893323105	0.602950311043	0.399876674772	0.417155806219
0.114837336413	1.43769139623e-05	0.00714077515317	0.603188147443	0.399652971219	0.417317868284
0.11483969548	1.27942978058e-05	0.00654653094504	0.603419038354	0.399434672292	0.417475386478
0.114841799074	1.13858471815e-05	0.00600171939425	0.60364318533	0.399221743993	0.417628482488
0.114843674754	1.01323989594e-05	0.00550235969957	0.603860784197	0.399014139935	0.417777275056
0.114845347473	9.01666409179e-06	0.00504666161894	0.604072020182	0.398811809977	0.417921876594
0.114846838742	8.02376035662e-06	0.00462869159908	0.604276986643	0.398614777153	0.418062337392
0.114848168171	7.14017004933e-06	0.00424532778852	0.60447586878	0.398422962186	0.418198771366
0.114849353257	6.35386227834e-06	0.00389370639919	0.604668846402	0.398236279689	0.418331289563
0.114850409616	5.65412957934e-06	0.00357120041479	0.604856094072	0.398054639258	0.418460000213
0.114851351018	5.03155148104e-06	0.00327362868659	0.60503778126	0.397877945563	0.418585008791
0.114852189907	4.47763744013e-06	0.0030000689889	0.605214171489	0.397706002007	0.418706486295
0.114852937598	3.98469308762e-06	0.00274936422646	0.605385467646	0.397538666463	0.418824562828
0.114853603769	3.54614501338e-06	0.00251671155611	0.605551816348	0.397375844252	0.418939330392
0.114854197118	3.15609797839e-06	0.00230208253498	0.605713551653	0.397217247965	0.419051011054
0.114854725952	2.80894744362e-06	0.0021057542558	0.605870926328	0.397062669287	0.419159771661
0.114855197193	2.50002579718e-06	0.00192427525283	0.606024057591	0.396912028028	0.419265686028
0.114855616396	2.22558091293e-06	0.00175309816753	0.606173208678	0.396765090704	0.419368929515
0.114855990068	1.98126079906e-06	0.00159714653909	0.606318957296	0.39662131429	0.419469896136
0.114856323144	1.76375921062e-06	0.00145506637378	0.606461380846	0.396480647712	0.419568634278
0.114856619737	1.57031969494e-06	0.00131943981889	0.606600554984	0.396343037263	0.419665191378
0.114856883272	1.39864776225e-06	0.00119200629613	0.606737206342	0.396207774581	0.419760067259
0.114857118276	1.24574246305e-06	0.00107687970736	0.606871933645	0.396074284981	0.419853674369
0.114857327834	1.10955244014e-06	0.00097287161194	0.607004763899	0.395942557858	0.419946028736
0.114857512473	9.89692361778e-07	0.000827388544807	0.607135723739	0.395812569511	0.420037146209
0.114857670611	8.87143017093e-07	0.000672011190624	0.607273066445	0.395676058543	0.420132772582
0.114857812517	7.95222072969e-07	0.000545815805279	0.607424618674	0.395525252382	0.420238373328
0.114857939871	7.12827976185e-07	0.000443321305719	0.607591847253	0.395358693077	0.42035499585
0.114858054182	6.38973337588e-07	0.000360076115946	0.607776369705	0.395174771059	0.420483799077
0.114858156798	5.72773101005e-07	0.000292464794534	0.60797996958	0.394971709907	0.420626065661
0.114858249237	5.13238516193e-07	0.00024259454414	0.608204613306	0.39474755118	0.420783215601
0.114858335471	4.57808119011e-07	0.000216675243835	0.608447237851	0.394505378727	0.420953155222
0.114858414022	4.07424325182e-07	0.000198499733562	0.608689548451	0.394263479558	0.421123094229
0.114858484057	3.62598507961e-07	0.000181501735272	0.608924955525	0.394028438965	0.42128840187
0.114858546061	3.22994109898e-07	0.000163752816383	0.609154099685	0.393799618975	0.421449510965
0.114858601404	2.87715186048e-07	0.000147739427704	0.609380347186	0.393573660568	0.421608776796
0.114858651102	2.56097593943e-07	0.000135106467273	0.609603734521	0.393350532617	0.421766218057
0.114858695495	2.27910719439e-07	0.000123775167682	0.609821180296	0.393133318337	0.421919652291
0.114858734989	2.02882130743e-07	0.000112523790417	0.610032423898	0.392922280511	0.422068880979
0.11485877008	1.80685038822e-07	0.000101852900984	0.61023928246	0.392715604639	0.422215175376
0.114858801389	1.60916332422e-07	9.21938718466e-05	0.610442817554	0.392512232416	0.42235927745
0.114858829127	1.43432856075e-07	8.22720710395e-05	0.610643082421	0.392312111738	0.422501217519
0.11485885414	1.2769545384e-07	7.50945131915e-05	0.610843116523	0.392112207556	0.42264314607
0.114858876519	1.13639863645e-07	6.87980138928e-05	0.611038235437	0.391917204795	0.422781733811
0.114858896469	1.01131196322e-07	6.30294103343e-05	0.611227781388	0.391727762313	0.422916502091
0.114858914187	9.00411004381e-08	5.72374991062e-05	0.611411913015	0.391543722507	0.423047551996
0.114858929964	8.01815224629e-08	5.18895336572e-05	0.61159244926	0.39136326797	0.423176168757
0.11485894398	7.14363011247e-08	4.59151673371e-05	0.611769792473	0.391185997296	0.423302632156
0.114858956476	6.36515892268e-08	4.15752793064e-05	0.611948349431	0.391007504967	0.423430082805
0.114858967741	5.66449441497e-08	3.80899310386e-05	0.612124061712	0.390831850909	0.42355562238
0.114858977782	5.04094828422e-08	3.48970185107e-05	0.612294750048	0.390661214432	0.423677686112
0.114858986731	4.48603142724e-08	3.19719356323e-05	0.612460556313	0.390495454358	0.423796365853
0.114858994707	3.99219457613e-08	2.92919999505e-05	0.612621618598	0.390334433214	0.423911751365
0.11485900177	3.5554739118e-08	2.64711471715e-05	0.612778072334	0.39017801589	0.424023931086
0.114859008062	3.16701490643e-08	2.38871147517e-05	0.612932263383	0.390023857255	0.424134580896
0.114859013677	2.82078159035e-08	2.16382147635e-05	0.613084468984	0.389871680567	0.424243896061
0.11485901872	2.5102471064e-08	1.9824962561e-05	0.613234128669	0.389722046833	0.424351470156
0.114859023214	2.23389553338e-08	1.81636672734e-05	0.613379501114	0.389576697501	0.424456045713
0.114859027219	1.98796262468e-08	1.66418188723e-05	0.613520708661	0.389435510537	0.424557703688
0.114859030787	1.76910246629e-08	1.52474636638e-05	0.613657868205	0.389298369324	0.424656521565
0.114859033963	1.57454098985e-08	1.38789435546e-05	0.613791095568	0.389165158266	0.424752576488
0.114859036776	1.40237965531e-08	1.25418048408e-05	0.613921367311	0.389034900962	0.424846567246
0.114859039285	1.2490418123e-08	1.13334841694e-05	0.614049768032	0.38890651311	0.424939272759
0.114859041533	1.1118349685e-08	1.03570187851e-05	0.614176324556	0.388779968108	0.425030709669
0.11485904354	9.89423391436e-09	9.48954264306e-06	0.614299604597	0.388656698354	0.425119839436
0.114859045328	8.80487746712e-09	8.69482791832e-06	0.614419345245	0.388536966865	0.425206467116
0.114859046922	7.83544385796e-09	7.96672295135e-06	0.614535646407	0.38842067386	0.42529066014
0.114859048341	6.97273897508e-09	7.29958342443e-06	0.614648605748	0.388307721782	0.425372484628
0.114859049605	6.20500474892e-09	6.68846472564e-06	0.614758319142	0.388198014854	0.4254520057
0.114859050731	5.52179583175e-09	6.1285076391e-06	0.614864877032	0.388091462722	0.425529284819
0.114859051734	4.91424358021e-09	5.59061899518e-06	0.614968369968	0.387987974909	0.425604383792
0.114859052622	4.37652994375e-09	5.05848499965e-06	0.615069340434	0.387887008979	0.42567769289
0.114859053413	3.89765063778e-09	4.57699930923e-06	0.615168724065	0.387787629391	0.425749889005
0.114859054121	3.46990197218e-09	4.17780362922e-06	0.615266545763	0.387689811305	0.425820988414
0.114859054754	3.08782274163e-09	3.82823742288e-06	0.615361955842	0.387594404455	0.425890371279
0.114859055317	2.7478125743e-09	3.50792275864e-06	0.615454615816	0.387501747354	0.425957788576
0.114859055819	2.44523527481e-09	3.21450183549e-06	0.615544604726	0.387411761004	0.426023294863
0.114859056266	2.17597460122e-09	2.9456222558e-06	0.615631996736	0.387324371272	0.426086941348
0.114859056664	1.93635785272e-09	2.69935320205e-06	0.615716866699	0.387239503338	0.426148779915
0.114859057019	1.72312423537e-09	2.47369734798e-06	0.615799283413	0.38715708843	0.42620885821
0.114859057334	1.53337089185e-09	2.2669041313e-06	0.615879316803	0.387077056647	0.426267224859
0.114859057616	1.36451245128e-09	2.07739696695e-06	0.615957035714	0.386999339167	0.426323927854
0.114859057866	1.2142481909e-09	1.90373102842e-06	0.616032507006	0.386923869149	0.426379013885
0.114859058089	1.08061112887e-09	1.73916281386e-06	0.616105795612	0.386850581677	0.426432528373
0.114859058287	9.61947642161e-10	1.58469325926e-06	0.616177191492	0.386779186804	0.42648468128
0.114859058463	8.56314303311e-10	1.44394280988e-06	0.616246943757	0.386709435435	0.426535653083
0.11485905862	7.62280363793e-10	1.31569308139e-06	0.616315090209	0.386641289782	0.426585470068
0.11485905876	6.78572167641e-10	1.19883388582e-06	0.616381667781	0.386574712921	0.426634157956
0.114859058885	6.04038851304e-10	1.09389770744e-06	0.616446712558	0.386509668777	0.426681741915
0.114859058996	5.375109442e-10	1.00266379162e-06	0.616510168374	0.386446213527	0.426728179656
0.114859059095	4.78310021712e-10	9.19038596749e-07	0.616571774572	0.386384607832	0.426773279136
0.114859059184	4.25629173969e-10	8.42387617857e-07	0.61663158502	0.386324797833	0.426817078457
0.114859059262	3.78750349412e-10	7.72129257352e-07	0.616689652018	0.386266731233	0.426859614661
0.114859059332	3.37034570303e-10	7.07730413975e-07	0.616746026346	0.38621035726	0.426900923763
0.114859059394	3.00208807788e-10	6.37892763565e-07	0.616800757308	0.386155626612	0.426941040771
0.114859059449	2.6743638088e-10	5.74346318655e-07	0.616854845868	0.386101538331	0.426980698632
0.114859059498	2.3821827042e-10	5.19689585239e-07	0.616908361314	0.386048023134	0.42701994776
0.114859059542	2.11978141828e-10	4.76431317681e-07	0.616961043972	0.3859953407	0.42705859726
0.114859059581	1.88628056329e-10	4.36794032611e-07	0.61701218095	0.38594420392	0.427096123393
0.114859059616	1.67849360106e-10	4.00468030421e-07	0.617061815184	0.385894569863	0.427132556738
0.114859059647	1.49359508916e-10	3.67162948346e-07	0.617109988973	0.385846396232	0.427167927468
0.114859059675	1.32905188567e-10	3.36680690042e-07	0.61715674526	0.385799640085	0.427202266285
0.1148590597	1.18263323209e-10	3.08733762044e-07	0.617202118164	0.385754267306	0.427235597465
0.114859059722	1.05234471634e-10	2.8310653586e-07	0.617246147836	0.385710237745	0.427267949766
0.114859059741	9.36409434669e-11	2.59606477818e-07	0.617288874019	0.385667511661	0.427299351692
0.114859059759	8.33246219072e-11	2.38057033266e-07	0.617330335278	0.38562605049	0.427329830933
0.114859059774	7.41443907884e-11	2.18334059769e-07	0.617370569041	0.385585816806	0.427359414383
0.114859059788	6.59747698658e-11	2.00267543337e-07	0.61740960466	0.385546781257	0.427388123041
0.1148590598	5.87052978723e-11	1.83695925799e-07	0.617447473095	0.385508912884	0.427415979126
0.114859059811	5.22367973396e-11	1.68495518868e-07	0.617484209227	0.385472176807	0.427443007773
0.114859059821	4.64810176382e-11	1.5455286761e-07	0.617519846895	0.385436539188	0.427469233389
0.114859059829	4.13622890659e-11	1.41277767683e-07	0.61755441893	0.385401967197	0.427494679672
0.114859059837	3.68337780651e-11	1.27934039366e-07	0.617588074865	0.3853683113	0.427519456273
0.114859059844	3.28010608386e-11	1.15850612257e-07	0.617621172263	0.385335213937	0.427543826121
0.11485905985	2.91881040306e-11	1.0624962308e-07	0.617653720387	0.385302665844	0.427567795819
0.114859059856	2.59708667006e-11	9.75228909835e-08	0.617685300938	0.385271085321	0.427591057019
0.11485905986	2.31082394462e-11	8.95129009482e-08	0.617715915346	0.385240470937	0.427613610409
0.114859059865	2.05611375004e-11	8.21607880327e-08	0.617745593158	0.385210793147	0.427635477405
0.114859059869	1.82947838375e-11	7.54125215243e-08	0.617774363013	0.385182023311	0.427656678782
0.114859059872	1.62782344137e-11	6.92185079609e-08	0.61780225268	0.385154133661	0.427677234693
0.114859059875	1.44839557286e-11	6.35332267493e-08	0.617829289077	0.38512709728	0.427697164686
0.114859059878	1.28874489409e-11	5.83148957029e-08	0.617855498298	0.385100888073	0.427716487727
0.11485905988	1.14664414534e-11	5.35649887123e-08	0.617880905642	0.385075480741	0.427735222208
0.114859059882	1.02020057694e-11	4.92069362501e-08	0.61790551631	0.385050870083	0.427753371721
0.114859059884	9.07700046346e-12	4.52034467201e-08	0.617929352611	0.385027033793	0.427770952485
0.114859059886	8.07605076088e-12	4.15256745003e-08	0.6179524389	0.385003947512	0.427787982245
0.114859059887	7.18547719423e-12	3.81471206123e-08	0.61797479877	0.38498158765	0.4278044782
0.114859059889	6.3931086759e-12	3.50434418291e-08	0.61799645507	0.384959931356	0.427820457014
0.11485905989	5.68811618051e-12	3.21922753099e-08	0.618017429933	0.384938956499	0.427835934835
0.114859059891	5.06086476519e-12	2.95730775001e-08	0.618037744794	0.384918641643	0.427850927313
0.114859059892	4.50260634198e-12	2.71898605538e-08	0.618057420415	0.384898966027	0.427865449612
0.114859059893	4.00580464498e-12	2.50059157597e-08	0.618076460128	0.384879926319	0.427879504038
0.114859059893	3.5638175407e-12	2.29973863617e-08	0.618094878595	0.384861507856	0.42789310127
0.114859059894	3.17059716849e-12	2.1150183303e-08	0.618112696081	0.384843690373	0.427906256135
0.114859059895	2.82076293196e-12	1.94513490924e-08	0.618129932192	0.384826454265	0.427918982978
0.114859059895	2.5095278813e-12	1.7888966928e-08	0.618146605892	0.384809780568	0.427931295686
0.114859059896	2.23263321741e-12	1.64520771165e-08	0.618162735529	0.384793650933	0.427943207694
0.114859059896	1.98629002181e-12	1.51306002071e-08	0.618178338851	0.384778047613	0.427954732008
0.114859059897	1.76710198219e-12	1.39252196424e-08	0.618193433029	0.384762953437	0.427965881209
0.114859059897	1.57198426422e-12	1.28251312001e-08	0.618208024028	0.38474836244	0.427976659614
0.114859059897	1.39841057925e-12	1.18119480223e-08	0.61822211738	0.384734269089	0.42798707122
0.114859059897	1.24400216418e-12	1.08788048852e-08	0.618235730055	0.384720656415	0.42799712848
0.114859059898	1.10664289999e-12	1.00193788773e-08	0.618248878445	0.384707508027	0.428006843428
0.114859059898	9.84450313312e-13	9.22784656202e-09	0.618261578381	0.384694808092	0.428016227688
0.114859059898	8.75749779649e-13	8.49884452345e-09	0.618273845156	0.384682541317	0.428025292494
0.114859059898	7.79051574714e-13	7.82743302878e-09	0.618285693543	0.384670692931	0.428034048697
0.114859059898	6.93028324594e-13	7.21015672545e-09	0.618297137808	0.384659248667	0.428042506784
0.114859059898	6.16440262716e-13	6.6519576259e-09	0.618308190022	0.384648196453	0.428050675619
0.114859059899	5.48316038831e-13	6.13697285575e-09	0.618318845833	0.384637540643	0.428058551934
0.114859059899	4.87720314748e-13	5.66185693701e-09	0.618329119456	0.384627267021	0.428066146185
0.114859059899	4.33821114925e-13	5.223523378e-09	0.618339024597	0.38461736188	0.428073468458
0.114859059899	3.85878404255e-13	4.819124625e-09	0.61834857447	0.384607812007	0.428080528477
0.114859059899	3.43233928039e-13	4.44603356577e-09	0.618357781816	0.384598604661	0.428087335622
0.114859059899	3.05302174692e-13	4.10182646486e-09	0.61836665892	0.384589727559	0.428093898936
0.114859059899	2.71562337104e-13	3.78426721976e-09	0.618375217624	0.384581168855	0.428100227141
0.114859059899	2.41578957557e-13	3.47288674618e-09	0.618383469347	0.384572917132	0.428106328648
0.114859059899	2.15013510156e-13	3.17223065464e-09	0.61839146818	0.384564918299	0.428112243425
0.114859059899	1.91369342955e-13	2.89760292383e-09	0.618399262176	0.384557124304	0.428118006982
0.114859059899	1.70197058613e-13	2.67986093036e-09	0.618406856579	0.384549529901	0.428123623179
0.114859059899	1.51361968577e-13	2.4792792626e-09	0.618414159581	0.384542226899	0.428129024098
0.114859059899	1.34611276335e-13	2.2937105404e-09	0.618421179859	0.384535206621	0.428134216133
0.114859059899	1.1971431253e-13	2.12203110559e-09	0.618427928358	0.384528458122	0.428139207353
0.114859059899	1.06465934489e-13	1.96320139946e-09	0.618434415598	0.384521970882	0.428144005519
0.114859059899	9.4683701399e-14	1.81625966854e-09	0.618440651693	0.384515734787	0.42814861809
0.114859059899	8.42053620634e-14	1.68031614154e-09	0.618446646365	0.384509740116	0.428153052238
0.114859059899	7.48866206702e-14	1.554547642e-09	0.618452408958	0.384503977522	0.428157314859
0.114859059899	6.65991498008e-14	1.43819260415e-09	0.618457948458	0.384498438022	0.428161412583
0.114859059899	5.92288233205e-14	1.33054646177e-09	0.6184632735	0.38449311298	0.428165351783
0.114859059899	5.26741448191e-14	1.23095738219e-09	0.618468392387	0.384487994093	0.428169138588
0.114859059899	4.68445191678e-14	1.13921842534e-09	0.618473313098	0.384483073382	0.428172778888
0.114859059899	4.16538603518e-14	1.05661411354e-09	0.618478041629	0.384478344852	0.428176277106
0.114859059899	3.70383557122e-14	9.79999367451e-10	0.618482574926	0.384473811555	0.428179630973
0.114859059899	3.29342753048e-14	9.08939893692e-10	0.618486921051	0.38446946543	0.428182846442
0.114859059899	2.92849507256e-14	8.43032888238e-10	0.61849108773	0.38446529875	0.428185929221
0.114859059899	2.60399926709e-14	7.81904753282e-10	0.618495082374	0.384461304107	0.428188884782
0.1148590599	2.31545951931e-14	7.25208979625e-10	0.618498912083	0.384457474398	0.428191718373
0.1148590599	2.05889170467e-14	6.72624182594e-10	0.618502583669	0.384453802812	0.428194435023
0.1148590599	1.83075315812e-14	6.23852280367e-10	0.618506103658	0.384450282822	0.428197039557
0.1148590599	1.62789375881e-14	5.78616804374e-10	0.618509478311	0.384446908169	0.428199536599
0.1148590599	1.44751243469e-14	5.366613322e-10	0.618512713628	0.384443672853	0.428201930584
0.1148590599	1.28711848647e-14	4.97748034109e-10	0.618515815361	0.384440571119	0.428204225763
0.1148590599	1.14449719707e-14	4.61656324952e-10	0.618518789027	0.384437597454	0.428206426213
0.1148590599	1.017564277e-14	4.29031728921e-10	0.618521639911	0.38443474657	0.428208535841
0.1148590599	9.04687816621e-15	3.98800408348e-10	0.618524367361	0.38443201912	0.428210554159
0.1148590599	8.04332492761e-15	3.70699299987e-10	0.618526976084	0.384429410396	0.428212484647
0.1148590599	7.15109368401e-15	3.44578302161e-10	0.61852947125	0.384426915231	0.428214331127
0.1148590599	6.35783576936e-15	3.20297889727e-10	0.6185318578	0.384424528681	0.428216097252
0.1148590599	5.6525723174e-15	2.97728368841e-10	0.618534140462	0.384422246019	0.428217786519
0.1148590599	5.02554231486e-15	2.76749184231e-10	0.61853632376	0.384420062721	0.428219402271
0.1148590599	4.46806750952e-15	2.57248275279e-10	0.618538412017	0.384417974464	0.428220947707
0.1148590599	3.97243230328e-15	2.39121477472e-10	0.618540409372	0.384415977109	0.428222425885
0.1148590599	3.53177696831e-15	2.22271966033e-10	0.618542319781	0.3844140667	0.428223839733
0.1148590599	3.14000270809e-15	2.06609738745e-10	0.618544147028	0.384412239453	0.428225192049
0.1148590599	2.79168724985e-15	1.92051135219e-10	0.618545894734	0.384410491747	0.42822648551
0.1148590599	2.48200979049e-15	1.78518423101e-10	0.618547566361	0.384408820119	0.428227722678
0.1148590599	2.20668423044e-15	1.65939350486e-10	0.618549165221	0.38440722126	0.428228906
0.1148590599	1.96190006689e-15	1.54246643812e-10	0.61855069448	0.384405692001	0.428230037821
0.1148590599	1.7442694018e-15	1.43377846861e-10	0.618552157168	0.384404229313	0.428231120381
0.1148590599	1.55078014902e-15	1.3327490425e-10	0.618553556183	0.384402830297	0.428232155824
0.1148590599	1.37875434652e-15	1.23883851349e-10	0.618554894297	0.384401492184	0.428233146199
0.1148590599	1.22581109282e-15	1.15154526026e-10	0.618556174161	0.38440021232	0.428234093469
0.1148590599	1.08983359488e-15	1.07040300724e-10	0.61855739831	0.384398988171	0.428234999508
0.1148590599	9.68939871141e-16	9.94978334011e-11	0.61855856917	0.384397817311	0.428235866112
0.1148590599	8.61456704505e-16	9.24868360291e-11	0.61855968906	0.384396697421	0.428236694997
0.1148590599	7.65896484548e-16	8.59698593966e-11	0.6185607602	0.384395626281	0.428237487803
0.1148590599	6.80936618614e-16	7.99120930813e-11	0.618561784711	0.38439460177	0.428238246101
0.1148590599	6.05401226759e-16	7.4281179513e-11	0.618562764623	0.384393621858	0.428238971394
0.1148590599	5.38244867229e-16	6.90470411395e-11	0.618563701878	0.384392684603	0.428239665116
0.1148590599	4.7853806723e-16	6.41817197705e-11	0.618564598332	0.384391788149	0.428240328643
0.1148590599	4.25454458734e-16	5.96592272408e-11	0.618565455762	0.384390930719	0.428240963289
0.1148590599	3.78259339412e-16	5.54554175205e-11	0.618566275867	0.384390110614	0.42824157031
0.1148590599	3.36299504319e-16	5.1547831729e-11	0.61856706027	0.384389326211	0.428242150908
0.1148590599	2.98994217635e-16	4.79155879621e-11	0.618567810527	0.384388575954	0.428242706234
0.1148590599	2.65827157063e-16	4.4539284707e-11	0.618568528124	0.384387858357	0.428243237388
0.1148590599	2.3633927511e-16	4.14008875415e-11	0.618569214481	0.384387172	0.428243745421
0.1148590599	2.10122445694e-16	3.8483632805e-11	0.61856987096	0.384386515521	0.42824423134
0.1148590599	1.86813815526e-16	3.5771938057e-11	0.618570498861	0.38438588762	0.428244696108
0.1148590599	1.66090782074e-16	3.32513188455e-11	0.618571099428	0.384385287053	0.428245140644
0.1148590599	1.4766652862e-16	3.09083113389e-11	0.618571673851	0.38438471263	0.42824556583
0.1148590599	1.31286054597e-16	2.87304004107e-11	0.618572223268	0.384384163213	0.428245972508
0.1148590599	1.16722646277e-16	2.67059527906e-11	0.618572748767	0.384383637714	0.428246361484
0.1148590599	1.03774738957e-16	2.48241549266e-11	0.61857325139	0.384383135091	0.428246733527
0.1148590599	9.22631272205e-17	2.30749552248e-11	0.618573732133	0.384382654348	0.428247089376
0.1148590599	8.2028484654e-17	2.144901036e-11	0.618574191947	0.384382194534	0.428247429734
0.1148590599	7.29291587017e-17	1.99376353684e-11	0.618574631745	0.384381754736	0.428247755277
0.1148590599	6.48392101311e-17	1.85327572579e-11	0.618575052397	0.384381334083	0.428248066648
0.1148590599	5.76466695763e-17	1.72268742974e-11	0.618575454738	0.384380931743	0.428248364466
0.1148590599	5.12519889209e-17	1.60130089715e-11	0.618575839563	0.384380546918	0.428248649319
0.1148590599	4.5566662779e-17	1.48846767532e-11	0.618576207636	0.384380178845	0.428248921773
0.1148590599	4.05120033165e-17	1.38358506928e-11	0.618576559686	0.384379826795	0.428249182366
0.1148590599	3.60180514393e-17	1.28609285192e-11	0.61857689641	0.384379490071	0.428249431615
0.1148590599	3.20226085262e-17	1.19547027154e-11	0.618577218475	0.384379168006	0.428249670015
0.1148590599	2.847037557e-17	1.11123327032e-11	0.61857752652	0.384378859961	0.428249898036
0.1148590599	2.53121878132e-17	1.03293189873e-11	0.618577821155	0.384378565326	0.428250116132
0.1148590599	2.25043342837e-17	9.60147912164e-12	0.618578102964	0.384378283517	0.428250324733
0.1148590599	2.00079528134e-17	8.92492536926e-12	0.618578372505	0.384378013976	0.428250524254
0.1148590599	1.77884921673e-17	8.29604393593e-12	0.618578630312	0.384377756169	0.428250715089
0.1148590599	1.58152338369e-17	7.71147566742e-12	0.618578876895	0.384377509585	0.428250897618
0.1148590599	1.40608668807e-17	7.16809810667e-12	0.618579112745	0.384377273736	0.4282510722
0.1148590599	1.25011099276e-17	6.66300881541e-12	0.618579338327	0.384377048154	0.428251239182
0.1148590599	1.11143751099e-17	6.19350987089e-12	0.618579554089	0.384376832392	0.428251398896
0.1148590599	9.88146927647e-18	5.75709346756e-12	0.618579760458	0.384376626023	0.428251551657
0.1148590599	8.78532830308e-18	5.35142894342e-12	0.618579957844	0.384376428637	0.428251697768
0.1148590599	7.81078106917e-18	4.97434892176e-12	0.618580146636	0.384376239844	0.428251837518
0.1148590599	6.9443393155e-18	4.62383924233e-12	0.61858032721	0.38437605927	0.428251971185
0.1148590599	6.17401101999e-18	4.29802766925e-12	0.618580499924	0.384375886557	0.428252099033
0.1148590599	5.48913442195e-18	3.99517389062e-12	0.618580665118	0.384375721363	0.428252221316
0.1148590599	4.88023045774e-18	3.71366022267e-12	0.618580823121	0.38437556336	0.428252338275
0.1148590599	4.33887156561e-18	3.45198296904e-12	0.618580974245	0.384375412235	0.428252450143
0.1148590599	3.85756504379e-18	3.20874438882e-12	0.618581118791	0.38437526769	0.428252557141
0.1148590599	3.42964934758e-18	2.98264523058e-12	0.618581257044	0.384375129436	0.428252659481
0.1148590599	3.04920189005e-18	2.7724777925e-12	0.618581389279	0.384374997202	0.428252757366
0.1148590599	2.71095707031e-18	2.57711947149e-12	0.618581515757	0.384374870724	0.42825285099
0.1148590599	2.4102333948e-18	2.39552676682e-12	0.618581636729	0.384374749752	0.428252940538
0.1148590599	2.1428686829e-18	2.22672970635e-12	0.618581752435	0.384374634046	0.428253026188
0.1148590599	1.90516246018e-18	2.06982666542e-12	0.618581863104	0.384374523377	0.428253108109
0.1148590599	1.69382474181e-18	1.92397955089e-12	0.618581968955	0.384374417526	0.428253186465
0.1148590599	1.50593049705e-18	1.788409346e-12	0.618582070198	0.384374316283	0.428253261409
0.1148590599	1.33887916316e-18	1.66239193443e-12	0.618582167034	0.384374219447	0.428253333091
0.1148590599	1.19035866157e-18	1.54525413732e-12	0.618582259654	0.384374126827	0.428253401652
0.1148590599	1.05831338642e-18	1.43637026705e-12	0.618582348242	0.384374038239	0.428253467228
0.1148590599	9.40915758012e-19	1.33515872406e-12	0.618582432974	0.384373953507	0.42825352995
0.1148590599	8.36540928133e-19	1.24107889024e-12	0.618582514017	0.384373872464	0.428253589942
0.1148590599	7.43744291257e-19	1.15362824124e-12	0.618582591532	0.384373794949	0.428253647321
0.1148590599	6.61241490429e-19	1.07233966226e-12	0.618582665672	0.384373720809	0.428253702203
0.1148590599	5.87890641056e-19	9.96778953e-13	0.618582736585	0.384373649896	0.428253754696
0.1148590599	5.22676526609e-19	9.2654250835e-13	0.618582804411	0.38437358207	0.428253804904
0.1148590599	4.64696547464e-19	8.61255162584e-13	0.618582869284	0.384373517197	0.428253852926
0.1148590599	4.13148228431e-19	8.00568185417e-13	0.618582931333	0.384373455148	0.428253898857
0.1148590599	3.67318112057e-19	7.44157419274e-13	0.618582990681	0.3843733958	0.428253942789
0.1148590599	3.26571883983e-19	6.91721547815e-13	0.618583047445	0.384373339036	0.428253984808
0.1148590599	2.90345593683e-19	6.42980486468e-13	0.618583101738	0.384373284743	0.428254024999
0.1148590599	2.58137849079e-19	5.97673886366e-13	0.618583153668	0.384373232813	0.428254063439
0.1148590599	2.29502876944e-19	5.55559750029e-13	0.618583203337	0.384373183144	0.428254100206
0.1148590599	2.04044353106e-19	5.16413124175e-13	0.618583250844	0.384373135637	0.428254135373
0.1148590599	1.81409917638e-19	4.80024902247e-13	0.618583296282	0.384373090199	0.428254169009
0.1148590599	1.61286297287e-19	4.4620071778e-13	0.618583339743	0.384373046738	0.42825420118
0.1148590599	1.43394969878e-19	4.14759900025e-13	0.618583381311	0.38437300517	0.428254231951
0.1148590599	1.27488309416e-19	3.85534508901e-13	0.61858342107	0.384372965411	0.428254261383
0.1148590599	1.13346158808e-19	3.58368437954e-13	0.618583459098	0.384372927383	0.428254289533
0.1148590599	1.00772782758e-19	3.33116580513e-13	0.618583495471	0.38437289101	0.428254316457
0.1148590599	8.95941586904e-20	3.09644054616e-13	0.61858353026	0.384372856221	0.42825434221
0.1148590599	7.96555681751e-20	2.87825482537e-13	0.618583563535	0.384372822946	0.428254366841
0.1148590599	7.08194555405e-20	2.6754432109e-13	0.618583595361	0.38437279112	0.428254390401
0.1148590599	6.29635240263e-20	2.48692239112e-13	0.618583625802	0.384372760679	0.428254412934
0.1148590599	5.59790431275e-20	2.31168538823e-13	0.618583654917	0.384372731564	0.428254434487
0.1148590599	4.97693437039e-20	2.14879617947e-13	0.618583682765	0.384372703716	0.428254455101
0.1148590599	4.42484800253e-20	1.99738469741e-13	0.618583709401	0.38437267708	0.428254474818
0.1148590599	3.93400402345e-20	1.85664218253e-13	0.618583734877	0.384372651604	0.428254493677
0.1148590599	3.49760887505e-20	1.72581687736e-13	0.618583759244	0.384372627237	0.428254511715
0.1148590599	3.10962260384e-20	1.60420997066e-13	0.618583782551	0.38437260393	0.428254528967
0.1148590599	2.76467526254e-20	1.49117189845e-13	0.618583804842	0.384372581639	0.428254545469
0.1148590599	2.45799258574e-20	1.38609887167e-13	0.618583826164	0.384372560317	0.428254561252
0.1148590599	2.1853299125e-20	1.28842964627e-13	0.618583846557	0.384372539924	0.428254576348
0.1148590599	1.94291343786e-20	1.19764252537e-13	0.618583866062	0.384372520419	0.428254590786
0.1148590599	1.72738798123e-20	1.11325257258e-13	0.618583884718	0.384372501762	0.428254604597
0.1148590599	1.53577054887e-20	1.0348090218e-13	0.618583902562	0.384372483918	0.428254617806
0.1148590599	1.3654090475e-20	9.61892869409e-14	0.61858391963	0.384372466851	0.42825463044
0.1148590599	1.21394557793e-20	8.94114636205e-14	0.618583935954	0.384372450527	0.428254642524
0.1148590599	1.07928380034e-20	8.3111228701e-14	0.618583951568	0.384372434913	0.428254654082
0.1148590599	9.59559919805e-21	7.72549296865e-14	0.618583966502	0.384372419979	0.428254665137
0.1148590599	8.53116890287e-21	7.18112853497e-14	0.618583980785	0.384372405696	0.42825467571
0.1148590599	7.5848148022e-21	6.67512186446e-14	0.618583994447	0.384372392034	0.428254685823
0.1148590599	6.74343882142e-21	6.20477013922e-14	0.618584007515	0.384372378966	0.428254695496
0.1148590599	5.99539584223e-21	5.76756099102e-14	0.618584020013	0.384372366468	0.428254704748
0.1148590599	5.3303325259e-21	5.36115911022e-14	0.618584031967	0.384372354514	0.428254713597
0.1148590599	4.73904402298e-21	4.9833936818e-14	0.618584043401	0.38437234308	0.428254722061
0.1148590599	4.21334656677e-21	4.63224688439e-14	0.618584054337	0.384372332144	0.428254730157
0.1148590599	3.7459642077e-21	4.30584307921e-14	0.618584064797	0.384372321684	0.4282547379
0.1148590599	3.33042811e-21	4.00243879129e-14	0.618584074802	0.384372311679	0.428254745306
0.1148590599	2.9609870194e-21	3.72041339683e-14	0.618584084371	0.38437230211	0.428254752389
0.1148590599	2.63252766258e-21	3.45826046663e-14	0.618584093524	0.384372292957	0.428254759164
0.1148590599	2.3405039765e-21	3.21457971961e-14	0.618584102278	0.384372284203	0.428254765645
0.1148590599	2.08087418839e-21	2.98806954323e-14	0.618584110651	0.38437227583	0.428254771843
0.1148590599	1.8500448753e-21	2.77752004095e-14	0.618584118659	0.384372267822	0.428254777771
0.1148590599	1.64482122913e-21	2.58180656966e-14	0.618584126319	0.384372260162	0.428254783441
0.1148590599	1.46236283865e-21	2.39988373238e-14	0.618584133646	0.384372252835	0.428254788865
0.1148590599	1.30014437664e-21	2.23077979436e-14	0.618584140653	0.384372245828	0.428254794052
0.1148590599	1.15592064791e-21	2.07359149256e-14	0.618584147356	0.384372239125	0.428254799013
0.1148590599	1.02769551453e-21	1.92747921091e-14	0.618584153766	0.384372232715	0.428254803759
0.1148590599	9.1369426819e-22	1.79166249671e-14	0.618584159898	0.384372226583	0.428254808298
0.1148590599	8.12339067081e-22	1.66541589146e-14	0.618584165763	0.384372220718	0.428254812639
0.1148590599	7.22227098079e-22	1.54806504935e-14	0.618584171372	0.384372215109	0.428254816791
0.1148590599	6.4211116059e-22	1.43898314479e-14	0.618584176737	0.384372209744	0.428254820763
0.1148590599	5.7088240474e-22	1.33758752048e-14	0.618584181869	0.384372204612	0.428254824562
0.1148590599	5.07554984275e-22	1.24333657508e-14	0.618584186777	0.384372199704	0.428254828195
0.1148590599	4.51252411888e-22	1.15572687035e-14	0.618584191471	0.38437219501	0.42825483167
0.1148590599	4.01195428139e-22	1.074290442e-14	0.618584195962	0.384372190519	0.428254834994
0.1148590599	3.56691216065e-22	9.98592300068e-15	0.618584200256	0.384372186225	0.428254838173
0.1148590599	3.17123812202e-22	9.28228105485e-15	0.618584204364	0.384372182117	0.428254841214
0.1148590599	2.81945581303e-22	8.62822010264e-15	0.618584208293	0.384372178188	0.428254844122
0.1148590599	2.50669636757e-22	8.02024649942e-15	0.618584212051	0.38437217443	0.428254846904
0.1148590599	2.22863101801e-22	7.45511277459e-15	0.618584215645	0.384372170836	0.428254849565
0.1148590599	1.98141118263e-22	6.92980028532e-15	0.618584219083	0.384372167398	0.428254852109
0.1148590599	1.76161519907e-22	6.44150309255e-15	0.618584222371	0.38437216411	0.428254854543
0.1148590599	1.56620096658e-22	5.98761297319e-15	0.618584225516	0.384372160965	0.428254856872
