0.0	0.582066439208	2.05072199331	0.0	0.0	0.0
8.59004419798e-18	0.58206643918	2.05072199322	1.04576829556e-11	8.59001758606e-12	1e-06
9.61625092495e-18	0.582066439179	2.05072199322	1.10790411379e-11	9.26125842673e-12	1.03833333333e-06
1.07650530917e-17	0.582066439177	2.05072199321	1.17489498321e-11	9.98490179417e-12	1.07813611111e-06
1.20510965211e-17	0.582066439175	2.0507219932	1.24712025865e-11	1.07650555136e-11	1.11946466203e-06
1.34907766941e-17	0.582066439173	2.0507219932	1.32498893623e-11	1.16062714993e-11	1.16237747408e-06
1.51024477725e-17	0.582066439171	2.05072199319	1.40894196946e-11	1.25131016658e-11	1.20693527725e-06
1.69066565915e-17	0.582066439168	2.05072199318	1.49945476623e-11	1.34907640612e-11	1.25320112954e-06
1.89264046073e-17	0.582066439166	2.05072199318	1.59703988093e-11	1.45449208231e-11	1.30124050618e-06
2.11874411371e-17	0.582066439163	2.05072199317	1.702249917e-11	1.56814561334e-11	1.35112139224e-06
2.37185916319e-17	0.58206643916	2.05072199316	1.81568065614e-11	1.69066982633e-11	1.40291437895e-06
2.6552125165e-17	0.582066439157	2.05072199315	1.93797443212e-11	1.82277526403e-11	1.45669276347e-06
2.97241658241e-17	0.582066439153	2.05072199314	2.06982376816e-11	1.96519467362e-11	1.51253265274e-06
3.32751532484e-17	0.582066439149	2.05072199312	2.21197529858e-11	2.11874962015e-11	1.57051307109e-06
3.72503581852e-17	0.582066439145	2.05072199311	2.36523399676e-11	2.28429497534e-11	1.63071607215e-06
4.17004596362e-17	0.582066439141	2.0507219931	2.53046773362e-11	2.462785531e-11	1.69322685491e-06
4.66821909531e-17	0.582066439136	2.05072199308	2.7086121921e-11	2.65522048785e-11	1.75813388435e-06
5.2259063118e-17	0.582066439131	2.05072199307	2.90067616578e-11	2.86268786445e-11	1.82552901658e-06
5.85021744312e-17	0.582066439126	2.05072199305	3.10774727144e-11	3.08636449721e-11	1.89550762888e-06
6.54911169275e-17	0.58206643912	2.05072199303	3.33099810802e-11	3.32751604037e-11	1.96816875465e-06
7.33149910768e-17	0.582066439114	2.05072199301	3.57169289678e-11	3.58751917049e-11	2.04361522357e-06
8.20735417071e-17	0.582066439107	2.05072199299	3.83119464028e-11	3.86782827973e-11	2.12195380714e-06
9.18784296282e-17	0.5820664391	2.05072199297	4.11097284085e-11	4.17005319147e-11	2.20329536974e-06
1.02854655171e-16	0.582066439092	2.05072199294	4.41261182199e-11	4.49588144471e-11	2.28775502558e-06
1.15142151788e-16	0.582066439083	2.05072199292	4.73781970006e-11	4.8471671119e-11	2.37545230155e-06
1.28897570036e-16	0.582066439074	2.05072199289	5.08843805703e-11	5.22590859448e-11	2.46651130644e-06
1.44296274675e-16	0.582066439064	2.05072199286	5.46645236888e-11	5.63423752066e-11	2.56106090651e-06
1.61534580359e-16	0.582066439053	2.05072199282	5.87400324901e-11	6.07447425657e-11	2.65923490792e-06
1.80832254406e-16	0.582066439042	2.05072199279	6.31339856998e-11	6.54911680399e-11	2.76117224605e-06
2.0243531856e-16	0.582066439029	2.05072199275	6.78712653256e-11	7.06084080043e-11	2.86701718214e-06
2.26619185471e-16	0.582066439016	2.05072199271	7.29786975585e-11	7.61254392798e-11	2.97691950744e-06
2.53692169868e-16	0.582066439001	2.05072199266	7.84852046838e-11	8.20735701556e-11	3.09103475522e-06
2.83999419195e-16	0.582066438985	2.05072199261	8.44219688615e-11	8.84864403893e-11	3.20952442082e-06
3.17927313819e-16	0.582066438969	2.05072199256	9.08226087044e-11	9.54004652962e-11	3.33255619027e-06
3.55908392906e-16	0.58206643895	2.0507219925	9.77233696532e-11	1.02854724727e-10	3.46030417755e-06
3.98426868768e-16	0.582066438931	2.05072199244	1.05163329226e-10	1.10891296133e-10	3.59294917101e-06
4.46024799976e-16	0.58206643891	2.05072199237	1.13184618306e-10	1.19555920705e-10	3.73067888921e-06
4.99309001946e-16	0.582066438887	2.0507219923	1.21832659721e-10	1.28897559276e-10	3.8736882466e-06
5.58958783092e-16	0.582066438862	2.05072199223	1.31156425461e-10	1.38969169486e-10	4.02217962937e-06
6.25734605179e-16	0.582066438836	2.05072199214	1.41208713996e-10	1.49827705775e-10	4.1763631818e-06
7.00487778278e-16	0.582066438807	2.05072199205	1.52046449264e-10	1.61534563477e-10	4.33645710374e-06
7.84171313931e-16	0.582066438777	2.05072199196	1.63731003019e-10	1.74156244951e-10	4.50268795934e-06
8.7785207488e-16	0.582066438743	2.05072199185	1.76328542364e-10	1.87764137536e-10	4.67529099775e-06
9.82724376266e-16	0.582066438708	2.05072199174	1.89910404442e-10	2.02435290712e-10	4.85451048595e-06
1.10012521168e-15	0.582066438669	2.05072199162	2.04553500404e-10	2.18252860181e-10	5.04060005453e-06
1.23155129821e-15	0.582066438628	2.05072199149	2.20340750938e-10	2.35306329921e-10	5.23382305656e-06
1.37867815773e-15	0.582066438583	2.05072199135	2.37361555833e-10	2.53692178311e-10	5.43445294034e-06
1.54338147777e-15	0.582066438534	2.0507219912	2.55712300229e-10	2.73514766316e-10	5.64277363631e-06
1.72776102426e-15	0.582066438482	2.05072199104	2.75496900426e-10	2.94886115439e-10	5.85907995896e-06
1.93416741092e-15	0.582066438426	2.05072199086	2.96827392341e-10	3.17927351011e-10	6.08367802397e-06
2.16523206677e-15	0.582066438366	2.05072199067	3.19824565941e-10	3.42768924238e-10	6.31688568146e-06
2.42390078359e-15	0.5820664383	2.05072199047	3.4461864925e-10	3.69551611398e-10	6.55903296581e-06
2.71347127119e-15	0.58206643823	2.05072199024	3.71350045804e-10	3.98426846912e-10	6.81046256271e-06
3.03763519917e-15	0.582066438154	2.05072199001	4.00170129727e-10	4.29558388675e-10	7.07153029414e-06
3.40052526116e-15	0.582066438072	2.05072198975	4.31242102926e-10	4.63122429081e-10	7.34260562193e-06
3.80676786167e-15	0.582066437984	2.05072198947	4.64741919271e-10	4.9930903831e-10	7.6240721706e-06
4.26154209704e-15	0.582066437889	2.05072198918	5.00859280983e-10	5.38323052511e-10	7.91632827029e-06
4.7706457826e-15	0.582066437787	2.05072198886	5.39798712877e-10	5.80385517087e-10	8.21978752044e-06
5.34056936773e-15	0.582066437676	2.05072198851	5.81780720542e-10	6.25734685897e-10	8.53487937515e-06
5.97857868114e-15	0.582066437557	2.05072198814	6.27043039014e-10	6.74627131481e-10	8.86204975093e-06
6.69280756131e-15	0.582066437428	2.05072198773	6.75841979023e-10	7.27339854482e-10	9.20176165775e-06
7.49236155296e-15	0.58206643729	2.0507219873	7.2845387842e-10	7.84171393871e-10	9.55449585429e-06
8.38743399165e-15	0.582066437141	2.05072198683	7.85176667023e-10	8.45443381255e-10	9.92075152833e-06
9.38943595629e-15	0.58206643698	2.05072198633	8.46331553724e-10	9.11503094394e-10	1.03010470032e-05
1.05111417465e-14	0.582066436806	2.05072198578	9.12264845431e-10	9.82724345378e-10	1.06959204712e-05
1.17668517392e-14	0.582066436619	2.0507219852	9.83349908126e-10	1.05951070027e-09	1.11059307554e-05
1.3172574701e-14	0.582066436417	2.05072198457	1.05998928116e-09	1.14229670037e-09	1.15316581004e-05
1.47462318804e-14	0.582066436199	2.05072198388	1.14261695673e-09	1.23155130386e-09	1.19737049936e-05
1.65078854818e-14	0.582066435965	2.05072198315	1.23170083751e-09	1.3277799953e-09	1.24326970176e-05
1.8479994434e-14	0.582066435712	2.05072198236	1.32774538626e-09	1.43152756111e-09	1.29092837358e-05
2.06877007141e-14	0.582066435439	2.0507219815	1.43129448251e-09	1.5433815313e-09	1.34041396114e-05
2.31591498768e-14	0.582066435146	2.05072198058	1.54293450239e-09	1.66397528812e-09	1.39179649621e-05
2.59258498762e-14	0.582066434829	2.05072197959	1.66329763923e-09	1.79399184075e-09	1.44514869512e-05
2.90230727531e-14	0.582066434487	2.05072197852	1.79306548343e-09	1.93416737807e-09	1.50054606164e-05
3.24903043108e-14	0.582066434119	2.05072197737	1.93297288226e-09	2.08529570953e-09	1.55806699385e-05
3.63717475106e-14	0.582066433721	2.05072197612	2.08381210105e-09	2.24823259503e-09	1.61779289512e-05
4.07168860054e-14	0.582066433293	2.05072197478	2.24643730971e-09	2.42390074091e-09	1.67980828925e-05
4.5581114996e-14	0.582066432832	2.05072197334	2.42176941963e-09	2.61329501799e-09	1.74420094014e-05
5.10264474518e-14	0.582066432334	2.05072197178	2.61080129864e-09	2.81748767966e-09	1.81106197595e-05
5.71223047003e-14	0.582066431797	2.0507219701	2.81460339339e-09	3.03763524522e-09	1.88048601811e-05
6.39464014642e-14	0.582066431219	2.05072196829	3.03432979108e-09	3.27498416202e-09	1.95257131518e-05
7.15857366288e-14	0.582066430595	2.05072196633	3.27122475478e-09	3.53087868806e-09	2.02741988195e-05
8.01377023717e-14	0.582066429923	2.05072196423	3.52662976945e-09	3.80676788641e-09	2.10513764373e-05
8.9711325793e-14	0.582066429198	2.05072196196	3.80199113844e-09	4.10421384081e-09	2.18583458634e-05
1.00428658878e-13	0.582066428416	2.05072195951	4.09886817362e-09	4.42490120363e-09	2.2696249117e-05
1.12426334512e-13	0.582066427574	2.05072195687	4.41894202542e-09	4.77064574456e-09	2.35662719948e-05
1.25857308377e-13	0.582066426665	2.05072195402	4.76402520283e-09	5.14340545285e-09	2.4469645749e-05
1.40892808956e-13	0.582066425686	2.05072195095	5.13607183721e-09	5.54529119546e-09	2.54076488298e-05
1.57724520482e-13	0.582066424629	2.05072194765	5.53718874816e-09	5.97857859642e-09	2.63816086945e-05
1.7656702668e-13	0.582066423491	2.05072194408	5.96964737392e-09	6.44572147055e-09	2.73929036866e-05
1.97660546443e-13	0.582066422263	2.05072194024	6.43589663411e-09	6.94936503509e-09	2.84429649858e-05
2.21273996332e-13	0.58206642094	2.05072193609	6.93857679735e-09	7.49236145285e-09	2.95332786337e-05
2.4770841893e-13	0.582066419513	2.05072193162	7.48053443258e-09	8.07778537529e-09	3.06653876369e-05
2.77300820767e-13	0.582066417975	2.0507219268	8.06483852853e-09	8.7089521502e-09	3.18408941507e-05
3.1042846874e-13	0.582066416316	2.05072192161	8.69479787277e-09	9.3894358073e-09	3.30614617459e-05
3.47513699805e-13	0.582066414528	2.05072191601	9.37397978859e-09	1.01230897084e-08	3.4328817764e-05
3.8902930525e-13	0.5820664126	2.05072190997	1.01062303361e-08	1.09140686407e-08	3.56447557609e-05
4.35504558209e-13	0.582066410522	2.05072190346	1.08956960913e-08	1.17668514657e-08	3.70111380457e-05
4.87531961242e-13	0.582066408281	2.05072189644	1.17468476278e-08	1.2686267431e-08	3.84298983157e-05
5.45774800017e-13	0.582066405865	2.05072188887	1.26645048322e-08	1.3677523038e-08	3.99030443935e-05
6.10975599386e-13	0.58206640326	2.05072188072	1.36538641983e-08	1.47462313517e-08	4.1432661068e-05
6.83965589664e-13	0.582066400452	2.05072187192	1.47205282534e-08	1.58984445301e-08	4.30209130451e-05
7.65675303797e-13	0.582066397424	2.05072186244	1.58705372847e-08	1.71406871312e-08	4.4670048011e-05
8.57146440512e-13	0.58206639416	2.05072185221	1.71104035437e-08	1.8479993749e-08	4.63823998132e-05
9.59545144691e-13	0.58206639064	2.05072184119	1.84471481238e-08	1.99239484271e-08	4.81603917632e-05
1.07417687429e-12	0.582066386846	2.05072182931	1.98883407192e-08	2.14807281789e-08	5.00065400662e-05
1.20250304331e-12	0.582066382755	2.05072181649	2.14421424903e-08	2.31591487286e-08	5.19234573818e-05
1.34615965304e-12	0.582066378345	2.05072180268	2.31173522787e-08	2.49687144721e-08	5.39138565214e-05
1.50697814904e-12	0.58206637359	2.05072178779	2.49234564331e-08	2.69196725436e-08	5.59805542875e-05
1.68700876984e-12	0.582066368463	2.05072177173	2.68706825281e-08	2.90230708814e-08	5.81264754599e-05
1.88854668491e-12	0.582066362936	2.05072175442	2.89700572813e-08	3.12908206214e-08	6.0354656935e-05
2.11416125527e-12	0.582066356977	2.05072173575	3.12334689942e-08	3.37357634882e-08	6.26682520232e-05
2.36672878967e-12	0.582066350552	2.05072171563	3.36737348739e-08	3.63717446255e-08	6.50705349118e-05
2.64946921394e-12	0.582066343625	2.05072169393	3.63046736137e-08	3.92136909776e-08	6.75649052986e-05
2.96598712109e-12	0.582066336157	2.05072167054	3.9141183645e-08	4.22776959997e-08	7.01548932028e-05
3.32031772537e-12	0.582066328106	2.05072164533	4.21993275043e-08	4.55811103624e-08	7.28441639608e-05
3.71697830627e-12	0.582066319425	2.05072161814	4.54964227914e-08	4.9142640651e-08	7.56365234135e-05
4.16102579825e-12	0.582066310066	2.05072158883	4.90511402349e-08	5.29824549473e-08	7.85359232921e-05
4.65812126029e-12	0.582066299976	2.05072155722	5.28836094205e-08	5.71222974044e-08	8.15464668105e-05
5.21460204742e-12	0.582066289098	2.05072152315	5.70155327804e-08	6.15856108152e-08	8.46724144723e-05
5.83756260406e-12	0.582066277369	2.05072148642	6.14703084888e-08	6.63976701721e-08	8.79181901001e-05
6.53494490936e-12	0.582066264725	2.05072144681	6.62731629606e-08	7.15857249969e-08	9.12883870958e-05
7.31563972744e-12	0.582066251092	2.05072140411	7.14512937027e-08	7.71791541063e-08	9.47877749415e-05
8.18959995357e-12	0.582066236393	2.05072135808	7.70340233273e-08	8.3209631811e-08	9.8421305949e-05
9.16796750106e-12	0.582066220547	2.05072130844	8.30529655986e-08	8.97113074393e-08	0.000102194122268
1.02632153466e-11	0.582066203462	2.05072125493	8.95422044544e-08	9.67209985146e-08	0.000106111563164
1.14893065452e-11	0.582066185042	2.05072119724	9.65384870153e-08	1.04278399255e-07	0.000110179172573
1.28618722411e-11	0.582066165183	2.05072113504	1.04081431675e-07	1.12426305504e-07	0.000114402706948
1.43984109455e-11	0.582066143773	2.05072106798	1.12213752449e-07	1.21210857203e-07	0.000118788143405
1.61185116202e-11	0.582066120689	2.05072099568	1.20981500855e-07	1.30681799179e-07	0.000123341688183
1.80441034117e-11	0.582066095802	2.05072091773	1.30434326691e-07	1.40892763256e-07	0.000128069785426
2.01997352203e-11	0.58206606897	2.05072083369	1.40625759188e-07	1.51901571673e-07	0.000132979126299
2.26128886666e-11	0.582066040042	2.05072074308	1.51613510135e-07	1.63770565045e-07	0.000138076658466
2.53143284473e-11	0.582066008853	2.0507206454	1.63459800685e-07	1.76566954523e-07	0.000143369595911
2.83384945449e-11	0.582065975227	2.05072054008	1.76231713701e-07	1.90363203156e-07	0.000148865429157
3.17239412932e-11	0.582065938974	2.05072042653	1.90001573621e-07	2.05237436112e-07	0.00015457193586
3.55138288947e-11	0.582065899888	2.05072030411	2.04847356021e-07	2.21273882438e-07	0.000160497191817
3.97564736569e-11	0.582065857748	2.05072017213	2.20853129166e-07	2.38563352892e-07	0.000166649582397
4.45059639615e-11	0.582065812316	2.05072002983	2.38109530066e-07	2.57203753755e-07	0.000173037814403
4.98228498197e-11	0.582065763334	2.05071987641	2.56714277729e-07	2.77300641159e-07	0.0001796709284
5.57749148047e-11	0.582065710524	2.05071971101	2.76772726517e-07	2.98967818826e-07	0.000186558311501
6.24380402013e-11	0.582065653588	2.05071953268	2.98398462739e-07	3.22327982993e-07	0.000193709710657
6.98971723901e-11	0.582065592204	2.05071934042	3.21713947855e-07	3.47513416514e-07	0.000201135246448
7.82474057988e-11	0.582065526023	2.05071913313	3.46851211943e-07	3.74666738369e-07	0.000208845427405
8.75951952257e-11	0.58206545467	2.05071890965	3.73952601342e-07	4.03941711114e-07	0.000216851164882
9.80597129923e-11	0.582065377743	2.05071866871	4.03171584721e-07	4.35504111735e-07	0.000225163788495
1.09774368224e-10	0.582065294805	2.05071840894	4.34673622118e-07	4.69532669996e-07	0.000233795062158
1.22888507631e-10	0.582065205387	2.05071812887	4.68637101894e-07	5.06220081056e-07	0.000242757200726
1.37569319463e-10	0.582065108981	2.05071782692	5.05254350884e-07	5.45774096364e-07	0.000252062887285
1.54003964926e-10	0.582065005043	2.05071750138	5.44732723477e-07	5.88418700029e-07	0.000261725291095
1.72401964209e-10	0.582064892984	2.0507171504	5.872957758e-07	6.34395377117e-07	0.000271758086231
1.92997867567e-10	0.582064772169	2.050716772	6.33184531631e-07	6.83964481203e-07	0.000282175470928
2.16054245483e-10	0.582064641914	2.05071636403	6.82658847227e-07	7.37406708713e-07	0.000292992187677
2.41865036045e-10	0.582064501481	2.05071592418	7.359988828e-07	7.95024688401e-07	0.000304223544083
2.70759292214e-10	0.582064350076	2.05071544997	7.93506688945e-07	8.57144694603e-07	0.00031588543453
3.03105376731e-10	0.58206418684	2.0507149387	8.55507917038e-07	9.24118495159e-07	0.000327994362668
3.39315658164e-10	0.58206401085	2.05071438748	9.22353663262e-07	9.96325343213e-07	0.000340567464769
3.79851767946e-10	0.582063821109	2.0507137932	9.94422456706e-07	1.07417412487e-06	0.000353622533976
4.25230485417e-10	0.582063616543	2.05071315248	1.07212240282e-06	1.15810567419e-06	0.000367178045479
4.76030325904e-10	0.582063395992	2.05071246169	1.15589349429e-06	1.24859526927e-06	0.000381253182656
5.32898915798e-10	0.582063158209	2.05071171694	1.24621010256e-06	1.3461553244e-06	0.000395867864223
5.96561248672e-10	0.582062901846	2.05071091399	1.34358366389e-06	1.45133829015e-06	0.00041104277241
6.67828927652e-10	0.582062625452	2.0507100483	1.4485655754e-06	1.56473978271e-06	0.000426799382232
7.47610511877e-10	0.582062327463	2.05070911497	1.56175031728e-06	1.68700195599e-06	0.000443159991872
8.3692309893e-10	0.58206200619	2.05070810871	1.68377881901e-06	1.81881713738e-06	0.000460147754231
9.36905290872e-10	0.582061659814	2.05070702383	1.81534208856e-06	1.96093174853e-06	0.000477786709688
1.04883170917e-09	0.582061286374	2.05070585419	1.95718512508e-06	2.11415053132e-06	0.000496101820112
1.17412924354e-09	0.582060883756	2.05070459315	2.11011113736e-06	2.27934110419e-06	0.00051511900418
1.31439524175e-09	0.582060449679	2.05070323358	2.27498609182e-06	2.45743887543e-06	0.000534865174048
1.47141787241e-09	0.582059981685	2.05070176779	2.45274361583e-06	2.64945233874e-06	0.000555368273424
1.64719892003e-09	0.582059477126	2.05070018746	2.64439028406e-06	2.85646878366e-06	0.000576657317103
1.84397930322e-09	0.582058933142	2.05069848366	2.85101131794e-06	3.07966045207e-06	0.000598762432012
2.06426764091e-09	0.582058346655	2.05069664673	3.0737767302e-06	3.32029117438e-06	0.000621714899833
2.31087223106e-09	0.582057714344	2.05069466627	3.31394794966e-06	3.57972352579e-06	0.000645547201256
2.58693684908e-09	0.582057032627	2.05069253107	3.57288496336e-06	3.85942654067e-06	0.000670293061919
2.89598082251e-09	0.582056297645	2.05069022904	3.85205401674e-06	4.16098402931e-06	0.000695987500124
3.24194389249e-09	0.582055505237	2.05068774715	4.15303591537e-06	4.48610354547e-06	0.000722666876362
3.62923643384e-09	0.582054650914	2.05068507133	4.4775349751e-06	4.83662605248e-06	0.000750368944748
4.06279567376e-09	0.582053729841	2.05068218645	4.82738867148e-06	5.21453634671e-06	0.000779132906418
4.5481486255e-09	0.582052736802	2.05067907615	5.20457804285e-06	5.62197429299e-06	0.000808999464971
5.09148253912e-09	0.582051666174	2.05067572285	5.61123890613e-06	6.06124693944e-06	0.000840010884033
5.69972376689e-09	0.582050511895	2.05067210754	6.04967394862e-06	6.5348415767e-06	0.00087221104703
6.38062604843e-09	0.58204926743	2.05066820975	6.52236576433e-06	7.04543981872e-06	0.000905645519239
7.1428693404e-09	0.582047925732	2.05066400743	7.03199090857e-06	7.59593278213e-06	0.000940361612217
7.99617044997e-09	0.582046479206	2.05065947677	7.58143505022e-06	8.18943745172e-06	0.000976408450699
8.95140688159e-09	0.582044919661	2.05065459212	8.17380930748e-06	8.82931432306e-06	0.00101383704205
1.0020755475e-08	0.582043238267	2.05064932583	8.81246785946e-06	9.51918642403e-06	0.00105270034837
1.12178476004e-08	0.582041425505	2.05064364808	9.50102693317e-06	1.02629598201e-05	0.00109305336138
1.2557942888e-08	0.582039471112	2.05063752673	1.02433852733e-05	1.10648457225e-05	0.00113495318011
1.40581237046e-08	0.582037364024	2.05063092711	1.10437462105e-05	1.19293843203e-05	0.00117845909165
1.57375128547e-08	0.582035092311	2.05062381187	1.1906641453e-05	1.2861470475e-05	0.00122363265488
1.7617517278e-08	0.582032643113	2.05061614073	1.28369567359e-05	1.386638142e-05	0.00127053778753
1.97221008479e-08	0.582030002564	2.05060787025	1.38399594732e-05	1.49498066221e-05	0.00131924085638
2.20780897435e-08	0.582027155718	2.05059895362	1.49213285687e-05	1.6117879975e-05	0.00136981077112
2.47155142842e-08	0.582024086457	2.05058934036	1.60871865546e-05	1.73772145033e-05	0.00142231908162
2.76679915794e-08	0.582020777408	2.05057897605	1.73441342385e-05	1.87349397772e-05	0.001476840079
3.09731538626e-08	0.58201720984	2.05056780203	1.86992880553e-05	2.01987422452e-05	0.00153345090053
3.46731279644e-08	0.58201336356	2.05055575504	2.01603203347e-05	2.1776908714e-05	0.00159223163851
3.88150720255e-08	0.582009216797	2.05054276689	2.17355027114e-05	2.34783732208e-05	0.00165326545337
4.34517762788e-08	0.582004746081	2.05052876406	2.34337529228e-05	2.5312767562e-05	0.00171663869099
4.86423355472e-08	0.581999926109	2.05051366732	2.52646852588e-05	2.72904757624e-05	0.00178244100452
5.44529020094e-08	0.581994729601	2.0504973912	2.72386649483e-05	2.94226927928e-05	0.0018507654809
6.09575278112e-08	0.581989127151	2.0504798436	2.9366866788e-05	3.17214878658e-05	0.00192170877208
6.82391082363e-08	0.581983087055	2.05046092522	3.16613383458e-05	3.4199872666e-05	0.00199537123129
7.63904374293e-08	0.581976575133	2.05044052899	3.41350680927e-05	3.68718748987e-05	0.00207185705452
8.5515390092e-08	0.58196955454	2.0504185395	3.68020588493e-05	3.97526175706e-05	0.0021512744273
9.57302441708e-08	0.581961985553	2.05039483234	3.96774069586e-05	4.28584044468e-05	0.00223373567707
1.07165161342e-07	0.58195382535	2.05036927336	4.27773876317e-05	4.62068121669e-05	0.00231935743135
1.19965844099e-07	0.581945027767	2.05034171797	4.61195469461e-05	4.98167895325e-05	0.00240826078191
1.34295390495e-07	0.58193554304	2.05031201029	4.9722801014e-05	5.37087645273e-05	0.00250057145507
1.50336370069e-07	0.58192531752	2.05027998226	5.36075428775e-05	5.79047596664e-05	0.00259641998852
1.68293147322e-07	0.581914293374	2.05024545273	5.77957577315e-05	6.24285163227e-05	0.00269594191478
1.88394482207e-07	0.581902408258	2.05020822642	6.23111471206e-05	6.73056287228e-05	0.00279927795157
2.1089644062e-07	0.581889594968	2.05016809281	6.71792628063e-05	7.25636883651e-05	0.00290657419939
2.36085651781e-07	0.581875781057	2.05012482495	7.24276510551e-05	7.82324396625e-05	0.00301798234643
2.64282953783e-07	0.581860888432	2.05007817822	7.80860081554e-05	8.43439476799e-05	0.00313365988132
2.95847473478e-07	0.581844832912	2.05002788892	8.41863480323e-05	9.09327788992e-05	0.00325377031372
3.31181192355e-07	0.581827523755	2.04997367279	9.07631828985e-05	9.80361960176e-05	0.00337848340322
3.70734056152e-07	0.581808863149	2.04991522342	9.78537179482e-05	0.000105694367861	0.00350797539679
4.15009692834e-07	0.581788745665	2.04985221054	0.000105498061181	0.000113950595575	0.00364242927506
4.64571811167e-07	0.581767057659	2.04978427813	0.000113739449525	0.00012285155635	0.00378203500777
5.20051360687e-07	0.581743676642	2.04971104245	0.000122624492513	0.000132447566019	0.00392698981868
5.82154543413e-07	0.581718470587	2.0496320899	0.000132203434874	0.000142792861985	0.00407749846028
6.51671778283e-07	0.581691297198	2.04954697467	0.000142530439482	0.000153945908028	0.00423377349866
7.29487731258e-07	0.581662003105	2.04945521626	0.000153663892251	0.00016596972267	0.00439603560875
8.16592537282e-07	0.581630423013	2.0493562968	0.000165666730631	0.000178932232894	0.00456451388055
9.1409435519e-07	0.581596378779	2.04924965816	0.00017860679755	0.000192906655146	0.00473944613637
1.0232334132e-06	0.581559678416	2.0491346988	0.000192557222728	0.000207971905704	0.00492107925969
1.14539772119e-06	0.581520115026	2.04901077045	0.000207596833463	0.000224213042632	0.00510966953592
1.28214064647e-06	0.581477465649	2.04887717452	0.000223810597146	0.000241721741716	0.00530548300539
1.43520057304e-06	0.581431490023	2.04873315814	0.000241290097916	0.000260596808949	0.00550879582909
1.60652288974e-06	0.581381929256	2.04857791007	0.000260134050056	0.000280944732311	0.00571989466731
1.79828458159e-06	0.581328504389	2.04841055614	0.000280448850924	0.0003028802758	0.00593907707181
2.01292173026e-06	0.581270914853	2.04823015444	0.000302349176403	0.000326527118876	0.00616665189177
2.25316026554e-06	0.581208836819	2.0480356901	0.00032595862209	0.000352018544696	0.00640293969387
2.52205034894e-06	0.581141921407	2.0478260697	0.00035141039367	0.000379498180773	0.00664827319697
2.82300481482e-06	0.581069792776	2.04760011529	0.000378848050172	0.000409120795937	0.00690299772181
3.1598421435e-06	0.580992046062	2.04735655785	0.000408426304059	0.000441053157728	0.00716747165587
3.53683449539e-06	0.580908245168	2.0470940304	0.0004403118824	0.000475474954675	0.00744206693402
3.95876139562e-06	0.580817920389	2.04681106053	0.000474684453671	0.000512579788159	0.00772716953516
4.43096972642e-06	0.580720565856	2.04650606235	0.000511737625027	0.000552576238928	0.0080231799952
4.95944075885e-06	0.580615636806	2.0461773279	0.000551680015262	0.000595689013612	0.0083305139367
5.55086503888e-06	0.580502546636	2.04582301793	0.000594736408991	0.00064216017698	0.00864960261548
6.21272603446e-06	0.580380663758	2.04544115194	0.000641148997986	0.000692250475991	0.00898089348443
6.95339355236e-06	0.580249308214	2.04502959758	0.000691178716003	0.000746240762123	0.00932485077469
7.78222804624e-06	0.580107748061	2.04458605925	0.000745106673817	0.000804433518802	0.00968195609451
8.70969706213e-06	0.579955195489	2.04410806586	0.000803235701659	0.000867154501192	0.0100527090458
9.74750520499e-06	0.57979080267	2.04359295777	0.000865892006685	0.000934754496001	0.0104376278585
1.09087391622e-05	0.579613657314	2.04303787276	0.000933426953581	0.00100761120939	0.0108372500426
1.22080294872e-05	0.579422777921	2.04243973106	0.00100621897691	0.00108613129147	0.0112521330584
1.36617310293e-05	0.579217108705	2.04179521934	0.00108467563432	0.0011707525064	0.0116828550033
1.52881241011e-05	0.578995514174	2.04110077355	0.00116923581023	0.0012619460573	0.0121300153171
1.71076386912e-05	0.578756773348	2.04035256069	0.00126037208023	0.00136021907591	0.0125942355037
1.91431043175e-05	0.578499573593	2.03954667987	0.00135859324682	0.00146611728998	0.0130761598685
2.14200287379e-05	0.578222504019	2.03867939026	0.00146444704744	0.00158022791421	0.0135764562199
2.39669062007e-05	0.577924048652	2.0377451062	0.00157852304159	0.00170318259667	0.014095816526
2.68155636132e-05	0.577602578839	2.03673871722	0.00170145580547	0.00183566074512	0.0146349580563
3.00015434874e-05	0.577256345446	2.03565473344	0.00183392823149	0.00197839298393	0.0151946239787
3.35645301857e-05	0.576883470521	2.03448725908	0.00197667510061	0.00213216485721	0.0157755841658
3.75488235197e-05	0.576481938472	2.03322996439	0.00213048690172	0.00229782077392	0.0163786360099
4.2003864647e-05	0.576049586752	2.03187605597	0.00229621391215	0.00247626820655	0.0170046052462
4.698481966e-05	0.575584096037	2.03041824544	0.00247477055392	0.00266848215472	0.0176543467801
5.2553226736e-05	0.575082979894	2.02884871639	0.00266714004066	0.00287550988449	0.0183287455173
5.87777132219e-05	0.574543573943	2.02715908967	0.00287437933	0.00309847595374	0.0190287171928
6.57347895514e-05	0.573963024508	2.02534038694	0.00309762439659	0.00333858753299	0.0197552091951
7.35097274315e-05	0.573338276778	2.02338299252	0.00333809584048	0.00359714002987	0.0205092013821
8.21975302942e-05	0.572666062488	2.0212766136	0.00359710484524	0.00387552302382	0.0212917068831
9.19040045646e-05	0.571942887155	2.01901023892	0.00387605949976	0.00417522651581	0.0221037728829
0.000102746940852	0.571165016911	2.01657209583	0.00417647149656	0.00449784749512	0.0229464813807
0.000114857414703	0.570328464979	2.01394960619	0.00449996321834	0.0048450968224	0.0238209499182
0.000128381219477	0.569428977744	2.01113141403	0.00484827522274	0.005218806523	0.024728332269
0.000143480444617	0.56846202053	2.00810364982	0.00522327377142	0.00562093777259	0.0256698181313
0.000160335164808	0.567422764975	2.00484885105	0.0056269593888	0.00605358723169	0.0266466344795
0.000179145358715	0.566306073012	2.00135077829	0.0060614760357	0.00651899625842	0.0276600472243
0.000200132955892	0.565106483817	1.99759215485	0.00652911986381	0.00701955892593	0.0287113606732
0.000223544079955	0.563818200334	1.99355462046	0.00703234874361	0.00755783052082	0.0298019178821
0.000249651487631	0.562435076404	1.98921868621	0.00757379218352	0.00813653619785	0.030933100904
0.000278757217558	0.56095060462	1.98456510955	0.00815626162064	0.00875857984674	0.0321063309195
0.000311195495195	0.559357903958	1.9795763352	0.00878276065016	0.00942705444738	0.0333230673856
0.000347335676675	0.557649716229	1.97422401116	0.00945649499548	0.0101452469581	0.0345848061549
0.000387585697652	0.555818391857	1.96848376793	0.0101808865788	0.0109166496436	0.035893084802
0.000432395575644	0.553855887466	1.96232993354	0.0109595833844	0.0117449677571	0.037249478991
0.00048226120939	0.551753763004	1.95574039256	0.0117964709812	0.0126341279525	0.0386556017543
0.000537728453545	0.549503181693	1.94868797653	0.0126956819932	0.0135882884081	0.040113098998
0.000599397045556	0.547094923828	1.94113774837	0.0136616090258	0.0146118367655	0.0416236510674
0.000667925343212	0.544519385574	1.93305879885	0.0146989187152	0.0157094023169	0.0431889757025
0.000744035024349	0.541766593574	1.92442919708	0.0158125605253	0.0168858630669	0.044810822503
0.000828515333951	0.538826243903	1.91520672133	0.0170077712623	0.0181463396342	0.0464909623708
0.000922228379704	0.535687712981	1.90535792386	0.0182900952575	0.0194962008165	0.048231200642
0.00102611441351	0.5323400888	1.89486230826	0.0196653877005	0.0209410723968	0.05003336596
0.0011411953786	0.528772255564	1.88366764306	0.0211398120692	0.0224868099978	0.0518992941588
0.001268581282	0.524972899165	1.87174902786	0.0227198674515	0.0241395138222	0.0538308528078
0.00140947381215	0.520930608889	1.85906170657	0.0244123719727	0.0259055088335	0.0558299101845
0.00156517108597	0.516633937073	1.8455781853	0.0262244803102	0.0277913309734	0.0578983500991
0.0017370712931	0.512071502269	1.83125291087	0.0281636670029	0.0298037133397	0.0600380476599
0.00192667620775	0.507232079121	1.81605907067	0.0302377403503	0.0319495573525	0.0622508838019
0.00213559270398	0.502104744794	1.7999528118	0.0324548155941	0.0342358980272	0.0645387173663
0.00236553679832	0.496678951615	1.78290966618	0.0348233233622	0.0366699006966	0.0669033990851
0.00261833065845	0.490944746655	1.76489603549	0.0373519731358	0.0392587747975	0.0693467423923
0.00289590309195	0.484892894523	1.7458770683	0.0400497435477	0.0420097463894	0.0718705273635
0.00320028873217	0.478515015663	1.72582720238	0.042925862392	0.0449300263424	0.0744764972089
0.00353362101729	0.47180381743	1.70472412614	0.0459897665464	0.0480267120116	0.0771663410965
0.00389812693505	0.464753265027	1.68255227581	0.0492510619589	0.0513067374286	0.0799416834471
0.00429611654005	0.457358807247	1.65928996674	0.0527194723327	0.054776775703	0.082804069066
0.00472997227195	0.449617559721	1.63491940825	0.0564048059949	0.0584431526871	0.085754969432
0.0052021395583	0.441528444907	1.60945704438	0.060316901965	0.062311809458	0.0887957753502
0.0057151004268	0.433092548333	1.58288761884	0.0644654996209	0.06638811245	0.0919277363769
0.00627136294773	0.424313148624	1.55522577239	0.0688602489406	0.0706768169241	0.095152017295
0.00687343655603	0.415195949141	1.52648546006	0.0735105764152	0.075181953635	0.0984696461181
0.00752380349868	0.405749264277	1.49668783139	0.0784256176893	0.0799066606592	0.101881520022
0.00822489460995	0.395984106697	1.46587907077	0.0836141243119	0.0848531067825	0.105388396776
0.00897905988503	0.385914294751	1.4340832774	0.0890843085857	0.0900224117127	0.10899084758
0.00978853307802	0.375556509574	1.40136455341	0.0948438425279	0.095414428353	0.112689319533
0.0106553600251	0.364930707653	1.36735157306	0.100899636546	0.101027296951	0.116484052548
0.0115781585397	0.354089471214	1.31908072152	0.107259254721	0.106823241497	0.120376254875
0.0125573216383	0.34305243763	1.26500187523	0.113988292007	0.11274829659	0.124403684589
0.0135981148957	0.331814420014	1.21208679185	0.12112088007	0.118814468912	0.128584467353
0.0147021350646	0.320415535822	1.16050930491	0.128659703398	0.125014043185	0.132918023721
0.0158708541146	0.308896280413	1.11046247135	0.136605356997	0.131339480952	0.137403290127
0.0171055804765	0.297297298172	1.06212980662	0.144955954968	0.137783434601	0.142038519304
0.0184074755683	0.285658677755	1.01565122227	0.153706849958	0.144339244931	0.146821137717
0.0197774512717	0.274020061039	0.971097239541	0.162850591465	0.15100020222	0.151747730835
0.0212162156097	0.262419678975	0.928561157534	0.172377160102	0.157760017723	0.156814169207
0.0227243395093	0.250893579331	0.888161174912	0.182273529461	0.164613856145	0.162015341325
0.0243019697112	0.239477013145	0.849841287014	0.192523087014	0.171556420434	0.167344815252
0.0259489804306	0.228202693139	0.813498144524	0.203107103396	0.178582601876	0.172795583612
0.0276648467642	0.217101157422	0.779133497923	0.214005274782	0.185686243639	0.178360306723
0.0294490150452	0.206198955145	0.746789898532	0.225194560739	0.192864109522	0.184030636949
0.0313004666083	0.195520803001	0.716525493359	0.236648535766	0.200112932821	0.189796801544
0.033217589013	0.185089850674	0.688218441406	0.248336898869	0.207429083398	0.195647289093
0.0351985057564	0.174925561347	0.661789423254	0.260227954592	0.214809834152	0.201570027199
0.0372407782136	0.165045107814	0.637149837282	0.272288175486	0.222251521583	0.207552084765
0.039341341048	0.155463517633	0.614187687703	0.284482489636	0.2297491215	0.213579760462
0.0414964710278	0.146193681271	0.592725885035	0.296774888158	0.237295838852	0.219638836421
0.0437019822628	0.137245598968	0.572610712118	0.30912991701	0.244883667406	0.225715277699
0.0459529911073	0.128627446753	0.553713602548	0.321512665936	0.25250170214	0.231795203907
0.0482438776048	0.120345876856	0.535857493964	0.333888673033	0.260135972527	0.237864835569
0.0505685516362	0.11240529922	0.518882383361	0.346225293965	0.267770343351	0.243911165546
0.0529203940685	0.104808421049	0.50268073544	0.358491800941	0.275385860452	0.249922012384
0.0552921841657	0.0975568077399	0.48709962711	0.37065869381	0.28296058093	0.255885687576
0.0576765006045	0.090650025283	0.4720562821	0.382699072215	0.290471159572	0.261791675951
0.0600655138057	0.0840866330231	0.457448909563	0.394587475996	0.297892015329	0.267630062447
0.0624513260697	0.0778636113445	0.443229231486	0.406300667982	0.30519685148	0.273391914083
0.0648259465267	0.071976819432	0.429340618372	0.417816743862	0.312358922868	0.279068822105
0.0671814776052	0.0664208408838	0.41575913034	0.429115619677	0.319351728589	0.284653120499
0.069510202298	0.0611891280728	0.402476124912	0.440178536499	0.326149796387	0.2901376114
0.0718046793671	0.0562740778577	0.38949561443	0.450987929115	0.332729286756	0.295515461546
0.0740578423224	0.0516670889546	0.37683449728	0.46152732274	0.339068628102	0.300780108684
0.0762630516778	0.0473586956722	0.364515394653	0.471781184817	0.345148905499	0.305925143573
0.0784141817578	0.0433386188603	0.352568267789	0.481734924987	0.350954375446	0.310944267023
0.0805056182913	0.0395959612918	0.341020209574	0.491374818597	0.356472467832	0.315831212907
0.0825323184479	0.0361192727115	0.329896235908	0.50068817307	0.361693991594	0.320579802824
0.0844898558946	0.0328966394412	0.319241127984	0.509663450903	0.366613258541	0.325183990539
0.086374438649	0.0299158151913	0.309067521415	0.518289841122	0.371228500809	0.329637625785
0.0881827196995	0.0271645940728	0.299394693452	0.526558084678	0.375539862887	0.333934887258
0.0899122426032	0.0246303020114	0.290231705062	0.534460420034	0.379552166273	0.338070274892
0.0915609172874	0.0223006291932	0.28161386678	0.541990755483	0.383271279294	0.342038736642
0.0931271992609	0.0201634575401	0.27351051612	0.549144151081	0.386705575122	0.3458354443
0.0946104460853	0.0182064521472	0.265914218678	0.555918439009	0.389866553053	0.349456708117
0.0960102920052	0.0164179339183	0.25879489631	0.562313491894	0.392765360248	0.352899673236
0.0973269771372	0.0147864905506	0.252134935164	0.568331770701	0.395414166322	0.356162706495
0.098561297802	0.0133010706354	0.245916541795	0.57397791165	0.397826047554	0.359245259784
0.0997145408457	0.0119510645055	0.240111561119	0.579258594061	0.400014550054	0.362147876851
0.100788449858	0.0107263279185	0.234681396962	0.584182594486	0.401993300779	0.364872298666
0.101784957608	0.00961744064643	0.229222903488	0.588760774659	0.403774274289	0.367421527961
0.10270381658	0.00861810302918	0.221968836829	0.593012285744	0.405347313739	0.369803445121
0.103548233551	0.00771910090827	0.213939200291	0.596987434611	0.406692267962	0.372044044456
0.104325103036	0.00690863745459	0.206061792962	0.600716432021	0.407828870442	0.374158635225
0.105038295651	0.00617889164009	0.198348431825	0.604211781153	0.408774500679	0.376152702137
0.105691655098	0.00552262169978	0.190798043587	0.607485738294	0.409546008958	0.378031668425
0.106289111743	0.00493299891328	0.183503828356	0.610550454673	0.410160278629	0.379800987912
0.106834477671	0.00440376018801	0.176449278526	0.613416404987	0.410634548029	0.381465235264
0.10733134858	0.00392923786019	0.169603897845	0.616094097687	0.410984208201	0.383029092544
0.107783263	0.00350416515393	0.162960374814	0.618594250309	0.41122360201	0.384497466655
0.108193628856	0.00312370798832	0.156512793891	0.62092733554	0.411366053353	0.385875232362
0.108565703095	0.00278344568278	0.150254818246	0.623103507979	0.4114238522	0.387167190891
0.108902566276	0.00247935849873	0.144174943959	0.625132570623	0.411408174717	0.388378049351
0.109207148646	0.00220777221657	0.138272972139	0.627024020847	0.411329229022	0.389512445892
0.109482188083	0.00196536676863	0.132531529977	0.628786868699	0.411196225147	0.390574836664
0.109730264785	0.00174911936196	0.126954678655	0.630429853521	0.411017401752	0.391569620776
0.109953763196	0.00155631475075	0.121520592224	0.631961157197	0.410800122922	0.392500961014
0.11015492232	0.00138448100439	0.116235689748	0.633388731861	0.410550880881	0.393372975786
0.110335791026	0.0012314100065	0.111086736082	0.634719949123	0.410275415328	0.394189518584
0.110498276631	0.00109510007468	0.106064312368	0.635961858606	0.409978768504	0.394954328016
0.110644126624	0.000973757749373	0.101171627861	0.637121137681	0.409665255646	0.395670990385
0.110774932369	0.000865782525892	0.096390761954	0.638203976335	0.409338625748	0.396342861155
0.110892169308	0.000769723260693	0.091715515114	0.639216333068	0.409002059812	0.396973216489
0.110997186173	0.000684278479223	0.0871500416235	0.640163807998	0.408658253823	0.397565168649
0.111091189264	0.000608301214576	0.0826910677442	0.641051557968	0.408309431566	0.398121606393
0.111175284592	0.000540758166056	0.0783325960862	0.641884422175	0.407957475737	0.398645267211
0.111250478812	0.000480723470618	0.0740677664583	0.642666964262	0.40760390436	0.399138758535
0.111317689155	0.000427366082574	0.0698962177569	0.643403502138	0.407249908924	0.399604571944
0.111377744174	0.000379945166429	0.0658262064631	0.644098063402	0.40689641312	0.400045050673
0.111431437423	0.000337764693278	0.0622114242334	0.64475432836	0.4065444412	0.400462348999
0.111479758202	0.000299992067391	0.059412600604	0.645372165847	0.406199880456	0.400856214728
0.111522897756	0.000266427226296	0.0567383396164	0.645947257102	0.405868278304	0.401223717928
0.111561042204	0.000236877449093	0.0530533354927	0.646482499512	0.405547937762	0.401566537754
0.111595008834	0.00021067078579	0.0494396492056	0.646991734141	0.40522974576	0.401893412353
0.111625345005	0.000187356417171	0.046066592213	0.647477990542	0.4049138351	0.402206198331
0.111652352072	0.000166678252047	0.0426662937212	0.647942324698	0.404600915595	0.402505496281
0.111676471464	0.000148277656337	0.0395161696528	0.648388519083	0.404289741973	0.40279367637
0.111698008347	0.00013190466716	0.0365979434617	0.648817264633	0.403981382833	0.403071126103
0.111717236156	0.000117336579232	0.0338946525422	0.649229228188	0.403676744497	0.403338221218
0.111734397831	0.000104376498406	0.0313684331027	0.649625053037	0.403376578779	0.403595325941
0.111749658359	9.28884616202e-05	0.0288280847705	0.65000563187	0.403080948232	0.403842970719
0.111763282864	8.26633394215e-05	0.026493116803	0.650374262989	0.402788060172	0.404083260441
0.111775445416	7.3562581429e-05	0.0243469818474	0.650731313592	0.402498539433	0.404316399677
0.111786301745	6.54627816389e-05	0.0223744561115	0.651077140515	0.402212915142	0.404542588043
0.111795983423	5.82597615302e-05	0.0205139789329	0.651412090398	0.4019315891	0.404762020287
0.111804617095	5.185406608e-05	0.0187896048377	0.651737281016	0.401654161572	0.404975399384
0.111812322809	4.61521729866e-05	0.0172100363221	0.652053333411	0.401380689635	0.405183106538
0.111819199466	4.10770479484e-05	0.015759316456	0.652360500411	0.401111479128	0.405385283158
0.111825334439	3.65608491232e-05	0.0144255847742	0.652659101841	0.400846703167	0.405582116104
0.111830808901	3.25409094058e-05	0.0132046446125	0.652949487029	0.400586469253	0.405773813244
0.111835693603	2.89627475749e-05	0.0120869707783	0.653231879292	0.400330951827	0.405960500677
0.111840052538	2.57772927398e-05	0.0110690254402	0.653506496169	0.400080292463	0.406142301793
0.111843941779	2.29416576185e-05	0.0101383443128	0.653773419022	0.399834724133	0.406319250726
0.111847411174	2.04178330343e-05	0.00928587216002	0.654032816684	0.399594357093	0.406491440307
0.111850505838	1.81715538248e-05	0.00850504327248	0.654284899491	0.399359233165	0.406658991887
0.111853266651	1.61718909694e-05	0.00779492068493	0.654529872083	0.399129375825	0.406822024065
0.111855729537	1.4391738082e-05	0.00714625985669	0.654767772615	0.398904947134	0.406980545439
0.111857925855	1.28074805723e-05	0.00655155559635	0.654998725538	0.398685997281	0.407134622668
0.111859884333	1.13975713183e-05	0.00600632297591	0.655222932501	0.398472484333	0.407284374739
0.111861630626	1.0142827455e-05	0.0055065556488	0.65544058942	0.398264354812	0.407429917759
0.111863187967	9.02593976744e-06	0.00505050820759	0.655651882472	0.398061551319	0.407571362228
0.11186457638	8.03201113636e-06	0.00463221812606	0.655856904171	0.397864092276	0.407708756708
0.11186581412	7.14750955888e-06	0.00424856105616	0.656055839791	0.397671893378	0.407842212594
0.111866917476	6.36039146483e-06	0.0038966709332	0.656248869209	0.39748486475	0.407971838478
0.111867900988	5.65993814304e-06	0.00357391866354	0.656436167055	0.397302911984	0.408097740201
0.111868777477	5.03671560091e-06	0.00327614219815	0.656617902855	0.39712593625	0.408220020909
0.111869558521	4.48223213317e-06	0.00300237199934	0.65679433889	0.396953739006	0.408338846949
0.111870254658	3.98878125632e-06	0.00275147442494	0.656965679478	0.39678617388	0.408454346482
0.111870874906	3.54977671563e-06	0.00251868300091	0.657132071284	0.396623143762	0.408566609483
0.111871427345	3.15932983542e-06	0.00230388563573	0.657293845616	0.396464361714	0.408675851231
0.11187191972	2.81182353278e-06	0.00210740341987	0.657451258233	0.396309614399	0.408782236885
0.111872358475	2.50258355432e-06	0.00192585240346	0.657604426389	0.396158819874	0.408885838633
0.111872748779	2.22785773855e-06	0.00175453492606	0.657753607847	0.396011748708	0.408986824237
0.111873096692	1.98328757614e-06	0.00159845542041	0.657899386124	0.395867850458	0.40908558293
0.111873406808	1.76556342112e-06	0.00145625877356	0.658041838639	0.395727072801	0.409182162028
0.111873682974	1.57191406531e-06	0.00132061503593	0.658181041067	0.395589361075	0.40927660792
0.111873928342	1.40006780359e-06	0.00119306798811	0.658317709443	0.395454016469	0.409369402192
0.111874147147	1.24700724744e-06	0.00107783884906	0.658452453513	0.395320452254	0.409460955658
0.11187434226	1.1106789507e-06	0.000973738115434	0.658585300289	0.395188657054	0.40955128399
0.111874514308	9.90603162251e-07	0.000828837000786	0.65871627641	0.39505860775	0.409640402683
0.111874661532	8.87959428225e-07	0.000673187616448	0.658853505437	0.394922171515	0.40973384244
0.111874793645	7.95953886776e-07	0.000546771306054	0.659004932231	0.394771455857	0.409837028574
0.111874912211	7.13483967924e-07	0.000444097383056	0.659172022404	0.394605003622	0.409950984568
0.111875018633	6.39561371499e-07	0.000360706473145	0.659356392145	0.394421206204	0.410076842879
0.111875114169	5.73300225037e-07	0.000292976802324	0.659559823529	0.394218288323	0.410215856868
0.111875200219	5.13717135373e-07	0.000242854998313	0.659784281357	0.393994292738	0.410369414115
0.111875280499	4.58238351515e-07	0.000216828237771	0.660026871603	0.3937521334	0.41053558295
0.111875353632	4.07807259301e-07	0.000198639906635	0.660269238416	0.393510158766	0.410701813626
0.111875418838	3.62938429781e-07	0.000181653114339	0.660504700123	0.393275046402	0.410863514423
0.111875476566	3.23296938956e-07	0.000163889407901	0.660733867703	0.393046187824	0.411021088199
0.111875528091	2.87984969988e-07	0.000147862676228	0.66096013833	0.392820192767	0.411176859513
0.111875574357	2.56341026391e-07	0.000135202931889	0.6611835485	0.392597029821	0.411330846637
0.111875615689	2.28127386268e-07	0.000123863553	0.661401045361	0.392379753629	0.411480934898
0.111875652464	2.03072980342e-07	0.000112614803777	0.661612338604	0.392168656556	0.411626909668
0.111875685135	1.80855027321e-07	0.000101935292802	0.661819224179	0.391961945126	0.411769999502
0.111875714285	1.61067739846e-07	9.2268458726e-05	0.662022785857	0.391758538702	0.411910945331
0.111875740114	1.43566108212e-07	8.23479661983e-05	0.662223076886	0.391558385134	0.412049776796
0.111875763398	1.27816912743e-07	7.51481510542e-05	0.66242311212	0.391358473722	0.412188579919
0.111875784234	1.13747967308e-07	6.8847155513e-05	0.662618276955	0.391163419608	0.412324147201
0.11187580281	1.01227412065e-07	6.30744368246e-05	0.662807867543	0.390973927653	0.412455978556
0.111875819307	9.01259819248e-08	5.72831341149e-05	0.662992042542	0.390789840189	0.412584172831
0.111875833997	8.02571175024e-08	5.19309092347e-05	0.66317260482	0.3906093558	0.41270997573
0.11187584705	7.15021365958e-08	4.60013533525e-05	0.66334997361	0.39043205617	0.412833672608
0.111875858673	6.37175774252e-08	4.16076343556e-05	0.663528360485	0.390253730844	0.412958198593
0.111875869163	5.67036746476e-08	3.81195767978e-05	0.663704117919	0.390078028917	0.413081006021
0.111875878513	5.04617543525e-08	3.49241773583e-05	0.663874850128	0.389907346148	0.413200413483
0.111875886846	4.49068362754e-08	3.19968204937e-05	0.664040699045	0.389741541268	0.413316510829
0.111875894273	3.99633504943e-08	2.93148011403e-05	0.664201802771	0.389580476764	0.413429385834
0.111875900851	3.55911266667e-08	2.64951970439e-05	0.664358296771	0.389424017481	0.413539124991
0.11187590671	3.17025638246e-08	2.39088188182e-05	0.664512505379	0.389269839775	0.413647352174
0.111875911938	2.82367665962e-08	2.16548771534e-05	0.664664728316	0.389117644401	0.413754274099
0.111875916635	2.51282370074e-08	1.98402300746e-05	0.664814426159	0.388967971299	0.413859508079
0.111875920819	2.2361886848e-08	1.81776539157e-05	0.664959835676	0.388822583816	0.41396180892
0.111875924548	1.99000349814e-08	1.66546347605e-05	0.665101079263	0.388681359852	0.414061255817
0.111875927871	1.77091880915e-08	1.52592067568e-05	0.665238273821	0.38854418277	0.41415792454
0.111875930828	1.5761537651e-08	1.38913800433e-05	0.665371535201	0.388410936936	0.414251890541
0.111875933448	1.40381619597e-08	1.25530440006e-05	0.665501823528	0.388280662375	0.414343825627
0.111875935785	1.2503213743e-08	1.13436412591e-05	0.665630240596	0.388152257575	0.414434503699
0.111875937877	1.11298804347e-08	1.03650727491e-05	0.665756813236	0.38802569592	0.41452394103
0.111875939747	9.90449592944e-09	9.49692259369e-06	0.665880125121	0.387902393841	0.414611133203
0.111875941412	8.81401047982e-09	8.7015887826e-06	0.665999896705	0.387782630989	0.414695877799
0.111875942896	7.84357189758e-09	7.97291810954e-06	0.666116227943	0.387666307528	0.414778240789
0.111875944217	6.97997260379e-09	7.30526019517e-06	0.6662292165	0.387553325895	0.414858286829
0.111875945395	6.21144249833e-09	6.69366518534e-06	0.666338958275	0.387443590285	0.414936079615
0.111875946443	5.5275251273e-09	6.13327303464e-06	0.666445543759	0.387337010291	0.415011679285
0.111875947377	4.91933145048e-09	5.59561466241e-06	0.6665490635	0.387233495433	0.415085146276
0.111875948204	4.38106136798e-09	5.06300542747e-06	0.666650048201	0.387132515058	0.415156853905
0.111875948941	3.90168646737e-09	4.58108970199e-06	0.666749445845	0.387033121268	0.415227472938
0.1118759496	3.47353535604e-09	4.1810799053e-06	0.666847281338	0.386935289219	0.415297019294
0.111875950189	3.09105623723e-09	3.83123974417e-06	0.666942716409	0.386839857225	0.415364894879
0.111875950714	2.7506902013e-09	3.5106730282e-06	0.667035400661	0.386747175714	0.415430847665
0.111875951181	2.44779617384e-09	3.21702219982e-06	0.667125413176	0.386657165639	0.415494931041
0.111875951597	2.17825362758e-09	2.94793192837e-06	0.667212828114	0.386569752873	0.415557195076
0.111875951968	1.93838612119e-09	2.70146858782e-06	0.667297720346	0.386484862575	0.415617690521
0.111875952298	1.72492924206e-09	2.4756359954e-06	0.667380158731	0.386402425911	0.415676464014
0.111875952592	1.5349772087e-09	2.26868080303e-06	0.667460213169	0.386322373006	0.415733563089
0.111875952854	1.36594194634e-09	2.07902519295e-06	0.667537952522	0.386244635018	0.415789034689
0.111875953087	1.21552032583e-09	1.90522320882e-06	0.667613443666	0.386169145088	0.415842924488
0.111875953295	1.08173758873e-09	1.74061232968e-06	0.667686751552	0.386095838283	0.415895276916
0.111875953479	9.6295044741e-10	1.5860140889e-06	0.667758162303	0.386024428492	0.415946294575
0.111875953643	8.57207026503e-10	1.44514637625e-06	0.667827929098	0.385954662552	0.415996156879
0.11187595379	7.63075087906e-10	1.3167897936e-06	0.667896089746	0.385886502665	0.416044889538
0.11187595392	6.79279649539e-10	1.19983322917e-06	0.667962681189	0.3858199119	0.416092517712
0.111875954036	6.04669308713e-10	1.09474969211e-06	0.66802773952	0.385754854173	0.416139066019
0.11187595414	5.38071986509e-10	1.00344474987e-06	0.668091212099	0.385691382133	0.416184495621
0.111875954232	4.7880929083e-10	9.19754448607e-07	0.668152834574	0.385629760138	0.416228616048
0.111875954314	4.26073470626e-10	8.43043790036e-07	0.668212660826	0.385569934314	0.416271464569
0.111875954387	3.79145725736e-10	7.72730724353e-07	0.668270743168	0.385511852352	0.416313077423
0.111875954453	3.37386412212e-10	7.08281735761e-07	0.668327132395	0.385455463463	0.416353489837
0.11187595451	3.00517309372e-10	6.38487805342e-07	0.668381877822	0.385400718335	0.41639273606
0.111875954561	2.67711213313e-10	5.74882099461e-07	0.668435971488	0.385346624936	0.416431526534
0.111875954607	2.38463861429e-10	5.20088516544e-07	0.668489491985	0.385293104676	0.416469917235
0.111875954648	2.12196687977e-10	4.76797054837e-07	0.668542188483	0.385240408391	0.416507727806
0.111875954685	1.88822549231e-10	4.37129049674e-07	0.668593338896	0.385189258168	0.416544439417
0.111875954717	1.68022433776e-10	4.0077519556e-07	0.668642986209	0.385139611024	0.416580082008
0.111875954746	1.49513522005e-10	3.67444576688e-07	0.668691172693	0.38509142469	0.416614685065
0.111875954772	1.33042259791e-10	3.369384456e-07	0.668737941303	0.385044656214	0.416648278624
0.111875954795	1.18385297166e-10	3.08970128928e-07	0.66878332624	0.384999271396	0.416680886486
0.111875954815	1.0534301102e-10	2.83323288653e-07	0.66882736759	0.384955230151	0.416712536728
0.111875954834	9.37375278838e-11	2.59805243899e-07	0.668870105106	0.38491249273	0.416743257233
0.11187595485	8.34105680173e-11	2.38239305013e-07	0.668911577363	0.384871020557	0.41677307509
0.111875954864	7.42208891269e-11	2.18500701248e-07	0.668951821799	0.384830776196	0.416802016608
0.111875954877	6.60428409269e-11	2.00420399561e-07	0.668990867879	0.384791730182	0.416830102406
0.111875954889	5.876586996e-11	1.83836136993e-07	0.669028746463	0.384753851658	0.416857354139
0.111875954899	5.22906965104e-11	1.68624130963e-07	0.669065492441	0.384717105732	0.416883796397
0.111875954908	4.65289789617e-11	1.54670840036e-07	0.669101139662	0.384681458558	0.416909453058
0.111875954916	4.1404872316e-11	1.41402207161e-07	0.669135720964	0.384646877298	0.416934347303
0.111875954923	3.68716998923e-11	1.28046727767e-07	0.669169381892	0.384613216407	0.416958583502
0.111875954929	3.28348314934e-11	1.1595265921e-07	0.6692024842	0.384580114132	0.416982421828
0.111875954935	2.92185169691e-11	1.06330855857e-07	0.669235037153	0.384547561208	0.41700586874
0.11187595494	2.5997927945e-11	9.75974532819e-08	0.66926662645	0.384515971937	0.41702862554
0.111875954945	2.31323183512e-11	8.958134046e-08	0.669297249338	0.384485349073	0.417050689886
0.111875954949	2.05825627211e-11	8.22236074869e-08	0.669326935369	0.384455663062	0.41707208273
0.111875954952	1.83138478137e-11	7.54701823775e-08	0.669355713194	0.384426885256	0.417092824394
0.111875954955	1.62951973605e-11	6.92714337851e-08	0.669383610586	0.38439898788	0.417112934594
0.111875954958	1.44990491865e-11	6.35818063417e-08	0.669410654472	0.384371944009	0.417132432456
0.111875954961	1.29008789357e-11	5.83594859401e-08	0.669436870954	0.38434572754	0.41715133653
0.111875954963	1.14783997503e-11	5.36055559637e-08	0.669462285337	0.384320313168	0.417169664812
0.111875954965	1.02126455617e-11	4.92442035393e-08	0.669486903023	0.384295695493	0.417187420957
0.111875954967	9.08646712047e-12	4.52376824605e-08	0.669510746119	0.384271852405	0.417204620685
0.111875954968	8.08447362532e-12	4.15571252755e-08	0.669533838992	0.384248759541	0.417221281357
0.11187595497	7.1929713492e-12	3.81760129515e-08	0.669556205238	0.384226393302	0.417237419796
0.111875954971	6.39977651678e-12	3.50699838374e-08	0.669577867714	0.384204730832	0.417253052306
0.111875954972	5.69404881366e-12	3.22166581671e-08	0.669598848559	0.384183749994	0.417268194686
0.111875954973	5.06614325246e-12	2.95954768366e-08	0.669619169214	0.384163429344	0.417282862245
0.111875954974	4.50730732613e-12	2.72101887341e-08	0.669638850446	0.384143748116	0.417297069816
0.111875954975	4.00998699099e-12	2.50246113711e-08	0.669657895795	0.384124702771	0.417310819808
0.111875954975	3.56753846525e-12	2.30145805073e-08	0.669676319715	0.384106278855	0.417324122512
0.111875954976	3.17390757639e-12	2.11659965586e-08	0.669694142476	0.384088456097	0.417336992432
0.111875954977	2.8237081124e-12	1.94658923522e-08	0.66971138369	0.384071214886	0.417349443606
0.111875954977	2.51214812727e-12	1.79023421811e-08	0.669728062327	0.384054536252	0.417361489617
0.111875954978	2.23496437687e-12	1.64643781627e-08	0.669744196739	0.384038401841	0.41737314361
0.111875954978	1.98836398802e-12	1.51419133138e-08	0.669759804682	0.384022793901	0.417384418307
0.111875954978	1.76894757299e-12	1.39354475693e-08	0.669774903329	0.384007695255	0.41739532602
0.111875954979	1.57362608656e-12	1.2834551214e-08	0.669789498845	0.383993099741	0.41740587111
0.111875954979	1.39987113012e-12	1.18206239371e-08	0.66980359656	0.383979002028	0.417416057344
0.111875954979	1.24530145691e-12	1.08867954747e-08	0.66981721345	0.383965385139	0.417425896904
0.111875954979	1.10779873842e-12	1.00267382735e-08	0.66983036591	0.38395223268	0.417435401563
0.11187595498	9.85478535697e-13	9.23462462148e-09	0.669843069778	0.383939528813	0.417444582694
0.11187595498	8.76664475674e-13	8.50508716496e-09	0.669855340352	0.38392725824	0.417453451286
0.11187595498	7.7986527852e-13	7.83318254435e-09	0.669867192407	0.383915406186	0.417462017957
0.11187595498	6.93752404035e-13	7.2153392552e-09	0.669878640215	0.383903958378	0.417470292965
0.11187595498	6.17084327296e-13	6.65673896735e-09	0.669889696029	0.383892902565	0.417478285113
0.11187595498	5.48888930415e-13	6.14138406399e-09	0.669900355311	0.383882243284	0.417485991068
0.11187595498	4.88229898182e-13	5.6659266634e-09	0.66991063228	0.383871966316	0.417493421061
0.11187595498	4.34274385993e-13	5.22727805619e-09	0.669920540647	0.383862057949	0.417500584959
0.11187595498	3.86281585704e-13	4.82258864259e-09	0.66993009363	0.383852504966	0.417507492277
0.111875954981	3.43592554998e-13	4.44922942267e-09	0.669939303976	0.383843294621	0.417514152191
0.111875954981	3.05621170651e-13	4.10477491936e-09	0.669948183971	0.383834414626	0.417520573548
0.111875954981	2.71846081498e-13	3.78698742336e-09	0.669956745462	0.383825853135	0.417526764882
0.111875954981	2.41830033318e-13	3.47569199158e-09	0.669964999873	0.383817598724	0.417532734422
0.111875954981	2.15236977269e-13	3.17479305614e-09	0.669973000556	0.383809598041	0.417538520725
0.111875954981	1.91568237267e-13	2.89994350346e-09	0.669980796355	0.383801802242	0.417544159093
0.111875954981	1.7037595875e-13	2.68172912672e-09	0.669988392515	0.383794206083	0.417549653302
0.111875954981	1.51521071266e-13	2.48100763707e-09	0.6699956981	0.383786900498	0.417554937557
0.111875954981	1.34752772362e-13	2.2953095573e-09	0.670002720861	0.383779877737	0.417560017439
0.111875954981	1.19840150252e-13	2.12351044613e-09	0.670009471747	0.383773126851	0.417564900846
0.111875954981	1.06577846664e-13	1.96457002034e-09	0.670015961282	0.383766637316	0.417569595368
0.111875954981	9.47832290408e-14	1.81752585617e-09	0.670022199583	0.383760399015	0.417574108305
0.111875954981	8.42938756593e-14	1.6814875622e-09	0.670028196375	0.383754402224	0.417578446673
0.111875954981	7.4965339051e-14	1.55563138822e-09	0.670033961007	0.383748637592	0.41758261722
0.111875954981	6.66691569224e-14	1.43919523769e-09	0.670039502466	0.383743096132	0.417586626431
0.111875954981	5.92910831886e-14	1.33147405331e-09	0.670044829392	0.383737769207	0.417590480543
0.111875954981	5.27295147625e-14	1.23181554806e-09	0.670049950089	0.383732648509	0.417594185552
0.111875954981	4.68937832854e-14	1.13998617482e-09	0.670054872541	0.383727726057	0.417597747221
0.111875954981	4.16976658456e-14	1.05732619609e-09	0.670059602856	0.383722995742	0.417601169958
0.111875954981	3.70773074076e-14	9.80659819168e-10	0.670064137865	0.383718460734	0.417604451459
0.111875954981	3.29689110125e-14	9.0955245806e-10	0.67006848563	0.383714112969	0.417607597548
0.111875954981	2.93157486669e-14	8.4360103733e-10	0.670072653882	0.383709944717	0.417610613811
0.111875954981	2.60673780798e-14	7.82431707441e-10	0.670076650033	0.383705948566	0.417613505601
0.111875954981	2.31789461875e-14	7.25697725709e-10	0.670080481188	0.383702117411	0.417616278051
0.111875954981	2.06105698484e-14	6.73077490906e-10	0.670084154159	0.38369844444	0.417618936086
0.111875954981	1.83267851584e-14	6.24272720355e-10	0.670087675478	0.383694923121	0.417621484423
0.111875954981	1.62960577827e-14	5.79006759192e-10	0.670091051405	0.383691547194	0.417623927587
0.111875954981	1.4490347545e-14	5.37023012214e-10	0.670094287942	0.383688310657	0.417626269918
0.111875954981	1.28847212605e-14	4.98083489425e-10	0.670097390846	0.383685207753	0.417628515576
0.111875954981	1.14570084682e-14	4.61967457035e-10	0.670100365634	0.383682232965	0.417630668547
0.111875954981	1.01863652525e-14	4.29312628686e-10	0.670103217595	0.383679381004	0.417632732657
0.111875954981	9.05641124222e-15	3.99061515265e-10	0.670105946132	0.383676652467	0.417634707469
0.111875954981	8.05180053262e-15	3.70942008679e-10	0.670108555896	0.383674042703	0.417636596344
0.111875954981	7.15862911871e-15	3.44803908988e-10	0.670111052056	0.383671546543	0.417638403022
0.111875954981	6.36453532293e-15	3.20507599709e-10	0.670113439557	0.383669159042	0.417640131078
0.111875954981	5.65852871075e-15	2.97923302093e-10	0.67011572313	0.383666875469	0.417641783932
0.111875954981	5.03083798385e-15	2.76930381945e-10	0.670117907298	0.383664691301	0.417643364856
0.111875954981	4.4727757458e-15	2.57416705284e-10	0.670119996388	0.383662602211	0.417644876979
0.111875954981	3.97661826861e-15	2.39278039405e-10	0.670121994539	0.38366060406	0.417646323295
0.111875954981	3.53549859634e-15	2.22417496142e-10	0.67012390571	0.383658692889	0.417647706666
0.111875954981	3.14331150617e-15	2.06745014354e-10	0.670125733686	0.383656864913	0.417649029833
0.111875954981	2.79462901182e-15	1.92176878883e-10	0.670127482089	0.38365511651	0.417650295413
0.111875954981	2.48462523076e-15	1.78635305472e-10	0.670129154383	0.383653444216	0.417651505913
0.111875954981	2.20900954647e-15	1.6604799701e-10	0.67013075388	0.383651844719	0.417652663729
0.111875954981	1.96396744129e-15	1.54347634803e-10	0.670132283749	0.38365031485	0.417653771153
0.111875954981	1.74610744728e-15	1.43471721742e-10	0.67013374702	0.383648851579	0.417654830378
0.111875954981	1.55241430438e-15	1.33362164439e-10	0.670135146593	0.383647452006	0.417655843502
0.111875954981	1.38020722873e-15	1.2396496293e-10	0.67013648524	0.383646113359	0.417656812529
0.111875954981	1.22710281002e-15	1.15229922244e-10	0.670137765614	0.383644832985	0.41765773938
0.111875954981	1.09098202468e-15	1.07110384297e-10	0.670138990252	0.383643608347	0.41765862589
0.111875954981	9.69960908047e-16	9.95629786719e-11	0.670140161578	0.383642437021	0.417659473814
0.111875954981	8.62364479893e-16	9.2547390962e-11	0.670141281915	0.383641316684	0.417660284832
0.111875954981	7.66703562244e-16	8.60261474388e-11	0.670142353482	0.383640245117	0.417661060549
0.111875954981	6.81654168776e-16	7.99644148889e-11	0.670143378401	0.383639220198	0.417661802502
0.111875954981	6.06039180469e-16	7.43298145576e-11	0.670144358704	0.383638239895	0.417662512161
0.111875954981	5.38812053942e-16	6.90922492006e-11	0.670145296333	0.383637302266	0.41766319093
0.111875954981	4.79042336974e-16	6.42237423228e-11	0.670146193145	0.383636405454	0.417663840155
0.111875954981	4.25902790753e-16	5.96982887445e-11	0.670147050917	0.383635547682	0.417664461121
0.111875954981	3.78657938886e-16	5.54917264529e-11	0.670147871348	0.383634727251	0.417665055057
0.111875954981	3.36653887844e-16	5.15815822233e-11	0.670148656065	0.383633942534	0.417665623141
0.111875954981	2.99309289998e-16	4.79469602926e-11	0.670149406621	0.383633191978	0.417666166497
0.111875954981	2.66107278976e-16	4.45684464457e-11	0.670150124503	0.383632474096	0.417666686201
0.111875954981	2.36588323559e-16	4.14279944527e-11	0.670150811135	0.383631787464	0.417667183284
0.111875954981	2.10343867601e-16	3.85088296776e-11	0.670151467876	0.383631130723	0.417667658729
0.111875954981	1.87010675452e-16	3.57953594778e-11	0.670152096027	0.383630502572	0.417668113478
0.111875954981	1.66265804636e-16	3.32730899179e-11	0.670152696833	0.383629901766	0.417668548433
0.111875954981	1.47822136199e-16	3.09285483512e-11	0.670153271485	0.383629327114	0.417668964454
0.111875954981	1.31424400863e-16	2.87492114574e-11	0.670153821121	0.383628777478	0.417669362366
0.111875954981	1.16845645998e-16	2.67234383495e-11	0.67015434683	0.383628251769	0.417669742958
0.111875954981	1.038840945e-16	2.48404083955e-11	0.670154849653	0.383627748946	0.417670106982
0.111875954981	9.2360352112e-17	2.30900634205e-11	0.670155330588	0.383627268011	0.41767045516
0.111875954981	8.21149245275e-17	2.1463053982e-11	0.670155790586	0.383626808013	0.417670788182
0.111875954981	7.30060099223e-17	1.99506894299e-11	0.670156230559	0.38362636804	0.417671106707
0.111875954981	6.49075363532e-17	1.85448914864e-11	0.670156651379	0.38362594722	0.417671411367
0.111875954981	5.77074164739e-17	1.72381534821e-11	0.67015705388	0.383625544719	0.417671702765
0.111875954981	5.13059972474e-17	1.60234933884e-11	0.670157438859	0.383625159741	0.417671981479
0.111875954981	4.5614680034e-17	1.48944224041e-11	0.670157807078	0.383624791521	0.417672248059
0.111875954981	4.0554694081e-17	1.38449096335e-11	0.670158159268	0.383624439331	0.417672503036
0.111875954981	3.60560065732e-17	1.28693491374e-11	0.670158496126	0.383624102473	0.417672746913
0.111875954981	3.20563533462e-17	1.19625299893e-11	0.67015881832	0.383623780279	0.417672980173
0.111875954981	2.85003771204e-17	1.11196084416e-11	0.670159126488	0.383623472111	0.41767320328
0.111875954981	2.53388613297e-17	1.03360820532e-11	0.670159421241	0.383623177358	0.417673416674
0.111875954981	2.25280489406e-17	9.60776563954e-12	0.670159703162	0.383622895437	0.417673620779
0.111875954981	2.0029036833e-17	8.93076891824e-12	0.67015997281	0.383622625789	0.417673816
0.111875954981	1.78072373627e-17	8.30147572899e-12	0.67016023072	0.383622367879	0.417674002722
0.111875954981	1.58318996507e-17	7.7165247182e-12	0.670160477402	0.383622121197	0.417674181315
0.111875954981	1.4075683976e-17	7.17279138443e-12	0.670160713346	0.383621885254	0.417674352135
0.111875954981	1.25142833804e-17	6.66737138906e-12	0.670160939018	0.383621659581	0.417674515518
0.111875954981	1.11260872473e-17	6.19756504292e-12	0.670161154866	0.383621443733	0.417674671789
0.111875954981	9.89188220058e-18	5.76086289383e-12	0.670161361317	0.383621237282	0.417674821257
0.111875954981	8.79458613376e-18	5.35493276349e-12	0.670161558781	0.383621039818	0.417674964218
0.111875954981	7.8190119395e-18	4.97760585108e-12	0.670161747649	0.38362085095	0.417675100956
0.111875954981	6.95165714492e-18	4.62686667762e-12	0.670161928295	0.383620670304	0.417675231742
0.111875954981	6.18051709102e-18	4.3008417814e-12	0.670162101077	0.383620497522	0.417675356834
0.111875954981	5.49491878197e-18	3.99778971107e-12	0.670162266338	0.383620332261	0.417675476481
0.111875954981	4.8853731653e-18	3.7160917237e-12	0.670162424404	0.383620174196	0.417675590919
0.111875954981	4.34344379844e-18	3.45424313839e-12	0.670162575588	0.383620023011	0.417675700376
0.111875954981	3.86163008398e-18	3.21084529908e-12	0.670162720192	0.383619878407	0.417675805068
0.111875954981	3.43326345742e-18	2.98459810367e-12	0.6701628585	0.383619740099	0.417675905202
0.111875954981	3.05241509071e-18	2.7742930596e-12	0.670162990788	0.383619607811	0.417676000977
0.111875954981	2.71381383419e-18	2.57880682877e-12	0.670163117316	0.383619481283	0.417676092583
0.111875954981	2.41277326101e-18	2.39709522724e-12	0.670163238336	0.383619360263	0.417676180201
0.111875954981	2.14512680455e-18	2.22818764776e-12	0.670163354088	0.383619244511	0.417676264005
0.111875954981	1.90717009086e-18	2.07118187536e-12	0.670163464801	0.383619133798	0.41767634416
0.111875954981	1.69560966821e-18	1.92523926817e-12	0.670163570695	0.383619027904	0.417676420827
0.111875954981	1.50751742352e-18	1.78958029864e-12	0.670163671978	0.383618926621	0.417676494155
0.111875954981	1.34029005358e-18	1.66348037783e-12	0.670163768853	0.383618829747	0.417676564292
0.111875954981	1.19161304344e-18	1.54626588536e-12	0.67016386151	0.38361873709	0.417676631375
0.111875954981	1.05942862105e-18	1.43731072393e-12	0.670163950133	0.383618648466	0.417676695538
0.111875954981	9.41907280858e-19	1.3360329132e-12	0.670164034898	0.383618563701	0.417676756908
0.111875954981	8.37422462405e-19	1.24189148107e-12	0.670164115974	0.383618482625	0.417676815607
0.111875954981	7.44528037869e-19	1.15438357419e-12	0.670164193519	0.38361840508	0.41767687175
0.111875954981	6.61938296858e-19	1.07304177192e-12	0.670164267689	0.38361833091	0.417676925449
0.111875954981	5.88510151484e-19	9.97431589647e-13	0.670164338631	0.383618259968	0.41767697681
0.111875954981	5.23227315397e-19	9.27149158021e-13	0.670164406484	0.383618192116	0.417677025935
0.111875954981	4.6518623783e-19	8.61819065676e-13	0.670164471383	0.383618127217	0.417677072922
0.111875954981	4.13583597958e-19	8.01092353996e-13	0.670164533456	0.383618065143	0.417677117864
0.111875954981	3.67705186497e-19	7.44644653165e-13	0.670164592828	0.383618005771	0.417677160848
0.111875954981	3.26916020659e-19	6.92174449561e-13	0.670164649615	0.383617948984	0.417677201962
0.111875954981	2.90651555635e-19	6.43401475227e-13	0.67016470393	0.383617894669	0.417677241286
0.111875954981	2.5840987099e-19	5.98065210834e-13	0.67016475588	0.383617842719	0.417677278898
0.111875954981	2.29744723748e-19	5.55923500347e-13	0.670164805569	0.38361779303	0.417677314873
0.111875954981	2.04259372094e-19	5.16751243422e-13	0.670164853094	0.383617745505	0.417677349281
0.111875954981	1.81601084792e-19	4.80339196474e-13	0.670164898551	0.383617700048	0.417677382192
0.111875954981	1.61456258465e-19	4.46492865778e-13	0.670164942029	0.38361765657	0.41767741367
0.111875954981	1.43546077436e-19	4.1503146229e-13	0.670164983614	0.383617614985	0.417677443778
0.111875954981	1.27622654769e-19	3.85786935974e-13	0.670165023389	0.38361757521	0.417677472575
0.111875954981	1.13465601368e-19	3.58603078164e-13	0.670165061432	0.383617537167	0.417677500118
0.111875954981	1.00878975677e-19	3.33334687182e-13	0.670165097819	0.38361750078	0.417677526463
0.111875954981	8.96885717372e-20	3.09846792753e-13	0.670165132622	0.383617465977	0.41767755166
0.111875954981	7.97395080788e-20	2.88013935061e-13	0.67016516591	0.383617432689	0.417677575761
0.111875954981	7.08940840762e-20	2.67719494612e-13	0.670165197749	0.38361740085	0.417677598812
0.111875954981	6.30298740944e-20	2.48855069316e-13	0.670165228202	0.383617370397	0.41767762086
0.111875954981	5.60380330499e-20	2.31319895461e-13	0.670165257329	0.38361734127	0.417677641948
0.111875954981	4.98217899341e-20	2.15020309484e-13	0.670165285188	0.383617313411	0.417677662118
0.111875954981	4.42951084484e-20	1.99869247677e-13	0.670165311835	0.383617286764	0.41767768141
0.111875954981	3.93814962138e-20	1.85785781133e-13	0.670165337321	0.383617261278	0.417677699862
0.111875954981	3.50129460603e-20	1.72694684869e-13	0.670165361698	0.383617236901	0.417677717511
0.111875954981	3.1128994804e-20	1.6052603204e-13	0.670165385013	0.383617213586	0.417677734392
0.111875954981	2.76758863849e-20	1.492148237e-13	0.670165407314	0.383617191285	0.417677750538
0.111875954981	2.46058278383e-20	1.38700641411e-13	0.670165428644	0.383617169955	0.41767776598
0.111875954981	2.18763278253e-20	1.28927324021e-13	0.670165449045	0.383617149554	0.417677780751
0.111875954981	1.94496085283e-20	1.19842667682e-13	0.670165468558	0.383617130041	0.417677794879
0.111875954981	1.72920827852e-20	1.11398147008e-13	0.670165487222	0.383617111377	0.417677808391
0.111875954981	1.5373889224e-20	1.03548655872e-13	0.670165505073	0.383617093526	0.417677821315
0.111875954981	1.36684789649e-20	9.62522664782e-14	0.670165522147	0.383617076452	0.417677833677
0.111875954981	1.21522481684e-20	8.94700054068e-14	0.670165538478	0.383617060121	0.417677845501
0.111875954981	1.08042113456e-20	8.31656454351e-14	0.670165554098	0.383617044501	0.417677856809
0.111875954981	9.6057109068e-21	7.73055120334e-14	0.670165569038	0.383617029561	0.417677867626
0.111875954981	8.54015892989e-21	7.18583034934e-14	0.670165583327	0.383617015272	0.417677877972
0.111875954981	7.59280757452e-21	6.67949237309e-14	0.670165596995	0.383617001604	0.417677887867
0.111875954981	6.7505449635e-21	6.20883268702e-14	0.670165610067	0.383616988532	0.417677897331
0.111875954981	6.00171370707e-21	5.77133727796e-14	0.670165622571	0.383616976029	0.417677906384
0.111875954981	5.33594955633e-21	5.36466930698e-14	0.67016563453	0.38361696407	0.417677915042
0.111875954981	4.74403796183e-21	4.98665653822e-14	0.670165645968	0.383616952631	0.417677923324
0.111875954981	4.21778653298e-21	4.63527982893e-14	0.670165656908	0.383616941691	0.417677931245
0.111875954981	3.74991165288e-21	4.30866231222e-14	0.670165667373	0.383616931226	0.417677938821
0.111875954981	3.33393766902e-21	4.00505937162e-14	0.670165677381	0.383616921218	0.417677946067
0.111875954981	2.96410726654e-21	3.7228493222e-14	0.670165686954	0.383616911645	0.417677952998
0.111875954981	2.63530178381e-21	3.46052474846e-14	0.670165696111	0.383616902489	0.417677959627
0.111875954981	2.34297036722e-21	3.21668445249e-14	0.670165704868	0.383616893731	0.417677965968
0.111875954981	2.08306698484e-21	2.99002596951e-14	0.670165713245	0.383616885355	0.417677972032
0.111875954981	1.85199442703e-21	2.77933861082e-14	0.670165721256	0.383616877343	0.417677977833
0.111875954981	1.64655451902e-21	2.58349699694e-14	0.670165728919	0.38361686968	0.417677983381
0.111875954981	1.46390385642e-21	2.40145504644e-14	0.670165736249	0.383616862351	0.417677988687
0.111875954981	1.30151445084e-21	2.23224038831e-14	0.670165743259	0.38361685534	0.417677993763
0.111875954981	1.15713874114e-21	2.07494916812e-14	0.670165749964	0.383616848635	0.417677998617
0.111875954981	1.02877848589e-21	1.92874122006e-14	0.670165756377	0.383616842222	0.41767800326
0.111875954981	9.14657106613e-22	1.79283558038e-14	0.670165762511	0.383616836088	0.417678007701
0.111875954981	8.13195098794e-22	1.66650631569e-14	0.670165768378	0.383616830221	0.417678011949
0.111875954981	7.22988171045e-22	1.5490786386e-14	0.67016577399	0.383616824609	0.417678016012
0.111875954981	6.42787808486e-22	1.43992531311e-14	0.670165779357	0.383616819242	0.417678019898
0.111875954981	5.71483992757e-22	1.33846330043e-14	0.670165784491	0.383616814108	0.417678023615
0.111875954981	5.08089838731e-22	1.24415064462e-14	0.670165789401	0.383616809198	0.41767802717
0.111875954981	4.51727935469e-22	1.1564835778e-14	0.670165794097	0.383616804502	0.41767803057
0.111875954981	4.01618202361e-22	1.07499382927e-14	0.670165798589	0.38361680001	0.417678033822
0.111875954981	3.57067092361e-22	9.99246124298e-15	0.670165802886	0.383616795713	0.417678036933
0.111875954981	3.17457992913e-22	9.28835859048e-15	0.670165806995	0.383616791604	0.417678039908
0.111875954981	2.8224269168e-22	8.63386939454e-15	0.670165810925	0.383616787674	0.417678042754
0.111875954981	2.50933788974e-22	8.0254977231e-15	0.670165814685	0.383616783914	0.417678045475
0.111875954981	2.23097951874e-22	7.45999397929e-15	0.670165818281	0.383616780319	0.417678048079
0.111875954981	1.9834991665e-22	6.93433754381e-15	0.67016582172	0.383616776879	0.417678050569
0.111875954981	1.76347156496e-22	6.44572064045e-15	0.670165825009	0.38361677359	0.41767805295
0.111875954981	1.56785140765e-22	5.9915333384e-15	0.670165828155	0.383616770444	0.417678055228
