0.0	0.628934146149	2.1973882055	0.0	0.0	0.0
9.20439819096e-18	0.628934146117	2.1973882054	1.1238525021e-11	9.20441500787e-12	1e-06
1.03039985101e-17	0.628934146115	2.1973882054	1.1906894225e-11	9.92361748321e-12	1.03833333333e-06
1.15349622097e-17	0.628934146113	2.19738820539	1.26274871994e-11	1.06989972436e-11	1.07813611111e-06
1.29129825716e-17	0.628934146111	2.19738820539	1.34043845064e-11	1.15349951811e-11	1.11946466203e-06
1.44556276704e-17	0.628934146109	2.19738820538	1.42419855478e-11	1.24362742325e-11	1.16237747408e-06
1.61825643445e-17	0.628934146106	2.19738820537	1.51450334772e-11	1.34080524459e-11	1.20693527725e-06
1.81158089247e-17	0.628934146103	2.19738820536	1.61186420599e-11	1.44556588919e-11	1.25320112954e-06
2.02800079153e-17	0.6289341461	2.19738820535	1.7168324631e-11	1.55851997971e-11	1.30124050618e-06
2.27027522069e-17	0.628934146097	2.19738820534	1.83000253162e-11	1.68028924105e-11	1.35112139224e-06
2.54149288265e-17	0.628934146094	2.19738820533	1.95201526918e-11	1.81158421594e-11	1.40291437895e-06
2.84511147093e-17	0.62893414609	2.19738820532	2.08356160756e-11	1.95313765157e-11	1.45669276347e-06
3.18500175124e-17	0.628934146086	2.19738820531	2.22538646525e-11	2.10574890853e-11	1.51253265274e-06
3.56549690902e-17	0.628934146082	2.19738820529	2.37829296577e-11	2.27027285854e-11	1.57051307109e-06
3.99144779222e-17	0.628934146077	2.19738820528	2.54314698562e-11	2.44766429341e-11	1.63071607214e-06
4.46828475372e-17	0.628934146072	2.19738820526	2.72088205747e-11	2.63892241385e-11	1.69322685491e-06
5.00208688166e-17	0.628934146067	2.19738820525	2.91250465664e-11	2.84511303397e-11	1.75813388434e-06
5.59965950041e-17	0.628934146061	2.19738820523	3.11909990052e-11	3.06742409241e-11	1.82552901657e-06
6.26862093009e-17	0.628934146055	2.19738820521	3.34183769332e-11	3.30709903895e-11	1.89550762887e-06
7.01749961087e-17	0.628934146048	2.19738820519	3.58197935104e-11	3.56550344792e-11	1.96816875464e-06
7.85584283013e-17	0.62893414604	2.19738820516	3.84088474402e-11	3.84409171147e-11	2.04361522357e-06
8.79433843874e-17	0.628934146033	2.19738820514	4.12001999754e-11	4.14445144852e-11	2.12195380713e-06
9.84495110804e-17	0.628934146024	2.19738820511	4.42096579425e-11	4.46829240255e-11	2.20329536974e-06
1.10210748648e-16	0.628934146015	2.19738820508	4.74542632516e-11	4.81742423707e-11	2.28775502557e-06
1.23377038486e-16	0.628934146005	2.19738820505	5.09523894016e-11	5.1938342513e-11	2.37545230155e-06
1.38116234689e-16	0.628934145994	2.19738820502	5.47238455251e-11	5.59966517568e-11	2.46651130643e-06
1.54616243986e-16	0.628934145983	2.19738820498	5.87899885633e-11	6.0371929674e-11	2.56106090651e-06
1.73087421316e-16	0.62893414597	2.19738820495	6.31738442056e-11	6.50891562828e-11	2.65923490791e-06
1.93765251602e-16	0.628934145957	2.1973882049	6.79002372793e-11	7.01749769356e-11	2.76117224604e-06
2.16913351894e-16	0.628934145943	2.19738820486	7.29959323274e-11	7.56582574311e-11	2.86701718213e-06
2.42826832164e-16	0.628934145927	2.19738820481	7.84897851698e-11	8.15698619694e-11	2.97691950744e-06
2.71836057595e-16	0.62893414591	2.19738820476	8.44129063082e-11	8.79434303081e-11	3.09103475521e-06
3.04310860336e-16	0.628934145892	2.1973882047	9.07988370979e-11	9.48149336731e-11	3.20952442081e-06
3.4066525441e-16	0.628934145873	2.19738820464	9.76837396851e-11	1.02223451915e-10	3.33255619026e-06
3.81362713884e-16	0.628934145852	2.19738820457	1.05106601786e-10	1.10210729419e-10	3.46030417754e-06
4.26922081596e-16	0.628934145829	2.1973882045	1.13109457464e-10	1.18822174308e-10	3.59294917099e-06
4.77924183772e-16	0.628934145805	2.19738820443	1.21737625162e-10	1.28106525371e-10	3.73067888919e-06
5.35019234844e-16	0.628934145779	2.19738820435	1.3103996433e-10	1.38116296159e-10	3.87368824659e-06
5.98935126892e-16	0.62893414575	2.19738820426	1.41069152105e-10	1.48908108044e-10	4.02217962935e-06
6.70486709376e-16	0.62893414572	2.19738820416	1.51881981609e-10	1.60543245339e-10	4.17636318177e-06
7.50586177474e-16	0.628934145687	2.19738820406	1.6353968356e-10	1.73087433245e-10	4.33645710371e-06
8.40254701449e-16	0.628934145651	2.19738820395	1.76108273006e-10	1.86611837059e-10	4.50268795931e-06
9.40635445327e-16	0.628934145613	2.19738820383	1.89658923152e-10	2.01192951148e-10	4.67529099771e-06
1.05300814084e-15	0.628934145572	2.1973882037	2.04268368404e-10	2.16913376103e-10	4.85451048591e-06
1.17880540242e-15	0.628934145527	2.19738820356	2.20019338891e-10	2.33862151811e-10	5.04060005449e-06
1.31963099133e-15	0.628934145479	2.19738820341	2.37001028958e-10	2.52135201542e-10	5.23382305652e-06
1.47728026161e-15	0.628934145427	2.19738820325	2.55309602246e-10	2.71836109104e-10	5.43445294029e-06
1.65376304865e-15	0.628934145372	2.19738820307	2.75048736248e-10	2.93076340888e-10	5.64277363626e-06
1.85132929217e-15	0.628934145311	2.19738820289	2.96330209417e-10	3.15976134047e-10	5.8590799589e-06
2.07249772017e-15	0.628934145247	2.19738820268	3.19274534136e-10	3.40665273652e-10	6.0836780239e-06
2.32008795964e-15	0.628934145177	2.19738820246	3.44011639158e-10	3.67283536782e-10	6.31688568138e-06
2.59725648333e-15	0.628934145101	2.19738820223	3.70681605364e-10	3.95981691724e-10	6.55903296572e-06
2.90753685096e-15	0.62893414502	2.19738820197	3.9943545901e-10	4.26922164105e-10	6.81046256261e-06
3.25488475778e-15	0.628934144932	2.1973882017	4.30436026956e-10	4.60280147118e-10	7.07153029403e-06
3.64372846481e-15	0.628934144838	2.19738820141	4.63858858719e-10	4.96244600721e-10	7.34260562181e-06
4.07902525377e-15	0.628934144736	2.19738820109	4.99893220573e-10	5.35019250838e-10	7.62407217046e-06
4.56632462637e-15	0.628934144626	2.19738820074	5.38743167324e-10	5.76823588561e-10	7.91632827013e-06
5.11183905368e-15	0.628934144508	2.19738820037	5.80628697824e-10	6.21894313437e-10	8.21978752026e-06
5.72252317748e-15	0.62893414438	2.19738819997	6.25787000781e-10	6.7048677676e-10	8.53487937495e-06
6.40616247351e-15	0.628934144243	2.19738819954	6.74473797908e-10	7.22875980774e-10	8.86204975071e-06
7.17147250671e-15	0.628934144094	2.19738819908	7.26964792014e-10	7.79358688089e-10	9.2017616575e-06
8.02821004405e-15	0.628934143934	2.19738819858	7.83557228256e-10	8.40254753958e-10	9.55449585402e-06
8.98729744132e-15	0.628934143762	2.19738819804	8.4457157737e-10	9.0590901365e-10	9.92075152802e-06
1.00609618899e-14	0.628934143576	2.19738819746	9.1035335043e-10	9.7669316983e-10	1.03010470028e-05
1.12628912983e-14	0.628934143376	2.19738819683	9.812750554e-10	1.05300812403e-09	1.06959204708e-05
1.26084087966e-14	0.628934143159	2.19738819616	1.05773830657e-09	1.13528608607e-09	1.11059307549e-05
1.41146680872e-14	0.628934142926	2.19738819543	1.1401760988e-09	1.22399301655e-09	1.15316580999e-05
1.58008721339e-14	0.628934142675	2.19738819464	1.2290552595e-09	1.31963095832e-09	1.1973704993e-05
1.76885179758e-14	0.628934142404	2.1973881938	1.32487909214e-09	1.42274181123e-09	1.2432697017e-05
1.98016707888e-14	0.628934142112	2.19738819288	1.42819022637e-09	1.53390933053e-09	1.29092837351e-05
2.21672706865e-14	0.628934141798	2.1973881919	1.53957369082e-09	1.65376301268e-09	1.34041396106e-05
2.48154761743e-14	0.628934141458	2.19738819084	1.65966022597e-09	1.78298164803e-09	1.39179649613e-05
2.7780048633e-14	0.628934141092	2.1973881897	1.78912985592e-09	1.92229687354e-09	1.44514869502e-05
3.10987827353e-14	0.628934140698	2.19738818846	1.92871573918e-09	2.07249772469e-09	1.50054606153e-05
3.48139882816e-14	0.628934140272	2.19738818713	2.07920832044e-09	2.23443463232e-09	1.55806699373e-05
3.89730295982e-14	0.628934139814	2.1973881857	2.24145980665e-09	2.40902464063e-09	1.61779289499e-05
4.36289293742e-14	0.628934139319	2.19738818415	2.41638899291e-09	2.59725651422e-09	1.6798082891e-05
4.88410446366e-14	0.628934138786	2.19738818249	2.60498646537e-09	2.80019595615e-09	1.74420093997e-05
5.4675823479e-14	0.628934138212	2.19738818069	2.80832021074e-09	3.0189923803e-09	1.81106197576e-05
6.12076521937e-14	0.628934137592	2.19738817875	3.02754166405e-09	3.25488479553e-09	1.88048601789e-05
6.85198036062e-14	0.628934136924	2.19738817666	3.26389222899e-09	3.50920880011e-09	1.95257131494e-05
7.67054987013e-14	0.628934136204	2.19738817441	3.51871030769e-09	3.78340468633e-09	2.02741988168e-05
8.58690950767e-14	0.628934135427	2.19738817199	3.79343887982e-09	4.07902521206e-09	2.10513764343e-05
9.61274173748e-14	0.62893413459	2.19738816937	4.08963367386e-09	4.39774437153e-09	2.185834586e-05
1.07611246653e-13	0.628934133688	2.19738816655	4.40897197687e-09	4.74136705425e-09	2.26962491133e-05
1.20466987685e-13	0.628934132715	2.1973881635	4.75326213256e-09	5.111838926e-09	2.35662719906e-05
1.34858535436e-13	0.628934131666	2.19738816022	5.1244537816e-09	5.51125819719e-09	2.44696457443e-05
1.5096936453e-13	0.628934130535	2.19738815669	5.52464890198e-09	5.94188650305e-09	2.54076488245e-05
1.69004868322e-13	0.628934129315	2.19738815288	5.95611371206e-09	6.40616233731e-09	2.63816086886e-05
1.89194977413e-13	0.628934128	2.19738814877	6.42129150368e-09	6.90671504104e-09	2.739290368e-05
2.11797090984e-13	0.628934126583	2.19738814433	6.92281647798e-09	7.44637879142e-09	2.84429649784e-05
2.37099358317e-13	0.628934125055	2.19738813956	7.46352866232e-09	8.02820992124e-09	2.95332786254e-05
2.6542435235e-13	0.628934123407	2.19738813441	8.04648999271e-09	8.65550301712e-09	3.06653876277e-05
2.97133182082e-13	0.628934121631	2.19738812885	8.67500165292e-09	9.33181034842e-09	3.18408941403e-05
3.32630096273e-13	0.628934119715	2.19738812286	9.35262276835e-09	1.00609616292e-08	3.30614617343e-05
3.72367637116e-13	0.628934117651	2.19738811641	1.00831905606e-08	1.08470861116e-08	3.4328817751e-05
4.168524096e-13	0.628934115424	2.19738810945	1.08708420767e-08	1.16946351234e-08	3.56447557464e-05
4.66651540096e-13	0.628934113024	2.19738810195	1.17200376165e-08	1.26084084915e-08	3.70111380294e-05
5.22399906529e-13	0.628934110437	2.19738809386	1.26355859902e-08	1.35935804097e-08	3.84298982975e-05
5.84808232282e-13	0.628934107647	2.19738808513	1.36226717499e-08	1.46557298592e-08	3.99030443731e-05
6.54672147057e-13	0.628934104639	2.19738807573	1.46868845479e-08	1.58008715835e-08	4.14326610451e-05
7.32882330168e-13	0.628934101396	2.19738806559	1.58342507904e-08	1.70354901725e-08	4.30209130195e-05
8.2043586561e-13	0.6289340979	2.19738805466	1.70712677635e-08	1.83665771438e-08	4.46700479824e-05
9.18448953654e-13	0.628934094131	2.19738804288	1.84049404257e-08	1.98016700224e-08	4.63823997811e-05
1.02817114103e-12	0.628934090067	2.19738803017	1.98428210755e-08	2.13488953066e-08	4.81603917274e-05
1.15100125109e-12	0.628934085685	2.19738801648	2.13930521187e-08	2.3017014986e-08	5.00065400261e-05
1.28850521713e-12	0.628934080962	2.19738800171	2.30644121765e-08	2.48154748365e-08	5.19234573369e-05
1.44243604604e-12	0.628934075869	2.19738798579	2.48663657975e-08	2.6754459376e-08	5.39138564711e-05
1.61475616705e-12	0.628934070378	2.19738796862	2.68091170528e-08	2.8844948597e-08	5.59805542312e-05
1.80766245024e-12	0.628934064458	2.19738795011	2.89036673198e-08	3.10987805828e-08	5.81264753969e-05
2.02361421392e-12	0.628934058075	2.19738793016	3.11618775804e-08	3.35287182323e-08	6.03546568644e-05
2.26536457793e-12	0.628934051194	2.19738790865	3.35965355868e-08	3.6148521646e-08	6.26682519442e-05
2.53599556247e-12	0.628934043776	2.19738788545	3.62214282762e-08	3.89730261751e-08	6.50705348234e-05
2.83895738008e-12	0.628934035777	2.19738786045	3.90514198427e-08	4.20182265756e-08	6.75649051997e-05
3.17811242157e-12	0.628934027154	2.19738783349	4.21025359103e-08	4.53013670482e-08	7.0154893092e-05
3.55778449667e-12	0.628934017856	2.19738780442	4.53920542818e-08	4.884103927e-08	7.28441638368e-05
3.98281395731e-12	0.628934007833	2.19738777308	4.89386027797e-08	5.26572876441e-08	7.56365232747e-05
4.45861940602e-12	0.628933997026	2.1973877393	5.27622647309e-08	5.67717228749e-08	7.85359231367e-05
4.9912667764e-12	0.628933985375	2.19738770287	5.68846926943e-08	6.12076437596e-08	8.15464666365e-05
5.58754666622e-12	0.628933972813	2.1973876636	6.13292310738e-08	6.59901701923e-08	8.46724142776e-05
6.25506090906e-12	0.62893395927	2.19738762126	6.61210483129e-08	7.11463846067e-08	8.7918189882e-05
7.00231948815e-12	0.628933944668	2.19738757561	7.12872794174e-08	7.67054854083e-08	9.12883868517e-05
7.83884902807e-12	0.628933928926	2.1973875264	7.68571796145e-08	8.26989525081e-08	9.47877746682e-05
8.7753142472e-12	0.628933911953	2.19738747334	8.28622900188e-08	8.91607256244e-08	9.84213056431e-05
9.82365391948e-12	0.628933893655	2.19738741613	8.93366162414e-08	9.61273963506e-08	0.000102194121926
1.09972330788e-11	0.628933873927	2.19738735445	9.63168209567e-08	1.03638415322e-07	0.000106111562781
1.23110134061e-11	0.628933852657	2.19738728796	1.03842431513e-07	1.11736315816e-07	0.000110179172144
1.37817439723e-11	0.628933829725	2.19738721627	1.11956063769e-07	1.20466954444e-07	0.000114402706467
1.54281747672e-11	0.628933805002	2.19738713897	1.20703663412e-07	1.29879770834e-07	0.000118788142867
1.72712957383e-11	0.628933778346	2.19738705564	1.30134766144e-07	1.40028067518e-07	0.000123341687581
1.93346043857e-11	0.628933749608	2.1973869658	1.40302778183e-07	1.5096931213e-07	0.000128069784752
2.16444053251e-11	0.628933718625	2.19738686893	1.51265278696e-07	1.62765462372e-07	0.000132979125545
2.42301456382e-11	0.62893368522	2.1973867645	1.63084345849e-07	1.75483317058e-07	0.000138076657621
2.71247902843e-11	0.628933649206	2.19738665191	1.75826908345e-07	1.89194894594e-07	0.000143369594965
3.03652423615e-11	0.628933610377	2.19738653052	1.8956512442e-07	2.03977840534e-07	0.000148865428098
3.3992813573e-11	0.628933568515	2.19738639964	2.04376790461e-07	2.19915867115e-07	0.000154571934675
3.8053750897e-11	0.628933523381	2.19738625854	2.2034578154e-07	2.37099227768e-07	0.00016049719049
4.25998261752e-11	0.628933474721	2.19738610641	2.37562526383e-07	2.556252277e-07	0.000166649580912
4.76889961355e-11	0.628933422259	2.1973859424	2.56124519437e-07	2.75598775341e-07	0.000173037812741
5.33861412629e-11	0.628933365698	2.19738576557	2.76136872958e-07	2.97132976087e-07	0.000179670926539
5.97638929394e-11	0.628933304717	2.19738557493	2.97712912234e-07	3.20349773114e-07	0.000186558309418
6.69035593959e-11	0.628933238971	2.19738536939	3.20974817307e-07	3.45380637262e-07	0.000193709708325
7.48961622823e-11	0.628933168089	2.19738514779	3.46054314849e-07	3.72367312327e-07	0.000201135243837
8.38435970691e-11	0.628933091667	2.19738490887	3.73093424089e-07	4.01462617293e-07	0.000208845424482
9.38599320743e-11	0.628933009275	2.19738465129	4.02245261024e-07	4.32831311632e-07	0.00021685116161
1.05072862676e-10	0.628932920445	2.19738437358	4.33674905469e-07	4.66651028215e-07	0.000225163784833
1.1762533925e-10	0.628932824674	2.19738407417	4.67560335851e-07	5.03113279601e-07	0.000233795058058
1.31677389583e-10	0.62893272142	2.19738375136	5.04093437041e-07	5.42424542267e-07	0.000242757196136
1.47408159001e-10	0.628932610098	2.19738340334	5.43481086937e-07	5.84807425656e-07	0.000252062882146
1.6501819421e-10	0.628932490078	2.19738302812	5.85946327941e-07	6.30501932702e-07	0.000261725285343
1.84731999973e-10	0.62893236068	2.19738262358	6.31729629969e-07	6.79766819381e-07	0.000271758079791
2.06800901214e-10	0.628932221171	2.19738218743	6.81090252144e-07	7.32881059295e-07	0.000282175463719
2.31506247032e-10	0.628932070762	2.19738171721	7.34307710885e-07	7.90145423927e-07	0.000292992179607
2.59162997475e-10	0.6289319086	2.19738121024	7.91683362699e-07	8.51884185128e-07	0.000304223535049
2.90123738786e-10	0.628931733768	2.19738066366	8.53542110641e-07	9.18446952049e-07	0.000315885424417
3.24783178332e-10	0.628931545275	2.19738007437	9.20234244107e-07	9.90210650285e-07	0.000327994351346
3.63583176479e-10	0.628931342055	2.19737943904	9.92137422369e-07	1.06758165643e-06	0.000340567452095
4.07018379601e-10	0.628931122955	2.19737875407	1.06965881309e-06	1.15099809908e-06	0.000353622519788
4.5564252599e-10	0.628930886736	2.19737801558	1.15323739793e-06	1.24093233985e-06	0.000367178029596
5.10075505084e-10	0.62893063206	2.19737721938	1.24334645829e-06	1.33789364792e-06	0.000381253164876
5.71011259976e-10	0.628930357485	2.19737636098	1.34049625522e-06	1.44243108352e-06	0.000395867844318
6.3922663396e-10	0.628930061456	2.1973754355	1.44523691884e-06	1.55513660766e-06	0.000411042750127
7.15591273869e-10	0.628929742296	2.19737443771	1.55816156334e-06	1.67664843313e-06	0.000426799357287
8.01078716445e-10	0.628929398199	2.19737336195	1.6799096455e-06	1.80765463874e-06	0.000443159963947
8.96778799073e-10	0.628929027216	2.19737220215	1.8111705855e-06	1.94889706504e-06	0.000460147722971
1.00391155306e-09	0.628928627246	2.19737095172	1.95268767069e-06	2.10117551532e-06	0.000477786674693
1.12384275654e-09	0.628928196025	2.19736960359	2.10526226433e-06	2.26535228383e-06	0.000496101780937
1.25810134532e-09	0.62892773111	2.19736815012	2.26975834312e-06	2.44235703783e-06	0.000515118960325
1.40839890349e-09	0.62892722987	2.19736658309	2.44710738927e-06	2.63319208223e-06	0.000534865124954
1.5766514823e-09	0.628926689465	2.19736489361	2.63831366474e-06	2.83893803407e-06	0.000555368218465
1.76500402537e-09	0.628926106836	2.19736307213	2.84445989756e-06	3.06075994107e-06	0.000576657255577
1.97585771162e-09	0.628925478683	2.19736110833	3.06671341231e-06	3.2999138781e-06	0.000598762363136
2.21190056427e-09	0.628924801451	2.19735899109	3.30633273967e-06	3.55775405826e-06	0.00062171482273
2.47614171624e-09	0.628924071303	2.19735670843	3.56467474214e-06	3.83574050107e-06	0.000645547114941
2.77194976841e-09	0.628923284107	2.1973542474	3.8432022966e-06	4.13544729717e-06	0.000670292965293
3.1030957299e-09	0.628922435403	2.19735159409	4.14349257692e-06	4.45857152183e-06	0.000695987391954
3.47380108733e-09	0.628921520388	2.19734873347	4.46724598361e-06	4.80694284107e-06	0.00072266675527
3.88879161581e-09	0.62892053388	2.19734564934	4.81629577107e-06	5.18253387137e-06	0.000750368809191
4.35335761743e-09	0.628919470293	2.19734232423	5.19261842682e-06	5.58747134645e-06	0.000779132754666
4.87342135481e-09	0.628918323605	2.19733873932	5.59834486153e-06	6.02404815697e-06	0.00080899929509
5.45561253896e-09	0.628917087323	2.19733487432	6.03577247311e-06	6.494736331e-06	0.000840010693858
6.10735283354e-09	0.628915754448	2.19733070733	6.50737815314e-06	7.00220102696e-06	0.000872210834137
6.83695045202e-09	0.628914317432	2.19732621476	7.01583230916e-06	7.54931562115e-06	0.000905645280912
7.65370605315e-09	0.628912768141	2.19732137119	7.56401398227e-06	8.13917797181e-06	0.000940361345419
8.56803128402e-09	0.628911097801	2.19731614918	8.15502714538e-06	8.77512795447e-06	0.00097640815203
9.5915814807e-09	0.628909296957	2.19731051916	8.79221827442e-06	9.46076636584e-06	0.0010138367077
1.07374042172e-08	0.628907355411	2.19730444927	9.47919529183e-06	1.01999753046e-05	0.00105269997408
1.20201055953e-08	0.628905262173	2.19729790514	1.02198479894e-05	1.09969401427e-05	0.00109305294237
1.34560363922e-08	0.628903005391	2.19729084971	1.1018370046e-05	1.18561732122e-05	0.00113495271105
1.50635004394e-08	0.628900572289	2.19728324305	1.18792827648e-05	1.27825393422e-05	0.00117845856655
1.68629878838e-08	0.628897949093	2.19727504209	1.28074606636e-05	1.37812833877e-05	0.00122363206706
1.88774363039e-08	0.628895120952	2.1972662004	1.38081590636e-05	1.48580599097e-05	0.00127053712948
2.11325230051e-08	0.628892071857	2.19725666793	1.48870438325e-05	1.60189651694e-05	0.00131924011973
2.36569922161e-08	0.628888784546	2.19724639071	1.60502234489e-05	1.72705716214e-05	0.00136980994647
2.64830213522e-08	0.628885240412	2.19723531058	1.73042835703e-05	1.86199650976e-05	0.00142231815846
2.96466310084e-08	0.628881419392	2.1972233648	1.86563243e-05	2.00747848937e-05	0.00147683904556
3.31881439e-08	0.628877299859	2.19721048576	2.0114000362e-05	2.16432669821e-05	0.00153344974363
3.71526985935e-08	0.628872858496	2.19719660056	2.16855644121e-05	2.33342905979e-05	0.00159223034341
4.1590824564e-08	0.628868070164	2.19718163061	2.33799137292e-05	2.51574284575e-05	0.00165326400356
4.65590858963e-08	0.628862907762	2.19716549118	2.52066405495e-05	2.71230008941e-05	0.00171663706799
5.21208018195e-08	0.628857342075	2.19714809092	2.7176086329e-05	2.92421342164e-05	0.00178243918765
5.83468532392e-08	0.628851341605	2.19712933136	2.92994002389e-05	3.15268236166e-05	0.001850763447
6.53165855252e-08	0.628844872395	2.19710910634	3.15886022246e-05	3.39900009829e-05	0.00192170649521
7.31188190331e-08	0.628837897838	2.19708730141	3.40566509827e-05	3.66456079986e-05	0.00199536868244
8.18529802069e-08	0.62883037847	2.19706379317	3.67175172406e-05	3.95086749369e-05	0.00207185420121
9.16303676372e-08	0.628822271747	2.19703844861	3.95862627487e-05	4.25954055971e-05	0.00215127123315
1.02575569164e-07	0.628813531804	2.19701112434	4.2679125433e-05	4.5923268855e-05	0.00223373210137
1.14828048023e-07	0.628804109196	2.19698166577	4.6013611184e-05	4.95110973456e-05	0.00231935342854
1.28543918185e-07	0.628793950624	2.19694990625	4.96085928004e-05	5.33791938283e-05	0.00240825630097
1.43897931419e-07	0.628782998626	2.19691566612	5.34844166421e-05	5.75494458318e-05	0.0025005664389
1.61085701306e-07	0.628771191261	2.19687875171	5.76630175929e-05	6.20454492209e-05	0.00259641437318
1.8032619242e-07	0.628758461754	2.19683895425	6.21680429759e-05	6.68926413759e-05	0.00269593562872
2.01864506234e-07	0.628744738126	2.19679604868	6.70249861195e-05	7.21184447278e-05	0.00279927091468
2.25974999092e-07	0.628729942782	2.19674979238	7.22613303203e-05	7.77524214536e-05	0.002906566322
2.52964771726e-07	0.628713992078	2.19669992383	7.79067040094e-05	8.38264401901e-05	0.00301797352817
2.83177574545e-07	0.628696795853	2.19664616111	8.39930479917e-05	9.03748556986e-05	0.00313365000983
3.16998178116e-07	0.628678256917	2.19658820033	9.05547956911e-05	9.74347024766e-05	0.00325375926322
3.54857264138e-07	0.628658270506	2.19652571391	9.76290674096e-05	0.000105045903394	0.00337847103292
3.97236898754e-07	0.628636723697	2.19645834876	0.000105255879682	0.000113251494512	0.00350796154909
4.44676657367e-07	0.628613494772	2.19638572428	0.000113478370896	0.00012209786732	0.00364241377356
4.97780478297e-07	0.628588452534	2.19630743021	0.000122343044426	0.000131635029747	0.00378201765499
5.57224331769e-07	0.628561455575	2.19622302439	0.000131900030643	0.00014191688737	0.0039269703936
6.23764800915e-07	0.628532351483	2.19613203019	0.000142203369242	0.000153001546371	0.00407747671548
6.98248682892e-07	0.628500975988	2.19603393394	0.000153311313457	0.00016495163992	0.00423374915719
7.81623730946e-07	0.628467152045	2.19592818198	0.000165286657845	0.00017783467975	0.00439600836063
8.74950672474e-07	0.628430688848	2.19581417761	0.000178197091449	0.000191723434859	0.00456448337881
9.79416654026e-07	0.628391380762	2.19569127775	0.000192115578281	0.000206696339405	0.00473941199263
1.09635028188e-06	0.62834900618	2.19555878933	0.000207120767221	0.000222837931997	0.00492104103925
1.22723844665e-06	0.628303326291	2.19541596549	0.000223297433572	0.000240239328766	0.00510962675223
1.37374514233e-06	0.62825408375	2.19526200135	0.000240736954696	0.000258998732773	0.00530543511387
1.53773251504e-06	0.628201001257	2.19509602961	0.000259537822312	0.000279221982484	0.00550874222021
1.7212844037e-06	0.628143780016	2.19491711569	0.000279806194248	0.000301023142243	0.00571983465888
1.92673266605e-06	0.628082098085	2.19472425259	0.000301656488644	0.000324525137897	0.00593900990032
2.15668661691e-06	0.628015608603	2.19451635532	0.000325212023791	0.000349860440931	0.00616657670268
2.41406594386e-06	0.627943937876	2.19429225489	0.000350605707075	0.000377171804725	0.0064028555308
2.70213750772e-06	0.627866683327	2.19405069193	0.000377980776698	0.000406613056786	0.00664817898961
3.02455648194e-06	0.627783411293	2.19379030973	0.000407491600133	0.000438349951075	0.00690289227233
3.38541233779e-06	0.627693654648	2.19350964682	0.000439304533561	0.000472561084845	0.00716735362378
3.78928023966e-06	0.627596910265	2.19320712899	0.00047359884681	0.000509438884681	0.00744193481922
4.24127848002e-06	0.627492636277	2.19288106075	0.000510567718664	0.000549190666763	0.00772702165898
4.74713265473e-06	0.627380249146	2.19252961605	0.000550419307722	0.000592039776702	0.00802301447918
5.31324735923e-06	0.627259120513	2.19215082847	0.000593377904363	0.000638226814633	0.00833032867891
5.94678627408e-06	0.627128573824	2.19174258059	0.000639685169734	0.000688010951617	0.008649395264
6.6557616062e-06	0.626987880704	2.19130259261	0.000689601468088	0.000741671343777	0.00898066140769
7.44913395996e-06	0.626836257079	2.19082841015	0.000743407299195	0.000799508650997	0.00932459102838
8.33692383215e-06	0.626672859021	2.19031739124	0.000801404838027	0.000861846667377	0.00968166538455
9.33033605641e-06	0.626496778295	2.18976669224	0.000863919589322	0.000929034071093	0.0100523836869
1.04418986688e-05	0.626307037596	2.18917325296	0.000931302165152	0.00100144630171	0.010437263728
1.16856178264e-05	0.626102585459	2.18853378052	0.00100393019411	0.0010794875734	0.0108368425288
1.3077150587e-05	0.62588229082	2.18784473233	0.0010822103712	0.00116359303304	0.0112516770026
1.4633997553e-05	0.625644937199	2.18710229767	0.00116658065814	0.00125423107242	0.0116823446358
1.63757175935e-05	0.625389216505	2.18630237824	0.0012575126442	0.0013519058044	0.0121294441848
1.83241670945e-05	0.625113722429	2.18544056722	0.00135551407837	0.00145715971309	0.0125935963897
2.05037664362e-05	0.624816943402	2.1845121271	0.00146113158408	0.00157057648864	0.0130754447027
2.29417966798e-05	0.624497255113	2.18351196601	0.00157495356846	0.00169278405753	0.0135756560317
2.56687297425e-05	0.624152912547	2.18243461252	0.00169761333833	0.00182445781932	0.014094921497
2.87185956678e-05	0.623782041552	2.1812741889	0.00182979243609	0.00196632410161	0.0146339572016
3.21293909509e-05	0.623382629883	2.18002438278	0.0019722242087	0.00211916384443	0.0151935050116
3.59435335002e-05	0.622952517628	2.17867983319	0.00212569762488	0.00228381660502	0.0157743333468
4.02083630833e-05	0.622489387561	2.17723196567	0.0022910612525	0.0024611845683	0.0163772376081
4.49767036534e-05	0.621990754207	2.17567297762	0.00246922779584	0.00265223710089	0.0170030416892
5.03074825188e-05	0.62145395289	2.17399450833	0.00266117865435	0.00285801544859	0.0176525984422
5.62664175439e-05	0.620876128096	2.17218759493	0.00286796887287	0.00307963773931	0.0183267904814
6.29267780659e-05	0.620254221276	2.17024263337	0.00309073241368	0.00331830428137	0.0190265309853
7.03702266708e-05	0.619584958121	2.16814933758	0.00333068776488	0.00357530316509	0.0197527644919
7.86877495177e-05	0.618864835319	2.16589669687	0.00358914389967	0.0038520161746	0.0205064676811
8.79806834434e-05	0.618090106828	2.16347293155	0.00386750660082	0.00414992501462	0.0212886501406
9.83618486163e-05	0.617256769702	2.16086544706	0.00416728516332	0.00447061785482	0.02210035511
0.00010995679603	0.61636054953	2.15806078654	0.00449009948744	0.00481579619114	0.0229426601954
0.000122905179619	0.615396885564	2.15504458223	0.0048376875725	0.00518728201998	0.0238166780489
0.000137362263214	0.614360915617	2.15180150579	0.00521191341981	0.00558702531663	0.0247235570043
0.000153500588962	0.613247459979	2.14831988169	0.00561477535789	0.00601711243684	0.0256644816613
0.000171511746409	0.612051008822	2.14457865893	0.00604841390047	0.00647977303119	0.0266406713951
0.000191608376722	0.610765704734	2.14055872294	0.00651512238676	0.00697738872215	0.0276533843734
0.000214026325753	0.609385328578	2.13624042521	0.00701735601441	0.0075125018038	0.0287039166061
0.000239026983167	0.607903285802	2.13160290812	0.00755774168294	0.00808782380682	0.0297936019429
0.000266899824088	0.606312593363	2.12662405863	0.00813908832936	0.00870624425786	0.0309238122309
0.00029796516398	0.604605867665	2.12128254616	0.00876439761683	0.00937083964068	0.0320959573458
0.000332577157949	0.602775313188	2.11555619242	0.00943687433174	0.0100848835048	0.0333114839168
0.000371126867928	0.600812719232	2.10941469449	0.0101599374253	0.010851851451	0.0345718748038
0.000414045794717	0.598709448029	2.10283056062	0.01093723353	0.0116754321711	0.0358786523402
0.000461809477408	0.596456434484	2.09577488348	0.0117726473693	0.0125595347417	0.0372333753743
0.000514941455513	0.594044183427	2.08822597992	0.0126703134723	0.0135082986641	0.0386376384066
0.000574017086035	0.591462785824	2.08014510049	0.0136346240951	0.0145260954623	0.0400930647832
0.000639668008428	0.588701918295	2.07149812048	0.0146702470712	0.0156175362117	0.0416013155761
0.00071258663248	0.585750859933	2.06225786679	0.01578213457	0.0167874778511	0.0431640839802
0.000793530782918	0.582598515957	2.0523884183	0.0169755293867	0.0180410292663	0.0447830871327
0.000883327943773	0.579233459765	2.04184646007	0.0182559786159	0.0193835394742	0.0464600695208
0.000982880782441	0.575643947627	2.03060569434	0.0196293460963	0.0208206122533	0.0481968047517
0.00109317118543	0.571817994167	2.01861880156	0.0211018090915	0.0223580920424	0.0499950779455
0.00121526531439	0.567743413245	2.0058531474	0.022679877529	0.024002058962	0.0518566989649
0.0013503184664	0.563407885632	1.99226845721	0.0243703875711	0.0257588317443	0.0537834846855
0.00149957813612	0.55879906826	1.97782552264	0.026180509498	0.0276349276457	0.0557772615496
0.00166438934025	0.553904653788	1.96248288061	0.0281177453999	0.0296370756557	0.0578398582018
0.00184619665834	0.548712509124	1.9462095311	0.030189929237	0.0317721679267	0.0599731034504
0.0020465469297	0.543210801006	1.92895683622	0.0324052088774	0.0340472419732	0.0621788086254
0.00226709181937	0.537388105542	1.91069381864	0.0347720553165	0.0364694518556	0.0644587812482
0.00250958716531	0.53123359858	1.89139146945	0.0372992301908	0.039046016483	0.0668148000107
0.00277589232227	0.52473722124	1.87100964104	0.0399957634966	0.0417841771284	0.069248605634
0.00306796902787	0.517889831277	1.84951877716	0.0428709462411	0.0446911517429	0.0717619092546
0.00338787631003	0.510683424698	1.8268951297	0.0459342902855	0.0477740608473	0.0743563749039
0.00373776370619	0.503111356121	1.80311218795	0.0491954865004	0.0510398501153	0.0770336068878
0.00411986550659	0.495168505009	1.77816352662	0.0526643718157	0.0544952429907	0.0797951496452
0.00453648663032	0.486851564898	1.75203041355	0.056350851002	0.058146620255	0.0826424560458
0.00498999213646	0.478159202445	1.72470909839	0.0602648696961	0.0619999484472	0.0855769031952
0.00548279024653	0.469092299629	1.69620201556	0.0644163321315	0.0660606731552	0.0885997692293
0.00601731500565	0.459654140532	1.66651587161	0.0688150284696	0.0703336289699	0.0917122238761
0.00659600234524	0.449850635413	1.6356523259	0.0734705622973	0.0748228899123	0.0949153244633
0.00722127348351	0.439690381165	1.60367056029	0.0783923000609	0.0795317224585	0.0982100312352
0.0078954926222	0.429185062361	1.57057425548	0.0835891400501	0.0844623554688	0.101597104963
0.00862096154355	0.418349185357	1.5364287003	0.0890695958984	0.0896160349038	0.105077222044
0.00939986547302	0.4072004999	1.50126229224	0.0948415362111	0.0949927184943	0.108650863048
0.0102342640658	0.395759691322	1.46517064925	0.100912228531	0.100591136183	0.112318403096
0.011126039646	0.384050640116	1.428199474	0.107288021895	0.106408591644	0.11607997623
0.0120768790647	0.372100085168	1.39044143815	0.113974459454	0.112440895977	0.119935607207
0.0130876849548	0.359942778813	1.34863734974	0.120975994424	0.118676670667	0.12388511674
0.0141513211026	0.347683082592	1.28744592521	0.128311140502	0.125014909706	0.12793748324
0.0152763959017	0.335260020188	1.22810606563	0.136081560447	0.131462502812	0.132148496718
0.0164640455696	0.322723062728	1.17080708559	0.144286536231	0.138009461284	0.136516982675
0.0177152668021	0.310121125218	1.11571258997	0.152922638501	0.144646400458	0.141041146042
0.0190308916006	0.297502069693	1.06296004479	0.161983566523	0.151364549962	0.145718484255
0.0204116647603	0.284911496738	1.01273738427	0.171460003307	0.158156723674	0.150545689718
0.021858003142	0.272394056544	0.964993838153	0.181338810742	0.165015785884	0.155518204966
0.0233703088224	0.259990275731	0.919913374677	0.191604712388	0.171936638603	0.160631040831
0.024948543404	0.247739554323	0.87740500509	0.20223789312	0.178914120842	0.165877498993
0.0265926319312	0.235676557765	0.837421897874	0.213216379948	0.185945308271	0.171250294708
0.0283018951929	0.223834501046	0.799800682829	0.224515553077	0.193025113908	0.176741245048
0.0300755541501	0.212241795128	0.764557443877	0.236109528595	0.200149917394	0.182341889573
0.0319126217165	0.200923151072	0.73168369637	0.247969048822	0.207318157497	0.188042347941
0.033811711386	0.189900354019	0.701108972917	0.260061641601	0.214528928403	0.193831288986
0.0357709588917	0.179192322855	0.672728086202	0.272352429129	0.221781129138	0.199696230589
0.0377880255855	0.168814941711	0.646435431374	0.284804753903	0.229073359991	0.205623758939
0.0398599535126	0.158781647013	0.622046372693	0.297380378284	0.236402929703	0.211599551022
0.0419832665433	0.149102870395	0.599387809126	0.310041124577	0.243765743843	0.217609107376
0.0441539016729	0.139786523171	0.578273828433	0.322749117168	0.251155734909	0.223637832109
0.0463672027375	0.130838197006	0.558520245013	0.33546746721	0.258564416794	0.229671343043
0.0486178674668	0.122261594326	0.539963797265	0.348160701688	0.265980199951	0.235695681003
0.0508999321624	0.114058861116	0.522418821368	0.360794805214	0.27338821339	0.2416973459
0.0532069891565	0.10623016465	0.505713200681	0.373338147096	0.280771099365	0.247663758883
0.0555322082117	0.0987740465668	0.489730340644	0.385761654061	0.288108821243	0.253583371235
0.0578682780972	0.0916880153386	0.474333267634	0.398038023714	0.29537860794	0.259445311486
0.0602077571481	0.0849679006535	0.459435688103	0.410142574785	0.302556556683	0.26523980774
0.0625429362388	0.078608635729	0.444951608575	0.422052451497	0.309617008509	0.270957813965
0.0648661653906	0.0726037714178	0.430842238753	0.433746964896	0.316534316437	0.27659117454
0.0671698018822	0.066945972739	0.41706568448	0.44520677846	0.323282895766	0.282132215443
0.069446406477	0.0616268388621	0.403609332893	0.456414251211	0.329838124153	0.28757388943
0.071688812979	0.0566370593122	0.390474228016	0.467352968861	0.336177024342	0.292909519704
0.0738902191731	0.0519664768516	0.377674988896	0.478007610487	0.342278871829	0.298132698128
0.076044238696	0.0476042122024	0.365232323542	0.488363778796	0.348125596016	0.303237162471
0.0781449810381	0.0435387140792	0.353174931315	0.498407987229	0.353702260159	0.308216750749
0.080187050713	0.0397579433643	0.341528382261	0.508127564752	0.358997080453	0.313065318536
0.0821656036397	0.0362494312115	0.330316840296	0.517510827509	0.364001599606	0.317776797317
0.0840764228013	0.0330003103151	0.319590949131	0.526547186396	0.368711018445	0.322345231505
0.0859158050628	0.0299976408312	0.309349497805	0.535226534838	0.373123915518	0.326764453539
0.0876805858212	0.0272284420177	0.299623663727	0.543540603197	0.37724114516	0.331028783388
0.0893683759412	0.0246794866914	0.290409507836	0.551482228914	0.381067866371	0.33513267638
0.0909772146892	0.0223378765015	0.281753185577	0.559046174345	0.384610441158	0.339071182929
0.0925055759206	0.0201911079081	0.273617180067	0.566227998284	0.387877334695	0.34283941221
0.0939528781212	0.0182264232824	0.265993703005	0.573026150661	0.390880317182	0.34643368389
0.0953187791442	0.0164318135953	0.258851913704	0.579441054938	0.393630595131	0.349851133407
0.0966035231865	0.0147955865877	0.252173422889	0.585475679692	0.396140300707	0.353090108938
0.097807894649	0.0133064530697	0.245939935933	0.591135127518	0.398422394179	0.356150038411
0.0989331539441	0.0119536033703	0.240122866623	0.596426499297	0.400490237437	0.359031434661
0.0999810050075	0.0107267260334	0.234683208878	0.60135895041	0.40235721185	0.361736000793
0.100953333892	0.00961626305375	0.229216623091	0.605943681618	0.4040350086	0.364266695333
0.101849880627	0.00861582220863	0.221949390216	0.610200168372	0.405513250491	0.366631330808
0.102673803161	0.00771606010356	0.213910872186	0.614179145786	0.406771387718	0.36885577151
0.103431821184	0.00690510797811	0.206026086057	0.617910998611	0.407828412485	0.370955178032
0.104127711571	0.00617508236029	0.198306495834	0.621408401451	0.408701281303	0.372934985756
0.104765225068	0.00551869067564	0.190750919451	0.624683759082	0.409406420638	0.374800571327
0.105348198978	0.00492906127046	0.183453264985	0.627749347735	0.409960293993	0.376557341889
0.105880348813	0.00439990263395	0.176395689786	0.630615732485	0.410379708322	0.378209823849
0.106365183744	0.00392552054071	0.169548115111	0.633293516417	0.410679653585	0.379762662809
0.106806155099	0.00350062920302	0.162902817372	0.635793488731	0.410874074546	0.381220723372
0.107206587784	0.00312037904777	0.156453927391	0.638126186342	0.410975913364	0.382588841881
0.107569659232	0.00278033772353	0.150195293627	0.640301815288	0.410997097058	0.383871781131
0.107898374607	0.00247647690749	0.144114807625	0.642330217427	0.410948461841	0.385074209033
0.108195592562	0.00220511599708	0.138212462948	0.644220928564	0.410839887787	0.386200729961
0.108463984889	0.00196292966646	0.132471272397	0.645982987274	0.410680287474	0.387255766103
0.108706067346	0.00174689328952	0.126894350691	0.647625150095	0.410477613944	0.38824368001
0.10892416796	0.00155428800181	0.121460826596	0.649155623742	0.410238975348	0.3891686073
0.109120469675	0.00138264196494	0.116176732252	0.650582368166	0.409970619785	0.390034632019
0.109296972034	0.00122974593671	0.111027871489	0.651912765286	0.409678071263	0.390845578805
0.10945553713	0.00109359707566	0.106006372007	0.653153882442	0.40936616672	0.391605164675
0.109597868156	0.000972403653986	0.101114702385	0.654312394071	0.409039035449	0.392316944363
0.109725518492	0.000864564991587	0.0963337848564	0.655394495278	0.408700262897	0.392984249498
0.109839929188	0.000768629339405	0.0916595523325	0.656406159616	0.408352872927	0.393610340254
0.109942415053	0.000683296930595	0.0870951108065	0.65735297728	0.407999427189	0.394198299474
0.110034152228	0.000607422268359	0.0826372674983	0.65824010643	0.407642020285	0.394750995609
0.110116220926	0.000539971982606	0.0782798971374	0.659072387048	0.407282427687	0.39527114712
0.110189603275	0.000480021091598	0.0740147088065	0.659854383277	0.406922064194	0.395761343595
0.110255195639	0.000426738225448	0.0698442484426	0.6605904274	0.406562021911	0.396224068695
0.110313805284	0.000379384286655	0.0657754154366	0.661284530748	0.406203150192	0.396661639782
0.110366208498	0.000337262451841	0.0621755015932	0.661940372079	0.405846406151	0.397076195934
0.110413366933	0.000299544148434	0.0593781522189	0.662557681125	0.405497696753	0.397467396956
0.11045546895	0.000266027963693	0.0567053210651	0.663132275014	0.405162423487	0.397832414955
0.110492686542	0.000236528896454	0.0530063512681	0.663667049942	0.404838816244	0.398172917476
0.110525837512	0.000210359916361	0.0493957411552	0.664176004981	0.404517637675	0.398497691425
0.11055544498	0.000187079553144	0.0460219465823	0.664661991681	0.40419908195	0.398808468666
0.110581803819	0.000166431400316	0.0426248520445	0.665126103119	0.403883796252	0.399105869554
0.110605344417	0.000148057625265	0.0394777123766	0.665572081593	0.403570529854	0.399392224261
0.110626364587	0.000131708591639	0.036562264232	0.666000618049	0.403260321324	0.399667917669
0.110645131176	0.000117161890012	0.0338615577535	0.6664123793	0.402954050155	0.399933322991
0.110661880998	0.000104221102733	0.0313346024352	0.666808008576	0.402652442854	0.400188802012
0.110676775637	9.27500040957e-05	0.0287969566977	0.667188437316	0.402355510141	0.400434906946
0.110690073544	8.2539992947e-05	0.0264644797321	0.667556922227	0.402061473487	0.400673703375
0.1107019446	7.34527120259e-05	0.0243206399675	0.667913830499	0.401770940769	0.400905394509
0.110712540788	6.53649288646e-05	0.0223502283617	0.668259518949	0.401484425979	0.401130178638
0.110721990182	5.81728650543e-05	0.0204909100633	0.668594334182	0.401202316295	0.401348249228
0.110730417085	5.17766744012e-05	0.0187684615706	0.668919408287	0.400924189289	0.401560314406
0.110737938287	4.60832524799e-05	0.017190659563	0.669235347058	0.40065010361	0.401766743138
0.110744650304	4.10156823738e-05	0.0157414387075	0.669542403293	0.400380355519	0.401967675907
0.110750638429	3.65062066031e-05	0.0144092129234	0.669840899177	0.400115107439	0.402163299962
0.110755981875	3.24922563939e-05	0.0131896527118	0.670131181475	0.399854461564	0.402353820219
0.110760749695	2.8919429941e-05	0.0120732432484	0.670413473462	0.399598585568	0.402539361961
0.110765004374	2.57387068904e-05	0.0110565363776	0.670687992639	0.39934761508	0.40272004778
0.110768800579	2.29073076726e-05	0.0101269024163	0.670954818079	0.399101779648	0.402895910053
0.110772186995	2.03872551843e-05	0.00927539002546	0.671214120934	0.398861182613	0.403067042557
0.110775207653	1.81443348e-05	0.00849544071816	0.671466111486	0.398625861534	0.403233565865
0.110777902482	1.6147642719e-05	0.0077862115303	0.671710994322	0.398395836194	0.403395597818
0.110780306485	1.43701559211e-05	0.00713827430006	0.671948804463	0.39817126804	0.403553144854
0.110782450299	1.27882718471e-05	0.00654423369307	0.672179669556	0.39795220125	0.403706275331
0.110784361966	1.13804754005e-05	0.0059996097152	0.672403791187	0.397738591221	0.403855107479
0.110786066528	1.01276110694e-05	0.00550043289722	0.67262136521	0.397530382114	0.40399975667
0.110787586655	9.01239794352e-06	0.00504489211888	0.672832576471	0.397327515638	0.404140331861
0.110788941895	8.0199597818e-06	0.0046270668513	0.673037518764	0.39713000705	0.40427688216
0.110790150065	7.13678477997e-06	0.00424383618878	0.673236377299	0.396937770382	0.404409518261
0.110791227065	6.35084735839e-06	0.00389233722846	0.67342933189	0.396750714287	0.40453834807
0.110792187086	5.65144482804e-06	0.00356994378033	0.673616557102	0.396568743048	0.404663476761
0.110793042637	5.02916264176e-06	0.0032724657566	0.673798222403	0.396391756647	0.404785006832
0.110793805031	4.47551054562e-06	0.00299900271833	0.673974591919	0.396219553693	0.404903104897
0.110794484547	3.98279957817e-06	0.00274838666506	0.674145867891	0.396051988855	0.405017896978
0.110795089975	3.54446212624e-06	0.00251579785143	0.674312196935	0.395888964163	0.405129472489
0.110795629229	3.15459979956e-06	0.0023012465317	0.674473914394	0.395730188022	0.40523804817
0.110796109852	2.80761377955e-06	0.00210498939141	0.674631271663	0.395575450665	0.405343785297
0.110796538133	2.49883946523e-06	0.00192354363423	0.674784385954	0.395424669566	0.405446755605
0.110796919125	2.22452469755e-06	0.00175243155858	0.674933523051	0.395277606831	0.405547131285
0.110797258737	1.98032046796e-06	0.00159653918813	0.675079257973	0.395133719931	0.405645293615
0.110797561454	1.76292207976e-06	0.00145451303301	0.675221668117	0.394992956133	0.405741289616
0.110797831009	1.56957990062e-06	0.00131889446371	0.675360829138	0.39485526031	0.405835165391
0.110798070527	1.39798886256e-06	0.00119151362576	0.67549747259	0.394719918113	0.405927410237
0.110798284115	1.24515562784e-06	0.0010764346438	0.675632192084	0.394586358409	0.406018421726
0.110798474578	1.10902979974e-06	0.00097246956421	0.675765014629	0.394454569558	0.406108215431
0.110798642332	9.8926978428e-07	0.000826716923106	0.675895966857	0.394324527343	0.406196806752
0.110798786067	8.86764287088e-07	0.000671465782426	0.676033362292	0.39418791133	0.406289823321
0.11079891505	7.94882657382e-07	0.000545372912537	0.676184972657	0.39403700011	0.406392542323
0.110799030807	7.12523809303e-07	0.000442961676545	0.676352265324	0.393870334626	0.406505982666
0.110799134708	6.38700773106e-07	0.000359784111148	0.67653685842	0.393686304206	0.406631271757
0.110799227982	5.72528868956e-07	0.000292227710223	0.676740536154	0.393483131321	0.40676965738
0.110799312008	5.13016865962e-07	0.000242473939331	0.676965265678	0.393258856323	0.40692252095
0.110799390394	4.57608994624e-07	0.000216604421599	0.677207905578	0.393016640102	0.40708777346
0.110799461794	4.07247201981e-07	0.000198434889223	0.677450189592	0.392774741652	0.407252997524
0.110799525454	3.62441376473e-07	0.00018143175384	0.677685570849	0.392539703835	0.407413719414
0.110799581814	3.22854208818e-07	0.000163689709015	0.677914703664	0.392310874814	0.407570369312
0.110799632121	2.87590626248e-07	0.000147682519307	0.678140939968	0.392084909434	0.407725227611
0.110799677298	2.55985269499e-07	0.000135061948941	0.678364316251	0.391861776246	0.407878312465
0.110799717651	2.27810804809e-07	0.000123734402273	0.678581737961	0.391644571482	0.40802749263
0.11079975355	2.02794172562e-07	0.000112481840418	0.678792958201	0.391433544081	0.408172584421
0.110799785449	1.80606740374e-07	0.000101814946813	0.678999803861	0.391226869633	0.408314830663
0.110799813909	1.60846632718e-07	9.21595328185e-05	0.679203326268	0.391023499864	0.408454945776
0.110799839123	1.43371548419e-07	8.22371524515e-05	0.679403578661	0.390823382597	0.408592959214
0.110799861863	1.27639604902e-07	7.50698452971e-05	0.679603611815	0.390623471213	0.408730969903
0.110799882206	1.13590183863e-07	6.87754266189e-05	0.679798709193	0.390428482692	0.408865718254
0.110799900342	1.01087004223e-07	6.30087259948e-05	0.679988234232	0.390239054623	0.408996753417
0.110799916448	9.0002135029e-08	5.7216547832e-05	0.680172345558	0.390055029348	0.409124173644
0.11079993079	8.01468385613e-08	5.18705480384e-05	0.680352869491	0.389874581993	0.409249233789
0.110799943531	7.14061097456e-08	4.58756709382e-05	0.680530200616	0.389697318847	0.409372200526
0.110799954896	6.36213420384e-08	4.15604458414e-05	0.680708835327	0.389518744735	0.409496190064
0.110799965136	5.66180367495e-08	3.80763462639e-05	0.680884526556	0.389343108071	0.409618253063
0.110799974264	5.03855459572e-08	3.48845792156e-05	0.681055194457	0.389172488772	0.409736936855
0.110799982399	4.4839020105e-08	3.19605431247e-05	0.681220980872	0.389006745647	0.409852330711
0.11079998965	3.99030024024e-08	2.92815660582e-05	0.681382023887	0.388845741189	0.409964521883
0.11079999607	3.55380982986e-08	2.64601477203e-05	0.681538458916	0.388689340283	0.410073596334
0.11080000179	3.16553314912e-08	2.38771924664e-05	0.681692641662	0.388535187916	0.410181190601
0.110800006895	2.81945875305e-08	2.16305998355e-05	0.681844839072	0.388383017604	0.41028748738
0.110800011479	2.50907029236e-08	1.98179880922e-05	0.681994481058	0.38823339994	0.410392084711
0.110800015565	2.23284861287e-08	1.81572805879e-05	0.68213983632	0.388088066339	0.410493766758
0.110800019205	1.9870312573e-08	1.6635969157e-05	0.682281027178	0.387946894772	0.410592612206
0.110800022449	1.76827389208e-08	1.52421057323e-05	0.68241817052	0.38780976861	0.410688696381
0.110800025336	1.57380555889e-08	1.38732719447e-05	0.682551382155	0.387676572258	0.410782094271
0.110800027894	1.40172483137e-08	1.25366811727e-05	0.682681646137	0.387546321808	0.41087349066
0.110800030175	1.24845875863e-08	1.13288554912e-05	0.682810039212	0.387417940794	0.410963637498
0.110800032218	1.11130974529e-08	1.03533495292e-05	0.682936588204	0.387291402602	0.41105255096
0.110800034043	9.8895612453e-09	9.48618164871e-06	0.683059853557	0.387168146889	0.41113921598
0.110800035669	8.80072030813e-09	8.69174993117e-06	0.683179579946	0.387048429085	0.411223448296
0.110800037118	7.83174538305e-09	7.9639034567e-06	0.683295867255	0.386932149421	0.41130531345
0.110800038408	6.9694485549e-09	7.29700069739e-06	0.683408813147	0.386819210336	0.411384875727
0.110800039557	6.20207728614e-09	6.68609945345e-06	0.683518513485	0.386709516058	0.411462198432
0.110800040581	5.51919133088e-09	6.12634091152e-06	0.683625058689	0.386602976252	0.411537341307
0.110800041493	4.91193135574e-09	5.58834843924e-06	0.68372853931	0.386499500432	0.411610364446
0.1108000423	4.37447119764e-09	5.05643103793e-06	0.683829503184	0.38639854081	0.411681651148
0.11080004302	3.89581757714e-09	4.57514127479e-06	0.683928880329	0.386299167453	0.411751855705
0.110800043663	3.46825217689e-09	4.17631570014e-06	0.684026695648	0.386201355521	0.411820993936
0.110800044238	3.08635492625e-09	3.82687428657e-06	0.684122094265	0.386105959929	0.411888459389
0.110800044751	2.74650665187e-09	3.50667439477e-06	0.684214743114	0.386013313774	0.411954013707
0.110800045207	2.44407339207e-09	3.2133581247e-06	0.68430472121	0.385923338076	0.412017709925
0.110800045613	2.17494086597e-09	2.94457441949e-06	0.684392102724	0.385835958698	0.412079597835
0.110800045975	1.93543808405e-09	2.69839374406e-06	0.684476962496	0.385751100827	0.412139727877
0.110800046297	1.72230590586e-09	2.47281826184e-06	0.684559369298	0.385668695718	0.412198146358
0.110800046584	1.53264281077e-09	2.26609868066e-06	0.684639393066	0.385588673457	0.412254900569
0.11080004684	1.36386466287e-09	2.07665898047e-06	0.684717102636	0.385510965228	0.412310037169
0.110800047068	1.21367183806e-09	1.90305485233e-06	0.684792564861	0.385435504198	0.412363601549
0.11080004727	1.0801008824e-09	1.73850613483e-06	0.684865844664	0.385362225457	0.412415637871
0.11080004745	9.61493501112e-10	1.58409500354e-06	0.684937233744	0.38529083732	0.41246635155
0.110800047611	8.55910097212e-10	1.44339777791e-06	0.685006979369	0.385221092536	0.412515916785
0.110800047753	7.61920600959e-10	1.31519653655e-06	0.685075119334	0.385152953319	0.412564359133
0.110800047881	6.78251960488e-10	1.1983815132e-06	0.685141690571	0.385086382749	0.4126117036
0.110800047994	6.03753559845e-10	1.09351209744e-06	0.685206729161	0.385021344752	0.412657974656
0.110800048095	5.3725711133e-10	1.00231039404e-06	0.685270177339	0.384957897104	0.412703130034
0.110800048185	4.78084177746e-10	9.18714719501e-07	0.685331776125	0.384896298791	0.412746984158
0.110800048266	4.25428232014e-10	8.42090793945e-07	0.685391579378	0.384836495957	0.412789574074
0.110800048337	3.78571563121e-10	7.71857226068e-07	0.685449639393	0.384778436316	0.412830935797
0.110800048401	3.36875496297e-10	7.07481103631e-07	0.685506006943	0.384722069099	0.412871104343
0.110800048457	3.00069349169e-10	6.37623755505e-07	0.685560731326	0.38466734501	0.412910113751
0.110800048507	2.67312162142e-10	5.74104139838e-07	0.685614817543	0.384613259055	0.412948679692
0.110800048551	2.38107285879e-10	5.19509270547e-07	0.68566833067	0.384559746161	0.412986848191
0.110800048592	2.1187939458e-10	4.76266032507e-07	0.685721007038	0.384507070003	0.413024430751
0.110800048627	1.88540190628e-10	4.36642653568e-07	0.685772137911	0.384455939315	0.413060920991
0.110800048659	1.67771182506e-10	4.00329256946e-07	0.685821766204	0.384406311188	0.413096348631
0.110800048687	1.49289951004e-10	3.67035730371e-07	0.685869934228	0.384358143312	0.413130743019
0.110800048713	1.32843290862e-10	3.36564272074e-07	0.685916684922	0.38431139275	0.413164134009
0.110800048735	1.18208250489e-10	3.08627018955e-07	0.685962052364	0.384266025425	0.413196545179
0.110800048755	1.0518547123e-10	2.8300866335e-07	0.686006076739	0.384222001155	0.413228004516
0.110800048773	9.35973457327e-11	2.59516738483e-07	0.686048797781	0.384179280205	0.413258539735
0.110800048788	8.32858310602e-11	2.37974751025e-07	0.686090254053	0.384137824016	0.413288177758
0.110800048803	7.41098682501e-11	2.18258842356e-07	0.686130482977	0.384097595165	0.413316944736
0.110800048815	6.59440540163e-11	2.00198556267e-07	0.686169513854	0.384058564354	0.413344861054
0.110800048826	5.86779688969e-11	1.83632652852e-07	0.68620737769	0.384020700576	0.413371948348
0.110800048836	5.22124817309e-11	1.68437486614e-07	0.686244109361	0.383983968957	0.413398231059
0.110800048845	4.64593830872e-11	1.54499641858e-07	0.686279742703	0.383948335661	0.413423732919
0.110800048853	4.13430824232e-11	1.4122163476e-07	0.686314310541	0.383913767864	0.413448476969
0.11080004886	3.68166756036e-11	1.27883212257e-07	0.686347964209	0.383880114232	0.413472571136
0.110800048866	3.2785832018e-11	1.15804589391e-07	0.686381059378	0.383847019095	0.413496269769
0.110800048872	2.91743907989e-11	1.06212987753e-07	0.686413605311	0.383814473191	0.413519579287
0.110800048877	2.59586658966e-11	9.74892671426e-08	0.686445181904	0.383782896624	0.413542198523
0.110800048881	2.30973842442e-11	8.9482040983e-08	0.686475792476	0.383752286075	0.413564129496
0.110800048885	2.05514794787e-11	8.21324646983e-08	0.686505466569	0.383722612002	0.41358539303
0.110800048888	1.82861909481e-11	7.53865262657e-08	0.686534232821	0.383693845768	0.413606009325
0.110800048891	1.62705891756e-11	6.91946493754e-08	0.686562118995	0.383665959611	0.413625997977
0.110800048894	1.44771536202e-11	6.3511329175e-08	0.686589152005	0.383638926615	0.413645377996
0.110800048897	1.28813969707e-11	5.82947979238e-08	0.686615357944	0.383612720689	0.413664167819
0.110800048899	1.1461053086e-11	5.35467054646e-08	0.686640762107	0.383587316537	0.413682385334
0.110800048901	1.01972118667e-11	4.9190141492e-08	0.686665369605	0.38356270905	0.413700033966
0.110800048903	9.07273543551e-12	4.51880192449e-08	0.686689202834	0.383538875829	0.413717129553
0.110800048904	8.07225625526e-12	4.15115029737e-08	0.68671228615	0.383515792522	0.41373368935
0.110800048905	7.18210129758e-12	3.81341027681e-08	0.68673464314	0.383493435539	0.41374973008
0.110800048907	6.39010520319e-12	3.50314837303e-08	0.686756296651	0.383471782034	0.413765267946
0.110800048908	5.68544404288e-12	3.21812906703e-08	0.686777268813	0.383450809878	0.413780318651
0.110800048909	5.05848740753e-12	2.95629870605e-08	0.686797581058	0.383430497638	0.413794897413
0.11080004891	4.50048920943e-12	2.7180703599e-08	0.686817254146	0.383410824555	0.413809018974
0.11080004891	4.00392119291e-12	2.49974946837e-08	0.686836291314	0.38339178739	0.413822685511
0.110800048911	3.56214197433e-12	2.29896420172e-08	0.68685470732	0.383373371388	0.413835907479
0.110800048912	3.16910654071e-12	2.11430612977e-08	0.686872522426	0.383355556285	0.413848699291
0.110800048912	2.81943682888e-12	1.94447994071e-08	0.686889756234	0.38333832248	0.413861074899
0.110800048913	2.50834814255e-12	1.78829435642e-08	0.686906427707	0.383321651009	0.413873047805
0.110800048913	2.23158368737e-12	1.64465377738e-08	0.686922555189	0.383305523529	0.413884631073
0.110800048914	1.98535632827e-12	1.51255059852e-08	0.686938156428	0.383289922293	0.413895837349
0.110800048914	1.76627114018e-12	1.39206142336e-08	0.68695324859	0.383274830132	0.413906678868
0.110800048914	1.57124518624e-12	1.28208897615e-08	0.686967837552	0.383260241172	0.413917159763
0.110800048914	1.39775312959e-12	1.1808041785e-08	0.686981928936	0.383246149789	0.413927283986
0.110800048915	1.24341732675e-12	1.08752073545e-08	0.686995539711	0.383232539015	0.413937063647
0.110800048915	1.10612265463e-12	1.00160656532e-08	0.687008686265	0.383219392462	0.413946510446
0.110800048915	9.83987525775e-13	9.22479517346e-09	0.687021384429	0.3832066943	0.413955635688
0.110800048915	8.75338103726e-13	8.49603427568e-09	0.687033649493	0.383194429237	0.413964450294
0.110800048915	7.78685365183e-13	7.82484486302e-09	0.687045496226	0.383182582505	0.413972964818
0.110800048916	6.92702461967e-13	7.20782384363e-09	0.687056938894	0.383171139837	0.413981189455
0.110800048916	6.16150419339e-13	6.64980540758e-09	0.687067989486	0.383160089246	0.413989132769
0.110800048916	5.4805823311e-13	6.13498730832e-09	0.687078643732	0.383149435	0.413996791639
0.110800048916	4.87491005248e-13	5.66002515177e-09	0.687088915847	0.383139162885	0.414004176235
0.110800048916	4.33617151705e-13	5.22183344619e-09	0.687098819535	0.383129259198	0.414011296361
0.110800048916	3.85696985584e-13	4.81756556034e-09	0.687108368006	0.383119710727	0.414018161476
0.110800048916	3.43072561905e-13	4.44459523298e-09	0.687117574001	0.383110504732	0.414024780698
0.110800048916	3.05158644557e-13	4.10049951369e-09	0.687126449802	0.383101628932	0.414031162823
0.110800048916	2.71434671451e-13	3.78304302424e-09	0.68713500725	0.383093071484	0.414037316329
0.110800048916	2.41466313569e-13	3.47162797473e-09	0.687143257762	0.383084820972	0.414043249397
0.110800048916	2.14913255058e-13	3.17108087974e-09	0.687151255764	0.383076822971	0.414049001137
0.110800048916	1.91280114145e-13	2.89655270705e-09	0.68715904895	0.383069029785	0.414054605826
0.110800048916	1.70116802105e-13	2.67902262276e-09	0.687166642564	0.383061436171	0.414060067218
0.110800048916	1.51290594976e-13	2.47850371362e-09	0.687173944406	0.38305413433	0.414065318978
0.110800048916	1.34547802433e-13	2.29299305129e-09	0.687180963569	0.383047115167	0.414070367623
0.110800048916	1.19657863949e-13	2.12136732945e-09	0.687187710996	0.383040367739	0.414075221001
0.110800048916	1.06415733638e-13	1.96258731486e-09	0.687194197206	0.38303388153	0.414079886656
0.110800048916	9.46390567571e-14	1.81569155519e-09	0.687200432311	0.383027646425	0.414084371842
0.110800048916	8.41656586526e-14	1.6797905577e-09	0.68720642603	0.383021652706	0.414088683533
0.110800048916	7.48513115832e-14	1.55406140363e-09	0.687212187709	0.383015891027	0.414092828435
0.110800048916	6.65677486655e-14	1.43774276562e-09	0.687217726329	0.383010352407	0.414096812994
0.110800048916	5.92008975994e-14	1.330130298e-09	0.687223050525	0.383005028211	0.414100643408
0.110800048917	5.26493098503e-14	1.23057237213e-09	0.687228168599	0.382999910137	0.414104325635
0.110800048917	4.68224231657e-14	1.13887397923e-09	0.687233088529	0.382994990207	0.414107865403
0.110800048917	4.16342129373e-14	1.0562946466e-09	0.687237816258	0.382990262478	0.414111266978
0.110800048917	3.70208855362e-14	9.79703068078e-10	0.687242348787	0.382985729949	0.41411452819
0.110800048917	3.29187410898e-14	9.08665081673e-10	0.687246694176	0.382981384561	0.414117654827
0.110800048917	2.92711379327e-14	8.42778005235e-10	0.687250860149	0.382977218587	0.414120652441
0.110800048917	2.60277105368e-14	7.81668353984e-10	0.687254854116	0.38297322462	0.414123526351
0.110800048917	2.3143674095e-14	7.24989723547e-10	0.687258683177	0.38296939556	0.41412628166
0.110800048917	2.05792061593e-14	6.72420826475e-10	0.68726235414	0.382965724596	0.41412892326
0.110800048917	1.82988967936e-14	6.23663671118e-10	0.687265873534	0.382962205203	0.414131455842
0.110800048917	1.62712596515e-14	5.78441872536e-10	0.687269247615	0.382958831121	0.414133883901
0.110800048917	1.44682972274e-14	5.36499085878e-10	0.687272482384	0.382955596353	0.41413621175
0.110800048917	1.28651142789e-14	4.97597553347e-10	0.687275583592	0.382952495145	0.414138443523
0.110800048917	1.14395740834e-14	4.61516756514e-10	0.687278556753	0.382949521983	0.414140583184
0.110800048917	1.0170834214e-14	4.28905721496e-10	0.687281407155	0.382946671582	0.414142634532
0.110800048917	9.04260304115e-15	3.98683280659e-10	0.687284134116	0.38294394462	0.414144597074
0.110800048917	8.03952405711e-15	3.70590426251e-10	0.687286742373	0.382941336363	0.414146474213
0.110800048917	7.1477144566e-15	3.44477100701e-10	0.687289237092	0.382938841644	0.414148269666
0.110800048917	6.35483141016e-15	3.2020381986e-10	0.687291623215	0.382936455521	0.414149986985
0.110800048917	5.64990124055e-15	2.9764092799e-10	0.687293905469	0.382934173267	0.414151629569
0.110800048917	5.02316754792e-15	2.76667905239e-10	0.687296088376	0.38293199036	0.414153200671
0.110800048917	4.46595618161e-15	2.57172723911e-10	0.68729817626	0.382929902476	0.414154703399
0.110800048917	3.97055519011e-15	2.39051250097e-10	0.687300173257	0.382927905479	0.414156140729
0.110800048917	3.53010808757e-15	2.22206687465e-10	0.687302083324	0.382925995412	0.414157515505
0.110800048917	3.13851895985e-15	2.06549060238e-10	0.687303910245	0.382924168492	0.414158830451
0.110800048917	2.79036809676e-15	1.91994732607e-10	0.687305657638	0.382922421098	0.414160088168
0.110800048917	2.48083697338e-15	1.78465995506e-10	0.687307328966	0.38292074977	0.414161291147
0.110800048917	2.205641516e-15	1.65890617315e-10	0.68730892754	0.382919151197	0.414162441769
0.110800048917	1.96097302248e-15	1.54201344723e-10	0.687310456525	0.382917622211	0.414163542313
0.110800048917	1.74344519584e-15	1.43335739857e-10	0.687311918952	0.382916159785	0.414164594957
0.110800048917	1.5500473734e-15	1.33235764392e-10	0.687313317717	0.38291476102	0.414165601786
0.110800048917	1.37810285865e-15	1.23847469545e-10	0.687314655591	0.382913423145	0.414166564793
0.110800048917	1.22523187529e-15	1.15120707922e-10	0.687315935226	0.382912143511	0.414167485885
0.110800048917	1.08931863059e-15	1.07008865661e-10	0.687317159156	0.382910919581	0.414168366887
0.110800048917	9.68482032371e-16	9.94686134521e-11	0.687318329806	0.38290974893	0.414169209543
0.110800048917	8.61049654214e-16	9.24596750997e-11	0.687319449496	0.38290862924	0.414170015522
0.110800048917	7.6553458869e-16	8.5944612393e-11	0.687320520444	0.382907558292	0.41417078642
0.110800048917	6.8061486814e-16	7.98886251342e-11	0.687321544772	0.382906533965	0.414171523763
0.110800048917	6.05115168286e-16	7.42593652572e-11	0.687322524509	0.382905554228	0.414172229013
0.110800048917	5.37990541397e-16	6.90267640444e-11	0.687323461596	0.382904617141	0.414172903565
0.110800048917	4.78311953899e-16	6.41628715169e-11	0.68732435789	0.382903720847	0.414173548756
0.110800048917	4.25253428262e-16	5.9641707143e-11	0.687325215167	0.38290286357	0.414174165863
0.110800048917	3.78080609276e-16	5.54391320624e-11	0.687326035124	0.382902043612	0.41417475611
0.110800048917	3.36140600782e-16	5.15326938296e-11	0.687326819388	0.382901259349	0.414175320664
0.110800048917	2.98852941315e-16	4.79015167575e-11	0.68732756951	0.382900509226	0.414175860644
0.110800048917	2.6570155256e-16	4.45262050314e-11	0.687328286978	0.382899791758	0.41417637712
0.110800048917	2.36227603939e-16	4.13887295259e-11	0.687328973213	0.382899105523	0.414176871114
0.110800048917	2.10023162222e-16	3.84723315039e-11	0.687329629575	0.382898449162	0.414177343605
0.110800048917	1.86725545578e-16	3.57614331014e-11	0.687330257363	0.382897821373	0.414177795529
0.110800048917	1.66012303915e-16	3.32415541203e-11	0.687330857823	0.382897220914	0.414178227782
0.110800048917	1.47596756043e-16	3.08992346834e-11	0.687331432143	0.382896646594	0.414178641218
0.110800048917	1.31224021889e-16	2.87219633398e-11	0.687331981461	0.382896097275	0.414179036658
0.110800048917	1.16667494851e-16	2.66981102357e-11	0.687332506867	0.38289557187	0.414179414885
0.110800048917	1.03725705472e-16	2.48168649949e-11	0.6873330094	0.382895069337	0.414179776647
0.110800048917	9.22195330118e-17	2.30681789756e-11	0.687333490056	0.38289458868	0.414180122662
0.110800048917	8.1989726342e-17	2.14427115965e-11	0.687333949789	0.382894128948	0.414180453615
0.110800048917	7.289469984e-17	1.99317804446e-11	0.687334389508	0.382893689228	0.414180770161
0.110800048917	6.48085737816e-17	1.85273148986e-11	0.687334810085	0.382893268651	0.414181072929
0.110800048917	5.76194317036e-17	1.72218154425e-11	0.687335212353	0.382892866383	0.414181362516
0.110800048917	5.12277725366e-17	1.60083065853e-11	0.68733559711	0.382892481627	0.414181639498
0.110800048917	4.55451327096e-17	1.48803057171e-11	0.687335965117	0.38289211362	0.414181904422
0.110800048917	4.04928615695e-17	1.38317876585e-11	0.687336317104	0.382891761633	0.414182157815
0.110800048917	3.60010330785e-17	1.28571517833e-11	0.687336653767	0.382891424969	0.414182400176
0.110800048917	3.20074780047e-17	1.19511921042e-11	0.687336975775	0.382891102961	0.414182631988
0.110800048917	2.84569234703e-17	1.11090694642e-11	0.687337283765	0.382890794971	0.414182853708
0.110800048917	2.53002279485e-17	1.03262856895e-11	0.687337578347	0.382890500389	0.414183065777
0.110800048917	2.24937011207e-17	9.59865956245e-12	0.687337860106	0.382890218631	0.414183268614
0.110800048917	1.99984991816e-17	8.92230448769e-12	0.687338129598	0.382889949138	0.414183462621
0.110800048917	1.77800872217e-17	8.2936077323e-12	0.687338387359	0.382889691377	0.414183648183
0.110800048917	1.58077612472e-17	7.7092111285e-12	0.687338633899	0.382889444838	0.414183825667
0.110800048917	1.4054223221e-17	7.16599313624e-12	0.687338869706	0.38288920903	0.414183995425
0.110800048917	1.2495203245e-17	6.66105216959e-12	0.687339095248	0.382888983488	0.414184157793
0.110800048917	1.1109123652e-17	6.1916910981e-12	0.687339310971	0.382888767765	0.414184313093
0.110800048917	9.87680035935e-18	5.75540285478e-12	0.687339517304	0.382888561433	0.414184461633
0.110800048917	8.78117730591e-18	5.34985745772e-12	0.687339714654	0.382888364083	0.414184603706
0.110800048917	7.80709053937e-18	4.97288816897e-12	0.687339903413	0.382888175324	0.414184739595
0.110800048917	6.94105817367e-18	4.62248141975e-12	0.687340083955	0.382887994782	0.414184869568
0.110800048917	6.17109385295e-18	4.29676552402e-12	0.687340256637	0.3828878221	0.414184993883
0.110800048917	5.4865408542e-18	3.99400068092e-12	0.687340421801	0.382887656935	0.414185112786
0.110800048917	4.87792459261e-18	3.71256968175e-12	0.687340579776	0.38288749896	0.414185226514
0.110800048917	4.33682148842e-18	3.45096927174e-12	0.687340730874	0.382887347863	0.41418533529
0.110800048917	3.85574238015e-18	3.20780212042e-12	0.687340875394	0.382887203343	0.414185439331
0.110800048917	3.42802887064e-18	2.98176935793e-12	0.687341013622	0.382887065114	0.414185538843
0.110800048917	3.04776117139e-18	2.7716636371e-12	0.687341145833	0.382886932903	0.414185634024
0.110800048917	2.70967616946e-18	2.5763626845e-12	0.687341272289	0.382886806448	0.41418572506
0.110800048917	2.40909458327e-18	2.39482330585e-12	0.687341393239	0.382886685497	0.414185812134
0.110800048917	2.14185619884e-18	2.22607581383e-12	0.687341508924	0.382886569812	0.414185895417
0.110800048917	1.90426229017e-18	2.06921884857e-12	0.687341619573	0.382886459163	0.414185975075
0.110800048917	1.69302442693e-18	1.92341456305e-12	0.687341725405	0.382886353331	0.414186051265
0.110800048917	1.50521896045e-18	1.78788416959e-12	0.68734182663	0.382886252106	0.414186124138
0.110800048917	1.33824655672e-18	1.66190376385e-12	0.687341923449	0.382886155288	0.414186193839
0.110800048917	1.18979622964e-18	1.544800365e-12	0.687342016052	0.382886062684	0.414186260505
0.110800048917	1.05781334459e-18	1.43594846916e-12	0.687342104625	0.382885974112	0.41418632427
0.110800048917	9.40471185407e-19	1.33476664756e-12	0.687342189341	0.382885889396	0.414186385258
0.110800048917	8.3614567159e-19	1.24071444085e-12	0.687342270369	0.382885808367	0.414186443592
0.110800048917	7.43392880185e-19	1.15328947226e-12	0.687342347871	0.382885730866	0.414186499386
0.110800048917	6.60929061084e-19	1.07202476416e-12	0.687342421998	0.382885656739	0.414186552752
0.110800048917	5.87612869228e-19	9.96486243736e-13	0.687342492898	0.382885585839	0.414186603794
0.110800048917	5.22429567768e-19	9.26270424422e-13	0.687342560712	0.382885518025	0.414186652614
0.110800048917	4.64476983551e-19	8.61002250656e-13	0.687342625573	0.382885453163	0.414186699309
0.110800048917	4.12953020549e-19	8.0033309456e-13	0.687342687611	0.382885391125	0.414186743971
0.110800048917	3.67144558413e-19	7.43938893751e-13	0.687342746948	0.382885331788	0.414186786689
0.110800048917	3.2641758249e-19	6.91518420373e-13	0.687342803703	0.382885275034	0.414186827547
0.110800048917	2.90208408716e-19	6.42791672103e-13	0.687342857986	0.382885220751	0.414186866627
0.110800048917	2.58015881918e-19	5.97498376527e-13	0.687342909906	0.38288516883	0.414186904005
0.110800048917	2.29394439488e-19	5.55396607277e-13	0.687342959566	0.38288511917	0.414186939756
0.110800048917	2.03947944519e-19	5.16261477032e-13	0.687343007065	0.382885071672	0.414186973951
0.110800048917	1.81324203568e-19	4.79883940692e-13	0.687343052495	0.382885026241	0.414187006657
0.110800048917	1.612100914e-19	4.46069688868e-13	0.687343095948	0.382884982789	0.41418703794
0.110800048917	1.4332721744e-19	4.14638103866e-13	0.687343137509	0.382884941228	0.41418706786
0.110800048917	1.27428072695e-19	3.85421294924e-13	0.687343177261	0.382884901476	0.414187096479
0.110800048917	1.1329260409e-19	3.58263201427e-13	0.687343215282	0.382884863455	0.414187123851
0.110800048917	1.00725168816e-19	3.33018759318e-13	0.687343251648	0.382884827088	0.414187150031
0.110800048917	8.95518265183e-20	3.09553126241e-13	0.687343286431	0.382884792305	0.414187175072
0.110800048917	7.96179318714e-20	2.87740961292e-13	0.6873433197	0.382884759037	0.414187199023
0.110800048917	7.07859941969e-20	2.67465755504e-13	0.68734335152	0.382884727216	0.414187221931
0.110800048917	6.29337745183e-20	2.4861920953e-13	0.687343381956	0.382884696781	0.414187243842
0.110800048917	5.59525937045e-20	2.31100655158e-13	0.687343411066	0.382884667671	0.414187264799
0.110800048917	4.97458282905e-20	2.148165176e-13	0.687343438909	0.382884639828	0.414187284844
0.110800048917	4.42275731546e-20	1.99679815663e-13	0.68734346554	0.382884613197	0.414187304016
0.110800048917	3.93214525432e-20	1.85609697143e-13	0.687343491012	0.382884587725	0.414187322354
0.110800048917	3.49595629741e-20	1.72531008379e-13	0.687343515374	0.382884563362	0.414187339893
0.110800048917	3.10815334507e-20	1.6037388875e-13	0.687343538677	0.38288454006	0.414187356669
0.110800048917	2.76336898725e-20	1.49073400943e-13	0.687343560964	0.382884517772	0.414187372714
0.110800048917	2.45683121432e-20	1.38569183781e-13	0.687343582282	0.382884496455	0.414187388061
0.110800048917	2.18429737091e-20	1.28805129342e-13	0.687343602671	0.382884476065	0.41418740274
0.110800048917	1.94199543512e-20	1.19729083256e-13	0.687343622173	0.382884456563	0.41418741678
0.110800048917	1.72657181166e-20	1.11292566126e-13	0.687343640826	0.38288443791	0.414187430208
0.110800048917	1.53504491621e-20	1.03450514577e-13	0.687343658667	0.38288442007	0.414187443052
0.110800048917	1.36476390858e-20	9.61610405521e-14	0.687343675731	0.382884403005	0.414187455337
0.110800048917	1.21337200365e-20	8.93852075691e-14	0.687343692053	0.382884386684	0.414187467087
0.110800048917	1.07877385211e-20	8.30868227409e-14	0.687343707663	0.382884371073	0.414187478326
0.110800048917	9.59106539634e-21	7.72322434538e-14	0.687343722595	0.382884356142	0.414187489075
0.110800048917	8.52713803142e-21	7.17901976667e-14	0.687343736876	0.382884341861	0.414187499357
0.110800048917	7.58123107143e-21	6.67316168719e-14	0.687343750535	0.382884328201	0.41418750919
0.110800048917	6.74025263045e-21	6.20294808274e-14	0.6873437636	0.382884315136	0.414187518596
0.110800048917	5.99256309234e-21	5.76586732296e-14	0.687343776096	0.38288430264	0.414187527592
0.110800048917	5.32781401021e-21	5.35958478382e-14	0.687343788049	0.382884290688	0.414187536197
0.110800048917	4.7368048838e-21	4.98193028781e-14	0.68734379948	0.382884279256	0.414187544427
0.110800048917	4.21135581314e-21	4.63088660613e-14	0.687343810415	0.382884268322	0.414187552299
0.110800048917	3.74419428643e-21	4.3045786508e-14	0.687343820873	0.382884257864	0.414187559828
0.110800048917	3.32885452438e-21	4.00126345882e-14	0.687343830876	0.382884247861	0.414187567029
0.110800048917	2.95958799011e-21	3.71932088228e-14	0.687343840443	0.382884238293	0.414187573917
0.110800048917	2.63128382625e-21	3.45724493438e-14	0.687343849594	0.382884229143	0.414187580505
0.110800048917	2.33939811772e-21	3.21363574522e-14	0.687343858347	0.38288422039	0.414187586806
0.110800048917	2.07989100145e-21	2.98719208449e-14	0.687343866718	0.382884212018	0.414187592833
0.110800048917	1.84917075233e-21	2.77670441094e-14	0.687343874725	0.382884204011	0.414187598597
0.110800048917	1.64404407177e-21	2.58104841171e-14	0.687343882384	0.382884196353	0.414187604111
0.110800048917	1.4616718906e-21	2.39917899683e-14	0.687343889709	0.382884189028	0.414187609384
0.110800048917	1.29953007478e-21	2.23012471687e-14	0.687343896715	0.382884182021	0.414187614428
0.110800048917	1.15537448995e-21	2.07298257406e-14	0.687343903416	0.38288417532	0.414187619253
0.110800048917	1.02720994135e-21	1.92691319888e-14	0.687343909826	0.382884168911	0.414187623867
0.110800048917	9.13262559163e-22	1.79113636783e-14	0.687343915956	0.38288416278	0.414187628281
0.110800048917	8.11955247114e-22	1.66492683541e-14	0.68734392182	0.382884156917	0.414187632502
0.110800048917	7.21885854887e-22	1.54761045385e-14	0.687343927428	0.382884151308	0.414187636539
0.110800048917	6.4180777117e-22	1.43856058164e-14	0.687343932792	0.382884145944	0.414187640401
0.110800048917	5.70612670012e-22	1.33719473256e-14	0.687343937923	0.382884140813	0.414187644095
0.110800048917	5.07315170957e-22	1.24297146433e-14	0.68734394283	0.382884135906	0.414187647628
0.110800048917	4.51039200826e-22	1.15538748655e-14	0.687343947524	0.382884131212	0.414187651007
0.110800048917	4.01005868371e-22	1.07397497233e-14	0.687343952013	0.382884126723	0.414187654239
0.110800048917	3.56522683976e-22	9.98299059462e-15	0.687343956307	0.382884122429	0.41418765733
0.110800048917	3.16973975213e-22	9.27955527608e-15	0.687343960414	0.382884118322	0.414187660287
0.110800048917	2.81812365584e-22	8.62568639149e-15	0.687343964343	0.382884114394	0.414187663115
0.110800048917	2.50551198527e-22	8.01789132216e-15	0.6873439681	0.382884110637	0.41418766582
0.110800048917	2.22757801808e-22	7.45292355111e-15	0.687343971693	0.382884107043	0.414187668407
0.110800048917	1.98047499094e-22	6.92776532195e-15	0.687343975131	0.382884103606	0.414187670881
0.110800048917	1.76078285821e-22	6.4396115196e-15	0.687343978418	0.382884100318	0.414187673248
0.110800048917	1.56546095648e-22	5.98585468689e-15	0.687343981563	0.382884097174	0.414187675512
