0.0	0.114837963819	0.727623620821	1.0	0.0	0.0
3.04786234396e-12	0.114837937412	0.727623530917	1.00000003134	3.04786243613e-08	0.0001
3.80398801864e-12	0.1148379344	0.727623520663	1.00000003492	3.53311595265e-08	0.000107666665887
4.7476963058e-12	0.114837930909	0.727623508776	1.00000003906	4.09562721394e-08	0.00011592110938
5.92552342484e-12	0.114837926862	0.727623494997	1.00000004387	4.74769648814e-08	0.000124808393388
7.39555047663e-12	0.11483792217	0.727623479024	1.00000004944	5.50358239779e-08	0.000134377035638
9.23026753974e-12	0.114837916732	0.727623460507	1.00000005589	6.37981371442e-08	0.000144679273537
1.15201483014e-11	0.114837910427	0.727623439043	1.00000006338	7.39555072444e-08	0.000155771349347
1.43781114948e-11	0.114837903119	0.727623414162	1.00000007205	8.57300428203e-08	0.000167713817221
1.79450891437e-11	0.114837894647	0.727623385319	1.00000008211	9.9379214196e-08	0.000180571873776
2.23969761942e-11	0.114837884827	0.727623351884	1.00000009376	1.1520148407e-07	0.000194415714009
2.79533042324e-11	0.114837873443	0.727623313125	1.00000010728	1.33542833166e-07	0.000209320914502
3.48880670001e-11	0.114837860246	0.727623268196	1.00000012294	1.54804326374e-07	0.000225368846001
4.35432315344e-11	0.114837844949	0.727623216114	1.0000001411	1.7945088237e-07	0.000242647117622
5.434560118e-11	0.114837827216	0.72762315574	1.00000016215	2.08021439322e-07	0.000261250055121
6.78278620153e-11	0.11483780666	0.727623085753	1.00000018655	2.41140740514e-07	0.00028127921581
8.46548505114e-11	0.114837782831	0.727623004624	1.00000021483	2.79532994328e-07	0.000302843942966
1.05656337711e-10	0.114837755208	0.727622910578	1.00000024762	3.24037710691e-07	0.000326061962725
1.3186794654e-10	0.114837723187	0.727622801559	1.00000028563	3.75628058004e-07	0.000351060026737
1.64582219908e-10	0.114837686068	0.727622675184	1.00000032969	4.35432142257e-07	0.000377974604087
2.05412357791e-10	0.114837643039	0.727622528687	1.00000038076	5.04757675006e-07	0.000406952626245
2.56371766157e-10	0.11483759316	0.727622358867	1.00000043997	5.85120567802e-07	0.000438152289128
3.19973340306e-10	0.11483753534	0.72762216201	1.0000005086	6.78278078496e-07	0.000471743916629
3.99353378184e-10	0.114837468314	0.727621933811	1.00000058816	7.86267236608e-07	0.000507910890334
4.98426233743e-10	0.114837390617	0.727621669281	1.00000068039	9.11449383118e-07	0.000546850650499
6.2207733603e-10	0.114837300549	0.727621362634	1.0000007873	1.05656180339e-06	0.000588775773733
7.76404091391e-10	0.114837196142	0.727621007167	1.00000091123	1.22477757919e-06	0.000633915133271
9.69016546973e-10	0.114837075113	0.727620595105	1.00000105489	1.41977496822e-06	0.000682515148153
1.20941264018e-09	0.114836934814	0.727620117439	1.00000122143	1.64581782969e-06	0.000734841128123
1.50944653589e-09	0.114836772179	0.727619563725	1.00000141448	1.90784885199e-06	0.00079117872156
1.88391314263e-09	0.114836583651	0.727618921854	1.00000163826	2.21159762162e-06	0.000851835474333
2.3512776261e-09	0.114836365107	0.727618177791	1.00000189767	2.56370589461e-06	0.000917142508058
2.93458588645e-09	0.11483611177	0.727617315268	1.00000219839	2.97187280873e-06	0.000987456326886
3.66260088595e-09	0.1148358181	0.727616315423	1.00000254698	3.44502321044e-06	0.00106316076264
4.57122084597e-09	0.114835477676	0.727615156396	1.00000295106	3.99350277349e-06	0.00114466906886
5.70524922481e-09	0.114835083055	0.727613812844	1.00000341949	4.62930417355e-06	0.00123242617515
7.12060372463e-09	0.114834625608	0.72761225539	1.00000396248	5.36632925989e-06	0.00132691111397
8.88707321058e-09	0.114834095334	0.727610449981	1.00000459193	6.22069295017e-06	0.00142863963318
1.10917584225e-08	0.11483348064	0.727608357141	1.00000532159	7.21107548606e-06	0.0015381670082
1.38433660483e-08	0.114832768086	0.727605931115	1.00000616741	8.35913074091e-06	0.0016560910693
1.72775677634e-08	0.114831942094	0.727603118859	1.00000714789	9.68995949388e-06	0.00178305546001
2.15636882939e-08	0.114830984606	0.727599858888	1.00000828446	1.12326579977e-05	0.00191975314451
2.69130520023e-08	0.114829874692	0.727596079933	1.00000960198	1.30209538111e-05	0.00206693018253
3.35893991461e-08	0.114828588089	0.727591699376	1.00001112924	1.50939427618e-05	0.00222538979213
4.19218848239e-08	0.114827096672	0.727586621455	1.00001289965	1.7496943108e-05	0.00239599672207
5.23213006978e-08	0.114825367843	0.727580735164	1.00001495189	2.02824855099e-05	0.0025796819569
6.53003180943e-08	0.114823363817	0.727573911834	1.00001733083	2.35114603731e-05	0.00277744777976
8.14987487968e-08	0.114821040798	0.727566002321	1.00002008848	2.72544475348e-05	0.0029903732195
1.01715066418e-07	0.11481834802	0.727556833749	1.0000232851	3.15932572107e-05	0.00321961991078
1.26945738726e-07	0.114815226647	0.727546205738	1.00002699058	3.66227156888e-05	0.0034664383974
1.58434304683e-07	0.114811608484	0.727533886034	1.00003128588	4.24527345309e-05	0.00373217491167
1.97732607889e-07	0.114807414495	0.727519605438	1.00003626487	4.92107081499e-05	0.00401827866424
2.46777193843e-07	0.114802553079	0.727503051941	1.00004203636	5.70442916753e-05	0.00432630968137
3.0798462077e-07	0.114796918078	0.727483863923	1.00004872643	6.61246191631e-05	0.00465794722878
3.84370358592e-07	0.114790386469	0.727461622274	1.00005648123	7.66500315972e-05	0.00501499886347
4.79697102472e-07	0.114782815689	0.727435841275	1.00006547015	8.88503949583e-05	0.00539941015722
5.98659761461e-07	0.114774040544	0.727405958029	1.00007588947	0.000102992101116	0.00581327513779
7.47116167636e-07	0.114763869623	0.727371320229	1.00008796668	0.000119383858654	0.00625884749597
9.32374771415e-07	0.114752081159	0.727331171994	1.00010196542	0.000138383397254	0.00673855260859
1.16355334937e-06	0.114738418233	0.727284637473	1.00011819115	0.000160405228188	0.00725500042942
1.45202618109e-06	0.114722583231	0.727230701877	1.00013699783	0.000185929625203	0.00781099930108
1.81198141093e-06	0.114704231438	0.727168189531	1.00015879556	0.000215513014891	0.00840957074209
2.2611155945e-06	0.114682963635	0.727095738492	1.00018405947	0.000249799993978	0.0090539652631
2.8214989792e-06	0.114658317552	0.727011771203	1.00021333994	0.000289537223188	0.00974767926535
3.52065317575e-06	0.114629758002	0.726914460591	1.00024727448	0.000335589483891	0.0104944730725
4.3928929021e-06	0.114596665507	0.726801690901	1.00028660142	0.000388958225031	0.0112983901423
5.48099585427e-06	0.114558323191	0.726671012489	1.00033217575	0.000450802974228	0.0121637774999
6.83828000469e-06	0.114513901694	0.726519589686	1.00038498735	0.000522466038784	0.013095307423
8.5311863717e-06	0.114462441825	0.726344140693	1.00044618208	0.000605500979825	0.0140980004004
1.06424882881e-05	0.114402834651	0.726140868379	1.00051708601	0.000701705405993	0.0151772493634
1.32752762956e-05	0.114333798664	0.725905380689	1.00059923343	0.000813158701728	0.0163388451723
1.65579020194e-05	0.114253853662	0.725632599197	1.00069439894	0.000942265378556	0.017589003305
2.0650105888e-05	0.114161290931	0.725316654229	1.00080463437	0.00109180481472	0.0189343916602
2.57506036475e-05	0.114054139282	0.724950764765	1.00093231117	0.00126498822674	0.0203821593341
3.21064666634e-05	0.113930126509	0.724527101219	1.00108016878	0.00146552379301	0.0219399661699
4.00247024344e-05	0.11378663579	0.724036629016	1.00125137011	0.00169769091883	0.0236160127947
4.98865259069e-05	0.113620656585	0.723468930807	1.00144956456	0.00196642468838	0.0254190707629
6.21649101641e-05	0.113428729649	0.722812005081	1.00167895973	0.0022774115805	0.0273585122947
7.74461173875e-05	0.113206885813	0.722052038973	1.00194440263	0.00263719751951	0.0294443389479
9.64560371779e-05	0.112950578387	0.721173153199	1.00225147118	0.00305330926932	0.0316872083695
0.000120092297224	0.112654609211	0.72015711737	1.00260657696	0.00353439003498	0.0340984580394
0.000149463256199	0.112313048761	0.718983034493	1.00301707982	0.00409034987539	0.0366901246437
0.000185935132025	0.111919151124	0.717626994348	1.00349141473	0.00473253111255	0.0394749573743
0.000231188645974	0.111465265359	0.716061696779	1.0040392311	0.00547388828905	0.0424664230591
0.000287286738438	0.110942744898	0.714259974347	1.00467154408	0.00632918321647	0.045678700559
0.000356754694674	0.110341859807	0.712186192723	1.00540089304	0.00731519114408	0.0491266434344
0.000442673709143	0.109651718745	0.709797885137	1.00624151527	0.00845090006425	0.0528257623713
0.00054879027843	0.108860198978	0.707050130791	1.00720952279	0.00975772888977	0.056792174563
0.000679640496768	0.107953904536	0.703892512737	1.0083230741	0.0112597241751	0.0610425062184
0.000840689631431	0.106918157765	0.700268750717	1.0096025389	0.0129837348124	0.0655937736605
0.00103848506684	0.105737040148	0.696117991208	1.01107064271	0.0149595451167	0.0704632252184
0.0012808210438	0.104393488485	0.691384688167	1.0127525738	0.0172199765434	0.0756681256759
0.00157689647661	0.102869526246	0.685981272616	1.01467601003	0.0198007772318	0.0812254141975
0.00193747719841	0.101146538441	0.679827010431	1.0168711523	0.0227405015127	0.0871515680987
0.00237503074601	0.0992057147789	0.672854106109	1.01937056826	0.0260801949197	0.0934621261067
0.00290380622326	0.09702868657	0.664963845909	1.02220885581	0.029862766463	0.100171062613
0.00353984658167	0.0945983074243	0.656068441333	1.02542228205	0.0341320374847	0.107290497629
0.00430091392305	0.0918995712068	0.646085766868	1.02904806089	0.038931731307	0.114829947568
0.00520621183441	0.0889208945475	0.634929050375	1.03312340129	0.044303465725	0.122795604658
0.00627600464426	0.0856552839026	0.622514982781	1.03768431571	0.0502850846869	0.131189656585
0.0075309429118	0.0821018204371	0.608798367408	1.04276415894	0.0569078076432	0.140009615324
0.00899112640059	0.0782671658329	0.593715841247	1.0483915975	0.0641931183054	0.149247174517
0.0106750128612	0.0741666555169	0.577244069931	1.05458881518	0.0721497590128	0.158887977409
0.0125980195838	0.0698253361943	0.559386390112	1.06136917031	0.0807701363295	0.168910785242
0.0147709894125	0.0652784514701	0.540176698485	1.06873495567	0.09002691121	0.179287056814
0.0171986234275	0.060571257296	0.519682124431	1.07667532844	0.0998700668925	0.189980777711
0.0198780350562	0.0557580462584	0.498007044271	1.08516464191	0.110224828149	0.20094860759
0.0227976426947	0.0509002832222	0.475310650833	1.09416137736	0.120991089256	0.212140330083
0.0259364041306	0.0460641818444	0.451749048132	1.10360759047	0.132043896637	0.223499250369
0.0292641749318	0.0413169638467	0.427535401727	1.11343037047	0.143237928857	0.234964164166
0.0327421445393	0.0367238252864	0.402903919953	1.12354319939	0.154410989684	0.246470149788
0.0363245488081	0.032344158579	0.378080961708	1.13384880376	0.165392252381	0.257950170929
0.0399607876305	0.0282285335577	0.353326346831	1.14424333764	0.176010130009	0.269337323094
0.0435979219737	0.0244164973623	0.328858315435	1.15461985862	0.186101646151	0.280565651584
0.0471834805827	0.0209351665801	0.304912443169	1.16487359837	0.195520926625	0.29157268645
0.0506679808331	0.0177990695701	0.281669449949	1.17490518175	0.204147176118	0.302299742968
0.054007256719	0.015010767314	0.259315231327	1.18462510998	0.211889918926	0.312693978233
0.0571639763942	0.0125624909093	0.237967356923	1.19395543277	0.218692159247	0.32270800502
0.060109103494	0.0104378153022	0.217745575564	1.20283278477	0.22453159244	0.332301743513
0.0628218829615	0.00861421385601	0.198721553121	1.21120795365	0.22941754343	0.341441336817
0.0652901109025	0.00706494515041	0.180930629812	1.21904649565	0.233388298458	0.35009993933
0.0675095773226	0.00576103385832	0.164400116026	1.2263282082	0.236505638411	0.358257921052
0.0694829093265	0.00467306821755	0.149126166312	1.23304507654	0.238848479711	0.365901844671
0.0712185393505	0.00377241107441	0.135098250643	1.23919998812	0.240506960585	0.373024573264
0.0727295362031	0.00303208380579	0.122309981041	1.24480444136	0.241577535157	0.379624325735
0.0740321349485	0.00242746010022	0.11075357651	1.24987586726	0.242157905446	0.385703156412
0.0751451452393	0.00193630578884	0.100301360477	1.25443559359	0.242345809675	0.391265923584
0.0760872878434	0.0015395935421	0.0908577868094	1.25851126018	0.24222527065	0.396324689698
0.0768776222855	0.00122086200467	0.0823066872897	1.26213483112	0.241870666218	0.400897723908
0.0775356323789	0.000965769238929	0.0745385463172	1.2653421068	0.241348022794	0.405009924129
0.0780885768538	0.000759025455122	0.0703586733912	1.26817060443	0.24074687391	0.408690694353
0.0785442605036	0.000594022459308	0.0670479655242	1.27054749992	0.240184392045	0.411825081902
0.0789129105878	0.000464103067704	0.0638717848508	1.27251515578	0.239670259954	0.41444942362
0.0792090284818	0.000362086803233	0.0608291718046	1.2741395956	0.239203786646	0.416636948612
0.0794437334548	0.000282737861825	0.0554121070461	1.27547759687	0.238777351057	0.418453457287
0.0796236412827	0.000222867275957	0.0480980176106	1.27662903546	0.23832082167	0.420027890827
0.0797675339948	0.00017566368156	0.0415793116451	1.27767750806	0.237825382829	0.421471185438
0.0798825002522	0.000138451838586	0.0358257718213	1.278635616	0.237307066923	0.422798620974
0.079974276812	0.000109116583281	0.030783549923	1.27951366685	0.236778554262	0.424022673267
0.0800474712581	8.5994220665e-05	0.0263977238399	1.28032027304	0.236249562935	0.425153768258
0.080105804511	6.77681370509e-05	0.0226020065714	1.28106253522	0.235727690939	0.426200476136
0.0801522644616	5.34004231761e-05	0.0193317243504	1.28174646342	0.235218655136	0.427170051493
0.0801892429113	4.20742926586e-05	0.0165233146629	1.28237714813	0.234726696168	0.428068635487
0.080218651169	3.31473367034e-05	0.0141152725311	1.28295899125	0.234254826945	0.428901551623
0.0802420159799	2.61140090582e-05	0.0120494768891	1.28349595562	0.233804976243	0.429673638115
0.0802605679881	2.05728236241e-05	0.0102625452423	1.28399180588	0.233378103242	0.430389577203
0.0802752662194	1.62144595969e-05	0.00871901594123	1.28445069329	0.232973723218	0.431054732478
0.0802869326143	1.27784740598e-05	0.00740726545997	1.28487657852	0.23259099748	0.431674309848
0.0802959389576	1.01424656262e-05	0.00594826746149	1.28527180501	0.232229016374	0.432251257799
0.0803031170561	8.05409724163e-06	0.0047663195479	1.28566249741	0.231864765871	0.43282348006
0.0803088516986	6.39560129735e-06	0.00381915563134	1.28604971964	0.231498624732	0.433392500425
0.0803134757536	5.06625133718e-06	0.00312802647316	1.28643349644	0.231131811112	0.433958325371
0.0803171745324	4.00915204938e-06	0.00257260907436	1.28680473127	0.230774117042	0.434507444655
0.0803201185548	3.17254699706e-06	0.00211577073042	1.2871619878	0.230427616584	0.435037559589
0.0803224612953	2.51046615781e-06	0.0017400258591	1.28750578684	0.230092360245	0.435549265657
0.0803243251472	1.98651709309e-06	0.00143098739107	1.2878366307	0.229768300141	0.43604314401
0.080325807687	1.5718915869e-06	0.00117681858901	1.28815500367	0.229455313359	0.436519761516
0.0803269866836	1.24378647414e-06	0.000967781574889	1.28846137252	0.229153220449	0.436979670841
0.0803279241013	9.84152829818e-07	0.000795865592607	1.28875618703	0.228861800034	0.437423410535
0.0803286692987	7.78705394393e-07	0.000654480983077	1.2890398805	0.228580800327	0.437851505143
0.080329261583	6.16138191344e-07	0.000538207295478	1.2893128703	0.228309948197	0.438264465328
0.0803296923326	4.9839124075e-07	0.000363066775714	1.28957555835	0.228048812691	0.438662788017
0.0803300290196	4.06741763239e-07	0.000223263380535	1.2898904035	0.227735179544	0.439141426968
0.080330315085	3.2929209282e-07	0.000165104177026	1.29030786942	0.227318741776	0.439778150381
0.080330569584	2.60869733717e-07	0.000134721548741	1.29076473809	0.226862785597	0.440477700019
0.0803307727224	2.06649262005e-07	0.000110088609739	1.29120835206	0.226419898127	0.441159699494
0.0803309351856	1.63589826344e-07	9.03148388048e-05	1.29163844414	0.225990385647	0.441823508803
0.0803310646853	1.29500606867e-07	7.40917702187e-05	1.29205351693	0.225575773751	0.442466576706
0.0803311684871	1.02356305309e-07	6.15452630314e-05	1.2924540921	0.225175567167	0.443089468504
0.0803312511374	8.08803249725e-08	5.11745587623e-05	1.29283531241	0.22479463967	0.443684359174
0.0803313168489	6.39090248826e-08	4.25506836739e-05	1.29319765299	0.224432531406	0.444251692325
0.0803313690766	5.04978563028e-08	3.53795476735e-05	1.2935420445	0.224088324157	0.444792650437
0.080331410575	3.99002438033e-08	2.94165426511e-05	1.29386937218	0.223761142611	0.445308374138
0.0803314435387	3.15261110953e-08	2.44582231962e-05	1.29418047795	0.2234501527	0.445799962815
0.0803314696877	2.49162037179e-08	2.02674075688e-05	1.29447616256	0.223154559841	0.446268475316
0.0803314904263	1.96987523874e-08	1.67698899445e-05	1.29475820803	0.222872587014	0.446716554077
0.0803315068975	1.5573621415e-08	1.38757805257e-05	1.29502772863	0.222603124024	0.447145813222
0.0803315199769	1.23121756492e-08	1.14810083864e-05	1.29528527862	0.222345619708	0.44755699536
0.0803315303606	9.73362326338e-09	9.49944527426e-06	1.29553138791	0.222099546621	0.447950817874
0.0803315386027	7.69500731492e-09	7.85981352677e-06	1.29576656311	0.221864400119	0.448327973414
0.0803315451552	6.08046471017e-09	6.54912412937e-06	1.29599128853	0.221639697489	0.448689130429
0.0803315503726	4.79955134175e-09	5.48173496493e-06	1.29620442295	0.221426581187	0.449032347885
0.0803315545062	3.78821081196e-09	4.58979607013e-06	1.29640543839	0.221225580089	0.449356665584
0.0803315577807	2.98965395126e-09	3.84576385149e-06	1.29659494832	0.221036081504	0.449662969315
0.0803315603567	2.36335279114e-09	3.15848628775e-06	1.29677346221	0.220857576527	0.449951988807
0.0803315623896	1.87053251779e-09	2.61406182988e-06	1.29694529618	0.220685749593	0.450230642102
0.0803315640207	1.4762170277e-09	2.18981446183e-06	1.2971096341	0.220521417305	0.450497552328
0.0803315653115	1.16501212402e-09	1.83440513618e-06	1.29726446872	0.220366587143	0.450749397826
0.0803315663328	9.19400733647e-10	1.53670610356e-06	1.29741034848	0.220220710904	0.450987007083
0.0803315671407	7.25562618545e-10	1.28731212369e-06	1.2975477864	0.22008327576	0.451211159088
0.0803315677797	5.72582253518e-10	1.07856750983e-06	1.29767726991	0.219953794453	0.451422598365
0.0803315682852	4.5182809126e-10	9.03936618683e-07	1.29779923713	0.219831828973	0.451621995441
0.0803315686849	3.56537338014e-10	7.57575593392e-07	1.29791408302	0.219716984456	0.451809955889
0.0803315690009	2.81339751948e-10	6.34944402471e-07	1.29802222275	0.219608845808	0.451987123416
0.0803315692491	2.22374455574e-10	5.11250876045e-07	1.29812404114	0.219507028273	0.452154096663
0.0803315694408	1.76913476643e-10	4.13830475652e-07	1.29822399253	0.21940707754	0.452318161348
0.0803315695985	1.39589226081e-10	3.47022979331e-07	1.29832223133	0.219308839281	0.452479562968
0.0803315697231	1.10137089198e-10	2.91025323246e-07	1.29841467152	0.21921639952	0.452631571962
0.0803315698215	8.68985527977e-11	2.44062630443e-07	1.29850164588	0.2191294255	0.452774711895
0.0803315698993	6.85606396509e-11	2.04766063417e-07	1.29858347722	0.219047594422	0.452909493045
0.0803315699608	5.4089150281e-11	1.71836446712e-07	1.29866043354	0.218970638312	0.453036338116
0.0803315700094	4.26720134939e-11	1.44201862413e-07	1.29873278382	0.218898288197	0.453155673812
0.0803315700473	3.37744566309e-11	1.18055889475e-07	1.29880080349	0.218830268663	0.453267939633
0.0803315700776	2.6665051827e-11	9.88148062825e-08	1.29886656499	0.218764507266	0.453376545806
0.0803315701016	2.10329085539e-11	8.30245898033e-08	1.29892859558	0.218702476753	0.453479051142
0.0803315701206	1.65903028722e-11	6.97573612938e-08	1.29898683177	0.218644240632	0.453575340007
0.0803315701356	1.30860173391e-11	5.86100411048e-08	1.29904150547	0.21858956698	0.453665786029
0.0803315701474	1.03201837675e-11	4.9312253079e-08	1.29909283446	0.218538238028	0.453750740778
0.0803315701568	8.1385398902e-12	4.1496992361e-08	1.29914094857	0.218490123957	0.453830411375
0.0803315701641	6.41806372251e-12	3.49202447272e-08	1.2991860387	0.218445033852	0.453905107035
0.08033157017	5.06127705651e-12	2.93857574148e-08	1.2992282948	0.218402777771	0.453975136322
0.0803315701746	3.99035302266e-12	2.47782430462e-08	1.29926789489	0.218363177689	0.454040788918
0.0803315701782	3.14580647397e-12	2.089896559e-08	1.29930492235	0.218326150243	0.454102198247
0.0803315701811	2.47999867611e-12	1.76269912326e-08	1.2993395322	0.218291540401	0.454159617157
0.0803315701833	1.95510344364e-12	1.4867253918e-08	1.29937188223	0.218259190384	0.454213303664
0.0803315701851	1.5409049956e-12	1.25686361455e-08	1.29940211992	0.218228952702	0.454263499262
0.0803315701865	1.21430914039e-12	1.06306492515e-08	1.29943031058	0.218200762043	0.45431030946
0.0803315701876	9.56933317296e-13	8.99147060904e-09	1.29945657662	0.218174496007	0.454353934904
0.0803315701885	7.54107334776e-13	7.60503155703e-09	1.29948104939	0.218150023243	0.454394591492
0.0803315701892	5.9415000999e-13	6.44695130462e-09	1.29950385128	0.218127221357	0.45443248059
0.0803315701897	4.68015302673e-13	5.47035404807e-09	1.29952504399	0.21810602864	0.454467703004
0.0803315701901	3.68657617958e-13	4.64168794563e-09	1.29954471812	0.218086354513	0.454500407736
0.0803315701905	2.90392665095e-13	3.93854618728e-09	1.29956298245	0.218068090188	0.454530774291
0.0803315701908	2.28838927659e-13	3.30919562412e-09	1.29957993797	0.218051134665	0.454558969434
0.080331570191	1.80671786874e-13	2.77102749947e-09	1.29959584076	0.218035231884	0.454585418033
0.0803315701911	1.42211413251e-13	2.36410397352e-09	1.2996108348	0.218020237844	0.454610358855
0.0803315701913	1.11938107186e-13	2.01693502694e-09	1.2996246686	0.218006404041	0.454633372851
0.0803315701914	8.81091286833e-14	1.72074641128e-09	1.29963743193	0.217993640713	0.45465460863
0.0803315701914	6.93526943683e-14	1.46805218748e-09	1.2996492076	0.217981865038	0.454674203378
0.0803315701915	5.45890195059e-14	1.25246558338e-09	1.29966007204	0.217971000603	0.454692283731
0.0803315701916	4.2963999331e-14	1.07094686942e-09	1.29967009574	0.217960976901	0.454708966576
0.0803315701916	3.37951540453e-14	9.18258463222e-10	1.29967932206	0.217951750582	0.454724323685
0.0803315701916	2.65829857313e-14	7.87338877294e-10	1.29968778623	0.217943286415	0.45473841336
0.0803315701917	2.09099366767e-14	6.7508462555e-10	1.29969555119	0.21793552145	0.454751340103
0.0803315701917	1.6447554689e-14	5.78834651204e-10	1.29970267471	0.217928397933	0.454763199817
0.0803315701917	1.29374787838e-14	4.96307259094e-10	1.29970920976	0.21792186288	0.454774080508
0.0803315701917	1.01756130326e-14	4.263874894e-10	1.29971520496	0.217915867684	0.454784062936
0.0803315701917	7.99943305581e-15	3.67159545764e-10	1.29972069357	0.217910379073	0.454793202353
0.0803315701917	6.28865225721e-15	3.16158626827e-10	1.29972570443	0.217905368209	0.454801546653
0.0803315701917	4.94374112045e-15	2.72241986802e-10	1.29973027913	0.21790079351	0.454809164972
0.0803315701917	3.88645505837e-15	2.34425603725e-10	1.29973445563	0.217896617014	0.454816120442
0.0803315701917	3.05528259742e-15	2.01862134331e-10	1.29973826858	0.21789280406	0.45482247071
0.0803315701917	2.4017601172e-15	1.73999491061e-10	1.29974174964	0.217889323006	0.454828268415
0.0803315701917	1.88722595252e-15	1.5035132305e-10	1.29974492429	0.217886148348	0.454833555982
0.0803315701917	1.48292100909e-15	1.29917135748e-10	1.2997478112	0.217883261438	0.454838364422
0.0803315701917	1.16523090898e-15	1.12260128679e-10	1.29975043644	0.217880636197	0.45484273714
0.0803315701917	9.15600133736e-16	9.70028640626e-11	1.29975282373	0.217878248908	0.454846713606
0.0803315701917	7.19448287479e-16	8.38191994888e-11	1.29975499464	0.217876078004	0.454850329721
0.0803315701917	5.65318520743e-16	7.24273168789e-11	1.29975696877	0.217874103872	0.454853618133
0.0803315701917	4.44033226199e-16	6.2771349663e-11	1.29975876396	0.217872308677	0.454856608533
0.0803315701917	3.48761719986e-16	5.44072747968e-11	1.29976039092	0.217870681723	0.454859318725
0.0803315701917	2.73931560125e-16	4.71576799977e-11	1.29976186525	0.217869207395	0.454861774705
0.0803315701917	2.15156889404e-16	4.08740663111e-11	1.29976320126	0.217867871378	0.454864000313
0.0803315701917	1.68992867675e-16	3.54277212908e-11	1.29976441195	0.217866660694	0.454866017157
0.0803315701917	1.32733771148e-16	3.07070826294e-11	1.29976550905	0.217865563588	0.454867844815
0.0803315701917	1.04246549934e-16	2.66553623869e-11	1.29976650324	0.217864569404	0.454869501033
0.0803315701917	8.18497535989e-17	2.31657148592e-11	1.29976740274	0.217863669903	0.45487099953
0.0803315701917	6.42647785143e-17	2.01329212339e-11	1.29976821537	0.217862857267	0.454872353329
0.0803315701917	5.04578349219e-17	1.74971718759e-11	1.29976894954	0.217862123106	0.454873576402
0.0803315701917	3.96172357545e-17	1.52064871501e-11	1.2997696128	0.217861459843	0.45487468137
0.0803315701917	3.11056795552e-17	1.32156923661e-11	1.29977021201	0.21786086063	0.454875679638
