0.0	0.0831346383714	0.49478744157	0.0	0.0	0.0
2.07256078869e-18	0.0831346383701	0.494787441566	2.16312762939e-12	2.07256434237e-12	1e-06
2.32015856285e-18	0.0831346383701	0.494787441566	2.28491298006e-12	2.23454588166e-12	1.03833333333e-06
2.59733552144e-18	0.08313463837	0.494787441566	2.41621416443e-12	2.40907294113e-12	1.07813611111e-06
2.9076253317e-18	0.0831346383699	0.494787441565	2.55777471273e-12	2.5973667661e-12	1.11946466204e-06
3.25498380928e-18	0.0831346383698	0.494787441565	2.71039625176e-12	2.800315535e-12	1.16237747408e-06
3.64383934998e-18	0.0831346383697	0.494787441565	2.87494304431e-12	3.01914049316e-12	1.20693527725e-06
4.07914938644e-18	0.0831346383696	0.494787441564	3.05234688334e-12	3.25506288589e-12	1.25320112955e-06
4.56646358929e-18	0.0831346383695	0.494787441564	3.24361236844e-12	3.50930395853e-12	1.30124050618e-06
5.11199461868e-18	0.0831346383694	0.494787441564	3.44982259474e-12	3.78352904561e-12	1.35112139225e-06
5.72269732812e-18	0.0831346383693	0.494787441563	3.67214528619e-12	4.07918143706e-12	1.40291437895e-06
6.40635743036e-18	0.0831346383691	0.494787441563	3.91183940817e-12	4.39792646743e-12	1.45669276348e-06
7.17169075565e-18	0.083134638369	0.494787441562	4.17026229669e-12	4.74154049355e-12	1.51253265274e-06
8.028454368e-18	0.0831346383688	0.494787441562	4.44887734474e-12	5.11202191686e-12	1.5705130711e-06
8.98757095573e-18	0.0831346383686	0.494787441561	4.74926228914e-12	5.51148016112e-12	1.63071607216e-06
1.00612680825e-17	0.0831346383684	0.49478744156	5.07311814494e-12	5.94213567236e-12	1.69322685492e-06
1.12632340736e-17	0.0831346383682	0.49478744156	5.42227883786e-12	6.40643094126e-12	1.75813388436e-06
1.26087925256e-17	0.083134638368	0.494787441559	5.79872158948e-12	6.90691948075e-12	1.82552901659e-06
1.41150976633e-17	0.0831346383678	0.494787441558	6.20457811377e-12	7.44659889301e-12	1.89550762889e-06
1.58013530352e-17	0.0831346383675	0.494787441557	6.64214668854e-12	8.02846678021e-12	1.96816875467e-06
1.76890563353e-17	0.0831346383673	0.494787441556	7.11390517008e-12	8.65574278911e-12	2.04361522359e-06
1.9802273472e-17	0.083134638367	0.494787441555	7.62252502475e-12	9.3320906557e-12	2.12195380716e-06
2.21679453799e-17	0.0831346383667	0.494787441554	8.17088645689e-12	1.00612851383e-11	2.20329536977e-06
2.48162314826e-17	0.0831346383663	0.494787441553	8.76209471882e-12	1.0847434062e-11	2.28775502561e-06
2.77808941896e-17	0.0831346383659	0.494787441552	9.3994976952e-12	1.1694978319e-11	2.37545230159e-06
3.10997293249e-17	0.0831346383655	0.494787441551	1.00867048614e-11	1.26088028905e-11	2.46651130648e-06
3.4815047978e-17	0.0831346383651	0.494787441549	1.0827607723e-11	1.35940148025e-11	2.56106090656e-06
3.89742159183e-17	0.0831346383647	0.494787441548	1.1626401853e-11	1.46561651702e-11	2.65923490798e-06
4.36302574509e-17	0.0831346383642	0.494787441546	1.24876106498e-11	1.580136022e-11	2.76117224611e-06
4.88425314115e-17	0.0831346383636	0.494787441544	1.34161109529e-11	1.70360392457e-11	2.86701718221e-06
5.46774879193e-17	0.083134638363	0.494787441542	1.44171606588e-11	1.83671966522e-11	2.97691950752e-06
6.12095155341e-17	0.0831346383624	0.49478744154	1.54964284958e-11	1.98022709337e-11	3.0910347553e-06
6.85218896203e-17	0.0831346383617	0.494787441538	1.66600261244e-11	2.13495887631e-11	3.20952442092e-06
7.67078340053e-17	0.083134638361	0.494787441535	1.79145427465e-11	2.30176988575e-11	3.33255619038e-06
8.58717094696e-17	0.0831346383602	0.494787441532	1.92670824189e-11	2.48162601573e-11	3.46030417767e-06
9.6130344219e-17	0.0831346383594	0.49478744153	2.07253042813e-11	2.67552646697e-11	3.59294917114e-06
1.07614523301e-16	0.0831346383585	0.494787441526	2.22974659292e-11	2.8845814625e-11	3.73067888936e-06
1.20470655957e-16	0.0831346383575	0.494787441523	2.39924701743e-11	3.10997894094e-11	3.87368824678e-06
1.34862642154e-16	0.0831346383565	0.49478744152	2.58199154594e-11	3.35297345433e-11	4.02217962956e-06
1.50973962119e-16	0.0831346383553	0.494787441516	2.77901502123e-11	3.61496388366e-11	4.17636318202e-06
1.69010015477e-16	0.0831346383541	0.494787441511	2.99143314467e-11	3.89742682556e-11	4.33645710398e-06
1.89200739854e-16	0.0831346383528	0.494787441507	3.22044879421e-11	4.20194989896e-11	4.50268795962e-06
2.11803542294e-16	0.0831346383513	0.494787441502	3.46735883598e-11	4.53027615401e-11	4.67529099805e-06
2.37106580888e-16	0.0831346383498	0.494787441497	3.7335614682e-11	4.88425966315e-11	4.85451048629e-06
2.65432438436e-16	0.0831346383481	0.494787441491	4.02056413887e-11	5.26588772559e-11	5.04060005491e-06
2.97142234981e-16	0.0831346383463	0.494787441485	4.3299920821e-11	5.6773474807e-11	5.233823057e-06
3.32640231653e-16	0.0831346383444	0.494787441478	4.66359752147e-11	6.1209592946e-11	5.43445294082e-06
3.72378984498e-16	0.0831346383423	0.494787441471	5.02326959251e-11	6.59922116909e-11	5.64277363686e-06
4.1686511402e-16	0.0831346383401	0.494787441464	5.41104504045e-11	7.1148642528e-11	5.85907995957e-06
4.66665763968e-16	0.0831346383377	0.494787441455	5.82911975386e-11	7.67078622784e-11	6.08367802465e-06
5.22415831729e-16	0.0831346383351	0.494787441447	6.27986119951e-11	8.27015122982e-11	6.31688568222e-06
5.84826062491e-16	0.0831346383323	0.494787441437	6.76582182883e-11	8.91634543896e-11	6.55903296666e-06
6.54692110373e-16	0.0831346383292	0.494787441427	7.28975353187e-11	9.61303259125e-11	6.81046256366e-06
7.3290468205e-16	0.083134638326	0.494787441415	7.85462322064e-11	1.03641650806e-10	7.07153029521e-06
8.20460892163e-16	0.0831346383225	0.494787441403	8.46362963015e-11	1.11739728569e-10	7.34260562313e-06
9.18476975319e-16	0.0831346383187	0.494787441391	9.12022143211e-11	1.20470633454e-10	7.62407217195e-06
1.02820251672e-15	0.0831346383146	0.494787441377	9.82811676404e-11	1.29883770389e-10	7.91632827179e-06
1.15103638282e-15	0.0831346383102	0.494787441361	1.05913242842e-10	1.40032430076e-10	8.21978752212e-06
1.28854455522e-15	0.0831346383054	0.494787441345	1.1414165872e-10	1.50974011048e-10	8.53487937703e-06
1.44248009494e-15	0.0831346383003	0.494787441328	1.23013011014e-10	1.62770463748e-10	8.86204975304e-06
1.61480549187e-15	0.0831346382948	0.494787441309	1.32577536276e-10	1.75488734624e-10	9.20176166011e-06
1.80771768409e-15	0.0831346382888	0.494787441289	1.42889396346e-10	1.89200766129e-10	9.55449585694e-06
2.02367606613e-15	0.0831346382824	0.494787441267	1.5400698506e-10	2.03984162853e-10	9.9207515313e-06
2.26543384326e-15	0.0831346382754	0.494787441243	1.65993258919e-10	2.19922746632e-10	1.03010470065e-05
2.53607313149e-15	0.083134638268	0.494787441217	1.78916093603e-10	2.37106556555e-10	1.06959204749e-05
2.83904425078e-15	0.0831346382599	0.49478744119	1.92848668333e-10	2.55633181224e-10	1.11059307595e-05
3.17820971239e-15	0.0831346382512	0.49478744116	2.07869880269e-10	2.75607425694e-10	1.15316581051e-05
3.55789346118e-15	0.0831346382419	0.494787441128	2.24064791287e-10	2.97142310668e-10	1.19737049988e-05
3.98293600061e-15	0.0831346382318	0.494787441094	2.41525109671e-10	3.20359849657e-10	1.24326970234e-05
4.45875610328e-15	0.0831346382209	0.494787441057	2.60349709429e-10	3.45391493065e-10	1.29092837423e-05
4.99141989358e-15	0.0831346382092	0.494787441017	2.80645190202e-10	3.72379016372e-10	1.34041396187e-05
5.58771818344e-15	0.0831346381965	0.494787440974	3.02526480914e-10	4.0147529729e-10	1.39179649703e-05
6.25525304679e-15	0.0831346381829	0.494787440927	3.26117490583e-10	4.32844981892e-10	1.44514869604e-05
7.00253473679e-15	0.0831346381682	0.494787440877	3.51551810001e-10	4.66665816883e-10	1.50054606266e-05
7.83909018108e-15	0.0831346381524	0.494787440823	3.78973468222e-10	5.03129204712e-10	1.55806699501e-05
8.7755844385e-15	0.0831346381353	0.494787440764	4.08537748171e-10	5.42441757884e-10	1.61779289641e-05
9.82395666553e-15	0.0831346381168	0.494787440701	4.40412065976e-10	5.84826076113e-10	1.6798082907e-05
1.09975723259e-14	0.083134638097	0.494787440634	4.74776919011e-10	6.30522078595e-10	1.74420094176e-05
1.2311393584e-14	0.0831346380756	0.494787440561	5.11826908011e-10	6.79788669337e-10	1.81106197776e-05
1.3782170054e-14	0.0831346380525	0.494787440482	5.51771839058e-10	7.32904736363e-10	1.88048602013e-05
1.54286523372e-14	0.0831346380276	0.494787440397	5.94837911663e-10	7.90171039086e-10	1.95257131745e-05
1.7271831069e-14	0.0831346380008	0.494787440305	6.41268999687e-10	8.51911873652e-10	2.02741988448e-05
1.93352045239e-14	0.0831346379718	0.494787440206	6.91328032348e-10	9.1847696031e-10	2.10513764657e-05
2.164507819e-14	0.0831346379406	0.4947874401	7.45298483127e-10	9.90243219775e-10	2.18583458952e-05
2.42309001312e-14	0.083134637907	0.494787439985	8.03485975022e-10	1.06761699367e-09	2.26962491526e-05
2.71256364149e-14	0.0831346378708	0.494787439861	8.66220011222e-10	1.151036376e-09	2.35662720347e-05
3.0366191388e-14	0.0831346378317	0.494787439728	9.33855841014e-10	1.24097387767e-09	2.44696457936e-05
3.39938781629e-14	0.0831346377895	0.494787439584	1.00677647148e-09	1.33793875799e-09	2.54076488797e-05
3.80549453089e-14	0.0831346377441	0.494787439429	1.08539483639e-09	1.44248013326e-09	2.63816087505e-05
4.26011664648e-14	0.0831346376951	0.494787439261	1.17015613455e-09	1.55518986336e-09	2.73929037492e-05
4.76905003897e-14	0.0831346376423	0.494787439081	1.26154035086e-09	1.67670643755e-09	2.84429650559e-05
5.33878298659e-14	0.0831346375854	0.494787438887	1.36006497439e-09	1.80771775e-09	2.95332787122e-05
5.97657888752e-14	0.083134637524	0.494787438677	1.46628792877e-09	1.94896576275e-09	3.06653877248e-05
6.69056885932e-14	0.0831346374578	0.494787438451	1.58081073163e-09	2.10125028047e-09	3.1840894249e-05
7.48985540074e-14	0.0831346373864	0.494787438207	1.70428190084e-09	2.26543383539e-09	3.30614618561e-05
8.38462843742e-14	0.0831346373095	0.494787437945	1.83740062692e-09	2.44244601724e-09	3.43288178873e-05
9.38629523097e-14	0.0831346372266	0.494787437662	1.98092073244e-09	2.63328924638e-09	3.5644755899e-05
1.05076258076e-13	0.0831346371371	0.494787437356	2.1356549407e-09	2.83904421388e-09	3.70111382002e-05
1.17629157604e-13	0.0831346370407	0.494787437027	2.30247947807e-09	3.06087609876e-09	3.84298984887e-05
1.31681685004e-13	0.0831346369368	0.494787436672	2.4823390358e-09	3.30004111836e-09	3.99030445871e-05
1.47412992808e-13	0.0831346368247	0.49478743629	2.67625211967e-09	3.55789341166e-09	4.14326612847e-05
1.65023635943e-13	0.0831346367039	0.494787435877	2.88531681751e-09	3.835893366e-09	4.30209132877e-05
1.8473812856e-13	0.0831346365736	0.494787435432	3.11071701747e-09	4.13561516654e-09	4.46700482826e-05
2.06807806316e-13	0.0831346364332	0.494787434953	3.3537291121e-09	4.45875601118e-09	4.63824001173e-05
2.31514030598e-13	0.0831346362818	0.494787434436	3.61572922629e-09	4.80714588045e-09	4.81603921037e-05
2.5917177553e-13	0.0831346361185	0.494787433878	3.89820100998e-09	5.18275752959e-09	5.00065404474e-05
2.90133643511e-13	0.0831346359425	0.494787433277	4.20274403972e-09	5.58771814582e-09	5.19234578085e-05
3.24794360464e-13	0.0831346357528	0.494787432629	4.53108287674e-09	6.02432067266e-09	5.3913856999e-05
3.63595808106e-13	0.0831346355482	0.494787431931	4.88507683276e-09	6.49503768768e-09	5.59805548222e-05
4.07032657399e-13	0.0831346353276	0.494787431178	5.26673049888e-09	7.0025346142e-09	5.81264760585e-05
4.55658674996e-13	0.0831346350898	0.494787430366	5.67820509712e-09	7.5496854864e-09	6.03546576051e-05
5.10093783093e-13	0.0831346348334	0.494787429491	6.12183071896e-09	8.13958849247e-09	6.26682527734e-05
5.71031962667e-13	0.083134634557	0.494787428547	6.60011952013e-09	8.77558418226e-09	6.50705357517e-05
6.39250100891e-13	0.083134634259	0.494787427529	7.11577994642e-09	9.46127423004e-09	6.75649062388e-05
7.15617895485e-13	0.0831346339377	0.494787426432	7.67173207099e-09	1.02005414185e-08	7.01548942553e-05
8.01108942299e-13	0.0831346335913	0.494787425249	8.27112413011e-09	1.09975720653e-08	7.2844165139e-05
8.96813147462e-13	0.0831346332178	0.494787423974	8.91735035094e-09	1.18568795597e-08	7.56365247325e-05
1.00395062235e-12	0.0831346328152	0.494787422599	9.61407017229e-09	1.27833298977e-08	7.85359247687e-05
1.12388723849e-12	0.0831346323811	0.494787421117	1.03652289672e-08	1.37821695488e-08	8.15464684635e-05
1.25815204078e-12	0.083134631913	0.494787419519	1.11750803848e-08	1.48590546546e-08	8.46724163228e-05
1.40845674088e-12	0.0831346314084	0.494787417796	1.20482104375e-08	1.60200833364e-08	8.79181921716e-05
1.57671753948e-12	0.0831346308644	0.494787415939	1.29895634711e-08	1.7271830223e-08	9.12883894148e-05
1.76507955545e-12	0.0831346302779	0.494787413936	1.40044701629e-08	1.86213838656e-08	9.47877775376e-05
1.97594417353e-12	0.0831346296455	0.494787411777	1.50986777087e-08	2.00763862612e-08	9.84213088552e-05
2.21199965894e-12	0.0831346289637	0.494787409449	1.62783823675e-08	2.16450769286e-08	0.000102194125522
2.47625542951e-12	0.0831346282287	0.494787406939	1.75502645497e-08	2.33363388718e-08	0.000106111566806
2.77208042205e-12	0.0831346274362	0.494787404233	1.89215266467e-08	2.51597495391e-08	0.00011017917665
3.10324604206e-12	0.0831346265818	0.494787401316	2.03999338165e-08	2.71256344467e-08	0.000114402711512
3.47397424459e-12	0.0831346256606	0.494787398171	2.1993857956e-08	2.92451257984e-08	0.000118788148515
3.88899135887e-12	0.0831346246675	0.49478739478	2.37123251093e-08	3.15302259907e-08	0.000123341693904
4.35358834317e-12	0.0831346235968	0.494787391124	2.55650665798e-08	3.39938750028e-08	0.000128069791829
4.873688238e-12	0.0831346224424	0.494787387182	2.75625740367e-08	3.66500238937e-08	0.000132979133468
5.45592167749e-12	0.0831346211977	0.494787382933	2.9716158927e-08	3.95137138494e-08	0.00013807666649
6.10771142177e-12	0.0831346198559	0.494787378351	3.20380165292e-08	4.26011614489e-08	0.000143369604894
6.8373669879e-12	0.0831346184092	0.494787373412	3.45412950126e-08	4.59298500342e-08	0.000148865439214
7.65419058591e-12	0.0831346168495	0.494787368086	3.72401698926e-08	4.95186294095e-08	0.000154571947118
8.56859571036e-12	0.0831346151678	0.494787362344	4.01499243029e-08	5.33878218664e-08	0.00016049720442
9.59223989939e-12	0.0831346133548	0.494787356154	4.32870355406e-08	5.75593379802e-08	0.000166649596505
1.07381733538e-11	0.0831346114002	0.49478734948	4.66692683734e-08	6.20567999557e-08	0.000173037830198
1.20210053107e-11	0.0831346092928	0.494787342285	5.03157756369e-08	6.6905676075e-08	0.000179670946081
1.34570902929e-11	0.0831346070207	0.494787334527	5.42472066927e-08	7.21334242486e-08	0.000186558331294
1.50647366089e-11	0.0831346045711	0.494787326163	5.8485824361e-08	7.77696482239e-08	0.000193709732815
1.68644397602e-11	0.0831346019301	0.494787317146	6.30556309894e-08	8.38462645622e-08	0.000201135271253
1.88791437333e-11	0.0831345990828	0.494787307424	6.79825043724e-08	9.03976839379e-08	0.000208845455174
2.11345335067e-11	0.083134596013	0.494787296942	7.3294344291e-08	9.74610053155e-08	0.000216851195968
2.36593625015e-11	0.0831345927033	0.494787285641	7.90212305022e-08	1.05076226892e-07	0.000225163823295
2.64858191509e-11	0.083134589135	0.494787273458	8.51955930734e-08	1.13286471915e-07	0.000233795101115
2.9649937262e-11	0.0831345852879	0.494787260322	9.18523960254e-08	1.22138233042e-07	0.000242757244337
3.31920554002e-11	0.0831345811401	0.49478724616	9.90293353247e-08	1.31681635908e-07	0.000252062936106
3.71573311543e-11	0.0831345766684	0.494787230892	1.06767052346e-07	1.41970722562e-07	0.000261725345748
4.15963168376e-11	0.0831345718471	0.49478721443	1.15109364015e-07	1.53063757666e-07	0.000271758147413
4.65656039642e-11	0.0831345666492	0.494787196682	1.24103510929e-07	1.65023558564e-07	0.00028217553942
5.21285447172e-11	0.0831345610452	0.494787177548	1.33800424871e-07	1.77917850883e-07	0.000292992264351
5.83560596062e-11	0.0831345550032	0.494787156918	1.4425501722e-07	1.91819651894e-07	0.000304223629917
6.53275416109e-11	0.0831345484892	0.494787134677	1.55526489901e-07	2.06807684396e-07	0.000315885530618
7.31318683361e-11	0.0831345414662	0.494787110698	1.67678670626e-07	2.22966821918e-07	0.000327994470235
8.18685350836e-11	0.0831345338944	0.494787084845	1.80780374337e-07	2.40388569884e-07	0.000340567585186
9.16489232842e-11	0.0831345257311	0.494787056971	1.94905792877e-07	2.59171583526e-07	0.000353622668779
1.02597720461e-10	0.0831345169298	0.494787026921	2.10134915123e-07	2.7942222644e-07	0.000367178196386
1.14854509825e-10	0.0831345074409	0.494786994522	2.26553979938e-07	3.01255173091e-07	0.000381253351592
1.28575549773e-10	0.0831344972105	0.494786959591	2.4425596451e-07	3.24794058184e-07	0.00039586805334
1.43935765966e-10	0.0831344861808	0.494786921931	2.63341110856e-07	3.50172176426e-07	0.00041104298412
1.61130981386e-10	0.0831344742893	0.494786881329	2.83917493459e-07	3.77533238026e-07	0.000426799619234
1.80380412807e-10	0.0831344614686	0.494786837554	3.06101631257e-07	4.07032181485e-07	0.000443160257187
2.01929465499e-10	0.0831344476462	0.494786790358	3.30019147448e-07	4.38836051988e-07	0.000460148051242
2.2605286179e-10	0.0831344327437	0.494786739475	3.55805480854e-07	4.73124946417e-07	0.000477787042181
2.53058143384e-10	0.0831344166768	0.494786684617	3.83606652853e-07	5.10093033964e-07	0.000496102192326
2.83289592062e-10	0.0831343993545	0.494786625471	4.13580094251e-07	5.49949655129e-07	0.000515119420861
3.17132618765e-10	0.0831343806788	0.494786561705	4.45895536747e-07	5.92920507078e-07	0.000534865640507
3.55018677005e-10	0.0831343605437	0.494786492956	4.80735974053e-07	6.39248922052e-07	0.000555368795608
3.97430763237e-10	0.0831343388355	0.494786418835	5.18298698113e-07	6.89197245012e-07	0.000576657901669
4.44909574317e-10	0.083134315431	0.494786338922	5.58796416282e-07	7.43048319089e-07	0.000598763086413
4.98060400532e-10	0.0831342901978	0.494786252766	6.02458455787e-07	8.01107087492e-07	0.000621715632412
5.57560842084e-10	0.083134262993	0.494786159878	6.49532062302e-07	8.63702319863e-07	0.000645548021351
6.24169447383e-10	0.0831342336625	0.494786059732	7.00283799977e-07	9.31188474412e-07	0.000670293979986
6.98735383278e-10	0.0831342020403	0.494785951761	7.55001060852e-07	1.00394770425e-06	0.000695988527866
7.8220926049e-10	0.0831341679473	0.494785835353	8.13993692208e-07	1.08239202239e-06	0.000722668026882
8.75655252247e-10	0.0831341311904	0.49478570985	8.77595751052e-07	1.16696563367e-06	0.000750370232714
9.80264660601e-10	0.0831340915615	0.494785574541	9.46167395687e-07	1.25814745058e-06	0.000779134348249
1.09737110336e-09	0.0831340488362	0.49478542866	1.02009692507e-06	1.35645380495e-06	0.000809001079047
1.22846751524e-09	0.0831340027725	0.494785271379	1.09980297748e-06	1.46244137155e-06	0.000840012690933
1.37522517988e-09	0.0831339531096	0.49478510181	1.185736901e-06	1.57671031985e-06	0.000872213069788
1.53951503546e-09	0.0831338995664	0.494784918991	1.27838530917e-06	1.69990771281e-06	0.000905647783642
1.72343152534e-09	0.0831338418395	0.494784721888	1.37827283629e-06	1.83273117034e-06	0.000940364147133
1.92931929781e-09	0.0831337796021	0.494784509384	1.48596510803e-06	1.97593281937e-06	0.000976411288443
2.15980309534e-09	0.0831337125019	0.494784280276	1.60207194407e-06	2.13032355231e-06	0.0010138402188
2.41782121413e-09	0.0831336401588	0.494784033267	1.72725081096e-06	2.29677761879e-06	0.00105270390462
2.7066629606e-09	0.0831335621632	0.494783766957	1.86221054474e-06	2.47623757488e-06	0.00109305734247
3.03001058217e-09	0.0831334780735	0.49478347984	2.00771536433e-06	2.66971962059e-06	0.00113495763679
3.39198620675e-09	0.0831333874135	0.494783170288	2.16458919852e-06	2.87831935261e-06	0.00117846408073
3.79720438914e-09	0.0831332896698	0.49478283655	2.33372035094e-06	3.10321796802e-06	0.00122363823997
4.25083093422e-09	0.083133184289	0.494782476736	2.51606652939e-06	3.34568895138e-06	0.00127054403982
4.75864874639e-09	0.0831330706745	0.494782088808	2.71266026816e-06	3.60710528448e-06	0.00131924785558
5.32713154467e-09	0.0831329481828	0.494781670569	2.92461477386e-06	3.8889472201e-06	0.00136981860645
5.96352638267e-09	0.0831328161205	0.494781219651	3.15313022781e-06	4.19281066189e-06	0.00142232785297
6.6759460253e-09	0.0831326737397	0.494780733502	3.39950058087e-06	4.52041619912e-06	0.00147684989818
7.47347235911e-09	0.0831325202342	0.494780209368	3.66512087887e-06	4.87361884736e-06	0.00153346189271
8.36627215429e-09	0.083132354735	0.494779644281	3.95149516032e-06	5.25441854983e-06	0.00159224394382
9.36572665309e-09	0.0831321763049	0.494779035042	4.26024497086e-06	5.66497149865e-06	0.00165327922866
1.04845766362e-08	0.0831319839337	0.494778378202	4.59311854282e-06	6.10760234086e-06	0.00171665411186
1.17370848151e-08	0.0831317765321	0.49477767004	4.95200069163e-06	6.58481733648e-06	0.00178245826755
1.31392176195e-08	0.083131552926	0.494776906548	5.33892348516e-06	7.09931854615e-06	0.00185078480615
1.47088486962e-08	0.0831313118492	0.494776083403	5.75607774622e-06	7.65401912433e-06	0.00192173040587
1.6465986711e-08	0.0831310519369	0.494775195943	6.20582545336e-06	8.25205980836e-06	0.00199539544939
1.84330303563e-08	0.0831307717176	0.494774239144	6.69071310994e-06	8.89682669427e-06	0.00207188416564
2.06350538125e-08	0.0831304696048	0.49477320759	7.21348615724e-06	9.59197040076e-06	0.00215130477699
2.31001262987e-08	0.0831301438881	0.494772095438	7.77710451276e-06	1.03414267291e-05	0.00223376965219
2.58596697834e-08	0.0831297927235	0.494770896394	8.3847593218e-06	1.11494389361e-05	0.00231939546496
2.89488594091e-08	0.083129414123	0.494769603668	9.03989101682e-06	1.20205817457e-05	0.00240830335877
3.24070717321e-08	0.0831290059433	0.494768209941	9.74620878656e-06	1.29597872348e-05	0.00250061911786
3.62783864828e-08	0.0831285658737	0.494766707323	1.05077115649e-05	1.39723727394e-05	0.00259647334472
4.06121482357e-08	0.0831280914231	0.494765087307	1.13287106583e-05	1.50640709389e-05	0.00269600164442
4.54635951392e-08	0.0831275799057	0.494763340722	1.22138541383e-05	1.62410622877e-05	0.00279934481591
5.08945627087e-08	0.0831270284261	0.494761457681	1.31681531391e-05	1.7510009978e-05	0.00290664905058
5.69742716387e-08	0.0831264338628	0.494759427522	1.41970102059e-05	1.88780976289e-05	0.00301806613841
6.37802096621e-08	0.0831257928505	0.494757238755	1.53062498555e-05	2.0353069918e-05	0.00313375368193
7.13991186743e-08	0.083125101761	0.49475487899	1.65021515216e-05	2.19432763801e-05	0.00325387531831
7.99280996821e-08	0.0831243566831	0.494752334868	1.77914850694e-05	2.36577186235e-05	0.00337860094988
8.94758496318e-08	0.0831235534	0.494749591989	1.91815490805e-05	2.55061012264e-05	0.00350810698339
1.00164045845e-07	0.0831226873657	0.494746634828	2.06802121233e-05	2.74988866032e-05	0.00364257657831
1.12128895667e-07	0.0831217536795	0.494743446649	2.2295957242e-05	2.96473541468e-05	0.00378219990457
1.25522871024e-07	0.083120747058	0.494740009406	2.40379299127e-05	3.19636639812e-05	0.00392717441001
1.4051664994e-07	0.0831196618054	0.494736303648	2.59159897393e-05	3.4460925681e-05	0.00407770509796
1.57301289679e-07	0.0831184917815	0.494732308401	2.79407661765e-05	3.71532723447e-05	0.00423400481523
1.76090659119e-07	0.0831172303668	0.494728001059	3.01237185956e-05	4.00559404394e-05	0.00439629455103
1.97124161249e-07	0.0831158704252	0.494723357246	3.24772010294e-05	4.31853558598e-05	0.00456480374709
2.20669780353e-07	0.0831144042641	0.494718350688	3.50145319584e-05	4.65592266898e-05	0.00473977061941
2.47027492556e-07	0.0831128235904	0.494712953056	3.77500695321e-05	5.01966431812e-05	0.00492144249213
2.76533083001e-07	0.0831111194644	0.494707133815	4.06992926442e-05	5.41181855132e-05	0.00511007614386
3.09562418065e-07	0.0831092822489	0.494700860044	4.38788883176e-05	5.834603993e-05	0.00530593816699
3.46536226777e-07	0.0831073015552	0.494694096253	4.73068458867e-05	6.29041239114e-05	0.0055093053403
3.87925452035e-07	0.0831051661847	0.494686804186	5.10025585039e-05	6.78182210688e-05	0.00572046501559
4.34257239371e-07	0.0831028640656	0.4946789426	5.49869325364e-05	7.3116126521e-05	0.00593971551854
4.86121639112e-07	0.0831003821853	0.494670467037	5.92825054638e-05	7.88278035595e-05	0.00616736656443
5.44179106706e-07	0.0830977065168	0.494661329572	6.39135729328e-05	8.49855524718e-05	0.00640373968927
6.09168896058e-07	0.0830948219406	0.494651478541	6.8906325675e-05	9.16241924604e-05	0.00664916869672
6.81918451943e-07	0.0830917121591	0.494640858256	7.42889970491e-05	9.87812576657e-05	0.00690400012149
7.63353920098e-07	0.0830883596055	0.494629408684	8.00920220249e-05	0.000106497208375	0.00716859370955
8.54511907592e-07	0.0830847453454	0.494617065117	8.63482084894e-05	0.000114815658589	0.00744332291601
9.56552641778e-07	0.0830808489703	0.494603757802	9.30929218216e-05	0.000123783621187	0.00772857542088
1.07077469356e-06	0.0830766484838	0.494589411557	0.000100364283753	0.000133451772054	0.00802475366354
1.19863145029e-06	0.0830721201785	0.49457394534	0.000108203386611	0.000143874734608	0.00833227539641
1.34174954533e-06	0.0830672385033	0.494557271802	0.000116654524117	0.000155111386281	0.00865157425834
1.50194947589e-06	0.0830619759208	0.494539296794	0.000125765440003	0.000167225188639	0.00898310036842
1.68126866747e-06	0.0830563027542	0.49451991884	0.00013558759582	0.000180284542918	0.0093273209407
1.8819872742e-06	0.0830501870214	0.494499028571	0.000146176459366	0.000194363172916	0.00968472092053
2.1066570375e-06	0.0830435942576	0.494476508115	0.00015759181533	0.000209540537307	0.0100558036429
2.35813356379e-06	0.0830364873241	0.494452230433	0.000169898099823	0.000225902273586	0.0104410915136
2.63961242364e-06	0.0830288262016	0.494426058619	0.000183164760586	0.000243540676038	0.0108411267135
2.95466952187e-06	0.0830205677695	0.494397845132	0.000197466644833	0.000262555210264	0.0112564719271
3.30730624019e-06	0.0830116655672	0.494367430976	0.000212884416784	0.000283053067011	0.0116877110947
3.70199991213e-06	0.0830020695379	0.494334644821	0.000229505007121	0.000305149758221	0.0121354501901
4.14376025495e-06	0.0829917257536	0.494299302048	0.000247422096742	0.000328969758423	0.0126003180235
4.63819245503e-06	0.0829805761182	0.494261203729	0.000266736637363	0.000354647194828	0.0130829670701
5.19156768338e-06	0.08296855805	0.49422013553	0.000287557411694	0.00038232658969	0.0135840743248
5.81090190734e-06	0.0829556041396	0.494175866527	0.000310001636104	0.000412163658758	0.0141043421841
6.50404396293e-06	0.0829416417827	0.494128147935	0.000334195608882	0.000444326169887	0.014644499354
7.2797739627e-06	0.0829265927858	0.494076711742	0.000360275407426	0.000478994866164	0.0152053017857
8.14791323539e-06	0.0829103729432	0.494021269241	0.000388387637901	0.00051636445815	0.0157875336377
9.11944712915e-06	0.0828928915829	0.493961509456	0.000418690241139	0.00055664469018	0.0163920082664
1.02066621597e-05	0.0828740510794	0.493897097443	0.000451353358809	0.000600061485937	0.0170195692423
1.14232991499e-05	0.0828537463318	0.493827672475	0.000486560264125	0.000646858178848	0.0176710913944
1.27847241918e-05	0.0828318642041	0.493752846087	0.00052450836164	0.000697296833167	0.0183474818801
1.43081194625e-05	0.0828082829259	0.493672199986	0.000565410260925	0.000751659661986	0.019049681282
1.60126961492e-05	0.082782871451	0.493585283796	0.000609494929255	0.000810250548697	0.019778664729
1.79199319865e-05	0.0827554887708	0.493491612657	0.000657008928665	0.000873396678858	0.0205354430424
2.0053836175e-05	0.0827259831802	0.493390664639	0.000708217743076	0.000941450289703	0.0213210639045
2.24412447518e-05	0.0826941914938	0.49328187798	0.000763407201484	0.00101479054493	0.0221366130484
2.51121498065e-05	0.0826599382082	0.49316464812	0.000822885003473	0.00109382554271	0.022983215468
2.81000662927e-05	0.0826230346094	0.493038324541	0.00088698235368	0.00117899446532	0.0238620366446
3.14424405766e-05	0.0825832778204	0.492902207376	0.000956055712053	0.00127076987883	0.0247742837886
3.51811052836e-05	0.0825404497876	0.492755543791	0.0010304886671	0.00136966019196	0.0257212070917
3.93627854695e-05	0.0824943162031	0.492597524123	0.00111069393952	0.00147621228319	0.026704100988
4.40396616373e-05	0.0824446253591	0.492427277758	0.00119711552397	0.00159101430546	0.0277243054177
4.9269995662e-05	0.0823911069328	0.492243868734	0.00129023097668	0.00171469867805	0.0287832070893
5.5118826263e-05	0.0823334706993	0.492046291068	0.00139055385721	0.00184794527526	0.0298822407344
6.16587412846e-05	0.0822714051693	0.491833463778	0.00149863633224	0.00199148482134	0.0310228903494
6.89707347035e-05	0.0822045761515	0.491604225593	0.00161507194977	0.00214610250126	0.032206690415
7.71451569848e-05	0.0821326252373	0.491357329348	0.00174049859191	0.00231264179637	0.0334352270865
8.62827681385e-05	0.0820551682064	0.491091436034	0.00187560161407	0.00249200855362	0.0347101393441
9.64959035993e-05	0.0819717933552	0.490805108512	0.00202111717852	0.00268517529653	0.0360331200939
0.000107909763842	0.0818820597466	0.490496804871	0.00217783578956	0.00289318578473	0.0374059172055
0.000120663839454	0.0817854953852	0.490164871421	0.00234660603705	0.00311715982839	0.0388303344739
0.000134913484201	0.0816815953193	0.489807535331	0.0025283385541	0.00335829836154	0.0403082324894
0.000150831649411	0.0815698196748	0.489422896894	0.00272401019406	0.00361788877701	0.0418415293994
0.000168610793802	0.0814495916282	0.489008921436	0.00293466843007	0.00389731052291	0.0434322015413
0.000188464983537	0.0813202953266	0.488563430864	0.0031614359791	0.00419804095779	0.0450822839269
0.000210632197979	0.0811812737655	0.488084094881	0.00340551565034	0.00452166145809	0.0467938705535
0.00023537685706	0.0810318266381	0.487568421868	0.00366819541507	0.00486986376711	0.0485691145165
0.000262992586523	0.0808712081739	0.487013749486	0.00395085369223	0.0052444565698	0.0504102278935
0.000293805237387	0.0806986249866	0.486417235006	0.00425496484038	0.00564737227163	0.0523194813702
0.000328176175767	0.0805132339565	0.48577584544	0.00458210484229	0.00608067395267	0.0542992035714
0.000366505858584	0.0803141401768	0.485086347515	0.00493395716347	0.00654656246007	0.0563517800607
0.000409237709647	0.0801003950003	0.484345297577	0.00531231876014	0.00704738359235	0.0584796519671
0.000456862308913	0.0798709942252	0.483549031499	0.00571910620522	0.00758563531818	0.0606853141945
0.000509921905407	0.079624876471	0.482693654721	0.00615636189339	0.0081639749599	0.0629713131651
0.000569015261019	0.0793609217964	0.481775032534	0.00662626027702	0.00878522625745	0.0653402440458
0.000634802828206	0.079077950625	0.480788780765	0.00713111407508	0.00945238621267	0.0677947474018
0.000708012259194	0.0787747230487	0.479730257049	0.00767338038536	0.0101686315957	0.0703375052188
0.000789444237442	0.078449938591	0.478594552878	0.00825566661806	0.0109373249747	0.0729712362319
0.000879978613794	0.0781022365195	0.477376486679	0.00888073615409	0.0117620201088	0.0756986904957
0.000980580819466	0.077730196809	0.476070598173	0.00955151361651	0.0126464665176	0.0785226431283
0.00109230851585	0.0773323418649	0.474671144341	0.010271089626	0.0135946130164	0.0814458871594
0.00121631842661	0.0769071391281	0.473172097316	0.0110427248931	0.0146106099757	0.084471225411
0.00135387328064	0.0764530046906	0.471567144605	0.0118698534808	0.0156988100321	0.087601461341
0.00150634877496	0.07596830806	0.469849692039	0.0127560850488	0.0168637669486	0.0908393887769
0.00167524044451	0.0754513782181	0.468012869926	0.013705205872	0.0181102322853	0.0941877804742
0.00186217846412	0.0749004900268	0.46609578861	0.0147211793803	0.0194432364249	0.0976493754347
0.00206891464437	0.0743139273713	0.464056943703	0.0158080443657	0.0208679384434	0.101226527104
0.00229733971152	0.0736899508624	0.461880220562	0.0169700767764	0.0223896354486	0.104921769939
0.00254949026597	0.0730268115391	0.459557922114	0.0182117320822	0.0240137990086	0.108737616159
0.00282754979599	0.0723227739176	0.457082165104	0.0195376179856	0.0257460373371	0.112676474756
0.00313385100491	0.0715761328336	0.454444914436	0.0209524822048	0.0275920701224	0.116740631536
0.00347087641779	0.0707852325169	0.451638024406	0.0224611969784	0.029557697965	0.120932227731
0.00384125690422	0.0699484879514	0.448653287346	0.0240687399595	0.0316487659035	0.125253237225
0.00424776772614	0.0690644085257	0.445482490188	0.0257801711723	0.0338711205299	0.129705442482
0.00469332169866	0.0681316239232	0.442117479349	0.0276006057264	0.036230560232	0.134290409276
0.00518095903949	0.0671489121294	0.438550234227	0.029535182014	0.0387327781594	0.139009460381
0.00571383348334	0.0661152293541	0.434772949469	0.0315890251637	0.0413832975966	0.143863648431
0.00629519425307	0.0650297415704	0.43077812598	0.0337672055886	0.044187399546	0.148853728178
0.00692840244703	0.0638917958916	0.426638788311	0.0360746949313	0.0471503203178	0.153980128467
0.00761685411398	0.0627010489137	0.422315435207	0.0385158936196	0.0502770965998	0.159241977184
0.00836388178275	0.0614575560754	0.41776018578	0.0410951401255	0.053571640478	0.164638384548
0.00917284014142	0.0601616235339	0.412967623712	0.0438167103865	0.0570374625611	0.170168522992
0.0100470145998	0.0588139304763	0.407933149706	0.0466845373183	0.0606773606065	0.17583111671
0.0109895728776	0.0574155584662	0.402653106277	0.0497021416758	0.0644933060543	0.181624417867
0.0120035118848	0.0559680173359	0.397124903639	0.0528725602863	0.0684863274374	0.187546185406
0.0130916064507	0.0544732594668	0.391359576741	0.0561982727102	0.0726564282692	0.193593667092
0.0142565960345	0.0529334060687	0.38551045374	0.0596810427355	0.0770039888457	0.199763396667
0.0155003906388	0.0513516479102	0.37941739589	0.0633205945714	0.0815262715181	0.206048988387
0.0168246939031	0.0497313075647	0.373082573587	0.0671171953868	0.0862194986682	0.212445916454
0.0182307254663	0.0480761781346	0.36650970492	0.0710702606642	0.0910783963968	0.2189490951
0.0197191593886	0.0463905071156	0.359704131191	0.0751782947064	0.0960961112039	0.225552885842
0.0212901210459	0.0446789189436	0.352744036102	0.0794388397016	0.101264429923	0.232251111343
0.0229434506363	0.0429460995033	0.345713686216	0.08384764056	0.106575990362	0.239035763108
0.0246774564728	0.0411978575472	0.338478121029	0.0883984262741	0.112018167635	0.245896825639
0.0264900953782	0.0394398357119	0.331048364257	0.0930855273854	0.117577470724	0.252826427449
0.0283785636204	0.0376779110322	0.323437067289	0.097902216697	0.123238729238	0.259816259446
0.0303394011392	0.0359180354844	0.315763901792	0.102840727861	0.128985706993	0.266857623906
0.0323688717817	0.0341658922679	0.308074868207	0.107890769781	0.134804231127	0.273939224433
0.0344612615493	0.032428102057	0.300248662511	0.113040488527	0.140673391135	0.281048622122
0.0366107330924	0.0307106580994	0.292302215464	0.118279164211	0.146572404797	0.288176050643
0.0388107917608	0.029019404391	0.284253534665	0.123595276707	0.152479491535	0.295311582512
0.041055288803	0.0273593199509	0.276358056388	0.128976651498	0.158376350745	0.302445200712
0.0433358540164	0.0257362995812	0.268404074975	0.134406184845	0.164239996883	0.309560977242
0.0456443260796	0.0241552724949	0.260399710274	0.139870376043	0.170046971433	0.316648448883
0.0479722933361	0.0226206928433	0.252364219672	0.145355609302	0.175774034655	0.32369753116
0.0503116313057	0.021136251005	0.244476802752	0.150848116831	0.18140047018	0.330698325536
0.0526538676601	0.0197053122332	0.236673961377	0.156330779204	0.186908008345	0.337636796929
0.0549895634709	0.0183311675738	0.228888720728	0.161788130494	0.192273980399	0.344501127509
0.0573100506155	0.0170161393087	0.22113895263	0.167206791699	0.197478259475	0.351282192666
0.05960704864	0.0157619216768	0.213519994302	0.172573795637	0.202502838819	0.357971293249
0.0618734561447	0.0145692579814	0.206114704914	0.177874939875	0.207336534388	0.36455788253
0.0641004955734	0.013439383047	0.198784160368	0.183094886061	0.211962993061	0.371029583513
0.066280935011	0.0123724355111	0.191542904708	0.188222733046	0.216369122271	0.377379152894
0.0684081436868	0.0113680807416	0.18440461196	0.193248423953	0.220544072698	0.383599932178
0.070477047067	0.0104251605585	0.177559435855	0.198162837999	0.224482922737	0.38968586797
0.0724817788093	0.00954279115165	0.170864115568	0.202953178178	0.228181341959	0.39562562627
0.0744173466378	0.00871959664187	0.164294328289	0.207611560013	0.231634535622	0.401413289491
0.0762798387906	0.00795375468213	0.157859383907	0.21213204518	0.234840480799	0.407044742486
0.0780661025998	0.00724319518472	0.151567560316	0.216509716479	0.237799350454	0.412516522777
0.079774791533	0.00658525671679	0.14561412045	0.220740687085	0.240517480019	0.417825812656
0.0814031896568	0.00597791059803	0.139814681305	0.224816831996	0.242999898716	0.422963723478
0.0829501046087	0.00541864950938	0.134163791597	0.228736195898	0.245251832816	0.427928487768
0.0844151185282	0.00490485556689	0.128665802621	0.232498023187	0.247280189834	0.432719348368
0.0857984376649	0.00443387626239	0.123324183218	0.236102396321	0.249093230536	0.437336151764
0.0871009963643	0.00400300662651	0.118227497206	0.239550172888	0.250700941239	0.44177932029
0.0883250521909	0.00360931851537	0.113440317342	0.242840609375	0.252119474565	0.446046753695
0.089471039307	0.00325063598802	0.108797378066	0.245971705594	0.253359098636	0.450134239941
0.0905410143249	0.00292444174175	0.104299535854	0.248946787657	0.254430663593	0.454044202631
0.0915373896295	0.00262830605538	0.0999470501191	0.251769661523	0.255345397975	0.457779536511
0.0924628718682	0.00235989930651	0.0957396254703	0.254444541497	0.256114729972	0.461343564739
0.093320402586	0.00211700146363	0.0916764560946	0.256975980873	0.256750125248	0.464739995122
