0.0	0.126632806093	0.637409699787	0.0	0.0	0.0
2.66997550687e-18	0.126632806091	0.637409699779	2.90938799628e-12	2.66997535191e-12	1e-06
2.98894322845e-18	0.126632806091	0.637409699779	3.07586833014e-12	2.87858625824e-12	1.03833333333e-06
3.34601632108e-18	0.126632806091	0.637409699779	3.25535678987e-12	3.10351744303e-12	1.07813611111e-06
3.74574703004e-18	0.12663280609	0.637409699778	3.44886977983e-12	3.3459901516e-12	1.11946466204e-06
4.19323143306e-18	0.12663280609	0.637409699778	3.65750312227e-12	3.6074476739e-12	1.16237747408e-06
4.69417440904e-18	0.12663280609	0.637409699777	3.88243826274e-12	3.88933329985e-12	1.20693527725e-06
5.25496236836e-18	0.12663280609	0.637409699777	4.12494896034e-12	4.19331236399e-12	1.25320112955e-06
5.8827446717e-18	0.12663280609	0.637409699776	4.38640850075e-12	4.52093917856e-12	1.30124050618e-06
6.58552477574e-18	0.126632806089	0.637409699775	4.66829747286e-12	4.87410112269e-12	1.35112139225e-06
7.3722622674e-18	0.126632806089	0.637409699774	4.97221215301e-12	5.25501864243e-12	1.40291437895e-06
8.25298708761e-18	0.126632806089	0.637409699774	5.29987354438e-12	5.66557911693e-12	1.45669276348e-06
9.23892740081e-18	0.126632806089	0.637409699773	5.65313712264e-12	6.10822503685e-12	1.51253265274e-06
1.03426527403e-17	0.126632806088	0.637409699772	6.03400334309e-12	6.58550991513e-12	1.5705130711e-06
1.15782342545e-17	0.126632806088	0.637409699771	6.44462896887e-12	7.10009828703e-12	1.63071607216e-06
1.29614240966e-17	0.126632806088	0.63740969977	6.88733928416e-12	7.65487673243e-12	1.69322685492e-06
1.45098562458e-17	0.126632806087	0.637409699769	7.36464126184e-12	8.25306489809e-12	1.75813388436e-06
1.62432713184e-17	0.126632806087	0.637409699767	7.87923775988e-12	8.89788243078e-12	1.82552901659e-06
1.81837682367e-17	0.126632806087	0.637409699766	8.43404282707e-12	9.59310408879e-12	1.89550762889e-06
2.03560859636e-17	0.126632806086	0.637409699765	9.03219820462e-12	1.0342726675e-11	1.96816875467e-06
2.27879188936e-17	0.126632806086	0.637409699763	9.67709111722e-12	1.11508580146e-11	2.04361522359e-06
2.55102699226e-17	0.126632806085	0.637409699761	1.03723734541e-11	1.2022050022e-11	2.12195380716e-06
2.85578456973e-17	0.126632806085	0.637409699759	1.11219824489e-11	1.29614097231e-11	2.20329536977e-06
3.19694990819e-17	0.126632806084	0.637409699757	1.19301629754e-11	1.39741551662e-11	2.28775502561e-06
3.5788724485e-17	0.126632806083	0.637409699755	1.28014915853e-11	1.50660595108e-11	2.37545230159e-06
4.00642123601e-17	0.126632806083	0.637409699753	1.37409024243e-11	1.62433400061e-11	2.46651130648e-06
4.48504699492e-17	0.126632806082	0.637409699751	1.47537151729e-11	1.75124359455e-11	2.56106090656e-06
5.02085161836e-17	0.126632806081	0.637409699748	1.58456651711e-11	1.88807858233e-11	2.65923490797e-06
5.62066596005e-17	0.12663280608	0.637409699745	1.70229358956e-11	2.03561612007e-11	2.76117224611e-06
6.29213691934e-17	0.126632806079	0.637409699742	1.82921939762e-11	2.19466667057e-11	2.8670171822e-06
7.04382492984e-17	0.126632806078	0.637409699739	1.96606269472e-11	2.36615171895e-11	2.97691950751e-06
7.88531309447e-17	0.126632806077	0.637409699735	2.11359839489e-11	2.551026057e-11	3.0910347553e-06
8.82732935827e-17	0.126632806076	0.637409699731	2.27266196092e-11	2.75035549883e-11	3.20952442091e-06
9.88188327665e-17	0.126632806074	0.637409699727	2.44415413542e-11	2.96526136969e-11	3.33255619037e-06
1.10624191225e-16	0.126632806073	0.637409699723	2.62904604151e-11	3.19695381269e-11	3.46030417766e-06
1.23839872841e-16	0.126632806071	0.637409699718	2.82838468213e-11	3.44675399321e-11	3.59294917113e-06
1.38634361395e-16	0.12663280607	0.637409699712	3.04329886891e-11	3.71606079228e-11	3.73067888935e-06
1.55196268524e-16	0.126632806068	0.637409699707	3.27500561446e-11	4.00642852211e-11	3.87368824676e-06
1.7373673829e-16	0.126632806066	0.637409699701	3.52481702403e-11	4.31946700611e-11	4.02217962954e-06
1.9449213901e-16	0.126632806064	0.637409699694	3.79414772565e-11	4.65697480557e-11	4.176363182e-06
2.17727076662e-16	0.126632806062	0.637409699687	4.08452288089e-11	5.02085040185e-11	4.33645710396e-06
2.43737768287e-16	0.126632806059	0.637409699679	4.39758682152e-11	5.41315880979e-11	4.50268795959e-06
2.72855818396e-16	0.126632806057	0.637409699671	4.73511236099e-11	5.83613157767e-11	4.67529099803e-06
3.05452446519e-16	0.126632806054	0.637409699662	5.09901083351e-11	6.29214458275e-11	4.85451048626e-06
3.41943219803e-16	0.126632806051	0.637409699653	5.49134291751e-11	6.78378464468e-11	5.04060005488e-06
3.82793350983e-16	0.126632806048	0.637409699642	5.9143303048e-11	7.31383842325e-11	5.23382305696e-06
4.28523629277e-16	0.126632806044	0.637409699631	6.37036828157e-11	7.88531462286e-11	5.43445294078e-06
4.79717059809e-16	0.126632806041	0.637409699619	6.86203929235e-11	8.5014439925e-11	5.64277363681e-06
5.37026296216e-16	0.126632806037	0.637409699606	7.39212756384e-11	9.16571263248e-11	5.85907995952e-06
6.01181961179e-16	0.126632806032	0.637409699593	7.9636348714e-11	9.88188419884e-11	6.08367802459e-06
6.73001960969e-16	0.126632806027	0.637409699578	8.57979753742e-11	1.06540221078e-10	6.31688568215e-06
7.53401912758e-16	0.126632806022	0.637409699561	9.24410475794e-11	1.14864784338e-10	6.55903296658e-06
8.43406817608e-16	0.126632806017	0.637409699544	9.96031836124e-11	1.23839938289e-10	6.81046256358e-06
9.44164127991e-16	0.126632806011	0.637409699525	1.07324941102e-10	1.33516309102e-10	7.07153029512e-06
1.0569583764e-15	0.126632806005	0.637409699505	1.15650046692e-10	1.43948741795e-10	7.34260562303e-06
1.18322755156e-15	0.126632805998	0.637409699483	1.24625643657e-10	1.55196300231e-10	7.62407217183e-06
1.32458143104e-15	0.12663280599	0.637409699459	1.34302558864e-10	1.67322711214e-10	7.91632827166e-06
1.48282210395e-15	0.126632805982	0.637409699434	1.44735590591e-10	1.80396697547e-10	8.21978752197e-06
1.65996694536e-15	0.126632805974	0.637409699407	1.55983818844e-10	1.94492200085e-10	8.53487937687e-06
1.85827433534e-15	0.126632805965	0.637409699377	1.68110939909e-10	2.09689043862e-10	8.86204975285e-06
2.08027245063e-15	0.126632805955	0.637409699345	1.81185627052e-10	2.26073271163e-10	9.2017616599e-06
2.3287914957e-15	0.126632805944	0.637409699311	1.95281919401e-10	2.43737807655e-10	9.55449585671e-06
2.60699978446e-15	0.126632805932	0.637409699274	2.10479641214e-10	2.62782462388e-10	9.92075153104e-06
2.91844413236e-15	0.12663280592	0.637409699234	2.26864853906e-10	2.83315371083e-10	1.03010470062e-05
3.26709507397e-15	0.126632805906	0.637409699191	2.44530343395e-10	3.05452441025e-10	1.06959204745e-05
3.65739748242e-15	0.126632805892	0.637409699144	2.63576145532e-10	3.29319349459e-10	1.11059307592e-05
4.0943272361e-15	0.126632805876	0.637409699094	2.84110112579e-10	3.55051099506e-10	1.15316581046e-05
4.58345465504e-15	0.126632805859	0.637409699041	3.06248523953e-10	3.82793352425e-10	1.19737049983e-05
5.13101551565e-15	0.126632805841	0.637409698982	3.30116744696e-10	4.12703315796e-10	1.24326970229e-05
5.74399054927e-15	0.126632805821	0.63740969892	3.55849935382e-10	4.44950409652e-10	1.29092837417e-05
6.43019443794e-15	0.1266328058	0.637409698852	3.83593817511e-10	4.79717043636e-10	1.34041396181e-05
7.19837544205e-15	0.126632805777	0.637409698779	4.13505498691e-10	5.17200282334e-10	1.39179649696e-05
8.05832692993e-15	0.126632805752	0.637409698701	4.4575436231e-10	5.57612289365e-10	1.44514869596e-05
9.02101223137e-15	0.126632805726	0.637409698616	4.80523026712e-10	6.01181992715e-10	1.50054606257e-05
1.00987044066e-14	0.126632805697	0.637409698525	5.18008379332e-10	6.48155972917e-10	1.5580669949e-05
1.13051427129e-14	0.126632805666	0.637409698426	5.58422691619e-10	6.9880035043e-10	1.6177928963e-05
1.26557077632e-14	0.126632805633	0.63740969832	6.01994821092e-10	7.53401895857e-10	1.67980829057e-05
1.41676176101e-14	0.126632805597	0.637409698206	6.48971507301e-10	8.12269806311e-10	1.74420094161e-05
1.5860147255e-14	0.126632805558	0.637409698082	6.99618769069e-10	8.75737481764e-10	1.8110619776e-05
1.77548743811e-14	0.126632805517	0.637409697949	7.54223410893e-10	9.44164190383e-10	1.88048601995e-05
1.98759544417e-14	0.126632805472	0.637409697806	8.13094647059e-10	1.01793751102e-09	1.95257131725e-05
2.22504286135e-14	0.126632805423	0.637409697651	8.76565852651e-10	1.09747510959e-09	2.02741988426e-05
2.49085685381e-14	0.126632805371	0.637409697485	9.4499645139e-10	1.18322762559e-09	2.10513764632e-05
2.78842622483e-14	0.126632805315	0.637409697305	1.01877395096e-09	1.27568033751e-09	2.18583458924e-05
3.12154461995e-14	0.126632805254	0.637409697111	1.09831613741e-09	1.37535704858e-09	2.26962491494e-05
3.49445889126e-14	0.126632805188	0.637409696902	1.18407344093e-09	1.48282208514e-09	2.35662720311e-05
3.91192323959e-14	0.126632805118	0.637409696677	1.27653148659e-09	1.59868407146e-09	2.44696457897e-05
4.37925982478e-14	0.126632805042	0.637409696434	1.37621384433e-09	1.7235990383e-09	2.54076488753e-05
4.90242661665e-14	0.126632804959	0.637409696172	1.48368499378e-09	1.85827430875e-09	2.63816087455e-05
5.48809335187e-14	0.126632804871	0.63740969589	1.59955352084e-09	2.00347271704e-09	2.73929037437e-05
6.1437265649e-14	0.126632804775	0.637409695586	1.7244755639e-09	2.16001627229e-09	2.84429650496e-05
6.87768477723e-14	0.126632804673	0.637409695258	1.85915852951e-09	2.32879148755e-09	2.95332787052e-05
7.69932505822e-14	0.126632804562	0.637409694904	2.00436509815e-09	2.51075415383e-09	3.0665387717e-05
8.61912231635e-14	0.126632804442	0.637409694522	2.16091754324e-09	2.70693478011e-09	3.18408942403e-05
9.64880284144e-14	0.126632804313	0.637409694111	2.32970238741e-09	2.91844414449e-09	3.30614618462e-05
1.08014938005e-13	0.126632804174	0.637409693668	2.51167542274e-09	3.14647995557e-09	3.43288178763e-05
1.2091890593e-13	0.126632804024	0.63740969319	2.70786712315e-09	3.39233373574e-09	3.56447558867e-05
1.35364441994e-13	0.126632803862	0.637409692675	2.9193884798e-09	3.65739748259e-09	3.70111381864e-05
1.51535709108e-13	0.126632803688	0.637409692119	3.14743729239e-09	3.94317221763e-09	3.84298984732e-05
1.6963887114e-13	0.1266328035	0.63740969152	3.393304952e-09	4.25127642392e-09	3.99030445698e-05
1.89904721256e-13	0.126632803298	0.637409690875	3.65838375397e-09	4.58345459484e-09	4.14326612654e-05
2.12591624246e-13	0.126632803079	0.637409690178	3.94417478221e-09	4.94158789222e-09	4.30209132661e-05
2.37988810361e-13	0.126632802844	0.637409689428	4.25229640944e-09	5.32770436038e-09	4.46700482584e-05
2.66420062643e-13	0.12663280259	0.637409688619	4.58449346175e-09	5.74399047246e-09	4.63824000901e-05
2.98247844764e-13	0.126632802317	0.637409687746	4.94264709911e-09	6.1928035649e-09	4.81603920733e-05
3.33877921991e-13	0.126632802022	0.637409686805	5.32878546804e-09	6.67668516013e-09	5.00065404133e-05
3.73764534196e-13	0.126632801704	0.637409685791	5.74509518647e-09	7.19837528843e-09	5.19234577704e-05
4.18416186861e-13	0.126632801361	0.637409684698	6.19393372618e-09	7.76082836412e-09	5.39138569564e-05
4.68402133894e-13	0.126632800991	0.637409683519	6.67784276257e-09	8.36722928381e-09	5.59805547745e-05
5.24359634923e-13	0.126632800592	0.637409682248	7.19956256765e-09	9.02101196709e-09	5.81264760051e-05
5.87002079571e-13	0.126632800162	0.637409680878	7.76204752758e-09	9.72587878545e-09	6.03546575453e-05
6.571280823e-13	0.126632799699	0.637409679401	8.36848287276e-09	1.04858211014e-08	6.26682527064e-05
7.35631663764e-13	0.1266327992	0.637409677808	9.02230271502e-09	1.1305142361e-08	6.50705356767e-05
8.23513648476e-13	0.126632798661	0.637409676091	9.72720949429e-09	1.2188482297e-08	6.75649061549e-05
9.21894424091e-13	0.12663279808	0.637409674239	1.04871949447e-08	1.31408427966e-08	7.01548941613e-05
1.03202822497e-12	0.126632797454	0.637409672243	1.13065626989e-08	1.41676171008e-08	7.28441650338e-05
1.15531912213e-12	0.126632796779	0.637409670091	1.21899526586e-08	1.52746195579e-08	7.56365246148e-05
1.29333892342e-12	0.126632796052	0.637409667771	1.31423672691e-08	1.64681189304e-08	7.85359246369e-05
1.44784721215e-12	0.126632795267	0.63740966527	1.41691998475e-08	1.77548735892e-08	8.15464683159e-05
1.62081377957e-12	0.126632794421	0.637409662573	1.52762651233e-08	1.9142170371e-08	8.46724161576e-05
1.81444373735e-12	0.126632793509	0.637409659665	1.64698321665e-08	2.06378649907e-08	8.79181919867e-05
2.03120562998e-12	0.126632792526	0.637409656531	1.77566598873e-08	2.22504273385e-08	9.12883892078e-05
2.27386290571e-12	0.126632791466	0.637409653151	1.9144035311e-08	2.39889891081e-08	9.47877773058e-05
2.54550914707e-12	0.126632790323	0.637409649507	2.06398148423e-08	2.58633953115e-08	9.84213085957e-05
2.84960751026e-12	0.126632789091	0.637409645579	2.22524687544e-08	2.78842603448e-08	0.000102194125231
3.19003487609e-12	0.126632787763	0.637409641343	2.39911291545e-08	3.00630278293e-08	0.000106111566481
3.57113127544e-12	0.126632786331	0.637409636777	2.5865641697e-08	3.24120356707e-08	0.000110179176286
3.99775521926e-12	0.126632784786	0.637409631854	2.78866213365e-08	3.49445857807e-08	0.000114402711105
4.47534563861e-12	0.126632783122	0.637409626546	3.00655124387e-08	3.76750195724e-08	0.000118788148059
5.00999122424e-12	0.126632781327	0.637409620823	3.24146535868e-08	4.06187987844e-08	0.000123341693393
5.60850804987e-12	0.126632779392	0.637409614653	3.49473474522e-08	4.379259341e-08	0.000128069791257
6.27852646867e-12	0.126632777305	0.637409608001	3.76779361245e-08	4.72143759557e-08	0.000132979132828
7.02858839076e-12	0.126632775056	0.63740960083	4.06218823275e-08	5.09035231367e-08	0.000138076665774
7.86825618192e-12	0.126632772631	0.637409593098	4.37958569808e-08	5.48809259006e-08	0.000143369604092
8.80823457186e-12	0.126632770017	0.637409584762	4.72178336038e-08	5.91691073322e-08	0.000148865438316
9.86050712612e-12	0.126632767198	0.637409575774	5.0907190095e-08	6.37923504405e-08	0.000154571946113
1.10384890216e-11	0.126632764159	0.637409566085	5.48848184651e-08	6.87768357148e-08	0.000160497203295
1.23571980731e-11	0.126632760882	0.637409555638	5.91732431429e-08	7.41507891173e-08	0.000166649595246
1.38334461919e-11	0.12663275735	0.637409544375	6.37967485264e-08	7.99446421766e-08	0.000173037828787
1.54860537162e-11	0.126632753541	0.637409532232	6.87815164991e-08	8.61912040724e-08	0.000179670944502
1.73360893467e-11	0.126632749435	0.63740951914	7.41557746917e-08	9.292584793e-08	0.000186558329527
1.94071387462e-11	0.126632745008	0.637409505025	7.99499563289e-08	1.00186710327e-07	0.000193709730837
2.17256052267e-11	0.126632740235	0.637409489807	8.61968725645e-08	1.08014908008e-07	0.000201135269038
2.43210463581e-11	0.126632735089	0.6374094734	9.29318982835e-08	1.16454770143e-07	0.000208845452694
2.72265507895e-11	0.126632729541	0.637409455712	1.00193172421e-07	1.25554089904e-07	0.000216851193192
3.04791600875e-11	0.12663272356	0.637409436641	1.08021813932e-07	1.35364394688e-07	0.000225163820188
3.41203409682e-11	0.126632717111	0.63740941608	1.16462154642e-07	1.4594123789e-07	0.000233795097637
3.8196513945e-11	0.126632710158	0.637409393912	1.25561990281e-07	1.57344513752e-07	0.000242757240443
4.27596451296e-11	0.126632702662	0.637409370012	1.35372851142e-07	1.69638796432e-07	0.000252062931747
4.78679087332e-11	0.126632694581	0.637409344245	1.4595029388e-07	1.82893705814e-07	0.000261725340869
5.35864287111e-11	0.126632685868	0.637409316465	1.57354216121e-07	1.97184301086e-07	0.00027175814195
5.99881090087e-11	0.126632676474	0.637409286514	1.69649195639e-07	2.12591506612e-07	0.000282175533304
6.71545629899e-11	0.126632666346	0.637409254222	1.82904856043e-07	2.29202569903e-07	0.000292992257505
7.51771539006e-11	0.126632655427	0.637409219408	1.97196261041e-07	2.47111555438e-07	0.000304223622253
8.41581596273e-11	0.126632643654	0.637409181873	2.12604339499e-07	2.66419877345e-07	0.000315885522039
9.42120766042e-11	0.126632630962	0.637409141405	2.29216343718e-07	2.8723687427e-07	0.00032799446063
1.05467079488e-10	0.126632617278	0.637409097776	2.47126343523e-07	3.09680427878e-07	0.000340567574435
1.18066655209e-10	0.126632602525	0.637409050737	2.66435758943e-07	3.33877630202e-07	0.000353622656743
1.32171432236e-10	0.126632586619	0.637409000023	2.87253934529e-07	3.59965504392e-07	0.000367178182912
1.47961228365e-10	0.12663256947	0.637408945347	3.09698758533e-07	3.88091779422e-07	0.000381253336508
1.65637343148e-10	0.126632550981	0.637408886398	3.33897330472e-07	4.18415727409e-07	0.000395868036454
1.85425124175e-10	0.126632531048	0.637408822843	3.59986680848e-07	4.51109065218e-07	0.000411042965217
2.07576839942e-10	0.126632509557	0.637408754323	3.88114547108e-07	4.86356926889e-07	0.000426799598073
2.32374895905e-10	0.126632486387	0.637408680448	4.18440210226e-07	5.24358911785e-07	0.000443160233498
2.60135434745e-10	0.126632461407	0.637408600801	4.51135396651e-07	5.6533021512e-07	0.000460148024723
2.91212366718e-10	0.126632434474	0.637408514931	4.86385250735e-07	6.09502846625e-07	0.000477787012494
3.26001881487e-10	0.126632405438	0.637408422351	5.24389383126e-07	6.5712694392e-07	0.000496102159092
3.6494749894e-10	0.126632374132	0.637408322538	5.65363001088e-07	7.08472189358e-07	0.000515119383657
4.08545723386e-10	0.126632340381	0.637408214925	6.09538127126e-07	7.63829336434e-07	0.000534865598859
4.57352373217e-10	0.126632303992	0.637408098905	6.5716491283e-07	8.23511857103e-07	0.000555368748984
5.11989666706e-10	0.12663226476	0.637407973818	7.0851305537e-07	8.87857716203e-07	0.000576657849475
5.73154154293e-10	0.126632222462	0.637407838958	7.63873324665e-07	9.57231285434e-07	0.000598763027983
6.41625598453e-10	0.12663217686	0.637407693561	8.23559209868e-07	1.03202540632e-06	0.000621715567002
7.18276914366e-10	0.126632127694	0.637407536803	8.87908694498e-07	1.1126636149e-06	0.000645547948127
8.04085298089e-10	0.126632074687	0.637407367797	9.57286170255e-07	1.1996025401e-06	0.000670293898014
9.00144684099e-10	0.126632017538	0.637407185585	1.03208450037e-06	1.2933344889e-06	0.000695988436102
1.007679691e-09	0.126631955924	0.637406989136	1.11272724417e-06	1.39439023428e-06	0.000722667924156
1.12806123315e-09	0.126631889496	0.637406777338	1.19967105539e-06	1.50334202069e-06	0.000750370117715
1.26282399728e-09	0.126631817877	0.63740654899	1.29340826798e-06	1.62080680387e-06	0.000779134219512
1.41368600673e-09	0.126631740662	0.637406302801	1.39446968379e-06	1.74744974454e-06	0.000809000934931
1.58257052286e-09	0.126631657414	0.637406037375	1.50342757814e-06	1.88398797471e-06	0.0008400125296
1.77163056269e-09	0.126631567662	0.637405751211	1.62089894022e-06	2.03119465808e-06	0.000872212889181
1.98327634529e-09	0.126631470896	0.637405442687	1.74754896653e-06	2.18990336757e-06	0.000905647581459
2.22020601688e-09	0.12663136657	0.637405110056	1.88409482743e-06	2.36101280552e-06	0.000940363920796
2.48544004602e-09	0.126631254093	0.637404751435	2.03130972772e-06	2.54549189166e-06	0.000976411035068
2.78235972755e-09	0.126631132827	0.637404364794	2.19002728466e-06	2.74438524959e-06	0.00101383993515
3.11475028594e-09	0.126631002086	0.637403947942	2.36114624787e-06	2.95881912075e-06	0.00105270358709
3.48684912728e-09	0.12663086113	0.63740349852	2.54563558797e-06	3.19000774143e-06	0.001093056987
3.90339985518e-09	0.12663070916	0.637403013983	2.74453998282e-06	3.4392602174e-06	0.00113495723886
4.36971273871e-09	0.126630545316	0.637402491586	2.95898573224e-06	3.70798793516e-06	0.00117846363526
4.89173240322e-09	0.126630368671	0.637401928373	3.19018713478e-06	3.99771255324e-06	0.00122363774129
5.47611360663e-09	0.126630178223	0.637401321153	3.43945336271e-06	4.31007461655e-06	0.00127054348156
6.13030606689e-09	0.126629972896	0.637400666489	3.70819587389e-06	4.64684284425e-06	0.00131924723063
6.86264942155e-09	0.126629751525	0.637399960673	3.99793640272e-06	5.00992414293e-06	0.00136981790685
7.68247952968e-09	0.126629512858	0.63739919971	4.31031557516e-06	5.40137440179e-06	0.00142232706979
8.60024747054e-09	0.126629255544	0.63739837929	4.64710219675e-06	5.82341013097e-06	0.00147684902144
9.62765275533e-09	0.126628978125	0.637397494768	5.01020326598e-06	6.27842100926e-06	0.00153346091123
1.07777924495e-08	0.126628679031	0.637396541136	5.40167476981e-06	6.76898341079e-06	0.00159224284508
1.20653281054e-08	0.126628356567	0.637395512994	5.82373332225e-06	7.29787498926e-06	0.00165327799867
1.35066726324e-08	0.12662800891	0.63739440452	6.27876871196e-06	7.8680904003e-06	0.00171665273494
1.51201994844e-08	0.12662763409	0.63739320944	6.76935742969e-06	8.48285825154e-06	0.00178245672614
1.69264768311e-08	0.126627229984	0.637391920985	7.29827725217e-06	9.14565937676e-06	0.00185078308059
1.89485296942e-08	0.126626794306	0.637390531862	7.8685229647e-06	9.86024653672e-06	0.00192172847418
2.12121333887e-08	0.126626324589	0.637389034205	8.48332331156e-06	1.06306656574e-05	0.00199539328694
2.37461420066e-08	0.126625818172	0.637387419535	9.14615926985e-06	1.14612787278e-05	0.00207188174486
2.65828561267e-08	0.126625272191	0.637385678711	9.86078375001e-06	1.23567884837e-05	0.00215130206703
2.97584344317e-08	0.126624683552	0.637383801876	1.06312428345e-05	1.33222650194e-05	0.00223376661849
3.33133544766e-08	0.126624048925	0.637381778406	1.14618986745e-05	1.43631744764e-05	0.00231939206886
3.72929284731e-08	0.126623364717	0.637379596844	1.23574541737e-05	1.54854099708e-05	0.00240829955698
4.17478806569e-08	0.126622627054	0.63737724484	1.3322979599e-05	1.66953249344e-05	0.00250061486191
4.67349935888e-08	0.126621831761	0.637374709081	1.4363941268e-05	1.79997690581e-05	0.00259646858036
5.23178316147e-08	0.126620974337	0.63737197521	1.54862324758e-05	1.94061270394e-05	0.00269599631093
5.85675506925e-08	0.126620049927	0.637369027752	1.6696206834e-05	2.09223603533e-05	0.0027993388453
6.55638048908e-08	0.126619053301	0.637365850023	1.8000714212e-05	2.25570522808e-05	0.00290664236674
7.33957610932e-08	0.126617978816	0.637362424035	1.94071394821e-05	2.43194564503e-05	0.00301805865615
8.21632348166e-08	0.126616820393	0.637358730396	2.09234442871e-05	2.62195491651e-05	0.00313374530588
9.19779615893e-08	0.126615571474	0.637354748199	2.25582120649e-05	2.82680858101e-05	0.0032538659417
1.02965020058e-07	0.126614224993	0.637350454907	2.43206965857e-05	3.0476661657e-05	0.00337859045321
1.15264424916e-07	0.126612773331	0.637345826221	2.62208742728e-05	3.28577774088e-05	0.00350809523286
1.29032909902e-07	0.126611208272	0.637340835944	2.82695006033e-05	3.54249098532e-05	0.00364256342416
1.44445923533e-07	0.126609520961	0.637335455837	3.04781709044e-05	3.81925880213e-05	0.00378218517915
1.61699862916e-07	0.126607701853	0.637329655454	3.28593858887e-05	4.11764752778e-05	0.00392715792565
1.81014574028e-07	0.126605740656	0.637323401974	3.54266222948e-05	4.43934578079e-05	0.00407768664458
2.02636150206e-07	0.126603626275	0.637316660012	3.81944090321e-05	4.78617399909e-05	0.00423398415765
2.2684006437e-07	0.126601346751	0.637309391425	4.11784092556e-05	5.16009472007e-05	0.004396271426
2.53934674737e-07	0.126598889191	0.637301555089	4.43955088305e-05	5.56322366052e-05	0.00456477785992
2.84265148493e-07	0.126596239695	0.637293106675	4.78639116845e-05	5.99784165862e-05	0.00473974164022
3.18217853171e-07	0.126593383283	0.637283998394	5.16032425794e-05	6.46640754454e-05	0.00492141005165
3.56225271419e-07	0.126590303802	0.637274178727	5.56346578778e-05	6.97157201188e-05	0.00511003982875
3.98771501404e-07	0.126586983842	0.637263592138	5.99809649245e-05	7.51619256681e-05	0.00530589751452
4.46398412526e-07	0.126583404637	0.637252178761	6.46667507076e-05	8.10334963856e-05	0.00550925983253
4.99712534339e-07	0.126579545957	0.637239874059	6.97185205182e-05	8.7363639408e-05	0.00572041407274
5.59392765838e-07	0.126575385994	0.637226608463	7.51648473801e-05	9.41881518023e-05	0.00593965849162
6.26199002559e-07	0.126570901244	0.637212306982	8.10365330811e-05	0.000101545622163	0.00616730272698
7.009817905e-07	0.12656606637	0.637196888781	8.73667816998e-05	0.000109477647836	0.00640366822812
7.84693128724e-07	0.126560854064	0.637180266721	9.41913865911e-05	0.000118029068972	0.00664908870165
8.78398556938e-07	0.126555234891	0.63716234688	0.000101548931865	0.000127248220695	0.00690391057364
9.8329068039e-07	0.126549177125	0.637143028014	0.00010948100947	0.000137187204784	0.00716849346851
1.10070430242e-06	0.126542646571	0.637122201	0.00011803245309	0.000147902182352	0.00744321070527
1.23213335506e-06	0.126535606376	0.637099748214	0.000127251590116	0.000159453689129	0.00772844981162
1.37924984042e-06	0.126528016821	0.637075542881	0.000137190513115	0.000171906975073	0.00802461305651
1.54392502071e-06	0.1265198351	0.63704944836	0.000147905372243	0.000185332370158	0.00833211800158
1.72825312258e-06	0.126511015082	0.637021317381	0.000159456690234	0.000199805678337	0.00865139807217
1.93457785257e-06	0.126501507053	0.636990991224	0.000171909701654	0.000215408601788	0.00898290314845
2.16552205527e-06	0.126491257442	0.63695829883	0.000185334718289	0.00023222919777	0.00932710017708
2.42402088447e-06	0.126480208521	0.636923055851	0.000199807522616	0.000250362370508	0.00968447380417
2.71335890083e-06	0.126468298087	0.636885063624	0.00021540979151	0.000269910400763	0.0100555270299
3.03721155753e-06	0.126455459118	0.636844108061	0.000232229552438	0.000290983515904	0.0104407818852
3.39969158927e-06	0.126441619403	0.636799958467	0.000250361674601	0.000313700503503	0.0108407801319
3.80540087933e-06	0.126426701142	0.636752366259	0.000269908397622	0.000338189371681	0.0112560839852
4.25948844624e-06	0.126410620522	0.63670106359	0.000290979900598	0.000364588059689	0.0116872768604
4.76771526502e-06	0.126393287255	0.636645761867	0.000313694914506	0.000393045202398	0.0121349641442
5.33652672084e-06	0.126374604083	0.636586150168	0.000338181381172	0.000423720952682	0.0125997739895
5.97313358354e-06	0.126354466252	0.636521893522	0.000364577162243	0.000456787865891	0.0130823581364
6.6856024936e-06	0.126332760937	0.63645263108	0.000393030801816	0.000492431850941	0.0135833927575
7.4829570624e-06	0.126309366635	0.636377974132	0.000423702346647	0.000530853192811	0.0141035793292
8.37529081459e-06	0.126284152503	0.636297503989	0.000456764228112	0.000572267651558	0.0146436455285
9.37389333917e-06	0.126256977661	0.636210769702	0.000492402210372	0.000616907643299	0.0152043461556
1.04913911688e-05	0.126227690432	0.636117285618	0.000530816409473	0.000665023508918	0.0157864640819
1.17419050768e-05	0.126196127531	0.63601652875	0.000572222388427	0.000716884876646	0.0163908112239
1.31412256689e-05	0.126162113204	0.635907935957	0.000616852333621	0.000772782124976	0.0170182295424
1.47070093538e-05	0.126125458295	0.635790900931	0.000664956318231	0.000833027952799	0.0176695920661
1.64589970047e-05	0.126085959252	0.635664770945	0.000716803658648	0.000897959063993	0.0183458039399
1.84192578752e-05	0.126043397066	0.635528843392	0.000772684370286	0.000967937974079	0.0190478034961
2.0612461611e-05	0.125997536135	0.635382362056	0.000832910729465	0.00104335494699	0.0197765633487
2.30661815e-05	0.125948123049	0.635224513144	0.000897818948444	0.00112463007031	0.0205330915076
2.58112324372e-05	0.125894885295	0.635054421015	0.000967770971032	0.00121221547783	0.0213184325132
2.8882047446e-05	0.125837529878	0.63487114364	0.00104315639655	0.00130659772844	0.0221336685882
3.23170969906e-05	0.125775741849	0.634673667728	0.00112439454032	0.00140830035102	0.022979920804
3.61593557518e-05	0.125709182739	0.634460903544	0.00121193663903	0.00151788656496	0.0238583502602
4.04568220013e-05	0.125637488894	0.634231679363	0.00130626821001	0.00163596218649	0.0247701592734
4.52630952239e-05	0.125560269711	0.633984735574	0.00140791157319	0.00176317873105	0.0257165925704
5.06380181781e-05	0.125477105764	0.633718718395	0.00151742854541	0.00190023672215	0.0266989384838
5.66483901794e-05	0.125387546817	0.633432173194	0.00163542331631	0.00204788921729	0.0277185301427
6.33687590143e-05	0.125291109734	0.633123537388	0.00176254551584	0.00220694556126	0.0287767466547
7.08822995657e-05	0.125187276262	0.632791132919	0.00189949348285	0.00237827537722	0.029875014271
7.92817879355e-05	0.12507549071	0.632433158277	0.00204701774466	0.00256281280542	0.0310148075284
8.86706805913e-05	0.124955157495	0.632047680067	0.00220592471723	0.00276156099903	0.0321976503589
9.91643088396e-05	0.124825638587	0.631632624103	0.00237708063515	0.00297559688567	0.0334251171587
0.000110891199719	0.124686250826	0.631185766027	0.00256141572028	0.00320607620223	0.0346988338035
0.00012399453522	0.124536263137	0.630704721444	0.00275992859738	0.00345423880933	0.0360204786007
0.000138633762543	0.124374893633	0.63018693557	0.00297369096385	0.0037214142898	0.037391783163
0.000154986368909	0.124201306624	0.629629672406	0.0032038525197	0.00400902783355	0.0388145331898
0.000173249835176	0.124014609539	0.629030003447	0.00345164616242	0.00431860640849	0.0402905691379
0.000193643968394	0.123813848224	0.628397577132	0.00371839350073	0.0046517896824	0.0418217867644
0.000216412816929	0.123598007885	0.627719534056	0.00400550516857	0.00501032924007	0.043410106775
0.000241827537763	0.123366006301	0.626990218285	0.00431449585447	0.00539609735362	0.045057528419
0.00027018924835	0.123116690886	0.626205891941	0.00464698763639	0.00581109646512	0.0467661115396
0.000301832053764	0.122848836035	0.625362566957	0.00500471558556	0.00625746584856	0.0485379711808
0.000337126402618	0.122561139975	0.624455991889	0.0053895344811	0.00673748927979	0.0503752770769
0.000376482732313	0.122252221731	0.623481638633	0.00580342573439	0.00725360285578	0.0522802528482
0.000420355417747	0.121920618268	0.622434689157	0.00624850449533	0.00780840291133	0.0542551748644
0.000469247035869	0.12156478187	0.621310022396	0.00672702690481	0.00840465396937	0.0563023707373
0.000523712955877	0.121183077842	0.620102201469	0.00724139744867	0.00904529664757	0.0584242174001
0.000584366261518	0.120773782612	0.618805461443	0.00779417635834	0.00973345542762	0.0606231387267
0.000651883007439	0.120335082334	0.617413697838	0.00838808699159	0.0104724461766	0.0629016026435
0.000727007805912	0.119865072117	0.615920456188	0.00902602311397	0.0112657832894	0.065262117681
0.000810559733167	0.119361755991	0.614318922933	0.00971105598679	0.0121171862996	0.0677072289107
0.000903438535863	0.118823047763	0.612601918022	0.0104464411513	0.0130305857807	0.0702395132109
0.00100663110772	0.118246772916	0.610761889618	0.011235624781	0.0140101283346	0.072861573802
0.0011212181938	0.117630671718	0.608790911353	0.0120822494546	0.0150601804329	0.0755760339906
0.00124838126508	0.116972403737	0.606680682654	0.0129901591814	0.0161853308472	0.0783855300613
0.00138940948879	0.116269553953	0.604422532669	0.0139634034878	0.0173903913701	0.081292703255
0.00154570670036	0.115519640681	0.602007428427	0.0150062403511	0.0186803954933	0.0843001907733
0.00171879826011	0.114720125524	0.59942598787	0.0161231377424	0.0200605946762	0.0874106157532
0.00191033765318	0.113868425578	0.596668498472	0.0173187735148	0.0215364517976	0.0906265761564
0.0021221126635	0.112961928131	0.59372494218	0.0185980333491	0.0231136313523	0.0939506325304
0.00235605092284	0.111998008046	0.590585027457	0.0199660064473	0.0247979859177	0.0973852945986
0.00261422505947	0.110974046577	0.587244187112	0.0214279786401	0.0265955431406	0.100933006657
0.00289887462257	0.109887395705	0.583762097508	0.0229894101091	0.0285126783198	0.104596095635
0.00321235504443	0.108735589533	0.58005631677	0.0246557502443	0.0305556518039	0.10837636002
0.00355718806555	0.107516173704	0.576116046243	0.0264327796307	0.0327308693109	0.112275909359
0.00393604434306	0.106226813552	0.571930486284	0.0283264114456	0.0350447860742	0.116296711541
0.00435173922284	0.104865330785	0.567488922779	0.0303426657634	0.0375038599854	0.120440571972
0.00480722561313	0.103429743414	0.562780825135	0.0324876390665	0.0401144972997	0.124709111782
0.00530558355013	0.101918308703	0.557795955959	0.0347674686569	0.0428829904831	0.129103745187
0.00585000605071	0.100329568774	0.552524492384	0.0371882917178	0.0458154478805	0.133625656205
0.00644378086816	0.0986623983505	0.546957158712	0.0397561988479	0.0489177150071	0.13827577494
0.0070903520197	0.0969158575725	0.5412282103	0.0424771897842	0.0521959408876	0.143054753719
0.00779306191344	0.0950898208883	0.535197048781	0.045356414409	0.0556551417947	0.147961720617
0.00855532365842	0.0931844283835	0.528852827835	0.0483994073803	0.0592998819132	0.152996581022
0.00938052759257	0.0912003377437	0.522189659375	0.0516114254737	0.0631340872482	0.158158913621
0.0102719949828	0.0891387800138	0.515202926211	0.0549973556034	0.0671609121323	0.163447916217
0.0112329304795	0.0870016010056	0.507889450263	0.0585616372894	0.0713826169508	0.168862386113
0.0122665297673	0.0847910006774	0.500419128678	0.0623081940111	0.0758015074352	0.174400702877
0.0133755275258	0.0825103630185	0.492652492961	0.0662391114091	0.0804179921139	0.180058979414
0.0145624060823	0.0801635891572	0.484564478043	0.0703567078034	0.0852308572701	0.185834306608
0.0158293422389	0.077755193759	0.476158422808	0.0746627002307	0.090237655119	0.191723586716
0.0171781070791	0.0752903912565	0.467447147708	0.0791579384641	0.095434450657	0.197723251257
0.0186103802249	0.0727745054797	0.45867190382	0.0838422889428	0.100818017063	0.203829170903
0.0201266099299	0.0702146950387	0.449604574891	0.0887123359632	0.106380807476	0.210033761801
0.0217269634899	0.0676180572544	0.440256092282	0.0937657675892	0.112113912443	0.216331891566
0.0234109690192	0.0649922537043	0.43063963787	0.098999140084	0.118006581151	0.222717976042
0.0251779365223	0.0623448280373	0.421014769984	0.104407870624	0.124048776016	0.229186004148
0.027025756688	0.0596847790263	0.411192282083	0.109983237254	0.130226799023	0.235725972129
0.0289516814771	0.0570210608611	0.401152907282	0.115717656069	0.136524109616	0.242330355946
0.030952356679	0.0543626285475	0.390941985486	0.121602803055	0.142922854894	0.248991831598
0.0330244570718	0.0517176716016	0.380835185231	0.127628890427	0.149407831006	0.255702369018
0.0351624336074	0.04909616639	0.37057276099	0.133781221091	0.155957282406	0.262449376128
0.0373607009037	0.0465069303918	0.360177904157	0.140048051785	0.162548709946	0.269224564612
0.0396132120924	0.0439583554384	0.34983714246	0.146416692697	0.169159362079	0.276019493901
0.0419138965606	0.0414579954343	0.339564190302	0.152870927866	0.175770527833	0.282822641625
0.0442545751748	0.0390144083776	0.329226121259	0.15939375773	0.1823549516	0.289622348603
0.0466274213287	0.0366346844488	0.318853880046	0.165970272848	0.188886936583	0.296409837856
0.0490254893936	0.0343242230675	0.308777777425	0.172585077852	0.195346695276	0.303176286419
0.0514392498168	0.0320898904449	0.298700984161	0.179216373023	0.201708226673	0.30990658366
0.0538600646515	0.0299366093812	0.288647168844	0.185848412479	0.207946325255	0.31659213692
0.0562795571764	0.0278683076191	0.278801408395	0.192465501247	0.214037980596	0.323224586124
0.0586899829469	0.0258877545802	0.269157202238	0.199048674019	0.219966919748	0.329792219439
0.0610818536615	0.0239982787543	0.259590133592	0.205579637551	0.2257091445	0.336283870116
0.0634469465795	0.0222015570001	0.250120329688	0.212043847747	0.231244407094	0.342691994376
0.0657786463537	0.0204976737332	0.241030906625	0.218427450864	0.23656006915	0.349009450598
0.0680685142401	0.0188876046912	0.232077775825	0.224710807447	0.241640886067	0.355222869855
0.0703094425505	0.0173709008772	0.223260440325	0.230881407838	0.246472466008	0.361325498267
0.072495126969	0.0159463541923	0.214637204975	0.236928121015	0.251043449846	0.367311484212
0.0746209876985	0.0146115729852	0.20638304256	0.24283977063	0.25535082201	0.373174341885
0.0766807177286	0.0133651052011	0.198290545829	0.248601794004	0.259387431523	0.378903506499
0.0786698507835	0.0122042746066	0.19037061545	0.254206553932	0.263148730608	0.384494670329
0.0805846855931	0.0111260313759	0.182652349473	0.259647545141	0.266632825916	0.389944067492
0.082423333253	0.010126480443	0.175330276689	0.264918893772	0.269845417585	0.395247925024
0.0841822809038	0.00920272705484	0.168190560153	0.270010483341	0.272789275486	0.400397453723
0.0858598199348	0.00835104099231	0.161239257019	0.274919497251	0.275468535552	0.405390601744
0.0874549225142	0.00756758635446	0.15448133303	0.279644159256	0.277889265912	0.410225859393
0.0889673978882	0.0068483845816	0.148030207893	0.284183680814	0.280060076437	0.414902244302
0.0903981095345	0.00618925669484	0.14186998558	0.288535122848	0.281995917649	0.419416012067
0.0917468301246	0.00558675615298	0.135896556545	0.292696729975	0.28370589528	0.423764111474
0.0930147366491	0.00503707059776	0.130111340536	0.296670725726	0.285200995996	0.427947275378
0.0942034634962	0.00453648480577	0.124514962557	0.300460034789	0.286493050505	0.431966707912
0.0953151049985	0.00408138087065	0.11914630298	0.304068204982	0.287594756805	0.435824056634
0.0963530355022	0.00366792153457	0.114172147793	0.307498253228	0.288524080009	0.439520187735
0.0973187034966	0.00329328226093	0.109365029257	0.310748759099	0.289294990971	0.443050906596
0.0982149345022	0.00295432124415	0.104723704322	0.313825338855	0.289919842857	0.446419480803
0.0990447521318	0.00264807058675	0.10024645279	0.316733904564	0.290410937407	0.449629517028
0.0998113262119	0.00237173969555	0.0959311234617	0.319480595524	0.290780381577	0.452684922377
0.100517924676	0.00212271605786	0.0917751802756	0.322071714167	0.291039964622	0.455589865569
