0.0	0.0701605579177	0.464273381367	1.0	0.0	0.0
1.94474364995e-12	0.0701605473336	0.46427334512	1.0000000198	1.9447436838e-08	0.0001
2.42720332238e-12	0.0701605461312	0.464273341002	1.00000002205	2.25436847437e-08	0.000107666666154
3.02935348508e-12	0.0701605447373	0.464273336228	1.00000002466	2.61328895022e-08	0.000115921109971
3.7808874215e-12	0.0701605431214	0.464273330695	1.00000002769	3.02935356504e-08	0.000124808394379
4.7188648391e-12	0.0701605412483	0.46427332428	1.00000003119	3.51166025028e-08	0.000134377037125
5.88953935943e-12	0.070160539077	0.464273316844	1.00000003525	4.07075552238e-08	0.000144679275644
7.3506393786e-12	0.07016053656	0.464273308224	1.00000003996	4.71886494261e-08	0.00015577135223
9.17421477155e-12	0.0701605336423	0.464273298232	1.00000004542	5.47016054728e-08	0.000167713821079
1.14501898167e-11	0.07016053026	0.464273286649	1.00000005175	6.34107072165e-08	0.000180571878859
1.42907975419e-11	0.0701605263392	0.464273273221	1.00000005909	7.35063941196e-08	0.00019441572063
1.7836114158e-11	0.0701605217942	0.464273257656	1.00000006759	8.52094259154e-08	0.000209320923055
2.22609664915e-11	0.0701605165256	0.464273239613	1.00000007745	9.87757092918e-08	0.00022536885698
2.77835530348e-11	0.0701605104181	0.464273218697	1.00000008888	1.14501894289e-07	0.000242647131647
3.46762037317e-11	0.0701605033383	0.464273194451	1.00000010213	1.32731860871e-07	0.000261250072964
4.3278809079e-11	0.0701604951313	0.464273166345	1.00000011748	1.53864238102e-07	0.000281279238441
5.40155807553e-11	0.0701604856176	0.464273133764	1.00000013528	1.78361121479e-07	0.000302843971596
6.7415970264e-11	0.0701604745893	0.464273095995	1.00000015592	2.0675817613e-07	0.000326061998867
8.4140777117e-11	0.0701604618051	0.464273052214	1.00000017984	2.39676351497e-07	0.000351060072283
1.05014733982e-10	0.0701604469856	0.464273001462	1.00000020757	2.77835458053e-07	0.000377974661401
1.31067175599e-10	0.0701604298066	0.46427294263	1.00000023971	3.22069907265e-07	0.000406952698281
1.63582796882e-10	0.0701604098926	0.464272874431	1.00000027698	3.73346957739e-07	0.000438152379575
2.04165003115e-10	0.070160386808	0.464272795374	1.00000032017	4.32787864757e-07	0.000471744030092
2.54814976066e-10	0.0701603600481	0.46427270373	1.00000037024	5.01692398062e-07	0.000507911032567
3.18030354765e-10	0.0701603290278	0.464272597496	1.00000042829	5.81567262967e-07	0.000546850828687
3.96928396877e-10	0.0701602930688	0.464272474348	1.00000049557	6.74159046178e-07	0.000588775996844
4.95399693664e-10	0.0701602513846	0.464272331594	1.00000057357	7.81492405791e-07	0.000633915412504
6.18300018056e-10	0.070160203064	0.464272166112	1.00000066398	9.05914342537e-07	0.00068251549749
7.71689765551e-10	0.0701601470502	0.464271974283	1.00000076879	1.05014551797e-06	0.000734841565019
9.6313279424e-10	0.0701600821185	0.464271751914	1.00000089029	1.21733974324e-06	0.000791179267803
1.20206939888e-09	0.0701600068491	0.464271494141	1.00000103113	1.41115293733e-06	0.000851836157124
1.50028180903e-09	0.0701599195962	0.464271195328	1.00000119439	1.63582306372e-06	0.000917143361352
1.87247516269e-09	0.0701598184517	0.464270848941	1.00000138365	1.89626279221e-06	0.000987457393065
2.33700260018e-09	0.0701597012043	0.464270447406	1.00000160304	2.19816691091e-06	0.00106316209461
2.91677022726e-09	0.0701595652901	0.464269981943	1.00000185735	2.54813683655e-06	0.00114467073265
3.64036656394e-09	0.0701594077375	0.464269442375	1.00000215216	2.95382494478e-06	0.00123242825319
4.54347216061e-09	0.0701592251013	0.464268816903	1.0000024939	3.42410187383e-06	0.00132691370915
5.67061887269e-09	0.0701590133884	0.464268091851	1.00000289005	3.9692504575e-06	0.00142864287391
7.07738551873e-09	0.0701587679697	0.464267251366	1.00000334927	4.60119052519e-06	0.00153817105475
8.83313815275e-09	0.0701584834794	0.46426627707	1.0000038816	5.33373947967e-06	0.00165609612172
1.10244500192e-08	0.0701581536972	0.46426514766	1.00000449867	6.18291434457e-06	0.00178306176799
1.3759369749e-08	0.0701577714131	0.464263838444	1.000005214	7.16728187795e-06	0.00191976101969
1.71727481432e-08	0.0701573282692	0.464262320795	1.0000060432	8.30836439662e-06	0.00206694001385
2.14328860393e-08	0.0701568145774	0.464260561533	1.00000700442	9.63111017053e-06	0.00222540206506
2.67498308133e-08	0.0701562191075	0.464258522194	1.00000811866	1.11644386534e-05	0.00239601204251
3.33857302576e-08	0.0701555288421	0.464256158194	1.00000941029	1.29418724435e-05	0.00257970108105
4.16677538511e-08	0.0701547286922	0.464253417849	1.00001090755	1.50022697599e-05	0.00277747165142
5.20042178003e-08	0.0701538011673	0.464250241254	1.00001264317	1.73906733993e-05	0.0029904030166
6.49047078542e-08	0.0701527259942	0.464246558967	1.00001465509	2.01592946736e-05	0.00321965710343
8.10051905211e-08	0.070151479674	0.464242290496	1.00001698729	2.33686537561e-05	0.00346648482039
1.01099348556e-07	0.0701500349692	0.464237342539	1.00001969075	2.7088901251e-05	0.00373223285488
1.26177682442e-07	0.0701483603096	0.464231606951	1.00002282457	3.14013497297e-05	0.0040183509855
1.57476300975e-07	0.0701464191041	0.464224958379	1.00002645723	3.64002485066e-05	0.00432639994731
1.96537799616e-07	0.0701441689425	0.464217251531	1.00003066813	4.21948401763e-05	0.00465805989056
2.45287218047e-07	0.0701415606717	0.464208318002	1.00003554928	4.89117434994e-05	0.00501513947608
3.06126807258e-07	0.0701385373255	0.464197962608	1.00004120734	5.66977142217e-05	0.00539958565312
3.82054257182e-07	0.0701350328847	0.464185959126	1.00004776592	6.57228435018e-05	0.00581349416834
4.76810182901e-07	0.0701309708414	0.464172045371	1.0000553683	7.61842629528e-05	0.00625912085744
5.95062095971e-07	0.0701262625371	0.464155917485	1.00006418052	8.83104360595e-05	0.00673889377366
7.42633865874e-07	0.0701208052386	0.464137223331	1.00007439502	0.000102366128122	0.00725542621025
9.26791890011e-07	0.0701144799106	0.464115554836	1.00008623479	0.000118658161143	0.00781153067648
1.15660194381e-06	0.0701071486394	0.464090439129	1.00009995827	0.000137542076446	0.00841023388933
1.44337410553e-06	0.070098651652	0.464061328289	1.0001158649	0.000159429846647	0.00905479284483
1.80121740338e-06	0.0700888038699	0.464027587471	1.00013430167	0.000184798800119	0.00974871203461
2.24773111262e-06	0.0700773909252	0.463988481175	1.00015567058	0.000214201945734	0.010495761874
2.80486618098e-06	0.0700641645583	0.46394315737	1.00018043736	0.000248279913787	0.0112999984081
3.49999837774e-06	0.0700488373034	0.463890629127	1.00020914152	0.000287774760923	0.0121657843597
4.36726481024e-06	0.070031076356	0.463829753406	1.00024240794	0.000333545923172	0.0130978115818
5.44922787198e-06	0.0700104965016	0.463759206554	1.00028096033	0.000386588642032	0.0141011249694
6.79894601527e-06	0.0699866519678	0.463677456008	1.0003256367	0.000448055234536	0.0151811478793
8.48254962436e-06	0.0699590270478	0.463582727674	1.00037740725	0.000519279629467	0.0163437090932
1.05824434728e-05	0.06992702532	0.463472968307	1.00043739502	0.000601805648763	0.017595071343
1.32012856998e-05	0.0698899572721	0.463345802202	1.00050689963	0.000697419575471	0.0189419613958
1.64669280084e-05	0.069847026116	0.46319848137	1.00058742464	0.000808187617252	0.0203916016641
2.05385440761e-05	0.0697973115607	0.463027801002	1.00068070905	0.000936498944637	0.0219517432699
2.5614223493e-05	0.0697397513002	0.462829907501	1.00078876339	0.00108511501336	0.0236307005332
3.1940376583e-05	0.0696731198955	0.462600728888	1.00091391118	0.00125722620944	0.025437387043
3.98233547573e-05	0.0695960048737	0.46233536001	1.00105883628	0.00145651638912	0.0273813508622
4.964379784e-05	0.0695067796561	0.462028140553	1.00122663703	0.00168723655195	0.0294728120494
6.1874310187e-05	0.0694035730969	0.461672543542	1.00142088791	0.00195428857169	0.031722699561
7.71011929086e-05	0.0692842353767	0.461261049003	1.00164570954	0.00226332005309	0.0341426874791
9.60510899182e-05	0.0691463001043	0.460784579959	1.00190584791	0.00262083117523	0.0367452296952
0.000119623588723	0.0689869423809	0.46023336191	1.00220676385	0.00303429496507	0.0395435943041
0.000148930941791	0.0688029330484	0.459596111181	1.00255473282	0.0035122916814	0.0425518882453
0.000185346254059	0.0685905893859	0.458859274251	1.00295695635	0.00406465697829	0.0457850797066
0.00023056168956	0.0683457227173	0.458007679555	1.00342168582	0.00470264443572	0.0492590162798
0.000286658485523	0.0680635834454	0.457024289851	1.00395835732	0.00543910473513	0.0529904261639
0.000356190212527	0.0677388065747	0.455888843556	1.00457773782	0.00628867238084	0.0569969064734
0.000442281666646	0.0673653572454	0.454578969171	1.00529208238	0.00726796849344	0.0612969007559
0.000548744278278	0.066936482845	0.453069129582	1.00611529753	0.00839580191221	0.0659096445857
0.000680209959491	0.06644467312	0.451330066345	1.00706310882	0.0096933730354	0.0708550873097
0.000842283646274	0.065881635299	0.449328860937	1.00815322733	0.0111844640272	0.0761537840438
0.00104171385206	0.0652382917979	0.447028677955	1.00940550559	0.0128956021314	0.0818267431419
0.00128657872477	0.0645048097216	0.444388562901	1.01084207217	0.0148561770831	0.0878952242775
0.00158648197766	0.0636706745529	0.44136235304	1.01248743019	0.0170984830807	0.094380478622
0.00195275132321	0.0627248172351	0.437899840667	1.0143685044	0.0196576687145	0.101303436038
0.0023986227588	0.0616558170116	0.433945380846	1.01651460749	0.0225715263227	0.108684305695
0.00293939372605	0.0604521880908	0.429439282539	1.01895730677	0.0258801004697	0.116542119065
0.00359251622648	0.0591027699624	0.424317409369	1.02173015051	0.0296250449452	0.124894176839
0.00437759441115	0.0575972338264	0.418512285723	1.02486822927	0.0338486567802	0.133755435348
0.00531624770002	0.0559267054364	0.411954594324	1.02840753191	0.0385925562655	0.143137819179
0.00643178866562	0.0540845056854	0.404573579936	1.03238406812	0.043895924227	0.153049482306
0.0077486726501	0.0520669808891	0.396302014585	1.03683275101	0.0497932848732	0.163494082034
0.00929167657325	0.049874386324	0.387079882664	1.04178600265	0.0563118380242	0.174470015581
0.0110847852994	0.0475117536223	0.376860183176	1.0472721149	0.0634683948047	0.18596970851
0.0131498102267	0.0449896313011	0.365620300456	1.05331339794	0.0712661623643	0.197978967523
0.0155048155875	0.0423245656144	0.353384915849	1.05992412138	0.0796917841444	0.210476285056
0.0181625410283	0.039539124043	0.340274059518	1.06710812339	0.0887135961728	0.223431675087
0.0211294222364	0.0366609709583	0.326699422946	1.07485558209	0.0982843123751	0.236803860244
0.0244074145514	0.0337192710811	0.313493960418	1.08313559125	0.108361461263	0.250529062083
0.0279746645617	0.0307576713342	0.299217515665	1.09188172551	0.118829075375	0.264501048087
0.0318024272818	0.0278169949486	0.283777723672	1.10104810112	0.129544781182	0.278667869989
0.0358515209165	0.0249386931422	0.267224146062	1.11058198847	0.140342329455	0.292984129377
0.0400739408368	0.0221626847952	0.249752248537	1.12042451319	0.151038775568	0.307410656143
0.04441815425	0.0195234895965	0.232036533739	1.13051123852	0.161456916279	0.321912951577
0.0488585594925	0.0170346444073	0.218415961301	1.14075978497	0.171560243987	0.336436674196
0.0533407013391	0.0147172811876	0.206522611429	1.15090730204	0.181367920219	0.350660599103
0.0577617525382	0.01260249674	0.194536060366	1.16077963743	0.190656121443	0.364386775341
0.0620523958088	0.0106976015974	0.182562144102	1.17029346006	0.199279978347	0.377546448988
0.0661502852736	0.00900390746896	0.170713451839	1.17937426212	0.207124073034	0.3900795482
0.0700031583992	0.00751701070056	0.159102320872	1.18795944839	0.214108287104	0.401936161479
0.0735709098763	0.00622753183923	0.147834737664	1.19600033507	0.220190452393	0.413077384984
0.076826485736	0.00512217293163	0.13700494882	1.20346300702	0.225365547835	0.423475592491
0.0797557093258	0.00418490739774	0.12669229307	1.21032816774	0.229661984971	0.433114284083
0.0823562245799	0.00339815486246	0.11696079206	1.21659014336	0.233135760187	0.441987577315
0.0846358112423	0.00274382862262	0.107860982297	1.22225522753	0.235863457605	0.450099356702
0.0866103902262	0.00220417483187	0.0994387649186	1.22733958385	0.237935219116	0.457462105592
0.0883021438633	0.00176233485385	0.091795988791	1.23186666413	0.239449310676	0.464095073069
0.0897364779125	0.00140300381264	0.0848551018729	1.2358621204	0.240505873867	0.470018473615
0.0909389619545	0.00111292885231	0.0784537149623	1.23935956933	0.241190701558	0.475263715192
0.0919377408533	0.000880052990852	0.0725664913936	1.24240238373	0.241582006023	0.479877946579
0.0927603243276	0.000694004034877	0.0671637268074	1.24503471739	0.241748797862	0.483911682288
0.0934326159083	0.000545998013388	0.062211481304	1.2473001237	0.241749935466	0.487417106597
0.0939783350966	0.000428684184047	0.0576789589146	1.24924054427	0.241634188069	0.490446632691
0.0944186148498	0.000335991793522	0.0535343797384	1.25089537054	0.241440772721	0.493051337947
0.0947719088175	0.000262953083603	0.0497445846894	1.25230100319	0.24120032736	0.495280018803
0.0950540796394	0.000205530284312	0.0462801590074	1.25349064301	0.240936116499	0.497178531588
0.0952785097235	0.00016047428764	0.0431115486751	1.25449410964	0.240665147101	0.498789147926
0.0954563776412	0.000125179836069	0.0402129164616	1.25533795702	0.24039940351	0.500150390364
0.0955969055341	9.75710728068e-05	0.0375587553542	1.2560455665	0.240146898758	0.501296863959
