0.0	0.00172393034649	0.123568219544	0.0	0.0	0.0
5.17601347644e-19	0.00172393034644	0.123568219543	4.20599507379e-13	5.1758597408e-13	1e-06
5.79436417709e-19	0.00172393034644	0.123568219543	4.41667539907e-13	5.58109114479e-13	1.03833333333e-06
6.48658593521e-19	0.00172393034644	0.123568219543	4.64381746565e-13	6.01629857044e-13	1.07813611111e-06
7.26150373173e-19	0.00172393034643	0.123568219543	4.88870752999e-13	6.48703313288e-13	1.11946466204e-06
8.1289968209e-19	0.00172393034643	0.123568219543	5.1527323516e-13	6.99329483211e-13	1.16237747408e-06
9.10012467879e-19	0.00172393034643	0.123568219542	5.43738704602e-13	7.54063478325e-13	1.20693527725e-06
1.0187267998e-18	0.00172393034642	0.123568219542	5.74428355126e-13	8.1290529863e-13	1.25320112955e-06
1.14042865265e-18	0.00172393034642	0.123568219542	6.07515975593e-13	8.76410055638e-13	1.30124050618e-06
1.27666957621e-18	0.00172393034641	0.123568219542	6.43188934049e-13	9.44910816258e-13	1.35112139225e-06
1.42918647566e-18	0.00172393034641	0.123568219542	6.81649238751e-13	1.0187406474e-12	1.40291437895e-06
1.59992375496e-18	0.0017239303464	0.123568219542	7.23114682094e-13	1.09834363826e-12	1.45669276347e-06
1.79105810562e-18	0.0017239303464	0.123568219542	7.67820073926e-13	1.18416387806e-12	1.51253265274e-06
2.00502625689e-18	0.00172393034639	0.123568219542	8.16018571221e-13	1.27664545601e-12	1.57051307109e-06
2.24455604104e-18	0.00172393034639	0.123568219541	8.67983111655e-13	1.37645450593e-12	1.63071607215e-06
2.5127011699e-18	0.00172393034638	0.123568219541	9.24007959195e-13	1.48403511701e-12	1.69322685491e-06
2.81288016595e-18	0.00172393034637	0.123568219541	9.84410370446e-13	1.59994240078e-12	1.75813388435e-06
3.14891994431e-18	0.00172393034636	0.123568219541	1.04953239121e-12	1.72495351336e-12	1.82552901658e-06
3.52510460122e-18	0.00172393034635	0.123568219541	1.11974279343e-12	1.85973458855e-12	1.89550762888e-06
3.94623003103e-18	0.00172393034635	0.12356821954	1.19543916344e-12	2.00506278247e-12	1.96816875465e-06
4.41766506798e-18	0.00172393034633	0.12356821954	1.27705015342e-12	2.16171525124e-12	2.04361522358e-06
4.94541993229e-18	0.00172393034632	0.12356821954	1.36503790879e-12	2.33058017329e-12	2.12195380714e-06
5.53622285309e-18	0.00172393034631	0.12356821954	1.45990068518e-12	2.51276777163e-12	2.20329536975e-06
6.19760584516e-18	0.0017239303463	0.123568219539	1.56217567001e-12	2.70905520238e-12	2.28775502558e-06
6.93800073283e-18	0.00172393034629	0.123568219539	1.67244202441e-12	2.92077473318e-12	2.37545230156e-06
7.76684664553e-18	0.00172393034627	0.123568219539	1.79132416294e-12	3.14892556473e-12	2.46651130645e-06
8.69471035505e-18	0.00172393034625	0.123568219538	1.91949528945e-12	3.39495098699e-12	2.56106090652e-06
9.73342098904e-18	0.00172393034624	0.123568219538	2.05768120934e-12	3.66029428987e-12	2.65923490793e-06
1.08962208378e-17	0.00172393034622	0.123568219537	2.20666443961e-12	3.94628774101e-12	2.76117224606e-06
1.21979341776e-17	0.0017239303462	0.123568219537	2.36728864012e-12	4.25459667495e-12	2.86701718215e-06
1.36551562615e-17	0.00172393034618	0.123568219536	2.54046339101e-12	4.58699744852e-12	2.97691950746e-06
1.52864648891e-17	0.00172393034615	0.123568219536	2.72716934347e-12	4.94548846317e-12	3.09103475523e-06
1.71126572506e-17	0.00172393034613	0.123568219535	2.92846377297e-12	5.33184607573e-12	3.20952442084e-06
1.91570150653e-17	0.0017239303461	0.123568219535	3.14548656638e-12	5.74851277687e-12	3.33255619029e-06
2.14456013954e-17	0.00172393034607	0.123568219534	3.37946667688e-12	6.19759799033e-12	3.46030417757e-06
2.40075929179e-17	0.00172393034604	0.123568219533	3.63172908329e-12	6.68187727366e-12	3.59294917103e-06
2.68756518916e-17	0.00172393034601	0.123568219532	3.90370229311e-12	7.20401516214e-12	3.73067888923e-06
3.00863425612e-17	0.00172393034597	0.123568219531	4.19692643187e-12	7.76689823561e-12	3.87368824663e-06
3.36805973065e-17	0.00172393034593	0.12356821953	4.5130619645e-12	8.37374614086e-12	4.0221796294e-06
3.77042384801e-17	0.00172393034589	0.123568219529	4.85389909823e-12	9.02800056926e-12	4.17636318183e-06
4.22085625864e-17	0.00172393034584	0.123568219528	5.22136792009e-12	9.7334362791e-12	4.33645710377e-06
4.72509942495e-17	0.00172393034579	0.123568219527	5.61754932664e-12	1.04939390509e-11	4.50268795938e-06
5.28958183069e-17	0.00172393034574	0.123568219526	6.04468680758e-12	1.13139497769e-11	4.67529099779e-06
5.92149993622e-17	0.00172393034568	0.123568219524	6.50519915017e-12	1.21979093491e-11	4.854510486e-06
6.62890992462e-17	0.00172393034562	0.123568219523	7.00169413631e-12	1.31510358157e-11	5.04060005458e-06
7.42083040816e-17	0.00172393034555	0.123568219521	7.53698330982e-12	1.41786582473e-11	5.23382305662e-06
8.30735740458e-17	0.00172393034548	0.123568219519	8.11409789765e-12	1.52864387812e-11	5.4344529404e-06
9.29979304893e-17	0.0017239303454	0.123568219518	8.736305975e-12	1.64809277334e-11	5.64277363639e-06
1.04107896821e-16	0.00172393034532	0.123568219516	9.40713097179e-12	1.77686754196e-11	5.85907995904e-06
1.16545111524e-16	0.00172393034523	0.123568219513	1.0130371625e-11	1.91570093118e-11	6.08367802406e-06
1.30468133877e-16	0.00172393034513	0.123568219511	1.09101234902e-11	2.06539230159e-11	6.31688568156e-06
1.46054465389e-16	0.00172393034502	0.123568219508	1.17508021338e-11	2.22677432044e-11	6.55903296592e-06
1.63502812725e-16	0.00172393034491	0.123568219506	1.26571681371e-11	2.40075737062e-11	6.81046256283e-06
1.83035620977e-16	0.00172393034479	0.123568219503	1.36343540552e-11	2.58835175508e-11	7.07153029428e-06
2.04901909563e-16	0.00172393034465	0.1235682195	1.46878934806e-11	2.79058998124e-11	7.34260562209e-06
2.29380446921e-16	0.00172393034451	0.123568219496	1.58237523795e-11	3.00863778326e-11	7.62407217078e-06
2.56783304469e-16	0.00172393034436	0.123568219492	1.70483628754e-11	3.24371640648e-11	7.91632827048e-06
2.87459835127e-16	0.00172393034419	0.123568219488	1.83686596729e-11	3.49716922076e-11	8.21978752065e-06
3.21801127148e-16	0.00172393034402	0.123568219484	1.97921193276e-11	3.77042841379e-11	8.53487937539e-06
3.60244990008e-16	0.00172393034382	0.123568219479	2.13268025838e-11	4.06503719558e-11	8.86204975119e-06
4.03281535943e-16	0.00172393034362	0.123568219474	2.29814000211e-11	4.38266090067e-11	9.20176165805e-06
4.51459428284e-16	0.00172393034339	0.123568219469	2.47652812675e-11	4.72509809035e-11	9.55449585463e-06
5.0539287624e-16	0.00172393034315	0.123568219463	2.66885480568e-11	5.09430275715e-11	9.92075152871e-06
5.65769465315e-16	0.00172393034289	0.123568219457	2.87620914333e-11	5.49235101813e-11	1.03010470036e-05
6.33358923181e-16	0.00172393034261	0.12356821945	3.0997653425e-11	5.92150772825e-11	1.06959204716e-05
7.09022932768e-16	0.00172393034231	0.123568219443	3.34078935364e-11	6.38418207148e-11	1.11059307559e-05
7.93726117664e-16	0.00172393034198	0.123568219435	3.60064604365e-11	6.8830163786e-11	1.1531658101e-05
8.88548339888e-16	0.00172393034163	0.123568219426	3.88080692478e-11	7.42083061612e-11	1.19737049942e-05
9.94698466808e-16	0.00172393034125	0.123568219417	4.18285848759e-11	8.0006667951e-11	1.24326970183e-05
1.11352978272e-15	0.00172393034085	0.123568219407	4.50851118477e-11	8.6258111757e-11	1.29092837366e-05
1.24655724158e-15	0.00172393034041	0.123568219397	4.85960911719e-11	9.29979426714e-11	1.34041396123e-05
1.39547678079e-15	0.00172393033993	0.123568219385	5.23814047654e-11	1.00264463388e-10	1.39179649631e-05
1.56218694234e-15	0.00172393033942	0.123568219373	5.64624880411e-11	1.0809875216e-10	1.44514869523e-05
1.74881307691e-15	0.00172393033887	0.123568219359	6.08624512914e-11	1.16545106885e-10	1.50054606176e-05
1.95773443946e-15	0.00172393033827	0.123568219345	6.56062105573e-11	1.25651489198e-10	1.55806699399e-05
2.19161452185e-15	0.00172393033763	0.12356821933	7.07206287222e-11	1.35469413446e-10	1.61779289528e-05
2.45343500908e-15	0.00172393033694	0.123568219313	7.62346676304e-11	1.46054501805e-10	1.67980828943e-05
2.74653379214e-15	0.0017239303362	0.123568219295	8.21795520926e-11	1.57466595294e-10	1.74420094034e-05
3.07464752202e-15	0.0017239303354	0.123568219275	8.85889467042e-11	1.69770419916e-10	1.81106197617e-05
3.44195924747e-15	0.00172393033453	0.123568219254	9.54991464814e-11	1.83035697676e-10	1.88048601835e-05
3.85315174372e-15	0.0017239303336	0.123568219232	1.02949282392e-10	1.97337368629e-10	1.95257131546e-05
4.31346721215e-15	0.00172393033259	0.123568219207	1.10981542944e-10	2.12756479056e-10	2.02741988225e-05
4.82877411195e-15	0.0017239303315	0.123568219181	1.19641413092e-10	2.2938051453e-10	2.10513764407e-05
5.40564197578e-15	0.00172393033034	0.123568219153	1.2897793181e-10	2.47303399919e-10	2.18583458672e-05
6.05142516328e-15	0.00172393032907	0.123568219122	1.39043969783e-10	2.66626720631e-10	2.26962491213e-05
6.77435662015e-15	0.00172393032771	0.123568219089	1.49896528808e-10	2.87459833632e-10	2.35662719996e-05
7.58365283813e-15	0.00172393032625	0.123568219054	1.6159706458e-10	3.09920866652e-10	2.44696457544e-05
8.489631354e-15	0.00172393032467	0.123568219016	1.74211834701e-10	3.34136829205e-10	2.54076488358e-05
9.50384228554e-15	0.00172393032296	0.123568218974	1.87812273887e-10	3.60245055878e-10	2.63816087013e-05
1.06392155814e-14	0.00172393032113	0.12356821893	2.02475398482e-10	3.88393206334e-10	2.73929036941e-05
1.19102258621e-14	0.00172393031915	0.123568218882	2.18284242589e-10	4.18740708599e-10	2.84429649942e-05
1.33330769537e-14	0.00172393031701	0.12356821883	2.35328328271e-10	4.51459425195e-10	2.95332786431e-05
1.49259084668e-14	0.00172393031471	0.123568218774	2.53704172499e-10	4.86734763368e-10	3.06653876475e-05
1.67090270544e-14	0.00172393031223	0.123568218714	2.73515833699e-10	5.24766341217e-10	3.18408941625e-05
1.87051652966e-14	0.00172393030955	0.12356821865	2.94875501023e-10	5.65769430984e-10	3.30614617592e-05
2.09397715137e-14	0.00172393030666	0.12356821858	3.17904129642e-10	6.09976513371e-10	3.43288177788e-05
2.34413342002e-14	0.00172393030355	0.123568218504	3.42732125695e-10	6.57637721624e-10	3.56447557775e-05
2.62417452193e-14	0.0017239303002	0.123568218423	3.69500084746e-10	7.09022950959e-10	3.70111380642e-05
2.93767063843e-14	0.00172393029658	0.123568218336	3.9835958795e-10	7.64423190828e-10	3.84298983365e-05
3.28861846132e-14	0.00172393029269	0.123568218241	4.29474060423e-10	8.2415230128e-10	3.99030444167e-05
3.68149214579e-14	0.00172393028848	0.12356821814	4.63019696681e-10	8.88548345222e-10	4.1432661094e-05
4.12130035042e-14	0.00172393028395	0.12356821803	4.99186458392e-10	9.57976030917e-10	4.30209130742e-05
4.61365009143e-14	0.00172393027907	0.123568217912	5.38179150088e-10	1.03282859936e-09	4.46700480436e-05
5.16481822527e-14	0.0017239302738	0.123568217784	5.80218578929e-10	1.11352982266e-09	4.63823998496e-05
5.78183147083e-14	0.00172393026812	0.123568217647	6.25542805081e-10	1.20053666863e-09	4.8160391804e-05
6.47255599147e-14	0.001723930262	0.123568217498	6.74408489806e-10	1.29434196526e-09	5.00065401119e-05
7.24579767898e-14	0.0017239302554	0.123568217338	7.27092348871e-10	1.39547673222e-09	5.19234574329e-05
8.11141441787e-14	0.00172393024828	0.123568217166	7.83892719534e-10	1.50451384458e-09	5.39138565786e-05
9.0804417613e-14	0.00172393024061	0.12356821698	8.45131249958e-10	1.62207069735e-09	5.59805543516e-05
1.01652336208e-13	0.00172393023233	0.12356821678	9.11154720638e-10	1.74881298026e-09	5.81264755317e-05
1.13796197636e-13	0.00172393022342	0.123568216564	9.82337008137e-10	1.88545845248e-09	6.03546570153e-05
1.27390821248e-13	0.0017239302138	0.123568216331	1.05908120227e-09	2.03278082842e-09	6.26682521131e-05
1.42609521835e-13	0.00172393020343	0.12356821608	1.14182188872e-09	2.19161444068e-09	6.50705350125e-05
1.59646319175e-13	0.00172393019226	0.12356821581	1.23102760997e-09	2.36285868091e-09	6.75649054113e-05
1.78718411546e-13	0.00172393018021	0.123568215518	1.32720351861e-09	2.54748321788e-09	7.01548933289e-05
2.0006894474e-13	0.00172393016722	0.123568215204	1.43089423783e-09	2.74653365962e-09	7.28441641019e-05
2.23970111867e-13	0.00172393015321	0.123568214864	1.54268694557e-09	2.96113710452e-09	7.56365235715e-05
2.50726623488e-13	0.00172393013811	0.123568214499	1.66321469954e-09	3.19250880267e-09	7.8535923469e-05
2.80679592292e-13	0.00172393012183	0.123568214105	1.79316002208e-09	3.44195892824e-09	8.15464670085e-05
3.14210881867e-13	0.00172393010427	0.12356821368	1.93325876516e-09	3.71090023998e-09	8.4672414694e-05
3.51747974985e-13	0.00172393008535	0.123568213221	2.08430427729e-09	4.00085551975e-09	8.79181903482e-05
3.93769423483e-13	0.00172393006494	0.123568212727	2.24715189613e-09	4.31346678735e-09	9.12883873735e-05
4.40810949202e-13	0.00172393004295	0.123568212195	2.42272379205e-09	4.65050418232e-09	9.47877752524e-05
4.9347227378e-13	0.00172393001923	0.123568211621	2.61201419017e-09	5.01387651104e-09	9.8421306297e-05
5.52424764358e-13	0.00172392999366	0.123568211002	2.8160950004e-09	5.40564134974e-09	0.000102194122658
6.18419992677e-13	0.00172392996609	0.123568210334	3.03612188747e-09	5.82801703498e-09	0.0001061115636
6.92299316687e-13	0.00172392993637	0.123568209615	3.27334081516e-09	6.28339554214e-09	0.000110179173061
7.7500460681e-13	0.00172392990433	0.123568208839	3.52909510191e-09	6.7743554751e-09	0.000114402707494
8.67590253616e-13	0.00172392986978	0.123568208002	3.80483302771e-09	7.30367716523e-09	0.000118788144017
9.71236609987e-13	0.00172392983253	0.1235682071	4.10211603536e-09	7.87435799249e-09	0.000123341688868
1.08726503914e-12	0.00172392979237	0.123568206128	4.4226275726e-09	8.48962959386e-09	0.000128069786192
1.21715476036e-12	0.00172392974908	0.12356820508	4.768182625e-09	9.152976071e-09	0.000132979127158
1.36256170718e-12	0.0017239297024	0.12356820395	5.14073799384e-09	9.86815386327e-09	0.000138076659426
1.52533963846e-12	0.00172392965208	0.123568202731	5.54240337696e-09	1.06392128419e-08	0.000143369596987
1.70756377147e-12	0.00172392959782	0.123568201418	5.9754533155e-09	1.14705192916e-08	0.000148865430361
1.91155723832e-12	0.00172392953932	0.123568200001	6.44234007404e-09	1.23667807797e-08	0.000154571937208
2.13992070291e-12	0.00172392947625	0.123568198475	6.94570752716e-09	1.33330725792e-08	0.000160497193326
2.39556551613e-12	0.00172392940826	0.123568196828	7.48840613106e-09	1.43748666458e-08	0.000166649584086
2.68175083186e-12	0.00172392933495	0.123568195053	8.07350906492e-09	1.54980623708e-08	0.000173037816294
3.00212515706e-12	0.00172392925591	0.12356819314	8.70432963355e-09	1.67090202214e-08	0.000179670930517
3.36077286551e-12	0.0017239291707	0.123568191077	9.38444002979e-09	1.8014597489e-08	0.000186558313871
3.76226626837e-12	0.00172392907883	0.123568188852	1.01176915628e-08	1.94221873698e-08	0.00019370971331
4.21172390525e-12	0.00172392897978	0.123568186454	1.09082364672e-08	2.09397607088e-08	0.000201135249418
4.71487579894e-12	0.00172392887299	0.123568183869	1.17605514157e-08	2.2575911186e-08	0.000208845430729
5.27813650577e-12	0.00172392875786	0.123568181081	1.26794628695e-08	2.43399040549e-08	0.000216851168603
5.90868689284e-12	0.00172392863373	0.123568178076	1.36701744092e-08	2.62417282123e-08	0.000225163792661
6.61456568462e-12	0.0017239284999	0.123568174836	1.4738296201e-08	2.82921532635e-08	0.000233795066822
7.40477194611e-12	0.00172392835562	0.123568171343	1.58898767657e-08	3.05027903624e-08	0.000242757205947
8.28937980894e-12	0.00172392820006	0.123568167577	1.71314372291e-08	3.28861578257e-08	0.000252062893129
9.27966690315e-12	0.00172392803235	0.123568163516	1.847000825e-08	3.54557519652e-08	0.000261725297638
1.03882581318e-11	0.00172392785153	0.123568159138	1.99131698319e-08	3.82261238039e-08	0.000271758093555
1.16292866213e-11	0.00172392765659	0.123568154418	2.14690942462e-08	4.12129613438e-08	0.000282175479128
1.30185738997e-11	0.00172392744641	0.12356814933	2.31465923096e-08	4.44331781609e-08	0.000292992196856
1.45738315992e-11	0.00172392721981	0.123568143844	2.49551632762e-08	4.79050096624e-08	0.000304223554359
1.63148872552e-11	0.0017239269755	0.123568137929	2.69050486289e-08	5.16481157812e-08	0.000315885446033
1.82639370792e-11	0.00172392671211	0.123568131552	2.90072900729e-08	5.56836928868e-08	0.000327994375545
2.04458289297e-11	0.00172392642814	0.123568124676	3.12737920609e-08	6.00345934672e-08	0.000340567479184
2.28883790863e-11	0.00172392612197	0.123568117264	3.37173892039e-08	6.47254552472e-08	0.000353622550114
2.56227268676e-11	0.00172392579189	0.123568109272	3.6351918948e-08	6.97828416316e-08	0.000367178063544
2.86837316119e-11	0.00172392543601	0.123568100656	3.91922999304e-08	7.5235390919e-08	0.00038125320288
3.21104170818e-11	0.00172392505233	0.123568091366	4.22546164574e-08	8.1113979615e-08	0.000395867886862
3.59464689593e-11	0.00172392463866	0.123568081351	4.5556209583e-08	8.74518962928e-08	0.000411042797754
4.02407917713e-11	0.00172392419268	0.123568070553	4.91157753029e-08	9.42850307749e-08	0.000426799410604
4.50481323469e-11	0.00172392371185	0.123568058912	5.29534704213e-08	1.01652077192e-07	0.000443160023633
5.04297777538e-11	0.00172392319344	0.123568046361	5.70910266893e-08	1.09594752808e-07	0.000460147789786
5.64543366099e-11	0.00172392263453	0.123568032829	6.15518738597e-08	1.18158034606e-07	0.000477786749491
6.31986137324e-11	0.00172392203196	0.12356801824	6.6361272358e-08	1.27390413754e-07	0.00049610186467
7.07485892713e-11	0.00172392138229	0.123568002511	7.15464563174e-08	1.37344170158e-07	0.000515119054061
7.92005148112e-11	0.00172392068187	0.123567985552	7.71367877895e-08	1.48075668561e-07	0.000534865229888
8.86621404125e-11	0.00172391992672	0.123567967269	8.31639230036e-08	1.59645678059e-07	0.000555368335934
9.92540882344e-11	0.00172391911256	0.123567947558	8.96619916154e-08	1.72119715387e-07	0.00057665738708
1.11111390249e-10	0.00172391823479	0.123567926306	9.66677899593e-08	1.85568416392e-07	0.000598762510348
1.24385209647e-10	0.00172391728844	0.123567903393	1.042209894e-07	2.00067936381e-07	0.000621714987528
1.39244767884e-10	0.00172391626814	0.123567878691	1.12364360959e-07	2.15700380216e-07	0.000645547299426
1.55879501919e-10	0.00172391516812	0.123567852058	1.21144017498e-07	2.32554268384e-07	0.000670293171817
1.74501479153e-10	0.00172391398215	0.123567823344	1.3060967481e-07	2.50725037485e-07	0.00069598762315
1.95348100851e-10	0.00172391270352	0.123567792387	1.40814933117e-07	2.7031558079e-07	0.000722667014085
2.18685128499e-10	0.00172391132498	0.123567759011	1.51817580561e-07	2.91436830998e-07	0.000750369098924
2.44810071668e-10	0.00172390983873	0.123567723026	1.63679920393e-07	3.14208387725e-07	0.000779133079011
2.74055980584e-10	0.00172390823635	0.123567684231	1.76469123735e-07	3.38759195512e-07	0.000808999658181
3.06795691724e-10	0.00172390650877	0.123567642404	1.9025760989e-07	3.65228273348e-07	0.000840011100324
3.4344658056e-10	0.0017239046462	0.123567597309	2.05123456365e-07	3.93765501585e-07	0.000872211289159
3.84475882027e-10	0.00172390263811	0.12356754869	2.21150840924e-07	4.24532471027e-07	0.000905645790291
4.30406646517e-10	0.00172390047311	0.123567496272	2.38430518168e-07	4.57703397301e-07	0.000940361915648
4.81824407317e-10	0.00172389813896	0.123567439759	2.57060333349e-07	4.93466107495e-07	0.000976408790376
5.39384644457e-10	0.00172389562243	0.123567378831	2.77145776312e-07	5.32023103075e-07	0.0010138374223
6.03821140086e-10	0.00172389290927	0.123567313141	2.98800578706e-07	5.73592706727e-07	0.00105270077405
6.75955331864e-10	0.00172388998412	0.123567242319	3.22147357846e-07	6.18410298232e-07	0.0010930538379
7.5670678355e-10	0.00172388683043	0.123567165963	3.4731831086e-07	6.66729646386e-07	0.00113495371355
8.47104906229e-10	0.00172388343032	0.123567083642	3.7445596305e-07	7.18824346036e-07	0.00117845968881
9.48302079514e-10	0.00172387976456	0.123566994888	4.03713974704e-07	7.74989366814e-07	0.00122363332338
1.06158833993e-09	0.00172387581238	0.123566899199	4.35258010912e-07	8.35542722209e-07	0.00127053853587
1.18840782363e-09	0.00172387155141	0.123566796034	4.69266679316e-07	9.00827270305e-07	0.00131924169411
1.33037717291e-09	0.00172386695752	0.123566684809	5.05932541082e-07	9.71212653735e-07	0.00136981170892
1.48930614109e-09	0.00172386200471	0.123566564892	5.45463200826e-07	1.04709739228e-06	0.00142232013144
1.66722065815e-09	0.00172385666492	0.123566435607	5.88082481632e-07	1.12891113755e-06	0.00147684125421
1.8663886511e-09	0.00172385090794	0.12356629622	6.34031691828e-07	1.21711710554e-06	0.0015334522161
2.08934894782e-09	0.00172384470115	0.123566145942	6.83570990655e-07	1.31221469695e-06	0.00159223311122
2.33894363265e-09	0.00172383800944	0.123565983923	7.36980860559e-07	1.41474232375e-06	0.00165326710197
2.61835426579e-09	0.0017238307949	0.123565809244	7.94563694419e-07	1.52528045559e-06	0.00171664053649
2.93114242772e-09	0.0017238230167	0.123565620918	8.56645506663e-07	1.64445490374e-06	0.00178244307044
3.281295105e-09	0.0017238146308	0.123565417877	9.23577777958e-07	1.77294036235e-06	0.00185076779355
3.67327549538e-09	0.00172380558973	0.123565198973	9.95739443856e-07	1.91146422472e-06	0.00192171136092
4.11207987897e-09	0.0017237958423	0.123564962965	1.07353903865e-06	2.06081069852e-06	0.00199537412931
4.60330127959e-09	0.00172378533335	0.123564708518	1.15741700649e-06	2.22182524099e-06	0.00207186029863
5.15320072656e-09	0.00172377400337	0.123564434191	1.24784819287e-06	2.39541934136e-06	0.00215127805881
5.768787024e-09	0.00172376178824	0.123564138431	1.34534453045e-06	2.58257567494e-06	0.00223373974223
6.4579060427e-09	0.00172374861882	0.123563819563	1.4504579344e-06	2.78435366024e-06	0.00231936198194
7.22934067089e-09	0.00172373442057	0.123563475783	1.56378342357e-06	3.00189544895e-06	0.00240826587588
8.0929226953e-09	0.00172371911312	0.123563105144	1.68596248505e-06	3.23643238286e-06	0.00250057715727
9.05965803587e-09	0.00172370260984	0.123562705548	1.81768670111e-06	3.48929195411e-06	0.00259642637154
1.01418669267e-08	0.00172368481733	0.123562274732	1.95970165887e-06	3.76190530842e-06	0.00269594905988
1.13533408257e-08	0.00172366563489	0.123561810259	2.11281116471e-06	4.05581533174e-06	0.00279928594971
1.27095180481e-08	0.00172364495398	0.123561309498	2.27788178713e-06	4.37268536862e-06	0.00290658315234
1.42276803558e-08	0.00172362265758	0.123560769616	2.45584775357e-06	4.71430861782e-06	0.00301799236813
1.59271730002e-08	0.00172359861951	0.123560187557	2.64771622867e-06	5.08261826062e-06	0.00313367109929
1.78296510154e-08	0.00172357270378	0.123559560025	2.85457300363e-06	5.47969837739e-06	0.00325378287065
1.99593548883e-08	0.00172354476376	0.12355888347	3.0775886285e-06	5.90779571319e-06	0.00337849745883
2.23434191066e-08	0.00172351464139	0.123558154062	3.31802502183e-06	6.36933235941e-06	0.00350799112982
2.50122175002e-08	0.00172348216629	0.123557367674	3.57724259462e-06	6.86691942079e-06	0.00364244688555
2.7999749759e-08	0.00172344715476	0.123556519854	3.85670792848e-06	7.40337174585e-06	0.00378205471958
3.13440740279e-08	0.00172340940879	0.123555605806	4.15800205084e-06	7.98172380113e-06	0.00392701188233
3.50877910655e-08	0.00172336871491	0.123554620358	4.48282935337e-06	8.60524677899e-06	0.0040775231561
3.92785861002e-08	0.00172332484302	0.123553557933	4.83302720349e-06	9.27746703372e-06	0.00423380114034
4.3969835249e-08	0.00172327754507	0.123552412521	5.21057630223e-06	1.00021859477e-05	0.00439606654731
4.92212841758e-08	0.00172322655367	0.123551177641	5.61761184637e-06	1.07835013389e-05	0.00456454850875
5.50998075768e-08	0.0017231715806	0.123549846308	6.05643555646e-06	1.16258305273e-05	0.00473948489366
6.16802590978e-08	0.00172311231515	0.123548410992	6.52952863773e-06	1.25339351888e-05	0.00492112263775
6.90464224252e-08	0.00172304842244	0.123546863574	7.0395657455e-06	1.35129481322e-05	0.00510971808482
7.72920755614e-08	0.00172297954147	0.123545195302	7.58943003215e-06	1.45684021481e-05	0.00530553734054
8.65221817175e-08	0.00172290528313	0.123543396743	8.1822293588e-06	1.57062610875e-05	0.00550885663891
9.68542218399e-08	0.00172282522804	0.123541457728	8.82131376082e-06	1.69329533401e-05	0.00571996272189
1.0841968556e-07	0.00172273892414	0.123539367293	9.51029426297e-06	1.8255407896e-05	0.00593915323255
1.21365739333e-07	0.00172264588421	0.123537113622	1.02530631474e-05	1.96810931868e-05	0.00616673712211
1.35857092748e-07	0.00172254558314	0.123534683977	1.10538157849e-05	2.12180589172e-05	0.00640303507132
1.52078086446e-07	0.00172243745497	0.123532064627	1.19170741488e-05	2.28749811137e-05	0.00664837992655
1.70235027847e-07	0.00172232088974	0.123529240772	1.28477121385e-05	2.46612106328e-05	0.00690311715099
1.90558803953e-07	0.00172219523011	0.123526196458	1.38509828501e-05	2.65868253911e-05	0.00716760529129
2.13307803928e-07	0.00172205976767	0.12352291449	1.49325479413e-05	2.86626865938e-05	0.00744221646016
2.38771187965e-07	0.00172191373902	0.123519376333	1.60985092475e-05	3.09004992646e-05	0.0077273368351
2.67272543237e-07	0.00172175632154	0.123515562012	1.73554428185e-05	3.33128773945e-05	0.00802336717383
2.99173972444e-07	0.00172158662878	0.123511449994	1.8710435558e-05	3.5913414056e-05	0.00833072334656
3.348806658e-07	0.00172140370562	0.123507017075	2.01711246571e-05	3.87167568465e-05	0.00864983688556
3.74846013175e-07	0.00172120652294	0.123502238245	2.1745740033e-05	4.17386890578e-05	0.00898115555223
4.1957731968e-07	0.00172099397197	0.12349708655	2.34431499917e-05	4.49962169877e-05	0.00932514392197
4.69642195275e-07	0.00172076485818	0.123491532942	2.52729103544e-05	4.85076638445e-05	0.009682283987
5.25675697143e-07	0.00172051789472	0.123485546118	2.72453173001e-05	5.22927707199e-05	0.0100530757774
5.88388312549e-07	0.00172025169538	0.123479092346	2.93714641956e-05	5.63728051423e-05	0.0104380380005
6.58574879995e-07	0.00171996476701	0.123472135276	3.16633027014e-05	6.07706777493e-05	0.0108377086983
7.37124557578e-07	0.00171965550137	0.12346463574	3.41337084611e-05	6.55110676601e-05	0.0112526459235
8.25031959872e-07	0.00171932216643	0.123456551535	3.67965517023e-05	7.06205571556e-05	0.0116834284335
9.23409598317e-07	0.00171896289698	0.123447837191	3.96667730961e-05	7.61277763194e-05	0.0121306564026
1.03350177532e-06	0.00171857568456	0.12343844372	4.27604652461e-05	8.20635583241e-05	0.0125949521515
1.15670009909e-06	0.00171815836669	0.123428318344	4.6094960197e-05	8.84611060935e-05	0.0130769608945
1.29456080474e-06	0.00171770861528	0.12341740421	4.96889233801e-05	9.5356171104e-05	0.0135773515027
1.44882408795e-06	0.00171722392426	0.123405640077	5.3562454432e-05	0.000102787245135	0.014096817283
1.62143567978e-06	0.00171670159628	0.123392959979	5.77371953504e-05	0.000110795765817	0.0146360767731
1.81457091655e-06	0.00171613872851	0.123379292873	6.22364464726e-05	0.000119426336864	0.0151958745482
2.03066158599e-06	0.00171553219742	0.123364562245	6.70852907899e-05	0.000128726963923	0.0157769820418
2.27242586107e-06	0.00171487864253	0.123348685705	7.23107271307e-05	0.000138749307001	0.0163801983758
2.54290166605e-06	0.00171417444905	0.123331574537	7.79418127732e-05	0.000149548950475	0.0170063511994
2.84548385551e-06	0.00171341572929	0.123313133226	8.40098160683e-05	0.000161185691725	0.0176562975347
3.18396562672e-06	0.00171259830289	0.123293258949	9.05483796757e-05	0.000173723849435	0.0183309246247
3.56258462885e-06	0.00171171767575	0.123271841028	9.75936950343e-05	0.00018723259267	0.0190311507821
3.98607427927e-06	0.00171076901755	0.123248760343	0.000105184688705	0.000201786291802	0.0197579262344
4.45972084832e-06	0.00170974713786	0.123223888708	0.000113363221235	0.000217464892408	0.0205122339608
4.98942692824e-06	0.00170864646077	0.1231970882	0.00012217429921	0.000234354313228	0.0212950905173
5.58178196152e-06	0.00170746099797	0.123168210445	0.000131666301133	0.000252546869245	0.0221075468424
6.24414056672e-06	0.00170618432023	0.123137095851	0.000141891217819	0.000272141720948	0.0229506890391
6.98470946738e-06	0.00170480952721	0.123103572791	0.000152904907911	0.00029324535072	0.0238256391244
7.81264390082e-06	0.00170332921559	0.123067456735	0.000164767369163	0.00031597206727	0.0247335557399
8.73815445878e-06	0.00170173544555	0.123028549321	0.000177543026047	0.000340444538854	0.025675634812
9.77262539018e-06	0.00170001970537	0.122986637369	0.000191301034233	0.000366794355927	0.0266531101537
1.09287454771e-05	0.00169817287447	0.122941491828	0.000206115602372	0.000395162623635	0.0276672539957
1.22206526778e-05	0.00169618518457	0.122892866665	0.000222066331576	0.000425700584352	0.028719377432
1.36640938137e-05	0.0016940461793	0.122840497679	0.000239238572813	0.000458570270128	0.0298108307694
1.52766006581e-05	0.00169174467217	0.122784101252	0.000257723802342	0.000493945184584	0.03094300376
1.7077683866e-05	0.00168926870298	0.122723373025	0.000277620015093	0.000532011013338	0.0321173257033
1.90890462524e-05	0.00168660549299	0.122657986497	0.000299032135707	0.000572966361499	0.0333352653944
2.13348169935e-05	0.00168374139882	0.122587591558	0.000322072446665	0.000617023516185	0.0345983308979
2.38418083753e-05	0.00168066186551	0.122511812938	0.000346861032639	0.000664409231232	0.0359080691231
2.66397967429e-05	0.00167735137895	0.122430248586	0.000373526239821	0.000715365530434	0.0372660651728
2.97618293145e-05	0.00167379341805	0.122342467975	0.000402205148526	0.000770150524629	0.038673941437
3.3244558498e-05	0.00166997040721	0.122248010329	0.000433044056903	0.000829039236779	0.0401333563982
3.71286052846e-05	0.00166586366958	0.122146382787	0.000466198972933	0.00089232442785	0.0416460031135
4.14589531793e-05	0.00166145338178	0.122037058501	0.000501836111257	0.000960317414769	0.0432136073348
4.62853739493e-05	0.0016567185309	0.12191947467	0.000540132390572	0.00103334886996	0.0448379252252
5.16628862215e-05	0.00165163687471	0.12179303053	0.000581275926419	0.00111176959001	0.0465207406261
5.76522476124e-05	0.00164618490617	0.121657085302	0.000625466513214	0.00119595121879	0.0482638618265
6.43204806224e-05	0.00164033782343	0.121510956114	0.000672916088189	0.00128628690778	0.0500691177825
7.17414319408e-05	0.00163406950685	0.121353915906	0.000723849168656	0.00138319189384	0.0519383537312
7.9996364074e-05	0.00162735250457	0.121185191353	0.000778503252593	0.00148710397122	0.0538734261391
8.91745772992e-05	0.00162015802857	0.121003960812	0.000837129170969	0.00159848383186	0.055876196925
9.93740588337e-05	0.0016124559632	0.120809352333	0.000899991378552	0.00171781524389	0.0579485268907
0.000110702154773	0.00160421488855	0.120600441759	0.000967368168098	0.00184560503491	0.0600922682931
0.000123276258761	0.00159540212108	0.120376250954	0.00103955179084	0.00198238284239	0.0623092564893
0.000137224509475	0.0015859837745	0.120135746206	0.00111684846418	0.00212870058954	0.0646013005851
0.000152686486851	0.00157592484361	0.119877836849	0.00119957824527	0.00228513164064	0.0669701730174
0.000169813894471	0.00156518931451	0.119601374165	0.00128807474709	0.00245226958602	0.0694175980036
0.000188771212701	0.00155374030451	0.119305150624	0.0013826846714	0.00263072660265	0.0719452387941
0.000209736304037	0.00154154023523	0.118987899537	0.00148376713095	0.00282113133287	0.0745546836689
0.000232900948621	0.00152855104239	0.118648295197	0.00159169273129	0.00302412622113	0.0772474306266
0.000258471284146	0.00151473442606	0.118284953593	0.0017068423813	0.00324036424602	0.0800248707279
0.000286668120374	0.00150005214457	0.117896433794	0.00182960579985	0.00347050498473	0.0828882700631
0.0003177270944	0.00148446635542	0.117481240093	0.00196037968594	0.00371520994711	0.0858387503369
0.000351898628629	0.00146794000592	0.117037825029	0.00209956551946	0.00397513711984	0.0888772680818
0.000389447649504	0.00145043727566	0.11656459338	0.00224756696112	0.00425093466608	0.092004592535
0.000430653021364	0.00143192407221	0.116059907257	0.00240478682204	0.0045432337341	0.0952212822509
0.000475806646915	0.00141236858038	0.115522092399	0.0025716235777	0.00485264034043	0.0985276605477
0.000525212183726	0.00139174186375	0.114949445785	0.00274846740583	0.00517972630812	0.101923789936
0.000579183325557	0.00137001851602	0.114340244666	0.0029356957355	0.00552501926147	0.105409445717
0.000638041598373	0.00134717735729	0.113692757115	0.00313366830374	0.00588899170316	0.108984088991
0.000702113624253	0.00132320216864	0.113005254171	0.0033427217279	0.0062720492302	0.112646839372
0.000771727812384	0.00129808245544	0.112276023636	0.00356316361606	0.00667451798033	0.116396447766
0.000847210445554	0.00127181422745	0.111503385561	0.00379526625404	0.00709663144155	0.120231269621
0.000928881143288	0.00124440078066	0.110685709413	0.00403925992673	0.00753851680206	0.124149239137
0.00101704599546	0.00121585399922	0.109809081784	0.00429532595222	0.00800016755539	0.128147844971
0.00111198296915	0.00118619809389	0.108860572639	0.00456361682107	0.00848133444785	0.132224561848
0.00121397059602	0.00115545966513	0.10786106234	0.00484425040334	0.00898178240216	0.13637681313
0.0013232454339	0.00112367922953	0.106809364834	0.0051372238987	0.00950107109338	0.140600726601
0.00144000658363	0.00109090775711	0.105704464528	0.00544245821393	0.0100385896019	0.144891926805
0.00156440833559	0.00105720697663	0.104545541391	0.00575979164302	0.0105935468301	0.14924552791
0.00169655274438	0.00102264951174	0.103331996067	0.00608897419612	0.01116496405	0.153656131978
0.00183648233362	0.000987318823183	0.102063474497	0.00642966279153	0.0117516700634	0.158117833274
0.00198417316188	0.000951308935513	0.10073989149	0.00678141752925	0.0123522994459	0.16262422922
0.00213952850419	0.000914723931289	0.0993614526331	0.00714369926023	0.0129652943076	0.167168438468
0.00230237069555	0.00087767780593	0.0979190890855	0.00751586865219	0.013588893652	0.171743126496
0.00247239292532	0.000840303411073	0.0963704502339	0.0078972198849	0.0142208522447	0.176340987205
0.00264930282412	0.000802719918333	0.0947684823544	0.00828712039026	0.014859181404	0.180956420405
0.00283267687492	0.000765062839148	0.0931149707308	0.0086846518483	0.0155016580378	0.185581113405
0.00302200714985	0.000727471331161	0.0914120648632	0.00908881120905	0.0161459419585	0.190206487117
0.00321670400991	0.000690086366166	0.0896622746363	0.00949851887074	0.0167896026263	0.19482375564
0.00341610084661	0.000653048788457	0.0878684607105	0.0099126286389	0.017430149253	0.199423991466
0.00361942641394	0.000616503524542	0.085998199235	0.0103299381264	0.0180648885362	0.203998195403
0.00382589785141	0.000580582985487	0.0840811968382	0.0107493720682	0.0186912236946	0.208539267317
0.00403469061766	0.000545412779809	0.0821310639373	0.0111697086024	0.0193067524691	0.213038867933
0.00424492342198	0.000511113788969	0.0801520583517	0.0115896668941	0.0199091027055	0.217488298914
0.00445569001098	0.000477797118138	0.0781486470286	0.0120079684616	0.020496018377	0.221879085961
0.00466604968579	0.000445566284276	0.0761072614033	0.0124233516787	0.0210652840336	0.226203050494
0.0048751091111	0.000414505963608	0.0740494800389	0.0128346852056	0.0216149698538	0.230453416583
0.00508197911538	0.000384689993878	0.0719820230431	0.0132407958772	0.0221433696065	0.234622911329
0.0052857978205	0.000356179033048	0.0699098159456	0.0136405600642	0.0226489925548	0.23870464007
0.00548514220565	0.000329101926853	0.0673406369142	0.0140329120336	0.0231279764335	0.242692240433
0.00567960567798	0.000303447909519	0.0646763302439	0.0144197062529	0.0235780669941	0.24660936973
0.00586889984193	0.000279194212138	0.0620512022857	0.014800723894	0.0239995050306	0.250458385062
0.00605146542854	0.000256474439577	0.0587880019657	0.0151750659878	0.0243879059897	0.254234524966
0.00622789186385	0.000235156476573	0.0555967744724	0.0155462556746	0.02474343408	0.257978023834
0.00639804027098	0.000215204376947	0.0525614971263	0.0159137255886	0.0250671472798	0.261687572752
0.00656162409549	0.000196595851995	0.049642611969	0.0162764505266	0.0253599514688	0.265356704839
0.00671838301111	0.000179301921473	0.0467917786715	0.0166337505503	0.0256225196541	0.268981941549
0.00686824866766	0.000163271211151	0.0440518815586	0.0169854027909	0.0258558072361	0.272564038538
0.00701103211649	0.000148465133391	0.0413375108948	0.0173309677237	0.0260604847721	0.276101161642
0.00714686927276	0.000134812655055	0.0387329495627	0.0176708013941	0.0262376368963	0.279599347611
0.00727568117196	0.000122266675118	0.036178815976	0.0180046835698	0.0263880497531	0.283058466107
0.0073977164904	0.000110750470891	0.0337301130911	0.0183330236455	0.0265130602425	0.286484692152
0.00751302082889	0.0001002099006	0.0313839715563	0.0186558213793	0.0266135956189	0.289879771853
0.00762181140175	9.05776682791e-05	0.0291384802006	0.0189731912648	0.0266910486004	0.293246456082
0.00772432124944	8.17885887533e-05	0.0270180476154	0.0192853177563	0.0267467384651	0.296588069402
0.00782074255221	7.37842300762e-05	0.0250165955799	0.0195921564547	0.0267820118212	0.299905310075
0.00791132911787	6.6504112927e-05	0.0231375400174	0.0198937379993	0.0267983089011	0.303199471928
0.00799632241256	5.9892021672e-05	0.0213824606764	0.0201900335787	0.0267970351302	0.306470996372
0.00807596192993	5.38949713021e-05	0.0197463276497	0.0204809561486	0.0267796008006	0.309719457233
0.00815049650162	4.84622805355e-05	0.0182259853906	0.0207664303938	0.0267473924021	0.312944323525
0.00822016610809	4.35468576227e-05	0.0168154706887	0.0210463552855	0.0267017498473	0.316144540967
0.00828521358864	3.9104232291e-05	0.015508206329	0.0213206396009	0.0266439730983	0.319318933169
0.00834587649592	3.50930360946e-05	0.0142994856869	0.021589208305	0.0265752902507	0.32246628956
0.00840238081168	3.14752556185e-05	0.0131815486177	0.0218519707523	0.026496871227	0.32558500364
0.00845495493128	2.82151750402e-05	0.0121479942081	0.0221088780834	0.0264098184303	0.328673762139
0.00850381945025	2.52799113773e-05	0.0111934502117	0.0223599021495	0.026315156129	0.331731325581
0.00854918514299	2.26393617527e-05	0.0103119884599	0.0226050203067	0.0262138415623	0.334756363438
0.00859125735872	2.02657748227e-05	0.00949778742921	0.022844233404	0.02610676317	0.337747692496
0.00863023597673	1.81336111692e-05	0.00874596868285	0.0230775708156	0.0259947371809	0.340704367819
0.00866631144394	1.62196108224e-05	0.00805199942841	0.023305075165	0.0258785124186	0.34362551696
0.0086996662044	1.45025542412e-05	0.00741118291631	0.023526801139	0.0257587779937	0.346510343406
0.00873047609949	1.29630455751e-05	0.00681961020476	0.023742827615	0.0256361572829	0.349358305465
0.00875890808162	1.15834909187e-05	0.00627349935897	0.0239532431281	0.0255112172447	0.352168949206
0.00878512153184	1.03478971021e-05	0.0057691704673	0.0241581498383	0.0253844701991	0.354941978146
0.00880926896665	9.24171684354e-06	0.00530362681596	0.0243576683273	0.0252563727062	0.357677338337
0.00883149291685	8.25187498095e-06	0.00487400404196	0.02455192182	0.0251273336637	0.360375020828
0.00885192888564	7.36651935197e-06	0.00447713563869	0.0247410396105	0.0249977211736	0.363035118746
0.00887070659822	6.57487183224e-06	0.00411059771687	0.0249251762364	0.0248678482823	0.36565811336
0.00888794755606	5.8672439426e-06	0.00377226831372	0.0251044898225	0.0247379887628	0.368244587826
0.00890376411618	5.23498309324e-06	0.00346004546482	0.0252791362329	0.0246083816576	0.3707951497
0.00891826269813	4.67026084972e-06	0.00317127618988	0.0254492764168	0.0244792342982	0.373310542722
0.00893154561821	4.16593855796e-06	0.0029044112689	0.0256151115916	0.0243506932055	0.375792185341
0.0089437071636	3.71565812147e-06	0.00265791934198	0.0257768357259	0.0242228814304	0.378241486825
0.00895483295213	3.31379934227e-06	0.00243025490564	0.0259346411649	0.0240958922077	0.380659931166
0.00896500450461	2.95525719384e-06	0.00221955037911	0.0260887297174	0.023969791454	0.383049251609
0.0089742988949	2.63541384085e-06	0.00202417088663	0.0262393405355	0.0238445895435	0.38541188179
0.00898278895328	2.35009434629e-06	0.00184329478561	0.0263867485419	0.0237202440163	0.387750967134
0.00899053961066	2.09565083292e-06	0.00167572940333	0.0265312158803	0.0235966988443	0.390069616171
0.00899761034013	1.86884069748e-06	0.00152036511967	0.0266730307052	0.0234738529748	0.392371524946
0.00900405777624	1.66671260169e-06	0.00137611332227	0.0268125156191	0.0233515594326	0.394661142747
0.00900993414623	1.48663251783e-06	0.00124169287099	0.0269500385791	0.0232296106232	0.39694388902
0.00901528860017	1.3262201282e-06	0.0011161291642	0.027086055579	0.0231076995785	0.399226920482
0.00902016679865	1.18334258923e-06	0.000998889723656	0.0272211099582	0.022985419885	0.401519208713
0.00902460956164	1.05613434448e-06	0.000889209602685	0.0273558115363	0.0228622833772	0.403831274216
0.00902865446697	9.42931961353e-07	0.000786440999222	0.0274909047218	0.0227376565678	0.40617645761
0.00903233593899	8.4225721855e-07	0.000689781707027	0.0276273110763	0.0226107185858	0.408571832951
0.0090356868903	7.52760779455e-07	0.000598567558135	0.0277662463786	0.0224803485455	0.411040528168
0.00903874031135	6.73174254794e-07	0.000513289534316	0.0279093433516	0.0223450069504	0.413614340893
0.00904152041257	6.02531578919e-07	0.000434096956633	0.0280585538223	0.0222028112216	0.416332560753
0.00904405262319	5.39895564001e-07	0.00035979629762	0.0282164242962	0.0220512857729	0.419247729032
0.00904635313688	4.84613790153e-07	0.000288529975509	0.0283870026175	0.0218864292262	0.422443963405
0.00904844065669	4.36033234477e-07	0.000226334095683	0.028577743312	0.0217008383096	0.426076615612
0.00905048065267	3.90289551561e-07	0.000194564578445	0.0287962044869	0.0214873619898	0.430315478347
0.00905243720015	3.48177967205e-07	0.000175422577116	0.0290235717515	0.0212647252142	0.434818655068
0.00905426656435	3.10421379718e-07	0.000159779464043	0.0292485736335	0.0210440983939	0.439369831923
0.00905596784813	2.76743112355e-07	0.00014552870243	0.0294688769503	0.0208278199684	0.443920361297
0.00905754820036	2.4672400411e-07	0.000132329990447	0.0296845693991	0.0206158264597	0.448469054283
0.00905901428766	2.19990804705e-07	0.000120081343459	0.0298960954294	0.0204076957374	0.453022506496
0.00906037462975	1.96171612465e-07	0.000108806425744	0.0301039831259	0.0202029255192	0.457589835193
0.00906163736096	1.7493501223e-07	9.85322872868e-05	0.0303086084373	0.020001163944	0.462177551668
0.00906280975733	1.55992721439e-07	8.92481715037e-05	0.0305101422283	0.0198022615644	0.466788019348
0.00906389817234	1.39095195149e-07	8.08855547625e-05	0.0307085804443	0.0196062411768	0.47141970939
0.00906490840258	1.24021682025e-07	7.33587641357e-05	0.0309038492	0.0194131936553	0.4760693233
0.00906584584369	1.10575124879e-07	6.65823560117e-05	0.031095853087	0.0192232300517	0.480732808172
0.00906671552259	9.85795654162e-08	6.04759794752e-05	0.0312844946313	0.019036462254	0.485405784976
0.00906752201153	8.78794080326e-08	5.49673194586e-05	0.0314696854958	0.0188529916425	0.490083822438
0.00906826958359	7.8335550406e-08	4.99982051726e-05	0.0316513526105	0.0186729033346	0.494762613051
0.00906896214059	6.9824792864e-08	4.55044568859e-05	0.0318294175652	0.0184962866743	0.499437460362
0.00906960341306	6.22360185194e-08	4.14343756182e-05	0.0320038434739	0.0183231888199	0.504104528108
0.00907019693942	5.54694396454e-08	3.7744048341e-05	0.0321746160779	0.0181536336176	0.50876042332
0.00907074600954	4.94362289508e-08	3.43948992527e-05	0.0323417346792	0.0179876305767	0.513401999891
0.00907125368419	4.40573017369e-08	3.13542520342e-05	0.0325052103876	0.0178251766886	0.51802634455
0.00907172281635	3.92621895513e-08	2.85913735204e-05	0.0326650579284	0.0176662646866	0.522630571269
0.00907215608404	3.49879156669e-08	2.60778375556e-05	0.0328213030537	0.0175108757228	0.52721205246
0.00907255602603	3.11779741532e-08	2.37899378553e-05	0.0329739877257	0.0173589742731	0.531768606772
0.0090729250137	2.77820040964e-08	2.17064570416e-05	0.0331231588933	0.0172105193236	0.536298201108
0.00907326525635	2.47551674935e-08	1.98088758007e-05	0.0332688676318	0.0170654652584	0.540798940736
0.00907357881518	2.20575104523e-08	1.80798424136e-05	0.0334111650464	0.0169237660004	0.545268954279
0.00907386762055	1.96533627556e-08	1.65034767463e-05	0.0335501065669	0.0167853707645	0.549706536106
0.00907413348735	1.75108200767e-08	1.506595204e-05	0.033685753478	0.0166502225696	0.554110211793
0.00907437810689	1.5601461347e-08	1.3754767997e-05	0.033818168031	0.0165182631243	0.558478594967
0.00907460305547	1.38999610792e-08	1.25588445408e-05	0.0339474131568	0.0163894331414	0.562810384089
0.00907480980007	1.23837609712e-08	1.14677102097e-05	0.0340735498638	0.0162636749623	0.567104278803
0.00907499971122	1.10327243194e-08	1.04719597764e-05	0.0341966413087	0.0161409285187	0.571359120413
0.00907517406928	9.82887279889e-09	9.56314983381e-06	0.0343167515983	0.0160211325524	0.575573858741
0.00907533406356	8.75619698142e-09	8.73361117603e-06	0.0344339442902	0.0159042261198	0.579747504295
0.00907548080047	7.80042506564e-09	7.97651548146e-06	0.0345482823402	0.0157901486686	0.583879128186
0.00907561530616	6.9488497861e-09	7.28535014641e-06	0.0346598259117	0.0156788422387	0.58796778286
0.00907573853652	6.19012747597e-09	6.65432711368e-06	0.0347686365461	0.0155702473164	0.592012653957
0.00907585138006	5.51414046366e-09	6.07817674689e-06	0.0348747749719	0.0154643050364	0.596012983558
0.0090759546596	4.91187975111e-09	5.55212681218e-06	0.0349783008781	0.0153609574161	0.599968062073
0.0090760491378	4.37531639524e-09	5.07184996467e-06	0.0350792724829	0.0152601478016	0.603877211252
0.00907613552046	3.89729884146e-09	4.63328428888e-06	0.0351777459911	0.0151618214206	0.60773976138
0.00907621446249	3.47144501765e-09	4.23279070679e-06	0.0352737779022	0.0150659230884	0.611555140673
0.00907628656981	3.09206730351e-09	3.86704925429e-06	0.0353674235977	0.0149723986268	0.615322820913
0.00907635240219	2.75409938998e-09	3.53307452995e-06	0.0354587373369	0.0148811948775	0.619042316357
0.00907641247623	2.45302939162e-09	3.22809027645e-06	0.0355477712319	0.0147922607343	0.622713140212
0.00907646726906	2.18483568289e-09	2.94954869832e-06	0.035634576567	0.0147055458327	0.626334856331
0.00907651722186	1.94593011599e-09	2.69514757766e-06	0.0357192042429	0.0146210001143	0.629907097558
0.009076562741	1.73311749925e-09	2.46278757748e-06	0.0358017040368	0.0145385745702	0.633429534415
0.00907660420092	1.54355082173e-09	2.25060012073e-06	0.0358821246375	0.0144582212134	0.636901875122
0.00907664194568	1.37469677722e-09	2.0567890305e-06	0.0359605120125	0.0143798947157	0.640323792455
0.00907667629268	1.22429460685e-09	1.87975561344e-06	0.0360369126698	0.0143035491527	0.643695063028
0.00907670753419	1.09032854021e-09	1.71804030654e-06	0.0361113721536	0.0142291395138	0.647015502029
0.00907673593846	9.71004389384e-10	1.57032687919e-06	0.036183934983	0.0141566217649	0.650284958997
0.00907676175171	8.64724225441e-10	1.4354095107e-06	0.0362546440637	0.0140859534421	0.65350328923
0.00907678519985	7.70065017313e-10	1.31215505972e-06	0.0363235408501	0.0140170934929	0.656670358165
0.00907680649069	6.85756633263e-10	1.19954981659e-06	0.0363906669895	0.0139500006371	0.659786115327
0.00907682581469	6.10667984136e-10	1.09666893365e-06	0.0364560632064	0.0138846344833	0.66285054267
0.00907684334631	5.43791695532e-10	1.00269392215e-06	0.0365197693279	0.0138209555078	0.665863654004
0.00907685924494	4.84231767126e-10	9.16832869328e-07	0.0365818227387	0.0137589266008	0.668825419235
0.00907687365678	4.31188773807e-10	8.38377716029e-07	0.0366422612426	0.0136985102089	0.671735897684
0.00907688671589	3.83949544907e-10	7.6668507541e-07	0.0367011221119	0.0136396692876	0.674595192715
0.00907689854457	3.41879696674e-10	7.01176982478e-07	0.0367584417808	0.0135823676091	0.677403435557
0.0090769092545	3.04414398217e-10	6.41324200927e-07	0.0368142552488	0.013526570361	0.680160753896
0.00907691894757	2.71050846749e-10	5.86622811409e-07	0.0368685961724	0.0134722440569	0.682867273422
0.00907692771712	2.41340025219e-10	5.36626171442e-07	0.036921498724	0.0134193546783	0.685523208714
0.00907693564825	2.14882222492e-10	4.90926917033e-07	0.0369729963126	0.0133678689563	0.688128799041
0.00907694281849	1.91321539153e-10	4.49168922868e-07	0.0370231216001	0.0133177543556	0.690684307429
0.0090769492983	1.70341688941e-10	4.10997270826e-07	0.0370719048318	0.0132689807452	0.6931899328
0.00907695515208	1.5166019537e-10	3.76100462578e-07	0.0371193771947	0.0132215170421	0.69564597947
0.00907696043855	1.35025202713e-10	3.44194836632e-07	0.0371655693566	0.0131753326727	0.698052782098
0.00907696521104	1.20212719036e-10	3.15029468467e-07	0.0372105113171	0.0131303977223	0.700410696463
0.00907696951797	1.07023506444e-10	2.88366277495e-07	0.0372542314093	0.0130866839348	0.702720044812
0.00907697340338	9.52800485935e-11	2.63983876532e-07	0.0372967575678	0.0130441634449	0.704981180078
0.00907697690746	8.48237494089e-11	2.41684906949e-07	0.0373381179866	0.0130028081216	0.707194519988
0.00907698006661	7.5513640148e-11	2.21292472683e-07	0.0373783402499	0.0129625904376	0.709360499974
0.00907698291385	6.72242526037e-11	2.02647040003e-07	0.0374174508846	0.0129234839173	0.711479547223
0.00907698547909	5.98440167568e-11	1.85591117038e-07	0.0374554749641	0.0128854635335	0.713552056646
0.00907698778959	5.32731812184e-11	1.69987554704e-07	0.0374924384351	0.0128485033814	0.715578515885
0.00907698987002	4.7423003285e-11	1.55711578211e-07	0.0375283666984	0.0128125780978	0.717559427574
0.00907699174276	4.22144951846e-11	1.42656311866e-07	0.0375632845666	0.0127776629044	0.719495305437
0.00907699342795	3.75775505041e-11	1.30709735253e-07	0.0375972146114	0.0127437352599	0.721386580362
0.00907699494396	3.34494412763e-11	1.19776506784e-07	0.0376301807398	0.0127107712852	0.723233797289
0.00907699630742	2.97743151764e-11	1.09769540666e-07	0.0376622063614	0.0126787475954	0.725037513036
0.00907699753333	2.65024931089e-11	1.00614760291e-07	0.0376933143948	0.0126476412945	0.726798295193
0.00907699863523	2.35898870303e-11	9.22347544635e-08	0.0377235256905	0.0126174315523	0.728516630804
0.0090769996254	2.09970765542e-11	8.45625023107e-08	0.0377528620789	0.0125880965565	0.730193097457
0.00907700051495	1.86889231757e-11	7.75373301854e-08	0.0377813451502	0.0125596147335	0.731828293697
0.0090770013139	1.6634192685e-11	7.11077139348e-08	0.037808996036	0.0125319649662	0.733422825365
0.00907700203128	1.48051657064e-11	6.52200886273e-08	0.0378358340183	0.012505127986	0.734977223524
0.00907700267524	1.31770693743e-11	5.98273284324e-08	0.0378618790789	0.012479083823	0.736492090101
0.00907700325317	1.17278079836e-11	5.48871288927e-08	0.0378871511441	0.0124538125618	0.737968053817
0.00907700377173	1.04377472777e-11	5.03639121463e-08	0.0379116697213	0.0124292947043	0.739405748108
0.00907700423688	9.28946952861e-12	4.62201137882e-08	0.0379354525296	0.0124055125405	0.740805729102
0.00907700465402	8.26740218713e-12	4.24227921248e-08	0.0379585179845	0.0123824476624	0.74216862009
0.00907700502804	7.35765831435e-12	3.89424388726e-08	0.0379808844654	0.0123600816977	0.743495068078
0.00907700536333	6.54789850311e-12	3.57546663762e-08	0.0380025699663	0.0123383966588	0.74478572226
0.0090770056638	5.82718571276e-12	3.28326389622e-08	0.0380235906497	0.0123173763886	0.746041146438
0.00907700593303	5.18572618753e-12	3.01535354651e-08	0.0380439636396	0.0122970037683	0.747261984149
0.00907700617422	4.61479698648e-12	2.76968707045e-08	0.038063705886	0.0122772618526	0.748448890655
0.00907700639024	4.10664664125e-12	2.54458552681e-08	0.0380828339096	0.0122581341246	0.749602516721
0.00907700658368	3.65440970687e-12	2.33811651134e-08	0.0381013624403	0.0122396058581	0.750723425072
0.00907700675685	3.25192437654e-12	2.148705233e-08	0.038119307452	0.0122216610827	0.751812272616
0.00907700691187	2.89371457237e-12	1.97496368403e-08	0.0381366845675	0.0122042841784	0.752869713771
0.0090770070506	2.57491822004e-12	1.81565140917e-08	0.0381535086581	0.0121874602765	0.753896375113
0.00907700717472	2.2912187937e-12	1.66944129926e-08	0.0381697936088	0.0121711754944	0.7548928398
0.00907700728577	2.03874139197e-12	1.53522898096e-08	0.0381855541397	0.0121554151142	0.755859758114
0.0090770073851	1.81405070126e-12	1.41209147347e-08	0.038200804632	0.0121401647564	0.756797775337
0.00907700747392	1.61410001701e-12	1.29908121391e-08	0.0382155583158	0.0121254111928	0.757707480784
0.00907700755335	1.43617087372e-12	1.19529939547e-08	0.0382298284006	0.0121111412154	0.75858947644
0.00907700762435	1.27783251365e-12	1.09997351648e-08	0.038243628426	0.0120973412858	0.759444398204
0.00907700768782	1.13692805408e-12	1.01250445622e-08	0.0382569716188	0.0120839981786	0.760272875703
0.00907700774454	1.01155050984e-12	9.32143708313e-09	0.0382698695862	0.0120711002876	0.761075450197
0.00907700779522	8.9998525684e-13	8.58294998471e-09	0.0382823349989	0.0120586349431	0.761852740569
0.0090770078405	8.00709305641e-13	7.90455372209e-09	0.038294380283	0.0120465897199	0.762605361791
0.00907700788095	7.12372942485e-13	7.28141326773e-09	0.0383060170305	0.0120349530267	0.763333887388
0.00907700791708	6.33775127529e-13	6.70849289815e-09	0.0383172563827	0.012023713723	0.764038872618
0.00907700794934	5.63838809378e-13	6.18162616346e-09	0.0383281100073	0.0120128601415	0.764720915305
0.00907700797815	5.01609482499e-13	5.69767810714e-09	0.0383385892865	0.012002380901	0.765380604587
0.00907700800387	4.46243939274e-13	5.25253308625e-09	0.0383487041786	0.0119922660432	0.76601844859
0.00907700802683	3.96983037867e-13	4.84295387759e-09	0.0383584655493	0.0119825047032	0.766635020676
0.00907700804733	3.53152975533e-13	4.46633738078e-09	0.0383678840622	0.0119730862177	0.767230889371
0.00907700806562	3.14157578103e-13	4.11993734651e-09	0.0383769694851	0.0119640008193	0.767806573936
0.00907700808194	2.79464666172e-13	3.80104207774e-09	0.0383857314892	0.0119552388369	0.768362594404
0.0090770080965	2.48598145318e-13	3.50749707952e-09	0.0383941800572	0.0119467902883	0.768899497182
0.00907700810949	2.2113662414e-13	3.23750805893e-09	0.0384023246885	0.0119386456743	0.769417804334
0.00907700812108	1.96706947753e-13	2.98881833355e-09	0.0384101740141	0.0119307963641	0.769917988516
0.00907700813141	1.74972787498e-13	2.759686451e-09	0.038417737361	0.011923233031	0.770400572258
0.00907700814063	1.55636657135e-13	2.54888226282e-09	0.0384250238041	0.0119159466002	0.770866067398
0.00907700814885	1.3843617971e-13	2.35461618625e-09	0.038432041226	0.0119089291891	0.771314914589
0.00907700815618	1.23134543878e-13	2.17552142671e-09	0.0384387982473	0.0119021721776	0.771747606278
0.00907700816271	1.0952188985e-13	2.01060299962e-09	0.0384453033231	0.0118956671104	0.772164628847
0.00907700816854	9.74130350984e-14	1.8585895987e-09	0.0384515639835	0.0118894064578	0.772566413571
0.00907700817373	8.66416575676e-14	1.71836230489e-09	0.0384575880331	0.0118833824151	0.772953413212
0.00907700817836	7.70596882951e-14	1.58912559517e-09	0.0384633833354	0.0118775871189	0.773326088069
0.00907700818248	6.85365031113e-14	1.46996545967e-09	0.0384689570144	0.0118720134454	0.773684854384
0.00907700818616	6.09552162575e-14	1.35997487102e-09	0.0384743161692	0.0118666542954	0.774030130046
0.00907700818943	5.42114038305e-14	1.25852703562e-09	0.038479468097	0.011861502372	0.774362348786
0.00907700819235	4.8212987864e-14	1.16495035713e-09	0.0384844194729	0.0118565509999	0.774681907155
0.00907700819495	4.28777637297e-14	1.07851829471e-09	0.038489176791	0.0118517936852	0.774989192694
0.00907700819727	3.81321223141e-14	9.98745841616e-10	0.0384937468066	0.0118472236727	0.775284612366
0.00907700819933	3.39112057315e-14	9.2512400184e-10	0.0384981357131	0.0118428347689	0.77556853923
0.00907700820117	3.01571511863e-14	8.57077265895e-10	0.0385023494813	0.0118386210031	0.775841334156
0.00907700820281	2.6818101783e-14	7.94237633743e-10	0.0385063943505	0.0118345761361	0.77610337748
0.00907700820426	2.38484065142e-14	7.36205099512e-10	0.0385102760175	0.0118306944711	0.776355016384
0.00907700820556	2.12072968447e-14	6.82529916353e-10	0.0385139999996	0.0118269704907	0.776596588223
0.00907700820672	1.88582620555e-14	6.32940294741e-10	0.0385175720434	0.0118233984484	0.776828446936
0.00907700820775	1.67691993132e-14	5.87106827777e-10	0.0385209973384	0.0118199731547	0.77705091192
0.00907700820866	1.49113521868e-14	5.44684233545e-10	0.0385242810118	0.0118166894825	0.777264299999
0.00907700820948	1.32590310857e-14	5.05479253024e-10	0.0385274283432	0.0118135421522	0.777468939299
0.00907700821021	1.17896811265e-14	4.69208928621e-10	0.0385304440147	0.0118105264817	0.777665120395
0.00907700821085	1.04829941321e-14	4.35613076472e-10	0.038533332808	0.0118076376892	0.77785314156
0.00907700821143	9.32090884128e-15	4.04561072787e-10	0.0385360995588	0.0118048709392	0.778033305691
0.00907700821194	8.28759437256e-15	3.75800037991e-10	0.0385387484525	0.0118022220461	0.778205874408
0.0090770082124	7.36868739791e-15	3.49144253559e-10	0.03854128397	0.0117996865292	0.778371129531
0.0090770082128	6.55151196393e-15	3.24499680045e-10	0.038543710494	0.0117972600058	0.778529347404
0.00907700821316	5.8249271964e-15	3.01645532268e-10	0.0385460317919	0.0117949387084	0.778680765094
0.00907700821348	5.17880956468e-15	2.80465908584e-10	0.0385482520389	0.0117927184618	0.778825647039
0.00907700821377	4.60428006142e-15	2.6085683956e-10	0.0385503750951	0.011790595406	0.778964237845
0.00907700821402	4.09344500963e-15	2.42657949026e-10	0.038552404529	0.0117885659724	0.779096763759
0.00907700821425	3.63919995936e-15	2.25797779672e-10	0.0385543441349	0.0117866263668	0.779223466382
0.00907700821445	3.23532976889e-15	2.10162123627e-10	0.0385561972773	0.0117847732246	0.779344559839
0.00907700821463	2.87623209801e-15	1.9563907888e-10	0.0385579673456	0.0117830031566	0.779460260389
0.00907700821479	2.55692584388e-15	1.82192003197e-10	0.0385596577766	0.0117813127257	0.779570787907
0.00907700821493	2.27305805307e-15	1.69697319817e-10	0.0385612714702	0.0117796990323	0.779676327601
0.00907700821506	2.02065926802e-15	1.58097614862e-10	0.0385628116477	0.011778158855	0.779777086131
0.00907700821517	1.7962571247e-15	1.47337850234e-10	0.0385642812705	0.0117766892324	0.779873253534
0.00907700821527	1.59675710988e-15	1.37330824658e-10	0.0385656830994	0.0117752874036	0.779965007098
0.00907700821536	1.41937864292e-15	1.28049101575e-10	0.0385670200468	0.0117739504564	0.78005253434
0.00907700821544	1.2616983498e-15	1.19419777862e-10	0.0385682946287	0.0117726758746	0.780135997152
0.00907700821551	1.12150993968e-15	1.11395113947e-10	0.0385695094928	0.0117714610106	0.78021556632
0.00907700821557	9.96878494292e-16	1.03946494244e-10	0.0385706671707	0.0117703033327	0.780291405283
0.00907700821563	8.86088878562e-16	9.70096674653e-11	0.0385717699417	0.0117692005618	0.7803636612
0.00907700821568	7.87592029819e-16	9.05675045943e-11	0.0385728202514	0.0117681502521	0.780432492329
0.00907700821572	7.00040538429e-16	8.45715021498e-11	0.0385738202194	0.0117671502842	0.780498035771
0.00907700821576	6.22207471411e-16	7.89891337504e-11	0.0385747720469	0.0117661984568	0.780560434174
0.00907700821579	5.53017824682e-16	7.38011890525e-11	0.0385756778397	0.011765292664	0.78061982408
0.00907700821582	4.91517126163e-16	6.89629729396e-11	0.0385765395049	0.0117644309989	0.780676329171
0.00907700821585	4.36844326567e-16	6.44667500558e-11	0.038577359077	0.0117636114268	0.780730081621
0.00907700821588	3.88251332378e-16	6.02745943173e-11	0.0385781382915	0.0117628322123	0.780781194127
0.0090770082159	3.45055401628e-16	5.63694996145e-11	0.0385788789983	0.0117620915055	0.780829787002
0.00907700821592	3.06661258428e-16	5.27335592833e-11	0.038579582903	0.0117613876009	0.780875971202
0.00907700821593	2.72535162475e-16	4.93388208577e-11	0.0385802516201	0.0117607188838	0.780919851818
0.00907700821595	2.42200427674e-16	4.61822785864e-11	0.0385808868132	0.0117600836907	0.780961537239
0.00907700821596	2.15241176992e-16	4.32327400197e-11	0.0385814898903	0.0117594806136	0.781001119171
0.00907700821597	1.91277753891e-16	4.04857329645e-11	0.0385820624057	0.0117589080983	0.781038698992
0.00907700821599	1.69981459026e-16	3.79213115765e-11	0.0385826057037	0.0117583648002	0.781074364381
0.00907700821599	1.51052607992e-16	3.55278033216e-11	0.0385831211638	0.0117578493401	0.781108205363
0.009077008216	1.34229765848e-16	3.32959619643e-11	0.0385836100838	0.0117573604201	0.781140306676
0.00907700821601	1.19278733484e-16	3.1208553129e-11	0.0385840736762	0.0117568968278	0.7811707475
0.00907700821602	1.05990395325e-16	2.9264269949e-11	0.0385845131867	0.0117564573173	0.781199609264
0.00907700821602	9.41819400168e-17	2.74437537766e-11	0.0385849296816	0.0117560408224	0.781226961628
0.00907700821603	8.36867618204e-17	2.57468107638e-11	0.038585324326	0.011755646178	0.781252880793
0.00907700821603	7.43608679038e-17	2.41584606653e-11	0.0385856981059	0.0117552723981	0.781277431244
0.00907700821604	6.6072525604e-17	2.26751384431e-11	0.0385860520695	0.0117549184345	0.781300681568
0.00907700821604	5.87077050426e-17	2.12879886266e-11	0.0385863871546	0.0117545833494	0.781322693138
0.00907700821604	5.21625525822e-17	1.99902016343e-11	0.0385867042905	0.0117542662135	0.781343526788
0.00907700821605	4.63464830436e-17	1.87775161693e-11	0.0385870043638	0.0117539661403	0.781363240575
0.00907700821605	4.11782342342e-17	1.7641028349e-11	0.0385872881981	0.0117536823059	0.781381888446
0.00907700821605	3.65855442839e-17	1.65798207277e-11	0.0385875566279	0.0117534138761	0.781399525071
0.00907700821605	3.25048087277e-17	1.55836694963e-11	0.0385878103844	0.0117531601196	0.781416198359
0.00907700821606	2.8878422995e-17	1.46541055867e-11	0.0385880502489	0.0117529202551	0.781431959522
0.00907700821606	2.56565484712e-17	1.37808340183e-11	0.0385882768713	0.0117526936328	0.781446851154
0.00907700821606	2.27934737796e-17	1.29651371862e-11	0.0385884909689	0.0117524795352	0.781460920297
0.00907700821606	2.0249850703e-17	1.21989848825e-11	0.0385886931418	0.0117522773622	0.781474206296
0.00907700821606	1.79895828857e-17	1.14824007157e-11	0.038588884034	0.01175208647	0.78148675139
0.00907700821606	1.59815520926e-17	1.0809554325e-11	0.0385890642025	0.0117519063015	0.781498592116
0.00907700821606	1.41972799739e-17	1.01794718613e-11	0.0385892342234	0.0117517362807	0.781509766265
0.00907700821606	1.26121627474e-17	9.58797309721e-12	0.0385893946111	0.0117515758929	0.781520307604
0.00907700821607	1.12037299443e-17	9.03344999922e-12	0.0385895458817	0.0117514246224	0.781530249989
0.00907700821607	9.95253294818e-18	8.51293718963e-12	0.0385896885084	0.0117512819956	0.781539624486
0.00907700821607	8.84083959906e-18	8.02447435139e-12	0.038589822954	0.01175114755	0.781548461464
0.00907700821607	7.85327813925e-18	7.5659631285e-12	0.038589949652	0.0117510208521	0.781556789382
0.00907700821607	6.97585800485e-18	7.13530757895e-12	0.0385900690177	0.0117509014863	0.781564635516
0.00907700821607	6.19642354039e-18	6.73099704066e-12	0.0385901814467	0.0117507890574	0.781572025827
0.00907700821607	5.5039498627e-18	6.35096887e-12	0.0385902873124	0.0117506831917	0.781578984843
0.00907700821607	4.88882199483e-18	5.99408796882e-12	0.0385903869741	0.01175058353	0.781585536157
0.00907700821607	4.3423445417e-18	5.65843743506e-12	0.0385904807681	0.011750489736	0.781591701858
0.00907700821607	3.8569202214e-18	5.34310213694e-12	0.0385905690196	0.0117504014845	0.781597503302
0.00907700821607	3.42568424545e-18	5.04638918678e-12	0.0385906520317	0.0117503184723	0.781602960403
0.00907700821607	3.04264061329e-18	4.76747916276e-12	0.0385907300976	0.0117502404065	0.781608092415
0.00907700821607	2.70236437177e-18	4.50495763255e-12	0.0385908034909	0.0117501670131	0.781612917318
0.00907700821607	2.40012876455e-18	4.25801142132e-12	0.0385908724749	0.0117500980291	0.781617452403
0.00907700821607	2.13164230191e-18	4.02553825958e-12	0.038590937297	0.0117500332071	0.781621713929
0.00907700821607	1.8931802497e-18	3.80666488282e-12	0.0385909981926	0.0117499723115	0.781625717362
0.00907700821607	1.68135045454e-18	3.60062427575e-12	0.0385910553856	0.0117499151185	0.781629477415
0.00907700821607	1.49321616251e-18	3.40643074347e-12	0.0385911090858	0.0117498614183	0.781633007875
0.00907700821607	1.32609737571e-18	3.22366124215e-12	0.038591159496	0.011749811008	0.78163632207
0.00907700821607	1.17767837837e-18	3.05118573385e-12	0.0385912068027	0.0117497637014	0.781639432244
0.00907700821607	1.04584144847e-18	2.88892182001e-12	0.0385912511895	0.0117497193146	0.781642350479
0.00907700821607	9.28761140956e-19	2.73557624988e-12	0.0385912928214	0.0117496776827	0.781645087609
0.00907700821607	8.24763733699e-19	2.59139713878e-12	0.0385913318651	0.0117496386389	0.781647654597
0.00907700821607	7.32410722683e-19	2.45491798046e-12	0.038591368466	0.011749602038	0.781650060992
0.00907700821607	6.50379068332e-19	2.32670124618e-12	0.0385914027755	0.0117495677285	0.781652316747
0.00907700821607	5.77535131358e-19	2.20518105966e-12	0.0385914349212	0.0117495355829	0.781654430248
0.00907700821607	5.12835519108e-19	2.09099385568e-12	0.0385914650395	0.0117495054645	0.781656410467
0.00907700821607	4.55382415955e-19	1.98278413968e-12	0.0385914932443	0.0117494772598	0.781658264881
0.00907700821607	4.04358031784e-19	1.88090813091e-12	0.038591519656	0.011749450848	0.781660001419
0.00907700821607	3.59046343576e-19	1.78447243753e-12	0.0385915443787	0.0117494261254	0.781661626907
0.00907700821607	3.18809257841e-19	1.69348527049e-12	0.0385915675173	0.0117494029867	0.781663148253
0.00907700821607	2.83075058163e-19	1.60747305619e-12	0.0385915891668	0.0117493813373	0.78166457169
0.00907700821607	2.51345176762e-19	1.5261220825e-12	0.0385916094181	0.0117493610859	0.781665903212
0.00907700821607	2.23165703504e-19	1.44934592249e-12	0.0385916283581	0.011749342146	0.78166714851
0.00907700821607	1.98145260009e-19	1.37653237753e-12	0.0385916460654	0.0117493244387	0.781668312767
0.00907700821607	1.75924683199e-19	1.30794669793e-12	0.0385916626191	0.011749307885	0.781669401176
0.00907700821607	1.56195983714e-19	1.24277829142e-12	0.038591678087	0.011749292417	0.781670418203
0.00907700821607	1.38676135812e-19	1.18139236895e-12	0.0385916925406	0.0117492779635	0.781671368531
0.00907700821607	1.23120674292e-19	1.1231014717e-12	0.0385917060397	0.0117492644644	0.781672256107
0.00907700821607	1.09308876614e-19	1.06802429258e-12	0.0385917186466	0.0117492518575	0.781673085024
0.00907700821607	9.70444782551e-20	1.01584523709e-12	0.0385917304165	0.0117492400876	0.781673858906
0.00907700821607	8.61558465871e-20	9.66373143357e-13	0.0385917414025	0.0117492291016	0.78167458125
0.00907700821607	7.64867625384e-20	9.19629985696e-13	0.0385917516552	0.0117492188489	0.781675255377
0.00907700821607	6.79028183573e-20	8.75147776873e-13	0.0385917612199	0.0117492092842	0.781675884269
0.00907700821607	6.02803299923e-20	8.33239870287e-13	0.0385917701427	0.0117492003614	0.78167647096
0.00907700821607	5.35134867602e-20	7.93342025273e-13	0.0385917784623	0.0117491920417	0.781677017988
0.00907700821607	4.75056521079e-20	7.55606628029e-13	0.0385917862194	0.0117491842846	0.781677528032
0.00907700821607	4.21714959382e-20	7.19794426002e-13	0.0385917934496	0.0117491770545	0.781678003427
0.00907700821607	3.74361723315e-20	6.85777603755e-13	0.0385918001872	0.0117491703168	0.781678446439
0.00907700821607	3.32315986286e-20	6.53609924459e-13	0.038591806465	0.0117491640391	0.781678859215
0.00907700821607	2.9499253626e-20	6.22951129097e-13	0.038591812312	0.0117491581921	0.781679243665
0.00907700821607	2.61854336125e-20	5.93998151901e-13	0.0385918177577	0.0117491527464	0.781679601732
0.00907700821607	2.32437205085e-20	5.66425637542e-13	0.0385918228273	0.0117491476768	0.781679935067
0.00907700821607	2.063238214e-20	5.40261403914e-13	0.0385918275464	0.0117491429577	0.781680245359
0.00907700821607	1.83139194106e-20	5.15447763954e-13	0.0385918319382	0.0117491385659	0.78168053413
0.00907700821607	1.62559812247e-20	4.91775561403e-13	0.0385918360241	0.0117491344799	0.781680802792
0.00907700821607	1.44288315233e-20	4.6942972754e-13	0.0385918398255	0.0117491306785	0.781681052743
0.00907700821607	1.28070508734e-20	4.48099267534e-13	0.0385918433603	0.0117491271438	0.781681285161
0.00907700821607	1.13674797577e-20	4.27856357206e-13	0.0385918466471	0.011749123857	0.781681501276
0.00907700821607	1.008946674e-20	4.08624564845e-13	0.0385918497025	0.0117491208016	0.781681702174
0.00907700821607	8.95513429096e-21	3.90262888276e-13	0.038591852542	0.0117491179621	0.781681888878
0.00907700821607	7.94807887024e-21	3.72912283773e-13	0.0385918551808	0.0117491153233	0.781682062388
0.00907700821607	7.05427250441e-21	3.5633306538e-13	0.0385918576318	0.0117491128722	0.781682223551
0.00907700821607	6.26094599676e-21	3.40579017013e-13	0.0385918599085	0.0117491105956	0.781682373246
0.00907700821607	5.55668869126e-21	3.25604348014e-13	0.0385918620226	0.0117491084815	0.781682512251
0.00907700821607	4.93164917539e-21	3.11288089064e-13	0.0385918639851	0.0117491065189	0.781682641295
0.00907700821607	4.37679135734e-21	2.97744337155e-13	0.038591865807	0.011749104697	0.781682761091
0.00907700821607	3.88434681497e-21	2.8479910084e-13	0.0385918674975	0.0117491030066	0.781682872244
0.00907700821607	3.44729559532e-21	2.72465733255e-13	0.038591869066	0.0117491014381	0.781682975375
0.00907700821607	3.05933282486e-21	2.60753260662e-13	0.038591870521	0.0117490999831	0.781683071046
0.00907700821607	2.71503184568e-21	2.49544271514e-13	0.0385918718702	0.0117490986338	0.781683159763
0.00907700821607	2.40943741351e-21	2.38906448888e-13	0.0385918731214	0.0117490973826	0.781683242033
0.00907700821607	2.13820778528e-21	2.28753798952e-13	0.0385918742812	0.0117490962228	0.781683318293
0.00907700821607	1.89750886126e-21	2.1904103913e-13	0.0385918753562	0.0117490951479	0.781683388973
0.00907700821607	1.68385283181e-21	2.0984004383e-13	0.0385918763524	0.0117490941517	0.781683454477
0.00907700821607	1.49425407958e-21	2.01025543692e-13	0.0385918772752	0.0117490932289	0.781683515154
0.00907700821607	1.32599817909e-21	1.92620432962e-13	0.03859187813	0.011749092374	0.781683571361
0.00907700821607	1.17665547475e-21	1.84623697925e-13	0.0385918789217	0.0117490915824	0.781683623415
0.00907700821607	1.04413273506e-21	1.76958951363e-13	0.0385918796546	0.0117490908495	0.781683671606
0.00907700821607	9.26522140094e-22	1.69671443251e-13	0.0385918803332	0.0117490901709	0.781683716223
0.00907700821607	8.22144738553e-22	1.62710576674e-13	0.0385918809611	0.0117490895429	0.781683757514
0.00907700821607	7.29525978436e-22	1.56035283543e-13	0.0385918815422	0.0117490889619	0.781683795721
0.00907700821607	6.47322997761e-22	1.49704829911e-13	0.0385918820799	0.0117490884242	0.781683831075
0.00907700821607	5.74380401723e-22	1.43636433171e-13	0.0385918825771	0.0117490879269	0.781683863771
0.00907700821607	5.09656428505e-22	1.37824381319e-13	0.038591883037	0.0117490874671	0.781683894009
0.00907700821607	4.52212128004e-22	1.32304970603e-13	0.0385918834623	0.0117490870418	0.78168392197
0.00907700821607	4.01242478671e-22	1.2700659402e-13	0.0385918838553	0.0117490866487	0.781683947815
0.00907700821607	3.56016449261e-22	1.2194107092e-13	0.0385918842186	0.0117490862854	0.781683971704
0.00907700821607	3.15879105852e-22	1.171173297e-13	0.0385918845544	0.0117490859497	0.781683993781
0.00907700821607	2.80266851978e-22	1.12484405881e-13	0.0385918848646	0.0117490856395	0.781684014175
0.00907700821607	2.48668253436e-22	1.08061249232e-13	0.0385918851511	0.011749085353	0.781684033016
0.00907700821607	2.20626326736e-22	1.03839325195e-13	0.0385918854157	0.0117490850883	0.781684050416
0.00907700821607	1.95746643836e-22	9.9782350591e-14	0.0385918856601	0.011749084844	0.781684066482
0.00907700821607	1.73670932284e-22	9.59127145233e-14	0.0385918858857	0.0117490846184	0.781684081316
0.00907700821607	1.54081433165e-22	9.22121773366e-14	0.0385918860939	0.0117490844102	0.781684095008
0.00907700821607	1.36701563871e-22	8.86544155375e-14	0.0385918862861	0.011749084218	0.781684107643
0.00907700821607	1.21280440155e-22	8.52626413743e-14	0.0385918864634	0.0117490840407	0.781684119303
0.00907700821607	1.0759699587e-22	8.20145051197e-14	0.038591886627	0.0117490838771	0.781684130058
0.00907700821607	9.54573837618e-23	7.88901087431e-14	0.0385918867778	0.0117490837262	0.781684139979
0.00907700821607	8.46861122696e-23	7.59116087044e-14	0.038591886917	0.0117490835871	0.781684149128
0.00907700821607	7.51290348424e-23	7.30565977045e-14	0.0385918870453	0.0117490834588	0.781684157564
0.00907700821607	6.66505017704e-23	7.03089627406e-14	0.0385918871635	0.0117490833405	0.78168416534
0.00907700821607	5.91278945174e-23	6.76884602289e-14	0.0385918872726	0.0117490832315	0.781684172508
0.00907700821607	5.24534777865e-23	6.51755586753e-14	0.038591887373	0.0117490831311	0.781684179113
0.00907700821607	4.65324759849e-23	6.27559473825e-14	0.0385918874656	0.0117490830385	0.781684185199
0.00907700821607	4.12793108437e-23	6.04460367643e-14	0.0385918875508	0.0117490829532	0.781684190806
0.00907700821607	3.66185058483e-23	5.82312397159e-14	0.0385918876294	0.0117490828747	0.781684195969
0.00907700821607	3.24839476015e-23	5.60975948185e-14	0.0385918877017	0.0117490828024	0.781684200725
0.00907700821607	2.8815976412e-23	5.40576227218e-14	0.0385918877683	0.0117490827358	0.781684205103
0.00907700821607	2.55615889028e-23	5.21030230768e-14	0.0385918878296	0.0117490826745	0.781684209134
0.00907700821607	2.26747418814e-23	5.0219097271e-14	0.038591887886	0.0117490826181	0.781684212844
0.00907700821607	2.01138325652e-23	4.84140648277e-14	0.0385918879379	0.0117490825661	0.781684216258
0.00907700821607	1.78416780591e-23	4.66868597651e-14	0.0385918879857	0.0117490825184	0.781684219399
0.00907700821607	1.58261969677e-23	4.50212739306e-14	0.0385918880296	0.0117490824744	0.781684222289
0.00907700821607	1.40383540547e-23	4.34210303157e-14	0.0385918880701	0.011749082434	0.781684224947
0.00907700821607	1.24521248807e-23	4.18928206313e-14	0.0385918881073	0.0117490823968	0.781684227392
0.00907700821607	1.10451277575e-23	4.04183965159e-14	0.0385918881414	0.0117490823626	0.781684229639
0.00907700821607	9.79710487741e-24	3.8996984269e-14	0.0385918881729	0.0117490823312	0.781684231706
0.00907700821607	8.68983395595e-24	3.76431745552e-14	0.0385918882018	0.0117490823023	0.781684233605
0.00907700821607	7.70770703436e-24	3.63363633661e-14	0.0385918882283	0.0117490822758	0.781684235351
0.00907700821607	6.83658031067e-24	3.50749191126e-14	0.0385918882527	0.0117490822514	0.781684236955
0.00907700821607	6.06378405889e-24	3.38707019416e-14	0.0385918882751	0.011749082229	0.781684238429
0.00907700821607	5.3782864958e-24	3.27110493308e-14	0.0385918882957	0.0117490822084	0.781684239783
0.00907700821607	4.77028293711e-24	3.15911004786e-14	0.0385918883146	0.0117490821895	0.781684241026
0.00907700821607	4.23099093995e-24	3.05170191452e-14	0.038591888332	0.0117490821721	0.781684242168
0.00907700821607	3.7525702706e-24	2.94867331292e-14	0.0385918883479	0.0117490821562	0.781684243216
0.00907700821607	3.32824717316e-24	2.84912306309e-14	0.0385918883626	0.0117490821415	0.781684244178
0.00907700821607	2.95190017438e-24	2.75312756307e-14	0.038591888376	0.0117490821281	0.781684245062
0.00907700821607	2.6180321811e-24	2.66148745949e-14	0.0385918883883	0.0117490821158	0.781684245872
0.00907700821607	2.32192557211e-24	2.57289767174e-14	0.0385918883996	0.0117490821044	0.781684246616
0.00907700821607	2.05930943144e-24	2.48725666755e-14	0.03859188841	0.0117490820941	0.781684247299
0.00907700821607	1.82636432402e-24	2.4053423304e-14	0.0385918884195	0.0117490820845	0.781684247925
0.00907700821607	1.61974763422e-24	2.32641773005e-14	0.0385918884283	0.0117490820758	0.781684248499
0.00907700821607	1.43650550113e-24	2.25008282034e-14	0.0385918884363	0.0117490820678	0.781684249025
0.00907700821607	1.27398972784e-24	2.17656376557e-14	0.0385918884436	0.0117490820605	0.781684249508
0.00907700821607	1.12982853583e-24	2.10617329769e-14	0.0385918884503	0.0117490820537	0.781684249951
0.00907700821607	1.00198022988e-24	2.03805927034e-14	0.0385918884565	0.0117490820476	0.781684250356
0.00907700821607	8.88598888441e-25	1.97214806301e-14	0.0385918884622	0.0117490820419	0.781684250728
0.00907700821607	7.88032037321e-25	1.90910123185e-14	0.0385918884673	0.0117490820367	0.781684251069
0.00907700821607	6.98839128289e-25	1.84825844701e-14	0.0385918884721	0.011749082032	0.781684251381
0.00907700821607	6.19741462397e-25	1.78935471307e-14	0.0385918884764	0.0117490820276	0.781684251667
0.00907700821607	5.49595096958e-25	1.7325256311e-14	0.0385918884804	0.0117490820236	0.781684251929
0.00907700821607	4.87374688722e-25	1.67812196447e-14	0.0385918884841	0.01174908202	0.781684252169
0.00907700821607	4.32198337505e-25	1.62542664713e-14	0.0385918884874	0.0117490820167	0.781684252388
0.00907700821607	3.83268576034e-25	1.57438603459e-14	0.0385918884905	0.0117490820136	0.781684252589
0.00907700821607	3.39874462758e-25	1.52541011817e-14	0.0385918884933	0.0117490820108	0.781684252773
0.00907700821607	3.01387676163e-25	1.47822217384e-14	0.0385918884958	0.0117490820082	0.781684252942
0.00907700821607	2.67259065615e-25	1.43249396945e-14	0.0385918884982	0.0117490820059	0.781684253096
0.00907700821607	2.36995118919e-25	1.38818034856e-14	0.0385918885003	0.0117490820037	0.781684253237
0.00907700821607	2.10152290645e-25	1.34585753006e-14	0.0385918885023	0.0117490820018	0.781684253366
0.00907700821607	1.86349391497e-25	1.30484948552e-14	0.0385918885041	0.011749082	0.781684253484
0.00907700821607	1.65242527716e-25	1.26509094895e-14	0.0385918885057	0.0117490819983	0.781684253592
0.00907700821607	1.46525975366e-25	1.22668576321e-14	0.0385918885072	0.0117490819968	0.781684253691
0.00907700821607	1.29925807682e-25	1.18987661572e-14	0.0385918885086	0.0117490819955	0.781684253781
0.00907700821607	1.15206300177e-25	1.15417199996e-14	0.0385918885099	0.0117490819942	0.781684253864
0.00907700821607	1.0215438978e-25	1.11953877224e-14	0.038591888511	0.0117490819931	0.781684253939
0.00907700821607	9.05807290573e-26	1.08618506794e-14	0.038591888512	0.011749081992	0.781684254008
0.00907700821607	8.03162879772e-26	1.05409254276e-14	0.038591888513	0.0117490819911	0.781684254071
0.00907700821607	7.12149944206e-26	1.02294822631e-14	0.0385918885139	0.0117490819902	0.781684254129
0.00907700821607	6.31450426564e-26	9.9272410274e-15	0.0385918885147	0.0117490819894	0.781684254182
0.00907700821607	5.59889622436e-26	9.63678108826e-15	0.0385918885154	0.0117490819886	0.78168425423
0.00907700821607	4.96429191576e-26	9.35647248996e-15	0.0385918885161	0.011749081988	0.781684254274
0.00907700821607	4.40161653963e-26	9.08431733102e-15	0.0385918885167	0.0117490819874	0.781684254314
0.00907700821607	3.90271734433e-26	8.82007844935e-15	0.0385918885173	0.0117490819868	0.78168425435
0.00907700821607	3.46031142377e-26	8.5664440918e-15	0.0385918885178	0.0117490819863	0.781684254384
0.00907700821607	3.06801318569e-26	8.32117995447e-15	0.0385918885182	0.0117490819858	0.781684254414
0.00907700821607	2.72019010858e-26	8.08293792532e-15	0.0385918885186	0.0117490819854	0.781684254442
0.00907700821607	2.41180000834e-26	7.85151695576e-15	0.038591888519	0.011749081985	0.781684254468
0.00907700821607	2.13833509477e-26	7.62943666616e-15	0.0385918885194	0.0117490819847	0.781684254491
0.00907700821607	1.89585450683e-26	7.4144667083e-15	0.0385918885197	0.0117490819844	0.781684254512
0.00907700821607	1.68087046781e-26	7.20555382711e-15	0.03859188852	0.0117490819841	0.781684254531
0.00907700821607	1.49026495407e-26	7.00252735604e-15	0.0385918885203	0.0117490819838	0.781684254549
0.00907700821607	1.32125247592e-26	6.80754221434e-15	0.0385918885205	0.0117490819835	0.781684254565
0.00907700821607	1.17139220365e-26	6.61880837148e-15	0.0385918885207	0.0117490819833	0.78168425458
0.00907700821607	1.03852951633e-26	6.43530702845e-15	0.0385918885209	0.0117490819831	0.781684254593
0.00907700821607	9.20736498782e-27	6.25689311822e-15	0.0385918885211	0.0117490819829	0.781684254605
0.00907700821607	8.16294805163e-27	6.08522269365e-15	0.0385918885213	0.0117490819828	0.781684254617
0.00907700821607	7.2368721561e-27	5.91924973732e-15	0.0385918885215	0.0117490819826	0.781684254627
0.00907700821607	6.41585837279e-27	5.75780365265e-15	0.0385918885216	0.0117490819825	0.781684254636
0.00907700821607	5.687987541e-27	5.60076097035e-15	0.0385918885217	0.0117490819823	0.781684254644
0.00907700821607	5.04266935109e-27	5.44919564373e-15	0.0385918885218	0.0117490819822	0.781684254652
0.00907700821607	4.47045546989e-27	5.30300849539e-15	0.0385918885219	0.0117490819821	0.781684254659
0.00907700821607	3.96317321578e-27	5.16074315198e-15	0.038591888522	0.011749081982	0.781684254665
0.00907700821607	3.5134545113e-27	5.0222944021e-15	0.0385918885221	0.0117490819819	0.781684254671
0.00907700821607	3.11476012184e-27	4.88809728949e-15	0.0385918885222	0.0117490819819	0.781684254677
0.00907700821607	2.76123502215e-27	4.75913802462e-15	0.0385918885223	0.0117490819818	0.781684254681
0.00907700821607	2.44783500152e-27	4.63358100218e-15	0.0385918885224	0.0117490819817	0.781684254686
0.00907700821607	2.1700058657e-27	4.51133646317e-15	0.0385918885224	0.0117490819817	0.78168425469
