0.0	0.339387690108	0.816407130347	0.0	0.0	0.0
3.41975819069e-18	0.339387690102	0.816407130341	4.83974431557e-12	3.41981998274e-12	1e-06
3.82829844719e-18	0.339387690102	0.816407130341	5.13996786592e-12	3.68693964246e-12	1.03833333333e-06
4.28564482736e-18	0.339387690101	0.81640713034	5.46364971695e-12	3.97504251735e-12	1.07813611111e-06
4.79762793826e-18	0.339387690101	0.81640713034	5.81262280907e-12	4.28568291964e-12	1.11946466204e-06
5.37077493848e-18	0.3393876901	0.816407130339	6.18886330148e-12	4.62052618386e-12	1.16237747408e-06
6.01239275137e-18	0.3393876901	0.816407130339	6.59450176281e-12	4.98157071147e-12	1.20693527725e-06
6.73066121944e-18	0.339387690099	0.816407130338	7.03183523603e-12	5.3708149039e-12	1.25320112955e-06
7.53473738729e-18	0.339387690099	0.816407130337	7.50334024611e-12	5.7904792072e-12	1.30124050618e-06
8.43487224279e-18	0.339387690098	0.816407130337	8.01168682403e-12	6.24289508973e-12	1.35112139225e-06
9.44254140458e-18	0.339387690098	0.816407130336	8.55975362666e-12	6.73072708674e-12	1.40291437895e-06
1.05705914222e-17	0.339387690097	0.816407130335	9.15064423787e-12	7.2566397335e-12	1.45669276348e-06
1.1833403554e-17	0.339387690096	0.816407130335	9.78770474353e-12	7.82363063217e-12	1.51253265274e-06
1.32470771103e-17	0.339387690095	0.816407130334	1.04745426796e-11	8.43491942952e-12	1.5705130711e-06
1.48296347002e-17	0.339387690095	0.816407130333	1.1215047461e-11	9.09394781692e-12	1.63071607216e-06
1.66012519978e-17	0.339387690094	0.816407130332	1.20134124063e-11	9.80449055267e-12	1.69322685492e-06
1.8584514957e-17	0.339387690093	0.816407130331	1.28741584837e-11	1.05706554619e-11	1.75813388436e-06
2.08047077554e-17	0.339387690092	0.816407130329	1.38021599121e-11	1.13965503699e-11	1.82552901659e-06
2.32901351361e-17	0.33938769009	0.816407130328	1.48026717633e-11	1.2287060258e-11	1.89550762889e-06
2.60724832589e-17	0.339387690089	0.816407130327	1.58813597197e-11	1.32470701073e-11	1.96816875466e-06
2.91872236597e-17	0.339387690088	0.816407130325	1.70443321581e-11	1.42821310332e-11	2.04361522359e-06
3.26740654699e-17	0.339387690086	0.816407130323	1.82981747401e-11	1.53981272175e-11	2.12195380716e-06
3.65774616585e-17	0.339387690085	0.816407130322	1.96499877055e-11	1.66012759092e-11	2.20329536976e-06
4.09471757535e-17	0.339387690083	0.81640713032	2.11074260789e-11	1.78984604912e-11	2.2877550256e-06
4.5838916266e-17	0.339387690081	0.816407130318	2.2678743019e-11	1.92968974129e-11	2.37545230158e-06
5.13150469056e-17	0.339387690079	0.816407130316	2.4372836554e-11	2.08046913026e-11	2.46651130647e-06
5.74453816413e-17	0.339387690077	0.816407130313	2.61992999698e-11	2.24302798552e-11	2.56106090655e-06
6.43080747442e-17	0.339387690075	0.816407130311	2.81684761339e-11	2.41829889441e-11	2.65923490796e-06
7.19906171593e-17	0.339387690073	0.816407130308	3.02915160656e-11	2.60724775096e-11	2.7611722461e-06
8.05909519075e-17	0.33938769007	0.816407130305	3.25804420813e-11	2.81097367597e-11	2.86701718219e-06
9.02187227396e-17	0.339387690067	0.816407130302	3.50482158744e-11	3.03060909692e-11	2.97691950751e-06
1.0099667196e-16	0.339387690064	0.816407130298	3.77088119148e-11	3.26740856583e-11	3.09103475529e-06
1.13062205242e-16	0.339387690061	0.816407130295	4.0577296583e-11	3.52271545255e-11	3.2095244209e-06
1.26569143379e-16	0.339387690057	0.81640713029	4.36699134879e-11	3.7979619448e-11	3.33255619036e-06
1.41689683315e-16	0.339387690053	0.816407130286	4.70041754509e-11	4.09472455925e-11	3.46030417765e-06
1.58616593445e-16	0.339387690049	0.816407130281	5.0598963677e-11	4.41466863046e-11	3.59294917111e-06
1.77565671172e-16	0.339387690045	0.816407130276	5.44746346754e-11	4.75961492418e-11	3.73067888933e-06
1.98778494065e-16	0.33938769004	0.816407130271	5.86531355334e-11	5.13150633071e-11	3.87368824674e-06
2.22525499676e-16	0.339387690035	0.816407130265	6.31581281988e-11	5.53246337601e-11	4.02217962952e-06
2.49109433285e-16	0.339387690029	0.816407130259	6.80151234714e-11	5.96475091505e-11	4.17636318197e-06
2.78869207538e-16	0.339387690023	0.816407130252	7.32516254663e-11	6.4308114385e-11	4.33645710392e-06
3.12184223163e-16	0.339387690016	0.816407130245	7.88972873628e-11	6.93328727715e-11	4.50268795956e-06
3.4947920587e-16	0.339387690009	0.816407130237	8.49840793244e-11	7.47503170417e-11	4.67529099798e-06
3.9122962108e-16	0.339387690002	0.816407130228	9.15464695388e-11	8.05909783287e-11	4.85451048621e-06
4.37967735531e-16	0.339387689994	0.816407130219	9.8621619404e-11	8.68880523011e-11	5.04060005482e-06
4.90289403027e-16	0.339387689985	0.816407130209	1.06249593965e-10	9.36771771177e-11	5.2338230569e-06
5.48861660845e-16	0.339387689975	0.816407130198	1.14473588794e-10	1.00996655473e-10	5.43445294071e-06
6.14431233645e-16	0.339387689965	0.816407130187	1.23340174596e-10	1.08888231753e-10	5.64277363673e-06
6.87834053296e-16	0.339387689954	0.816407130174	1.32899560931e-10	1.17396314878e-10	5.85907995943e-06
7.70005915984e-16	0.339387689942	0.816407130161	1.43205880539e-10	1.2656919955e-10	6.08367802449e-06
8.61994412473e-16	0.339387689929	0.816407130147	1.5431749588e-10	1.36458844206e-10	6.31688568204e-06
9.64972283599e-16	0.339387689915	0.816407130131	1.66297329631e-10	1.47121204087e-10	6.55903296646e-06
1.08025237129e-15	0.3393876899	0.816407130114	1.79213221004e-10	1.58616675325e-10	6.81046256344e-06
1.20930435568e-15	0.339387689884	0.816407130096	1.93138309898e-10	1.71010316989e-10	7.07153029496e-06
1.35377349177e-15	0.339387689867	0.816407130077	2.08151451085e-10	1.84372406197e-10	7.34260562285e-06
1.51550158436e-15	0.339387689848	0.816407130056	2.2433766074e-10	1.98778549137e-10	7.62407217163e-06
1.69655046885e-15	0.339387689828	0.816407130033	2.41788597869e-10	2.143103472e-10	7.91632827144e-06
1.89922829713e-15	0.339387689806	0.816407130008	2.60603083359e-10	2.31055619029e-10	8.21978752172e-06
2.12611896363e-15	0.339387689783	0.816407129982	2.80887659577e-10	2.49109510735e-10	8.53487937659e-06
2.3801150469e-15	0.339387689758	0.816407129954	3.02757193694e-10	2.68573940793e-10	8.86204975254e-06
2.66445468639e-15	0.33938768973	0.816407129923	3.26335528157e-10	2.8955926537e-10	9.20176165956e-06
2.98276286476e-15	0.339387689701	0.81640712989	3.51756181979e-10	3.12184278331e-10	9.55449585632e-06
3.33909762204e-15	0.339387689669	0.816407129854	3.79163106831e-10	3.36577099411e-10	9.9207515306e-06
3.7380017906e-15	0.339387689635	0.816407129816	4.08711502204e-10	3.62875951378e-10	1.03010470057e-05
4.18456091077e-15	0.339387689598	0.816407129775	4.40568694278e-10	3.91229604115e-10	1.0695920474e-05
4.68446806522e-15	0.339387689559	0.81640712973	4.74915083448e-10	4.21798817918e-10	1.11059307585e-05
5.24409645882e-15	0.339387689516	0.816407129682	5.11945165893e-10	4.54756565531e-10	1.1531658104e-05
5.8705806692e-15	0.33938768947	0.81640712963	5.51868634969e-10	4.90289475445e-10	1.19737049976e-05
6.57190760388e-15	0.33938768942	0.816407129574	5.94911568654e-10	5.28598720071e-10	1.24326970221e-05
7.3570183236e-15	0.339387689366	0.816407129514	6.4131770978e-10	5.6990134801e-10	1.29092837408e-05
8.23592202988e-15	0.339387689308	0.816407129449	6.91349846297e-10	6.14431283252e-10	1.3404139617e-05
9.21982367012e-15	0.339387689246	0.816407129378	7.45291299382e-10	6.62440546423e-10	1.39179649684e-05
1.03212667869e-14	0.339387689179	0.816407129303	8.03447527827e-10	7.14201031138e-10	1.44514869582e-05
1.15542934331e-14	0.339387689106	0.816407129221	8.66147857786e-10	7.70005947299e-10	1.50054606242e-05
1.29346231903e-14	0.339387689028	0.816407129133	9.33747347677e-10	8.30171264376e-10	1.55806699473e-05
1.44798535748e-14	0.339387688944	0.816407129039	1.0066287988e-09	8.9503759879e-10	1.61779289611e-05
1.62096843843e-14	0.339387688853	0.816407128937	1.08520492307e-09	9.64972323338e-10	1.67980829035e-05
1.8146168846e-14	0.339387688755	0.816407128826	1.16992068009e-09	1.04037145457e-09	1.74420094137e-05
2.03139947684e-14	0.33938768865	0.816407128708	1.26125579688e-09	1.12166209528e-09	1.81106197733e-05
2.27407992807e-14	0.339387688536	0.81640712858	1.35972748448e-09	1.20930443291e-09	1.88048601965e-05
2.54575211724e-14	0.339387688413	0.816407128442	1.46589336675e-09	1.30379473714e-09	1.95257131691e-05
2.84987953249e-14	0.339387688281	0.816407128293	1.58035463816e-09	1.40566813547e-09	2.02741988388e-05
3.19033942639e-14	0.339387688138	0.816407128132	1.70375946813e-09	1.5155016108e-09	2.10513764589e-05
3.5714722462e-14	0.339387687985	0.816407127959	1.83680667155e-09	1.63391699903e-09	2.18583458876e-05
3.99813696919e-14	0.339387687819	0.816407127773	1.98024966596e-09	1.76158487487e-09	2.26962491441e-05
4.47577304872e-14	0.33938768764	0.816407127572	2.13490073804e-09	1.89922832655e-09	2.35662720252e-05
5.01046976061e-14	0.339387687447	0.816407127355	2.30163564338e-09	2.04762661962e-09	2.4469645783e-05
5.60904383391e-14	0.33938768724	0.816407127122	2.48139856569e-09	2.20762019288e-09	2.54076488678e-05
6.2791263559e-14	0.339387687016	0.81640712687	2.67520746354e-09	2.38011509934e-09	2.63816087371e-05
7.02926005909e-14	0.339387686774	0.816407126598	2.88415983481e-09	2.56608800216e-09	2.73929037343e-05
7.86900823062e-14	0.339387686514	0.816407126305	3.10943893161e-09	2.76659216992e-09	2.84429650392e-05
8.80907663246e-14	0.339387686233	0.816407125989	3.35232046074e-09	2.98276291664e-09	2.95332786935e-05
9.86144998677e-14	0.33938768593	0.816407125649	3.61417980778e-09	3.21582437422e-09	3.06653877039e-05
1.10395447664e-13	0.339387685604	0.816407125282	3.89649982557e-09	3.46709637575e-09	3.18408942256e-05
1.23583802387e-13	0.339387685252	0.816407124886	4.20087923133e-09	3.73800178301e-09	3.30614618298e-05
1.38347699424e-13	0.339387684873	0.81640712446	4.52904165977e-09	4.03007470214e-09	3.43288178579e-05
1.548753604e-13	0.339387684464	0.816407124	4.88284542375e-09	4.34496903234e-09	3.56447558661e-05
1.73377492772e-13	0.339387684023	0.816407123504	5.26429403743e-09	4.68446801375e-09	3.70111381634e-05
1.9408997609e-13	0.339387683548	0.816407122969	5.67554756178e-09	5.05049410851e-09	3.84298984474e-05
2.17276869173e-13	0.339387683035	0.816407122393	6.11893483652e-09	5.44512010291e-09	3.99030445409e-05
2.43233776537e-13	0.339387682483	0.816407121771	6.59696666783e-09	5.87058065377e-09	4.14326612331e-05
2.72291616988e-13	0.339387681887	0.816407121101	7.1123500465e-09	6.32928494495e-09	4.30209132299e-05
3.04820842433e-13	0.339387681245	0.816407120379	7.66800347703e-09	6.82383067614e-09	4.46700482179e-05
3.41236160687e-13	0.339387680552	0.8164071196	8.26707350449e-09	7.35701816273e-09	4.63824000448e-05
3.82001822491e-13	0.339387679806	0.816407118761	8.91295253273e-09	7.93186698914e-09	4.81603920225e-05
4.27637540139e-13	0.339387679001	0.816407117855	9.60929803479e-09	8.55163221806e-09	5.00065403565e-05
4.78725113171e-13	0.339387678133	0.81640711688	1.03600532644e-08	9.21982359729e-09	5.19234577067e-05
5.35915845605e-13	0.339387677198	0.816407115827	1.11694695858e-08	9.94022465562e-09	5.39138568851e-05
5.99938849268e-13	0.339387676189	0.816407114693	1.20421305481e-08	1.07169152403e-08	5.59805546947e-05
6.71610339073e-13	0.339387675102	0.81640711347	1.29829778412e-08	1.15542931664e-08	5.81264759158e-05
7.51844038756e-13	0.339387673929	0.816407112151	1.39973392794e-08	1.24571007512e-08	6.03546574453e-05
8.4166282974e-13	0.339387672665	0.816407110729	1.50909589715e-08	1.34304501271e-08	6.26682525945e-05
9.42211791611e-13	0.339387671303	0.816407109197	1.62700298485e-08	1.44798532177e-08	6.50705355514e-05
1.05477280048e-12	0.339387669833	0.816407107544	1.75412287329e-08	1.56112526023e-08	6.75649060146e-05
1.18078087132e-12	0.339387668249	0.816407105763	1.8911754148e-08	1.6831055155e-08	7.01548940043e-05
1.32184245266e-12	0.339387666542	0.816407103842	2.03893670816e-08	1.81461683495e-08	7.2844164858e-05
1.47975590683e-12	0.3393876647	0.816407101771	2.19824349347e-08	1.95640392278e-08	7.56365244179e-05
1.65653443683e-12	0.339387662715	0.816407099538	2.36999789042e-08	2.10926972547e-08	7.85359244165e-05
1.85443175224e-12	0.339387660575	0.816407097131	2.55517250683e-08	2.27407983935e-08	8.15464680693e-05
2.07597080124e-12	0.339387658268	0.816407094535	2.75481594625e-08	2.45176759545e-08	8.46724158814e-05
2.32397593505e-12	0.33938765578	0.816407091737	2.97005874601e-08	2.64333916651e-08	8.79181916775e-05
2.60160891497e-12	0.339387653098	0.816407088721	3.20211977921e-08	2.84987940674e-08	9.12883888617e-05
2.91240922091e-12	0.339387650206	0.816407085468	3.4523131569e-08	3.07255788031e-08	9.47877769183e-05
3.26033917544e-12	0.339387647088	0.816407081962	3.72205566961e-08	3.31263558935e-08	9.8421308162e-05
3.64983445844e-12	0.339387643727	0.816407078181	4.01287481032e-08	3.5714720349e-08	0.000102194124745
4.08586065661e-12	0.339387640103	0.816407074105	4.32641742428e-08	3.85053295521e-08	0.000106111565937
4.57397656851e-12	0.339387636196	0.816407069711	4.66445903477e-08	4.15139860795e-08	0.000110179175677
5.1204050724e-12	0.339387631984	0.816407064973	5.02891389747e-08	4.47577271863e-08	0.000114402710423
5.7321124602e-12	0.339387627442	0.816407059865	5.42184584042e-08	4.8254921617e-08	0.000118788147296
6.4168972491e-12	0.339387622546	0.816407054358	5.84547995106e-08	5.20253731896e-08	0.000123341692539
7.18348960298e-12	0.339387617267	0.81640704842	6.30221517636e-08	5.60904331495e-08	0.000128069790302
8.04166263113e-12	0.339387611575	0.816407042019	6.79463790751e-08	6.0473120962e-08	0.000132979131758
9.00235698326e-12	0.339387605439	0.816407035118	7.32553662605e-08	6.51982548741e-08	0.000138076664576
1.00778203291e-11	0.339387598824	0.816407027677	7.89791769441e-08	7.02925923574e-08	0.000143369602751
1.12817635011e-11	0.339387591691	0.816407019655	8.51502238024e-08	7.57849813203e-08	0.000148865436815
1.26295352901e-11	0.339387584002	0.816407011006	9.18034521091e-08	8.17065241985e-08	0.000154571944432
1.41383181236e-11	0.339387575711	0.816407001681	9.89765376224e-08	8.8090753259e-08	0.000160497201414
1.58273471196e-11	0.339387566773	0.816406991627	1.06710099934e-07	9.49738208916e-08	0.00016664959314
1.7718155311e-11	0.339387557136	0.816406980788	1.15047932486e-07	1.02394704556e-07	0.00017303782643
1.9834848164e-11	0.339387546746	0.816406969103	1.24037250567e-07	1.10395427047e-07	0.000179670941863
2.22044108926e-11	0.339387535544	0.816406956504	1.33728958677e-07	1.19021294532e-07	0.000186558326573
2.48570524861e-11	0.339387523467	0.81640694292	1.44177938787e-07	1.28321153446e-07	0.000193709727529
2.78265908353e-11	0.339387510447	0.816406928276	1.55443361125e-07	1.38347666834e-07	0.000201135265336
3.11508838677e-11	0.339387496409	0.816406912487	1.6758901924e-07	1.49157612662e-07	0.000208845448549
3.48723121875e-11	0.339387481274	0.816406895464	1.80683691248e-07	1.60812205004e-07	0.000216851188552
3.90383193748e-11	0.339387464957	0.816406877111	1.94801529307e-07	1.73377441431e-07	0.000225163814993
4.37020168298e-11	0.339387447365	0.816406857325	2.10022479521e-07	1.86924475818e-07	0.000233795091822
4.89228608749e-11	0.339387428398	0.816406835992	2.26432734652e-07	2.01530022135e-07	0.000242757233934
5.4767410746e-11	0.339387407949	0.816406812992	2.44125222208e-07	2.17276788203e-07	0.000252062924459
6.13101771364e-11	0.339387385902	0.816406788195	2.63200130668e-07	2.34253944323e-07	0.00026172533271
6.86345721108e-11	0.339387362133	0.816406761461	2.83765476818e-07	2.52557628086e-07	0.000271758132818
7.68339725002e-11	0.339387336506	0.816406732638	3.05937717423e-07	2.72291489265e-07	0.000282175523081
8.6012910333e-11	0.339387308878	0.816406701562	3.29842408689e-07	2.93567276127e-07	0.00029299224606
9.62884054802e-11	0.33938727909	0.816406668059	3.5561491725e-07	3.16505468245e-07	0.000304223609441
1.07791457503e-10	0.339387246975	0.816406631938	3.83401186707e-07	3.41235959398e-07	0.000315885507696
1.20668715721e-10	0.33938721235	0.816406592994	4.13358564069e-07	3.67898792528e-07	0.000327994444574
1.35084348793e-10	0.33938717502	0.816406551007	4.45656690756e-07	3.96644952874e-07	0.00034056755646
1.51222137645e-10	0.339387134773	0.81640650574	4.80478463225e-07	4.27637222946e-07	0.000353622636621
1.69287818424e-10	0.339387091382	0.816406456936	5.18021068657e-07	4.61051104667e-07	0.000367178160386
1.8951170535e-10	0.3393870446	0.816406404318	5.58497101559e-07	4.97075812673e-07	0.000381253311291
2.12151626902e-10	0.339386994163	0.816406347589	6.02135767617e-07	5.35915345999e-07	0.000395868008225
2.37496212764e-10	0.339386939784	0.816406286428	6.49184181607e-07	5.77789643244e-07	0.000411042933615
2.65868573448e-10	0.339386881157	0.816406220488	6.99908766719e-07	6.22935828228e-07	0.000426799562695
2.97630419485e-10	0.339386817949	0.816406149395	7.54596763208e-07	6.71609552218e-07	0.000443160193894
3.33186672708e-10	0.339386749802	0.816406072747	8.13557854931e-07	7.24086442085e-07	0.000460147980388
3.72990628408e-10	0.339386676331	0.816405990111	8.77125922961e-07	7.80663661014e-07	0.000477786962862
4.17549734177e-10	0.339386597119	0.816405901017	9.45660936221e-07	8.41661590683e-07	0.000496102103531
4.67432059089e-10	0.339386511717	0.816405804963	1.01955098983e-06	9.07425646432e-07	0.000515119321458
5.23273535711e-10	0.339386419643	0.816405701403	1.09921450273e-06	9.78328232201e-07	0.000534865529229
5.85786067252e-10	0.339386320374	0.816405589751	1.18510258697e-06	1.05477084979e-06	0.000555368671037
6.55766603195e-10	0.339386213349	0.816405469375	1.27770160217e-06	1.13718637273e-06	0.000576657762215
7.34107299113e-10	0.339386097961	0.816405339594	1.37753590951e-06	1.22604149661e-06	0.000598762930299
8.2180689019e-10	0.339385973557	0.816405199671	1.48517084094e-06	1.32183938229e-06	0.000621715457648
9.19983423408e-10	0.339385839434	0.816405048817	1.60121590033e-06	1.42512250507e-06	0.000645547825709
1.02988851073e-09	0.33938569483	0.816404886175	1.72632821472e-06	1.53647572622e-06	0.000670293760972
1.15292328495e-09	0.339385538928	0.816404710824	1.86121625529e-06	1.65652960475e-06	0.000695988282688
1.29065626164e-09	0.339385370844	0.816404521773	2.00664384896e-06	1.78596396805e-06	0.000722667752414
1.44484333481e-09	0.339385189627	0.81640431795	2.16343450343e-06	1.92551176147e-06	0.000750369925457
1.61745016123e-09	0.33938499425	0.816404098202	2.33247607014e-06	2.07596319771e-06	0.000779134004285
1.81067721878e-09	0.339384783608	0.816403861283	2.51472577153e-06	2.23817023251e-06	0.000809000693993
2.02698785812e-09	0.339384556508	0.816403605852	2.71121562107e-06	2.41305138767e-06	0.000840012259878
2.26913970531e-09	0.339384311662	0.816403330464	2.92305826665e-06	2.60159695225e-06	0.000872212587238
2.54021981574e-09	0.339384047686	0.816403033557	3.15145329062e-06	2.80487459018e-06	0.000905647243444
2.84368402727e-09	0.339383763085	0.816402713452	3.39769400189e-06	3.02403538465e-06	0.0009403635424
3.18340101434e-09	0.339383456246	0.816402368336	3.6631747587e-06	3.26032035692e-06	0.000976410611467
3.56370160446e-09	0.339383125432	0.816401996254	3.94939886341e-06	3.5150674918e-06	0.00101383946095
3.98943398568e-09	0.33938276877	0.816401595099	4.25798707414e-06	3.78971931442e-06	0.00105270305624
4.46602550872e-09	0.339382384241	0.816401162601	4.59068678118e-06	4.08583105674e-06	0.00109305639273
4.99955187134e-09	0.339381969668	0.816400696309	4.94938190034e-06	4.40507946389e-06	0.00113495657359
5.5968145668e-09	0.339381522702	0.816400193583	5.33610353909e-06	4.74927228741e-06	0.00117846289052
6.26542758341e-09	0.339381040813	0.816399651578	5.75304149592e-06	5.12035851972e-06	0.00122363690758
7.01391446004e-09	0.339380521272	0.816399067223	6.20255665786e-06	5.52043942929e-06	0.00127054254825
7.85181693451e-09	0.339379961138	0.81639843721	6.6871943665e-06	5.95178045709e-06	0.00131924618582
8.78981656942e-09	0.339379357239	0.816397757972	7.20969882791e-06	6.41682404182e-06	0.00136981673722
9.83987090527e-09	0.339378706155	0.816397025662	7.77302864814e-06	6.91820344774e-06	0.00142232576044
1.10153658758e-08	0.339378004201	0.816396236135	8.38037358207e-06	7.45875767254e-06	0.00147684755567
1.23312864278e-08	0.339377247402	0.816395384919	9.03517259044e-06	8.04154751876e-06	0.00153345927035
1.38044075188e-08	0.339376431473	0.816394467194	9.74113330703e-06	8.66987292166e-06	0.00159224100818
1.54535079272e-08	0.339375551793	0.816393477765	1.05022530263e-05	9.34729162897e-06	0.00165327594233
1.72996095979e-08	0.339374603384	0.816392411029	1.13228413297e-05	1.00776393411e-05	0.00171665043293
1.93662455729e-08	0.339373580874	0.816391260947	1.22075444796e-05	1.08650514226e-05	0.00178245414913
2.167975992e-08	0.339372478475	0.816390021006	1.3161371717e-05	1.1713986311e-05	0.00185078019573
2.42696434811e-08	0.339371289946	0.816388684186	1.41897236137e-05	1.26292507511e-05	0.00192172524469
2.71689097148e-08	0.339370008557	0.816387242918	1.52984226372e-05	1.36160270022e-05	0.00199538967165
3.04145154223e-08	0.339368627055	0.816385689042	1.64937461027e-05	1.46799021683e-05	0.00207187769767
3.40478317132e-08	0.339367137619	0.816384013761	1.77824616975e-05	1.58268998184e-05	0.00215129753636
3.81151712097e-08	0.339365531816	0.816382207589	1.9171865778e-05	1.70635140759e-05	0.00223376154659
4.26683782026e-08	0.339363800556	0.8163802603	2.06698246565e-05	1.83967463685e-05	0.00231938639106
4.77654892717e-08	0.339361934039	0.816378160872	2.2284819111e-05	1.98341450483e-05	0.00240829320091
5.34714727824e-08	0.339359921699	0.816375897416	2.40259923678e-05	2.13838481026e-05	0.00250060774654
5.98590566722e-08	0.339357752145	0.816373457121	2.59032018294e-05	2.30546292001e-05	0.00259646061499
6.70096550616e-08	0.339355413097	0.816370826171	2.79270748384e-05	2.48559473285e-05	0.00269598739402
7.50144054836e-08	0.339352891315	0.816367989672	3.01090687922e-05	2.6798000308e-05	0.00279932886318
8.39753299302e-08	0.339350172526	0.816364931567	3.24615359478e-05	2.88917824789e-05	0.00290663119217
9.40066344862e-08	0.339347241343	0.816361634545	3.49977932815e-05	3.11491468897e-05	0.00301804614668
1.05236164085e-07	0.339344081177	0.816358079944	3.77321977969e-05	3.35828723377e-05	0.00313373130205
1.1780703089e-07	0.339340674143	0.816354247643	4.06802277062e-05	3.62067356375e-05	0.00325385026502
1.31879436999e-07	0.339337000961	0.816350115951	4.38585699409e-05	3.90355895261e-05	0.00337857290384
1.47632714667e-07	0.339333040847	0.816345661482	4.72852144844e-05	4.20854466435e-05	0.00350807558711
1.6526760995e-07	0.339328771392	0.816340859026	5.09795560584e-05	4.53735700603e-05	0.00364254143162
1.85008838824e-07	0.33932416844	0.816335681402	5.4962503732e-05	4.89185708615e-05	0.00378216055949
2.07107948225e-07	0.339319205949	0.81633009931	5.92565990717e-05	5.27405133373e-05	0.00392713036508
2.31846518376e-07	0.339313855845	0.816324081161	6.38861434951e-05	5.6861028369e-05	0.00407765579181
2.59539747036e-07	0.339308087865	0.8163175929	6.88773355413e-05	6.13034356495e-05	0.00423394961945
2.90540461199e-07	0.339301869382	0.816310597814	7.42584188294e-05	6.60928754221e-05	0.00439623276217
3.2524360713e-07	0.339295165227	0.816303056325	8.00598415332e-05	7.12564504792e-05	0.00456473457769
3.64091275692e-07	0.339287937486	0.816294925766	8.63144282647e-05	7.68233792126e-05	0.00473969318796
4.07578326707e-07	0.339280145288	0.816286160141	9.30575653269e-05	8.28251605778e-05	0.00492135581188
4.56258683614e-07	0.339271744577	0.816276709865	0.000100327400372	8.92957518898e-05	0.00510997911022
5.10752378182e-07	0.339262687859	0.816266521484	0.000108165057581	9.6271760449e-05	0.00530582954346
5.71753434485e-07	0.339252923943	0.816255537374	0.000116614869553	0.000103792650063	0.00550918374276
6.40038691909e-07	0.339242397642	0.816243695417	0.000125724627217	0.000111900963618	0.00572032889466
7.16477678795e-07	0.339231049475	0.816230928652	0.000135545849133	0.000120642562947	0.00593956313985
8.02043661534e-07	0.339218815325	0.816217164893	0.000146134071688	0.000130066887306	0.00616719598656
8.97826008676e-07	0.339205626079	0.816202326331	0.000157549161795	0.000140227231932	0.00640354873902
1.00504402615e-06	0.339191407246	0.816186329087	0.000169855653828	0.000151181048189	0.0066489549415
1.12506243807e-06	0.339176078535	0.816169082749	0.000183123112643	0.000162990266989	0.0069037608383
1.2594087083e-06	0.339159553409	0.816150489857	0.000197426524703	0.000175721647274	0.00716832585042
1.40979242075e-06	0.339141738595	0.816130445361	0.000212846719434	0.000189447151469	0.00744302306918
1.57812696238e-06	0.339122533569	0.816108836029	0.000229470823159	0.000204244349987	0.00772823976743
1.76655378119e-06	0.339101829994	0.81608553981	0.000247392748054	0.000220196857003	0.00802437792884
1.9774695238e-06	0.339079511111	0.816060425156	0.000266713718832	0.000237394799886	0.00833185479577
2.21355639275e-06	0.339055451093	0.81603335028	0.000287542839995	0.00025593532486	0.00865110343623
2.47781610366e-06	0.339029514347	0.816004162363	0.000309997706751	0.00027592314164	0.00898257333041
2.77360786665e-06	0.339001554755	0.815972696705	0.000334205062882	0.000297471110018	0.00932673097734
3.10469086623e-06	0.338971414867	0.8159387758	0.000360301509125	0.000320700871565	0.00968406052212
3.47527176899e-06	0.338938925031	0.81590220835	0.000388434265852	0.000345743529872	0.0100550644042
3.89005784994e-06	0.338903902452	0.815862788196	0.000418761994132	0.000372740382969	0.0104402640271
4.35431639724e-06	0.338866150185	0.815820293174	0.000451455679536	0.000401843711865	0.0108402004502
4.87394113107e-06	0.338825456051	0.815774483881	0.000486699583363	0.000433217629405	0.0112554351029
5.45552645771e-06	0.338781591473	0.815725102345	0.000524692266292	0.000467038993937	0.0116865505211
6.10645047437e-06	0.338734310221	0.815671870599	0.000565647689809	0.000503498392634	0.0121341511071
6.83496774544e-06	0.338683347068	0.815614489143	0.000609796401128	0.000542801199604	0.0125988639126
7.65031298786e-06	0.338628416343	0.81555263529	0.000657386807734	0.000585168714325	0.0130813394454
8.5628169329e-06	0.338569210384	0.815485961397	0.000708686548039	0.00063083938629	0.0135822524991
9.58403577602e-06	0.338505397865	0.815414092945	0.00076398396515	0.000680070132164	0.0141023030074
1.07268957859e-05	0.338436622015	0.815336626494	0.000823589691115	0.000733137752158	0.0146422169209
1.2005854821e-05	0.338362498695	0.815253127476	0.000887838349571	0.000790340452795	0.0152027471086
1.34370826987e-05	0.338282614347	0.815163127825	0.000957090385152	0.000851999483677	0.0157846742811
1.5038662577e-05	0.338196523788	0.815066123436	0.00103173402857	0.000918460896369	0.0163888079381
1.68308157516e-05	0.33810374785	0.814961571432	0.00111218740683	0.000990097434015	0.0170159873362
1.88361525329e-05	0.338003770854	0.814848887238	0.00119890080848	0.00106731056083	0.0176670824799
2.10799521599e-05	0.337896037907	0.814727441436	0.00129235911459	0.00115053264112	0.0183429951312
2.35904750318e-05	0.337779952009	0.814596556393	0.00139308440647	0.00124022927817	0.0190446598389
2.63993108855e-05	0.337654870965	0.814455502656	0.00150163876193	0.00133690182363	0.0197730449858
2.95417669421e-05	0.337520104087	0.814303495075	0.00161862725232	0.00144109006904	0.0205291538501
3.3057300463e-05	0.337374908672	0.814139688669	0.00174470115329	0.00155337513123	0.0213140256816
3.69900006255e-05	0.337218486252	0.813963174186	0.00188056138271	0.00167438254432	0.0221287367874
4.13891251318e-05	0.337049978598	0.813772973368	0.00202696217971	0.00180478557139	0.022974401626
4.63096975168e-05	0.336868463469	0.813568033881	0.00218471503939	0.00194530874954	0.0238521739045
5.18131717182e-05	0.336672950098	0.813347223908	0.0023546929182	0.0020967316825	0.0247632476767
5.79681711193e-05	0.336462374394	0.813109326374	0.00253783472521	0.00225989309555	0.0257088584353
6.48513099718e-05	0.336235593867	0.812853032794	0.00273515011515	0.00243569516783	0.0266902841942
7.25481058544e-05	0.33599138225	0.812576936713	0.00294772459891	0.00262510815761	0.0277088465538
8.11539926221e-05	0.335728423824	0.812279526732	0.00317672498758	0.00282917533605	0.0287659117427
9.07754441526e-05	0.33544530743	0.811959179095	0.00342340518579	0.00304901824557	0.0298628916271
0.000101531220091	0.335140520174	0.811614149817	0.00368911234987	0.00328584229842	0.0310012446794
0.000113553745739	0.334812440809	0.811242566344	0.00397529342597	0.00354094273128	0.0321824768959
0.000126990639208	0.334459332823	0.810842418714	0.00428350208207	0.00381571093091	0.03340814265
0.000142006399966	0.334079337205	0.810411550231	0.00461540604701	0.00411164114541	0.0346798454713
0.000158784273929	0.333670464928	0.809947647616	0.00497279486781	0.00443033759448	0.0359992387333
0.000177528311264	0.333230589156	0.809448230642	0.0053575880945	0.00477352199069	0.0373680262339
0.000198465634071	0.332757437192	0.80891064124	0.00577184389917	0.00514304148187	0.0387879626526
0.000221848932059	0.332248582216	0.808332032099	0.00621776813245	0.00554087702219	0.0402608538617
0.00024795920519	0.331701434826	0.807709354728	0.00669772381664	0.0059691521767	0.0417885570716
0.000277108772991	0.331113234472	0.807039347041	0.00721424106989	0.00643014236001	0.0433729807842
0.000309644570816	0.330481040807	0.806318520452	0.00777002744968	0.00692628450535	0.0450160845287
0.000345951753611	0.329801725061	0.805543146533	0.00836797869701	0.00746018715457	0.0467198783497
0.000386457627757	0.329071961522	0.804709243274	0.00901118985436	0.00803464095299	0.0484864220151
0.000431635931141	0.328288219234	0.803812561004	0.00970296672061	0.00865262952498	0.0503178239098
0.000482011480668	0.327446754051	0.802848568051	0.0104468375951	0.00931734069683	0.0522162395757
0.000538165204859	0.326543601199	0.801812436231	0.0112465652495	0.0100321780225	0.054183869857
0.000600739576821	0.325574568524	0.800699026284	0.0121061590518	0.0108007725547	0.0562229586074
0.000670444459598	0.324535230643	0.799502873384	0.0130298871491	0.0116269947901	0.0583357899096
0.000748063371445	0.323420924226	0.798218172909	0.0140222885969	0.0125149666989	0.0605246847579
0.00083446017285	0.32222674469	0.796838766632	0.0150881853007	0.0134690737308	0.0627919971485
0.000930586169762	0.3209475446	0.795358129594	0.0162326936116	0.014493976667	0.0651401095213
0.00103748761837	0.319577934131	0.793769357891	0.0174612353913	0.0155946231646	0.0675714274929
0.0011563136056	0.318112283964	0.792065157687	0.0187795483308	0.0167762588077	0.0700883738195
0.00128832426588	0.316544731022	0.790237835806	0.0201936952777	0.0180444374554	0.0726933815253
0.00143489927878	0.31486918753	0.78827929226	0.0217100722896	0.019405030636	0.0753888861314
0.00159754657277	0.313079353854	0.786181015179	0.0233354150962	0.0208642357046	0.0781773169209
0.00177791113872	0.311168735672	0.783934078597	0.0250768036138	0.0224285824375	0.081061087175
0.00197778383097	0.309130666003	0.781529143634	0.0269416641148	0.0241049376951	0.0840425833181
0.00219911143902	0.306958322774	0.778985667596	0.0289377686154	0.0259005250678	0.0871241529141
0.00244401724576	0.304644697903	0.77634854064	0.0310731576204	0.0278231017834	0.0903079761433
0.0027147679017	0.302182932875	0.773530396084	0.0333560528597	0.0298805067205	0.0935959512222
0.00301382032691	0.299565989677	0.770520682546	0.0357951863245	0.0320809812586	0.0969901910081
0.00334381473753	0.296786857974	0.767308510633	0.0383995897041	0.034433086934	0.100492704027
0.00370757896263	0.293838617794	0.763882684432	0.0411785712864	0.0369456886135	0.104105375752
0.00410813091005	0.290714510673	0.760231740685	0.0441416866444	0.0396279318166	0.107829948555
0.00454867875348	0.287408019484	0.756343996336	0.0472987024736	0.0424892134304	0.111668000349
0.00503261837327	0.283912957028	0.752207605125	0.0506595529627	0.0455391450255	0.115620921995
0.00556352754927	0.280223563262	0.747810623863	0.0542342881039	0.0487875079628	0.119689893561
0.00614515637792	0.27633461079	0.743141088888	0.0580330134042	0.0522441994672	0.123875859543
0.00678141337084	0.272241517966	0.73818710314	0.0620658205328	0.0559191688603	0.128179503223
0.00747634669294	0.267940468646	0.7329369341	0.0663427085434	0.059822343174	0.132601220351
0.00823412001727	0.263428537241	0.727379122679	0.0708734954458	0.0639635414293	0.137141092408
0.0090589825172	0.258703817361	0.721502602891	0.0756677200685	0.0683523769586	0.141798859714
0.00995523258656	0.25376555192	0.715296831903	0.0807345343551	0.0729981472818	0.146573894746
0.0109271749803	0.248614262138	0.708751929717	0.0860825864788	0.0779097112213	0.151465176013
0.0119790712039	0.243251872511	0.701858827448	0.0917198954266	0.0830953531658	0.156471262934
0.0131150861819	0.23768181753	0.694620100731	0.0976537180124	0.0885626570498	0.16159027218
0.0143394853512	0.231908236119	0.687310906988	0.103890346452	0.0943202725217	0.166819780649
0.0156558364492	0.225939107411	0.679644295531	0.110432619111	0.100373642197	0.172154870003
0.0170676041452	0.219782856019	0.671615460506	0.117284449874	0.106727389225	0.177592089008
0.0185778651678	0.213449745492	0.66322109041	0.12444839335	0.113384722693	0.183127457999
0.0201892254316	0.206951903916	0.654459520665	0.131925499292	0.120347239443	0.188756460333
0.021903735667	0.200303319406	0.6453308787	0.139715172554	0.12761472252	0.194474038633
0.023722807532	0.193519802369	0.63583721803	0.147815041934	0.135184939864	0.200274596378
0.0256471324724	0.186618912051	0.625982637618	0.156220841496	0.143053447578	0.206152005308
0.0276766827279	0.179619644423	0.615910161738	0.16492630811	0.151213893354	0.212099619088
0.0298110765054	0.172541407381	0.605757000539	0.173921369514	0.159661608423	0.218109066909
0.0320479166783	0.165407887449	0.595274226476	0.18319196281	0.168383461727	0.224170290996
0.0343843214146	0.158241900584	0.584473208768	0.192725179102	0.177364799635	0.230275077028
0.0368163997344	0.151067122116	0.573367521782	0.202505917206	0.186588005806	0.236414795874
0.0393392392502	0.143907811037	0.561972922553	0.212516915348	0.196032444529	0.242580452288
0.0419469634826	0.136788405584	0.550368698526	0.222738818342	0.205674752771	0.248762740059
0.0446336723584	0.129731368104	0.538887195931	0.23314933126	0.215495044561	0.254951473937
0.0473906732099	0.12276326088	0.527175264362	0.243718810568	0.225462987918	0.261132971335
0.0502091881183	0.115907314522	0.515254440994	0.254422219095	0.235546571718	0.267297227409
0.05307965121	0.109185828579	0.503147861591	0.265233047174	0.245711245671	0.273434184568
0.0559918599652	0.102619805508	0.490917427125	0.276123559329	0.255920448138	0.279533811364
0.0589362981134	0.0962265601506	0.478944917051	0.287064419621	0.266143600216	0.285585762899
0.061900684872	0.0900264524915	0.466856306487	0.298018302224	0.276339881517	0.291575738003
0.0648734734952	0.0840351553319	0.454677099458	0.308955511243	0.286468235074	0.297494145627
0.0678430179992	0.0782662892122	0.442433368653	0.319846337362	0.296487122209	0.303331727214
0.0707983748444	0.0727302797272	0.430425768217	0.330661420211	0.306358904515	0.309079629265
0.0737284455895	0.0674362602063	0.418527961294	0.341365979717	0.316049039357	0.314726140944
0.0766214489059	0.0623923163643	0.406632253328	0.351929372996	0.325515976595	0.320261744275
0.0794668014541	0.0576029902543	0.394763106713	0.362325249242	0.334721898456	0.325679121645
0.0822551527227	0.0530698403919	0.383186529561	0.372528827013	0.343634894067	0.330971588513
0.0849776030107	0.0487930439832	0.371794608678	0.382511421544	0.352228769759	0.336130078955
0.087625040674	0.0447720272591	0.360484477868	0.392249271284	0.360472336924	0.341147701457
0.0901899839732	0.0410032971987	0.349276577745	0.401723827286	0.368340014921	0.346019871257
0.0926669237755	0.0374805242198	0.338475766305	0.410918879157	0.375816241512	0.350742737747
0.0950496538677	0.0341983765465	0.327829500337	0.419813559657	0.382885373373	0.355309480914
0.0973334913787	0.031149342746	0.317325293825	0.42839606833	0.389533856208	0.359717407469
0.0995150721253	0.0283245511616	0.307067214297	0.436657751866	0.395753683257	0.363964927719
0.101592668862	0.0257136554826	0.297147968277	0.444590236593	0.401546884464	0.368050036098
0.103563949604	0.0233075227183	0.287398897779	0.452185404477	0.406912081705	0.371970293552
0.105428290607	0.0210955246314	0.277831045432	0.459441877187	0.411852765541	0.375726253821
0.107186475254	0.0190661918823	0.268636809585	0.466360335953	0.416379395648	0.37931908778
0.108839128141	0.0172090242326	0.259657274533	0.47293901031	0.420503959038	0.382748237221
0.110387806459	0.0155131826437	0.250872927192	0.479181910653	0.424239161353	0.386015766443
0.111834927651	0.013967718523	0.24236933532	0.485095240116	0.427600980976	0.389124579096
0.113183671966	0.0125617246237	0.234143006074	0.490684802331	0.430610379531	0.39207708406
0.114436967515	0.0112852985404	0.226117923	0.495957710663	0.433285538327	0.394876139494
0.115598534599	0.0101284810612	0.218317019633	0.50092394671	0.435646575101	0.39752595766
0.116672602907	0.00908155846442	0.210804076652	0.505593858037	0.437716044102	0.40003082501
0.117663129447	0.00813575894642	0.203492764555	0.509977100698	0.439515184038	0.402394564076
0.118574484325	0.00728254143058	0.196383819702	0.514085694795	0.441065088311	0.404622225702
0.119411225368	0.00651379270597	0.189524028526	0.517931940921	0.442387236924	0.406719012556
0.120177750135	0.00582209254986	0.18286667071	0.521527386641	0.443502385669	0.408689737081
0.12087851218	0.00520045965691	0.17640660386	0.524884538684	0.444430202437	0.41053978204
0.121517916353	0.00464240614188	0.170141924315	0.528015900526	0.445189544821	0.412274600143
0.122100266137	0.00414193678279	0.164070618008	0.530933804057	0.445798315006	0.413899635597
0.122629732092	0.00369353084136	0.158190190315	0.533650326708	0.446273368852	0.415420287976
0.123110308247	0.00329213577461	0.152470083462	0.536177229176	0.446630342594	0.416841883818
0.123545794507	0.00293314121355	0.146914599663	0.538526329506	0.446883210517	0.418169893511
0.123939900421	0.00261226149587	0.141543563346	0.540708908868	0.447045502619	0.419409598628
0.124296050188	0.00232565966112	0.136308815551	0.542735419627	0.447129489338	0.420565920136
0.124617405318	0.00206989500226	0.131201897638	0.544616473456	0.447145383556	0.42164397947
0.124907112225	0.00184170455185	0.126273876519	0.546362263895	0.44710337896	0.422648767798
0.12516797239	0.00163823847119	0.121458405348	0.547981682281	0.447012645571	0.423584626649
0.1254025175	0.00145697493934	0.116741796236	0.549483928867	0.44688021681	0.424456170179
0.125613308916	0.00129547510509	0.112199798068	0.550877844706	0.446713404644	0.425267896783
0.125802549665	0.0011516638935	0.107736445081	0.552170735394	0.446518760302	0.426023492359
0.125972224761	0.00102370468992	0.103369441031	0.553370510914	0.44630079642	0.426727070769
0.126124341096	0.000909810384677	0.0991736134958	0.554484392993	0.446064664374	0.427382414883
0.126260549148	0.000808514816565	0.0950185403673	0.555518227801	0.445814697438	0.427992559722
0.126382453001	0.000718431204168	0.0909942672389	0.55647881315	0.445553893769	0.42856115823
0.126491529311	0.000638307080991	0.0871279719146	0.557371541303	0.445285811588	0.429091084875
0.126589023758	0.000567091646799	0.0833420836833	0.558201107744	0.445013296498	0.429584843579
0.126676168746	0.000503771066508	0.079717693387	0.558972615371	0.444738633255	0.430045220305
0.126754021591	0.00044748220727	0.0762312366337	0.55969000047	0.444464206356	0.430474340988
0.126823531252	0.000397459229285	0.0728792083647	0.560357103692	0.4441918246	0.430874304277
0.126885577802	0.000353002115618	0.0696726219522	0.560977506127	0.443923116173	0.431247080738
0.126940605947	0.000313734156316	0.065757712845	0.561554399789	0.443657602145	0.431594432042
0.126989689587	0.000278841868409	0.0620122383655	0.562098052769	0.443391248306	0.431922416504
0.127033146733	0.000248060508113	0.0575402170688	0.5626107769	0.44312366827	0.432232330921
0.127071944759	0.000220673608224	0.0534014883945	0.563102613752	0.442850381656	0.432530171153
0.12710660427	0.000196289668239	0.0495937543201	0.563574292459	0.442573667235	0.432816323228
0.127137525022	0.00017460638771	0.0459986079071	0.56402627251	0.442295382179	0.433091011847
0.127165114767	0.000155319531103	0.0426087374124	0.564459929123	0.44201650191	0.433355021645
0.127189704728	0.000138181712816	0.0393934464179	0.564876533132	0.441737666769	0.433609079467
0.127211622678	0.000122950897684	0.036320088339	0.565277558659	0.441459284827	0.433854041864
0.127231174784	0.000109402746418	0.0334337278972	0.565664694566	0.441181419738	0.434090902968
0.127248604603	9.73585545678e-05	0.0307309341833	0.566039014491	0.440904393076	0.434320286344
0.127264146249	8.66480095549e-05	0.0282013139651	0.566401514125	0.440628545262	0.434542771876
0.127278011419	7.71178863616e-05	0.0258565106672	0.566753153781	0.440354121603	0.434758921486
0.127290381555	6.86371476745e-05	0.0236939107637	0.56709457071	0.440081517271	0.43496910166
0.127301417288	6.10901864474e-05	0.0217044196048	0.567426241154	0.439811168716	0.435173581901
0.127311263669	5.43730514909e-05	0.0198783421632	0.567748560285	0.43954350345	0.435372583385
0.127320049325	4.83938590828e-05	0.0182065797559	0.568061845396	0.439278932751	0.435566280577
0.127327887995	4.30716064307e-05	0.0166772451555	0.568366331282	0.439017865247	0.435754798045
0.127334881668	3.83339117492e-05	0.0152785843684	0.568662226023	0.438760668974	0.435938244727
0.127341121143	3.41165375076e-05	0.0140001045743	0.568949722311	0.438507663461	0.436116720878
0.127346687226	3.03624904178e-05	0.0128317367918	0.569228992458	0.438259131657	0.436290314913
0.127351651932	2.70211321955e-05	0.0117629042954	0.569500198029	0.438015317198	0.436459109341
0.127356080085	2.40470346917e-05	0.0107847544359	0.569763521007	0.437776402316	0.436623200162
0.12736002935	2.13999063207e-05	0.00988943219919	0.57001914503	0.437542526941	0.436782685236
0.127363551138	1.90439278472e-05	0.00906960029951	0.570267252135	0.437313797159	0.43693766225
0.127366691381	1.69471939476e-05	0.00831817606775	0.570508028121	0.43709028424	0.437088232062
0.127369491252	1.50811896956e-05	0.00762921938243	0.57074167418	0.436872017131	0.43723450599
0.127371987427	1.34205846767e-05	0.00699731631718	0.570968392307	0.436658998588	0.4373765967
0.127374212649	1.19428290951e-05	0.00641729201925	0.571188386263	0.436451207402	0.437514618798
0.127376196232	1.06277888582e-05	0.00588474409311	0.571401869834	0.43624859304	0.437648694004
0.127377964266	9.45759069572e-06	0.00539569230902	0.571609056042	0.436051087601	0.437778944375
0.127379540035	8.41632570903e-06	0.00494640277019	0.571810156764	0.435858608564	0.437905492039
0.127380944339	7.48981659642e-06	0.00453309564014	0.572005386748	0.435671056619	0.438028461697
0.127382195864	6.66536202994e-06	0.00415308432395	0.572194979304	0.435488302023	0.438147990506
0.127383311113	5.93176793601e-06	0.00380364066149	0.572379153158	0.435310217437	0.438264207177
0.127384304821	5.27906236397e-06	0.00348226599439	0.572558126434	0.435136666245	0.438377240741
0.127385190136	4.69836652342e-06	0.00318583625006	0.572732116912	0.434967503332	0.438487220687
0.127385978985	4.18164993838e-06	0.00291285428456	0.572901386755	0.434802532351	0.438594305241
0.127386681822	3.72188314383e-06	0.00266139431576	0.573066168524	0.434641578406	0.438698634593
0.127387307902	3.31285707098e-06	0.00242970758878	0.573226698614	0.434484456088	0.438800351984
0.127387865551	2.94899545748e-06	0.00221582487816	0.573383219724	0.434330968545	0.438899605263
0.127388362243	2.62530580574e-06	0.00201791119985	0.573536005406	0.434180883318	0.438996562457
0.127388804707	2.33730143076e-06	0.00183503279243	0.57368536733	0.434033925709	0.439091416433
0.127389198828	2.0810642587e-06	0.00166588387359	0.573831601683	0.433889831842	0.439184350887
0.127389549764	1.8531655299e-06	0.00150928116281	0.573975029717	0.433748308765	0.439275566069
0.127389862208	1.6504909417e-06	0.00136406723394	0.57411600736	0.43360902628	0.439365284943
0.127390140344	1.47027023597e-06	0.00122914638109	0.574254936835	0.433471605077	0.439453760634
0.127390387895	1.31004111106e-06	0.00110338752761	0.5743922838	0.433335599879	0.43954128743
0.127390608197	1.16760167004e-06	0.000985878999872	0.574528612725	0.433200464458	0.439628223474
0.127390804225	1.04099065642e-06	0.000876068671845	0.57466460196	0.433065536728	0.439715000559
0.127390978573	9.28501173168e-07	0.000772901678749	0.574801041579	0.43293004078	0.439802122998
0.127391133617	8.28571785163e-07	0.000675885575332	0.574938979364	0.432792941798	0.439890261173
0.127391271487	7.39804575201e-07	0.000584891036468	0.575079735965	0.432652930759	0.439980261821
0.127391393988	6.61017157053e-07	0.000500100880159	0.575224958019	0.432508370857	0.44007318273
0.127391502664	5.91197458261e-07	0.000420702784435	0.575376702998	0.432357213042	0.440170348008
0.127391599098	5.29312217594e-07	0.000347135152348	0.575538016327	0.432196420506	0.440273719372
0.127391684052	4.74856581218e-07	0.000275344992948	0.575713025248	0.432021870189	0.440385959564
0.127391759234	4.2672343685e-07	0.000217676845125	0.575910914079	0.431824387045	0.440512989753
0.127391830738	3.81015446095e-07	0.00019036622224	0.576135788158	0.431599898573	0.440657492444
0.127391895917	3.39424192796e-07	0.000171752664593	0.576365368701	0.431370669256	0.440805184305
0.127391954384	3.02184452292e-07	0.000156340715888	0.576592060502	0.431144292249	0.44095118148
0.127392006514	2.69040490329e-07	0.000142217773183	0.576813788583	0.430922844615	0.441094139445
0.12739205297	2.39555978315e-07	0.000129086456986	0.577030812377	0.430706070543	0.441234215515
0.127392094369	2.13326097875e-07	0.000116947204243	0.577243719383	0.430493385904	0.441371779987
0.127392131269	1.8998626049e-07	0.000105830155182	0.577453003077	0.43028430026	0.441507144058
0.127392164178	1.69205574579e-07	9.57386391173e-05	0.57765897599	0.430078503843	0.441640503142
0.127392193539	1.50695414384e-07	8.66317245831e-05	0.577861763056	0.429875874129	0.441771931921
0.127392219739	1.34204234243e-07	7.84424883825e-05	0.578061358864	0.429676418634	0.441901420877
0.12739224312	1.19511557747e-07	7.10891313727e-05	0.578257676411	0.429480226208	0.44202890755
0.12739226398	1.06422889631e-07	6.44764123634e-05	0.578450592069	0.429287422107	0.442154305524
0.127392282591	9.47638004446e-08	5.85229695165e-05	0.578640006019	0.429098107612	0.442277543669
0.127392299194	8.43781447339e-08	5.31559374539e-05	0.578825834082	0.428912368217	0.442398560897
0.127392314005	7.51271583003e-08	4.8311172959e-05	0.579008010055	0.428730271288	0.442517307748
0.127392327216	6.68876121381e-08	4.39330876514e-05	0.579186486226	0.428551865574	0.442633746787
0.127392338998	5.95495099343e-08	3.99757083623e-05	0.579361230493	0.428377184105	0.442747850779
0.127392349504	5.3015312823e-08	3.63897739034e-05	0.579532212044	0.428206258516	0.442859593379
0.127392358872	4.71971544306e-08	3.31375008397e-05	0.579699439436	0.42803908099	0.442968974056
0.127392367225	4.20164765745e-08	3.01853413907e-05	0.579862932611	0.427875632251	0.443075999877
0.127392374672	3.74036430729e-08	2.7503743852e-05	0.580022720949	0.427715883506	0.443180684257
0.127392381311	3.32965764164e-08	2.50676430773e-05	0.580178841985	0.427559797747	0.443283046145
0.127392387228	2.96401166737e-08	2.28522252695e-05	0.58033133257	0.42740733859	0.443383104233
0.127392392503	2.63849320948e-08	2.08362227729e-05	0.580480243211	0.427258455946	0.443480886377
0.127392397205	2.34869646467e-08	1.90009563576e-05	0.580625631158	0.42711309294	0.443576425076
0.127392401396	2.09070543171e-08	1.73296670342e-05	0.580767556404	0.426971189913	0.443669754857
0.12739240513	1.86103382397e-08	1.58076556393e-05	0.580906081146	0.426832684963	0.443760911915
0.127392408459	1.65658108152e-08	1.442092339e-05	0.581041265904	0.426697517834	0.443849931562
0.127392411425	1.4745814594e-08	1.31570283498e-05	0.581173175519	0.426565623922	0.443936852164
0.127392414068	1.31256827058e-08	1.20048750378e-05	0.581301876943	0.426436936484	0.444021713691
0.127392416423	1.16834776709e-08	1.09544222699e-05	0.581427437114	0.42631138877	0.444104556311
0.127392418522	1.03996702741e-08	9.99673707937e-06	0.581549922766	0.426188914213	0.44418542026
0.127392420392	9.25689106591e-09	9.12337452155e-06	0.581669398161	0.4260694487	0.444264344337
0.127392422059	8.23965727889e-09	8.32678940693e-06	0.581785929066	0.425952926596	0.444341368517
0.127392423543	7.33417097474e-09	7.60016365753e-06	0.581899581047	0.425839282453	0.444416532828
0.127392424866	6.52816012903e-09	6.93730305048e-06	0.582010418667	0.425728451814	0.444489876809
0.127392426044	5.81069939952e-09	6.33267127506e-06	0.58211850545	0.425620371247	0.444561439478
0.127392427094	5.17207286446e-09	5.78102140976e-06	0.582223902143	0.42551498009	0.444631258177
0.127392428029	4.60362049028e-09	5.27767824304e-06	0.582326670247	0.425412216917	0.444699370898
0.127392428863	4.09762754132e-09	4.81838441228e-06	0.582426870163	0.425312021391	0.444765815055
0.127392429605	3.64723301209e-09	4.39927718852e-06	0.582524561031	0.425214334432	0.444830627368
0.127392430266	3.24632952015e-09	4.01687162474e-06	0.582619800513	0.425119098432	0.444893843708
0.127392430855	2.88948470103e-09	3.66788399688e-06	0.582712643932	0.425026258113	0.444955498527
0.12739243138	2.57185650145e-09	3.34937973103e-06	0.582803146865	0.424935757942	0.445015626566
0.127392431847	2.28913350446e-09	3.0586815794e-06	0.582891363663	0.424847543602	0.445074261873
0.127392432264	2.03748052161e-09	2.79337326897e-06	0.582977347465	0.424761561989	0.445131437799
0.127392432634	1.81348493514e-09	2.55123985291e-06	0.583061149561	0.424677761842	0.445187186578
0.127392432965	1.61410983555e-09	2.33022051524e-06	0.583142819721	0.424596093417	0.445241539532
0.127392433259	1.43664825704e-09	2.12846410786e-06	0.583222407598	0.424516507085	0.445294528004
0.127392433521	1.27869123097e-09	1.94428284206e-06	0.583299961715	0.424438954344	0.44534618268
0.127392433754	1.13809518806e-09	1.77616830208e-06	0.58337552949	0.424363387795	0.445396533597
0.127392433962	1.01295404127e-09	1.6226977594e-06	0.583449156013	0.424289762363	0.445445609329
0.127392434147	9.01569963194e-10	1.48257964306e-06	0.583520886064	0.424218033283	0.445493438323
0.127392434312	8.02429495496e-10	1.35464444478e-06	0.583590763898	0.424148156314	0.445540048752
0.127392434459	7.14186972929e-10	1.23782929741e-06	0.583658832744	0.424080088238	0.445585468181
0.127392434589	6.35644583559e-10	1.13118909505e-06	0.583725134735	0.424013786932	0.445629723514
0.127392434706	5.65737770716e-10	1.03380829668e-06	0.583789709516	0.423949212761	0.445672840061
0.12739243481	5.03516977283e-10	9.44877346398e-07	0.583852597426	0.423886325395	0.445714843658
0.127392434902	4.48136628248e-10	8.63657310635e-07	0.58391383792	0.423825085384	0.445755759616
0.127392434984	3.98844802031e-10	7.89487700351e-07	0.583973469569	0.423765454167	0.445795612709
0.127392435057	3.54972769137e-10	7.21753890974e-07	0.584031529168	0.423707394951	0.445834426584
0.127392435123	3.15925302967e-10	6.59883507427e-07	0.58408805264	0.42365087182	0.445872224355
0.127392435181	2.81171435018e-10	6.03364340472e-07	0.584143076032	0.423595848732	0.445909029271
0.127392435232	2.50239036363e-10	5.51729743376e-07	0.584196634593	0.423542290442	0.445944864095
0.127392435278	2.22707878257e-10	5.04573002105e-07	0.58424876282	0.423490162455	0.445979751133
0.127392435319	1.98204819186e-10	4.61487298919e-07	0.584299492564	0.423439432927	0.446013710965
0.127392435356	1.7639677248e-10	4.22117817527e-07	0.584348856773	0.423390068908	0.446046764945
0.127392435388	1.56987062392e-10	3.86140739875e-07	0.584396887722	0.423342038129	0.446078934019
0.127392435417	1.3971197193e-10	3.53269170307e-07	0.584443616968	0.423295309034	0.446110238687
0.127392435443	1.24337065978e-10	3.23232053256e-07	0.58448907437	0.423249851767	0.446140698351
0.127392435466	1.10653619217e-10	2.9577749405e-07	0.584533289301	0.423205636955	0.446170332121
0.127392435486	9.84753107214e-11	2.70680801761e-07	0.584576291351	0.423162635012	0.446199159283
0.127392435504	8.76365936392e-11	2.47739490993e-07	0.584618109454	0.423120817005	0.446227198716
0.127392435521	7.79901841195e-11	2.26773557162e-07	0.584658771599	0.423080154944	0.446254468698
0.127392435535	6.94052452386e-11	2.07603713484e-07	0.584698303988	0.42304062263	0.446280986334
0.127392435548	6.17648868852e-11	1.90074216946e-07	0.584736733783	0.423002192902	0.4463067694
0.127392435559	5.49651223966e-11	1.74043001787e-07	0.584774087564	0.422964839181	0.446331835308
0.127392435569	4.89134698319e-11	1.59387923833e-07	0.584810391346	0.422928535452	0.446356201117
0.127392435579	4.35278572502e-11	1.45984054541e-07	0.584845668966	0.422893257879	0.446379882447
0.127392435587	3.8734982721e-11	1.3372249359e-07	0.584879945189	0.422858981699	0.446402895562
0.127392435594	3.44695302939e-11	1.22504483664e-07	0.584913244461	0.422825682464	0.446425256534
0.1273924356	3.06734673426e-11	1.12244537778e-07	0.584945590705	0.422793336253	0.446446981104
0.127392435606	2.7295264182e-11	1.02857930823e-07	0.58497700611	0.422761920878	0.446468083868
0.127392435611	2.42889747708e-11	9.42676863949e-08	0.58500751307	0.422731413944	0.446488579579
0.127392435615	2.16135803033e-11	8.64051210719e-08	0.585037134094	0.422701792943	0.446508483082
0.127392435619	1.9232666819e-11	7.9210585197e-08	0.585065891199	0.422673035859	0.446527808911
0.127392435623	1.71138898867e-11	7.26261960647e-08	0.585093804958	0.422645122119	0.446546570643
0.127392435626	1.52284426927e-11	6.65977029017e-08	0.585120895736	0.422618031358	0.446564781733
0.127392435629	1.35505716339e-11	6.10772941664e-08	0.585147184258	0.42259174285	0.446582455891
0.127392435631	1.20574299021e-11	5.60234946861e-08	0.5851726908	0.422566236322	0.446599606536
0.127392435634	1.07287220611e-11	5.13963491342e-08	0.585197434349	0.422541492784	0.44661624624
0.127392435636	9.54637988686e-12	4.71577778047e-08	0.585221433551	0.422517493592	0.446632387352
0.127392435637	8.4942396043e-12	4.32744843123e-08	0.585244707495	0.422494219658	0.446648042532
0.127392435639	7.55796667666e-12	3.97178584019e-08	0.585267274849	0.422471652312	0.446663224169
0.12739243564	6.72483287822e-12	3.64598074786e-08	0.585289152997	0.422449774172	0.446677943799
0.127392435642	5.98349913445e-12	3.34737509111e-08	0.585310359145	0.42242856803	0.446692212848
0.127392435643	5.32382521347e-12	3.07364972973e-08	0.585330910889	0.422408016291	0.446706043015
0.127392435644	4.73681695454e-12	2.82285390756e-08	0.585350825433	0.422388101753	0.44671944574
0.127392435645	4.21449676283e-12	2.59296788843e-08	0.58537011854	0.422368808651	0.446732431507
0.127392435645	3.74974337031e-12	2.38215278557e-08	0.585388806224	0.42235012097	0.446745010975
0.127392435646	3.33619873752e-12	2.18879175557e-08	0.585406904688	0.42233202251	0.446757194937
0.127392435647	2.96821990457e-12	2.01157094436e-08	0.585424429769	0.422314497432	0.446768993949
0.127392435647	2.64081017766e-12	1.8490019219e-08	0.585441395634	0.42229753157	0.446780417449
0.127392435648	2.34949307316e-12	1.69982775665e-08	0.585457817321	0.422281109886	0.446791475467
0.127392435648	2.09028405061e-12	1.56294281344e-08	0.585473709731	0.422265217478	0.446802177948
0.127392435649	1.85964656347e-12	1.43741451108e-08	0.585489087213	0.422249839998	0.446812534471
0.127392435649	1.65444744824e-12	1.32217743784e-08	0.585503962791	0.422234964422	0.446822553729
0.127392435649	1.47187255265e-12	1.21636593772e-08	0.585518350481	0.422220576734	0.446832245087
0.12739243565	1.30942611616e-12	1.11925101384e-08	0.585532263972	0.422206663244	0.446841617696
0.12739243565	1.16489572424e-12	1.03010583567e-08	0.585545715942	0.422193211276	0.44685068003
0.12739243565	1.0363102554e-12	9.48214048427e-09	0.585558718828	0.42218020839	0.446859440407
0.12739243565	9.21905405247e-13	8.72969290772e-09	0.585571285495	0.422167641725	0.446867907434
0.12739243565	8.20116915818e-13	8.03904511086e-09	0.585583428499	0.422155498721	0.446876089517
0.127392435651	7.29562283136e-13	7.40432287593e-09	0.585595158879	0.422143768342	0.446883994043
0.127392435651	6.48998691182e-13	6.82082222772e-09	0.585606488613	0.422132438608	0.446891629036
0.127392435651	5.77322354599e-13	6.2846340322e-09	0.585617429479	0.422121497743	0.446899002386
0.127392435651	5.13555788881e-13	5.79193289118e-09	0.585627992419	0.422110934804	0.446906121425
0.127392435651	4.56828856237e-13	5.33875788307e-09	0.585638188009	0.422100739215	0.446912993241
0.127392435651	4.06361725636e-13	4.9218503685e-09	0.585648027288	0.422090899936	0.446919625237
0.127392435651	3.61463400036e-13	4.53880497135e-09	0.585657520999	0.422081406225	0.446926024619
0.127392435651	3.21524081475e-13	4.18629464457e-09	0.585666678481	0.422072248743	0.44693219765
0.127392435651	2.85993796338e-13	3.8618045323e-09	0.585675510065	0.42206341716	0.446938151263
0.127392435651	2.54385341693e-13	3.56336692402e-09	0.585684025812	0.422054901414	0.44694389221
0.127392435651	2.26268073126e-13	3.28871027159e-09	0.585692234796	0.42204669243	0.446949426585
0.127392435651	2.01256442425e-13	3.03574288136e-09	0.585700146263	0.422038780963	0.446954760593
0.127392435652	1.79006505244e-13	2.80284633012e-09	0.585707769607	0.422031157619	0.446959900545
0.127392435652	1.59214184051e-13	2.58849267784e-09	0.58571511359	0.422023813636	0.446964852327
0.127392435652	1.41609132193e-13	2.39095057088e-09	0.585722186501	0.422016740725	0.446969621508
0.127392435652	1.25948609607e-13	2.20890219549e-09	0.585728997101	0.422009930125	0.446974213976
0.127392435652	1.12018006202e-13	2.04132450035e-09	0.585735553764	0.422003373463	0.446978635358
0.127392435652	9.96276604617e-14	1.8867961105e-09	0.585741863961	0.421997063266	0.446982890678
0.127392435652	8.86063117848e-14	1.74425980703e-09	0.585747935842	0.421990991385	0.446986985415
0.127392435652	7.88026077235e-14	1.61301449601e-09	0.585753777322	0.421985149905	0.446990924893
0.127392435652	7.00832923211e-14	1.49191715782e-09	0.585759395207	0.42197953202	0.446994713688
0.127392435652	6.23277222987e-14	1.38014563674e-09	0.585764797042	0.421974130185	0.446998356876
0.127392435652	5.54292685716e-14	1.27715059964e-09	0.585769990169	0.421968937059	0.447001859397
0.127392435652	4.92940381483e-14	1.18207738738e-09	0.585774980973	0.421963946254	0.447005225547
0.127392435652	4.38372021919e-14	1.09426793374e-09	0.585779776353	0.421959150874	0.447008459968
0.127392435652	3.89836254811e-14	1.01330082586e-09	0.585784383102	0.421954544125	0.447011567233
0.127392435652	3.46671981969e-14	9.38519855617e-10	0.585788807153	0.421950120074	0.447014551336
0.127392435652	3.08282210256e-14	8.69405286679e-10	0.58579305484	0.421945872387	0.44701741654
0.127392435652	2.74137807691e-14	8.05641017204e-10	0.585797132436	0.421941794792	0.44702016707
0.127392435652	2.43773625627e-14	7.46708332424e-10	0.585801045403	0.421937881825	0.447022806603
0.127392435652	2.16769100268e-14	6.92203123287e-10	0.585804799584	0.421934127643	0.447025339074
0.127392435652	1.92751810178e-14	6.41896195931e-10	0.585808400759	0.421930526469	0.447027768375
0.127392435652	1.71394761857e-14	5.95362059235e-10	0.585811853903	0.421927073325	0.447030097858
0.127392435652	1.52401344268e-14	5.52294346295e-10	0.585815164437	0.42192376279	0.447032331176
0.127392435652	1.35509650465e-14	5.12530006766e-10	0.58581833766	0.421920589567	0.447034471896
0.127392435652	1.20489714516e-14	4.75712235795e-10	0.585821378083	0.421917549144	0.447036523059
0.127392435652	1.07132486393e-14	4.41627871894e-10	0.58582429074	0.421914636488	0.447038488056
0.127392435652	9.52541493278e-15	4.10125393373e-10	0.585827080385	0.421911846842	0.447040370092
0.127392435652	8.46922657629e-15	3.80935220114e-10	0.585829751251	0.421909175977	0.447042172017
0.127392435652	7.52999209638e-15	3.53909644061e-10	0.585832307941	0.421906619287	0.447043896935
0.127392435652	6.69481707162e-15	3.28901070417e-10	0.585834754682	0.421904172546	0.447045547696
0.127392435652	5.95221152777e-15	3.05710164694e-10	0.585837095458	0.421901831769	0.447047126982
0.127392435652	5.29185892377e-15	2.84241282798e-10	0.585839334465	0.421899592763	0.447048637624
0.127392435652	4.70472436405e-15	2.64346251645e-10	0.585841475425	0.421897451803	0.447050082131
0.127392435652	4.1826675147e-15	2.458825627e-10	0.5858435221	0.421895405128	0.447051463038
0.127392435652	3.71845009496e-15	2.2879565181e-10	0.585845478303	0.421893448925	0.447052782916
0.127392435652	3.30574208294e-15	2.12934523528e-10	0.585847347276	0.421891579952	0.44705404395
0.127392435652	2.93877797245e-15	1.98216581176e-10	0.585849132579	0.421889794649	0.447055248542
0.127392435652	2.61250284035e-15	1.84578248135e-10	0.585850837547	0.42188808968	0.44705639894
0.127392435652	2.3224313552e-15	1.7190513821e-10	0.585852465217	0.421886462011	0.447057497191
0.127392435652	2.06451862911e-15	1.60153044334e-10	0.585854018835	0.421884908393	0.447058545485
0.127392435652	1.83523329195e-15	1.49241174295e-10	0.585855501265	0.421883425962	0.447059545754
0.127392435652	1.63138362797e-15	1.39095669641e-10	0.585856915409	0.421882011819	0.447060499953
0.127392435652	1.45014223046e-15	1.29691229579e-10	0.585858264166	0.421880663061	0.447061410038
0.127392435652	1.28903009036e-15	1.20940898398e-10	0.58585955002	0.421879377208	0.447062277684
0.127392435652	1.14579098226e-15	1.1281321455e-10	0.585860775713	0.421878151515	0.447063104742
0.127392435652	1.01845764614e-15	1.05261179302e-10	0.585861943699	0.421876983529	0.447063892865
0.127392435652	9.05261236793e-16	9.82286881796e-11	0.585863056371	0.421875870857	0.447064643669
0.127392435652	8.04625184462e-16	9.17045941114e-11	0.585864116181	0.421874811046	0.447065358806
0.127392435652	7.15174266049e-16	8.56259923448e-11	0.585865125191	0.421873802036	0.447066039668
0.127392435652	6.3565254732e-16	7.99735800646e-11	0.585866085696	0.421872841532	0.447066687803
0.127392435652	5.6496732631e-16	7.47148717181e-11	0.585866999739	0.421871927489	0.447067304589
0.127392435652	5.02133934052e-16	6.98129154516e-11	0.58586786932	0.421871057908	0.447067891375
0.127392435652	4.46277945184e-16	6.52590646673e-11	0.585868696457	0.421870230771	0.447068449523
0.127392435652	3.9663316263e-16	6.10101599406e-11	0.585869482884	0.421869444343	0.447068980202
0.127392435652	3.52502082965e-16	5.70571695509e-11	0.585870230505	0.421868696723	0.447069484696
0.127392435652	3.13279708012e-16	5.33724867169e-11	0.585870940975	0.421867986253	0.447069964123
0.127392435652	2.78415233581e-16	4.99364290413e-11	0.585871615983	0.421867311244	0.447070419623
0.127392435652	2.4742652441e-16	4.67378113588e-11	0.585872257149	0.421866670078	0.447070852286
0.127392435652	2.19884605235e-16	4.37490208961e-11	0.585872865946	0.421866061281	0.447071263108
0.127392435652	1.95403097284e-16	4.09690789318e-11	0.585873443938	0.42186548329	0.447071653143
0.127392435652	1.73646851371e-16	3.83707261872e-11	0.58587399243	0.421864934797	0.447072023273
0.127392435652	1.54309032635e-16	3.59487495149e-11	0.58587451286	0.421864414368	0.447072374466
0.127392435652	1.37124020512e-16	3.36876742777e-11	0.585875006492	0.421863920736	0.447072707577
0.127392435652	1.2185004938e-16	3.15756276626e-11	0.585875474591	0.421863452637	0.447073023459
0.127392435652	1.08275709034e-16	2.96060188816e-11	0.585875918373	0.421863008855	0.447073322932
0.127392435652	9.62123602133e-17	2.77625492027e-11	0.585876338951	0.421862588277	0.447073606747
0.127392435652	8.54908123371e-17	2.60451876896e-11	0.585876737487	0.421862189741	0.447073875688
0.127392435652	7.59637265147e-17	2.44362958521e-11	0.585877114962	0.421861812266	0.447074130417
0.127392435652	6.74964883279e-17	2.29358709877e-11	0.585877472454	0.421861454773	0.447074371662
0.127392435652	5.9972854726e-17	2.15308873991e-11	0.585877810879	0.421861116349	0.44707460004
0.127392435652	5.32864848524e-17	2.02182582568e-11	0.585878131203	0.421860796025	0.447074816204
0.127392435652	4.73453485892e-17	1.89901352133e-11	0.585878434291	0.421860492936	0.447075020736
0.127392435652	4.20655931535e-17	1.78407520283e-11	0.585878721003	0.421860206224	0.447075214218
0.127392435652	3.73741652801e-17	1.67661161611e-11	0.585878992154	0.421859935074	0.447075397199
0.127392435652	3.32053826622e-17	1.57587508589e-11	0.585879248505	0.421859678722	0.447075570193
0.127392435652	2.95010300245e-17	1.48174889771e-11	0.585879490822	0.421859436406	0.447075733716
0.127392435652	2.6209659548e-17	1.39337928701e-11	0.585879719782	0.421859207446	0.447075888225
0.127392435652	2.32849056268e-17	1.31085343295e-11	0.585879936098	0.42185899113	0.447076034203
0.127392435652	2.06864367847e-17	1.23328109261e-11	0.585880140374	0.421858786854	0.447076172055
0.127392435652	1.83774023834e-17	1.1608354243e-11	0.585880333268	0.421858593959	0.447076302228
0.127392435652	1.63260824548e-17	1.09271519231e-11	0.585880515327	0.421858411901	0.447076425087
0.127392435652	1.45033201734e-17	1.02902058329e-11	0.585880687146	0.421858240082	0.447076541037
0.127392435652	1.28840364098e-17	9.69140532657e-12	0.58588084923	0.421858077997	0.447076650417
0.127392435652	1.14452253382e-17	9.13089319918e-12	0.585881002114	0.421857925113	0.447076753589
0.127392435652	1.0167062891e-17	8.60399341654e-12	0.585881146262	0.421857780965	0.447076850866
0.127392435652	9.03139441234e-18	8.11030039283e-12	0.585881282154	0.421857645074	0.447076942571
0.127392435652	8.02255366886e-18	7.64619762837e-12	0.585881410214	0.421857517013	0.447077028991
0.127392435652	7.12621237874e-18	7.21097082923e-12	0.585881530875	0.421857396353	0.447077110417
0.127392435652	6.32999331395e-18	6.80176454149e-12	0.585881644523	0.421857282705	0.447077187111
0.127392435652	5.6225867072e-18	6.41773751841e-12	0.585881751546	0.421857175681	0.447077259335
0.127392435652	4.99421622514e-18	6.05656395933e-12	0.585881852298	0.42185707493	0.447077327326
0.127392435652	4.43595349995e-18	5.71741233098e-12	0.585881947126	0.421856980102	0.44707739132
0.127392435652	3.94007855152e-18	5.39830681587e-12	0.585882036351	0.421856890877	0.447077451533
0.127392435652	3.49954184477e-18	5.09852618234e-12	0.585882120286	0.421856806942	0.447077508176
0.127392435652	3.10824908482e-18	4.81630040029e-12	0.58588219922	0.421856728008	0.447077561444
0.127392435652	2.76063341853e-18	4.55108891418e-12	0.585882273436	0.421856653791	0.447077611528
0.127392435652	2.45188515097e-18	4.30122265467e-12	0.585882343194	0.421856584034	0.447077658603
0.127392435652	2.1776076184e-18	4.0663890434e-12	0.585882408749	0.421856518479	0.447077702843
0.127392435652	1.93400597236e-18	3.84494279286e-12	0.585882470333	0.421856456895	0.447077744402
0.127392435652	1.71760715359e-18	3.63682935847e-12	0.585882528178	0.42185639905	0.447077783439
0.127392435652	1.52541797343e-18	3.44036772141e-12	0.58588258249	0.421856344737	0.447077820091
0.127392435652	1.35469451136e-18	3.25577658524e-12	0.58588263348	0.421856293748	0.447077854501
0.127392435652	1.20307657357e-18	3.08129967436e-12	0.58588268133	0.421856245898	0.447077886792
0.127392435652	1.06839592543e-18	2.9174336794e-12	0.585882726231	0.421856200996	0.447077917093
0.127392435652	9.48792078742e-19	2.76232022635e-12	0.585882768345	0.421856158882	0.447077945514
0.127392435652	8.4255138741e-19	2.6167310966e-12	0.585882807845	0.421856119382	0.44707797217
0.127392435652	7.48206963078e-19	2.47881529591e-12	0.585882844874	0.421856082354	0.447077997159
0.127392435652	6.64409357337e-19	2.34923485395e-12	0.585882879585	0.421856047642	0.447078020583
0.127392435652	5.89993803823e-19	2.22653744264e-12	0.585882912109	0.421856015118	0.447078042532
0.127392435652	5.23903316291e-19	2.11105642078e-12	0.585882942582	0.421855984645	0.447078063097
0.127392435652	4.65210151747e-19	2.00180820347e-12	0.585882971122	0.421855956106	0.447078082357
0.127392435652	4.13088434083e-19	1.89878524322e-12	0.585882997848	0.42185592938	0.447078100392
0.127392435652	3.66798339516e-19	1.80143277561e-12	0.585883022866	0.421855904361	0.447078117276
0.127392435652	3.25694055344e-19	1.70942445518e-12	0.585883046282	0.421855880946	0.447078133078
0.127392435652	2.89188099564e-19	1.62260253242e-12	0.585883068193	0.421855859035	0.447078147864
0.127392435652	2.56773447757e-19	1.54034266154e-12	0.585883088689	0.421855838539	0.447078161696
0.127392435652	2.2798534201e-19	1.4628509704e-12	0.585883107859	0.421855819369	0.447078174633
0.127392435652	2.0242480912e-19	1.38925773766e-12	0.585883125782	0.421855801446	0.447078186728
0.127392435652	1.79724657282e-19	1.32001217488e-12	0.585883142538	0.42185578469	0.447078198036
0.127392435652	1.59569792702e-19	1.25424252162e-12	0.585883158196	0.421855769032	0.447078208602
0.127392435652	1.41672863666e-19	1.19218313568e-12	0.585883172826	0.421855754401	0.447078218476
0.127392435652	1.25781238474e-19	1.13335974672e-12	0.585883186492	0.421855740735	0.447078227698
0.127392435652	1.11671676946e-19	1.07768093738e-12	0.585883199255	0.421855727972	0.447078236311
0.127392435652	9.91421617636e-20	1.02503004826e-12	0.585883211172	0.421855716056	0.447078244353
0.127392435652	8.80183252021e-20	9.7501955227e-13	0.585883222295	0.421855704933	0.447078251859
0.127392435652	7.81402110579e-20	9.27858130266e-13	0.585883232676	0.421855694551	0.447078258865
0.127392435652	6.93706971666e-20	8.82977892915e-13	0.585883242361	0.421855684867	0.447078265401
0.127392435652	6.15840218867e-20	8.40619105887e-13	0.585883251396	0.421855675832	0.447078271498
0.127392435652	5.46708264714e-20	8.0036789458e-13	0.585883259821	0.421855667407	0.447078277184
0.127392435652	4.85334367169e-20	7.62228822494e-13	0.585883267676	0.421855659551	0.447078282485
0.127392435652	4.3083872924e-20	7.26102737772e-13	0.585883274999	0.421855652229	0.447078287426
0.127392435652	3.82461726372e-20	6.91722981494e-13	0.585883281822	0.421855645405	0.447078292031
0.127392435652	3.39506230914e-20	6.59276406135e-13	0.585883288181	0.421855639047	0.447078296322
0.127392435652	3.01375204012e-20	6.28351798752e-13	0.585883294103	0.421855633125	0.447078300319
0.127392435652	2.6752258528e-20	5.9909360211e-13	0.585883299618	0.421855627609	0.447078304041
0.127392435652	2.37468661867e-20	5.71284552717e-13	0.585883304754	0.421855622474	0.447078307506
0.127392435652	2.10790414419e-20	5.44844786446e-13	0.585883309534	0.421855617694	0.447078310732
0.127392435652	1.87103867259e-20	5.1982062734e-13	0.585883313983	0.421855613244	0.447078313735
0.127392435652	1.66078980566e-20	4.95945802032e-13	0.585883318122	0.421855609105	0.447078316528
0.127392435652	1.47413308302e-20	4.73369193131e-13	0.585883321973	0.421855605254	0.447078319127
0.127392435652	1.30844252193e-20	4.51859721029e-13	0.585883325555	0.421855601673	0.447078321544
0.127392435652	1.16137092858e-20	4.31406668657e-13	0.585883328885	0.421855598343	0.447078323791
0.127392435652	1.03080130694e-20	4.12015287748e-13	0.585883331981	0.421855595247	0.44707832588
0.127392435652	9.14911255452e-21	3.93495533719e-13	0.585883334858	0.42185559237	0.447078327822
0.127392435652	8.12030983248e-21	3.75972376088e-13	0.585883337532	0.421855589696	0.447078329626
0.127392435652	7.20713494147e-21	3.59257106348e-13	0.585883340015	0.421855587212	0.447078331302
0.127392435652	6.39662977221e-21	3.43341618628e-13	0.585883342322	0.421855584905	0.447078332859
0.127392435652	5.67711006727e-21	3.2824548015e-13	0.585883344465	0.421855582763	0.447078334305
0.127392435652	5.03852495171e-21	3.13813092823e-13	0.585883346454	0.421855580774	0.447078335647
0.127392435652	4.47168606133e-21	3.00132257633e-13	0.5858833483	0.421855578927	0.447078336894
0.127392435652	3.96856459247e-21	2.87083198199e-13	0.585883350014	0.421855577214	0.44707833805
0.127392435652	3.52204432921e-21	2.74625214544e-13	0.585883351603	0.421855575624	0.447078339123
0.127392435652	3.12566920025e-21	2.62819910982e-13	0.585883353078	0.421855574149	0.447078340118
0.127392435652	2.77390260763e-21	2.51522081547e-13	0.585883354446	0.421855572782	0.447078341041
0.127392435652	2.46170582663e-21	2.40778119951e-13	0.585883355714	0.421855571513	0.447078341897
0.127392435652	2.18459233326e-21	2.30545929848e-13	0.58588335689	0.421855570338	0.44707834269
0.127392435652	1.93867342343e-21	2.20748570425e-13	0.58588335798	0.421855569248	0.447078343426
0.127392435652	1.72039216271e-21	2.11464590208e-13	0.58588335899	0.421855568238	0.447078344107
0.127392435652	1.52667913414e-21	2.02581849002e-13	0.585883359925	0.421855567302	0.447078344739
0.127392435652	1.35477473321e-21	1.94093555732e-13	0.585883360792	0.421855566436	0.447078345323
0.127392435652	1.20219101285e-21	1.8603566272e-13	0.585883361595	0.421855565633	0.447078345865
0.127392435652	1.06679228355e-21	1.78312297246e-13	0.585883362338	0.42185556489	0.447078346367
0.127392435652	9.46637973472e-22	1.70953560123e-13	0.585883363026	0.421855564202	0.447078346831
0.127392435652	8.39994416227e-22	1.63940093609e-13	0.585883363663	0.421855563565	0.447078347261
0.127392435652	7.45364795259e-22	1.57214358525e-13	0.585883364252	0.421855562976	0.447078347658
0.127392435652	6.61383518348e-22	1.50822434591e-13	0.585883364797	0.421855562431	0.447078348026
0.127392435652	5.86856531184e-22	1.44708734657e-13	0.585883365301	0.421855561926	0.447078348367
0.127392435652	5.20727503234e-22	1.38842858112e-13	0.585883365768	0.42185556146	0.447078348681
0.127392435652	4.62036215459e-22	1.33280364268e-13	0.585883366199	0.421855561029	0.447078348972
0.127392435652	4.09959273751e-22	1.27942926218e-13	0.585883366598	0.42185556063	0.447078349241
0.127392435652	3.63751434446e-22	1.22828664679e-13	0.585883366966	0.421855560261	0.44707834949
0.127392435652	3.2274204663e-22	1.17969811916e-13	0.585883367307	0.421855559921	0.44707834972
0.127392435652	2.86356062956e-22	1.13303165508e-13	0.585883367621	0.421855559606	0.447078349932
0.127392435652	2.54071429015e-22	1.08837736017e-13	0.585883367912	0.421855559316	0.447078350128
0.127392435652	2.25420194115e-22	1.04585474755e-13	0.58588336818	0.421855559047	0.44707835031
0.127392435652	1.99999913848e-22	1.00499348203e-13	0.585883368428	0.421855558799	0.447078350477
0.127392435652	1.77445461242e-22	9.65930913153e-14	0.585883368657	0.42185555857	0.447078350631
0.127392435652	1.5743020757e-22	9.28663035328e-14	0.585883368868	0.421855558359	0.447078350774
0.127392435652	1.3967260747e-22	8.92833039548e-14	0.585883369063	0.421855558164	0.447078350905
0.127392435652	1.23917365055e-22	8.58597378609e-14	0.585883369243	0.421855557984	0.447078351027
0.127392435652	1.09936409997e-22	8.25888547789e-14	0.585883369409	0.421855557818	0.447078351139
0.127392435652	9.75328537507e-23	7.94425781351e-14	0.585883369562	0.421855557665	0.447078351242
0.127392435652	8.65282217394e-23	7.64363784461e-14	0.585883369704	0.421855557524	0.447078351337
0.127392435652	7.67632567265e-23	7.35616309952e-14	0.585883369834	0.421855557394	0.447078351425
0.127392435652	6.8100296814e-23	7.07950018653e-14	0.585883369954	0.421855557274	0.447078351506
0.127392435652	6.04146348886e-23	6.81502951458e-14	0.585883370064	0.421855557163	0.447078351581
0.127392435652	5.35949695434e-23	6.56202481714e-14	0.585883370166	0.421855557061	0.44707835165
0.127392435652	4.75451149486e-23	6.31841279758e-14	0.58588337026	0.421855556967	0.447078351713
0.127392435652	4.21779626216e-23	6.08530062721e-14	0.585883370347	0.421855556881	0.447078351771
0.127392435652	3.74156917378e-23	5.86232974809e-14	0.585883370426	0.421855556801	0.447078351825
0.127392435652	3.31911240184e-23	5.64752872218e-14	0.5858833705	0.421855556728	0.447078351875
0.127392435652	2.94434268982e-23	5.44166520335e-14	0.585883370567	0.42185555666	0.44707835192
0.127392435652	2.61181770496e-23	5.24490707019e-14	0.58588337063	0.421855556598	0.447078351962
0.127392435652	2.31684706658e-23	5.05526325986e-14	0.585883370687	0.421855556541	0.447078352001
0.127392435652	2.05518382912e-23	4.87311770186e-14	0.58588337074	0.421855556488	0.447078352037
0.127392435652	1.82302045592e-23	4.69926587535e-14	0.585883370788	0.421855556439	0.447078352069
0.127392435652	1.6170833653e-23	4.53161633234e-14	0.585883370833	0.421855556395	0.447078352099
0.127392435652	1.43440853189e-23	4.37014765837e-14	0.585883370874	0.421855556354	0.447078352127
0.127392435652	1.27233107902e-23	4.21633965459e-14	0.585883370912	0.421855556316	0.447078352153
0.127392435652	1.12856716804e-23	4.06794494663e-14	0.585883370946	0.421855556281	0.447078352176
0.127392435652	1.00104750546e-23	3.92477301272e-14	0.585883370978	0.421855556249	0.447078352198
0.127392435652	8.87914642853e-24	3.7882937758e-14	0.585883371007	0.42185555622	0.447078352217
0.127392435652	7.87562336801e-24	3.65678030055e-14	0.585883371034	0.421855556193	0.447078352236
0.127392435652	6.98551870204e-24	3.52983241478e-14	0.585883371059	0.421855556168	0.447078352252
0.127392435652	6.19594526059e-24	3.40834420447e-14	0.585883371082	0.421855556146	0.447078352268
0.127392435652	5.49550716072e-24	3.29165057147e-14	0.585883371103	0.421855556125	0.447078352282
0.127392435652	4.87425206055e-24	3.17895225207e-14	0.585883371122	0.421855556106	0.447078352295
0.127392435652	4.3232142484e-24	3.07059395766e-14	0.58588337114	0.421855556088	0.447078352307
0.127392435652	3.83436539798e-24	2.96692754108e-14	0.585883371156	0.421855556072	0.447078352318
0.127392435652	3.40079328954e-24	2.86676100957e-14	0.585883371171	0.421855556057	0.447078352328
0.127392435652	3.01624748759e-24	2.76997620338e-14	0.585883371184	0.421855556043	0.447078352337
0.127392435652	2.67510697361e-24	2.67772564239e-14	0.585883371197	0.421855556031	0.447078352345
0.127392435652	2.37254504901e-24	2.58859535335e-14	0.585883371208	0.421855556019	0.447078352353
0.127392435652	2.10420370666e-24	2.50243183891e-14	0.585883371219	0.421855556009	0.44707835236
0.127392435652	1.86619770673e-24	2.41980733097e-14	0.585883371229	0.421855555999	0.447078352367
0.127392435652	1.65507466414e-24	2.34040810191e-14	0.585883371237	0.42185555599	0.447078352373
0.127392435652	1.46783598223e-24	2.26361413711e-14	0.585883371246	0.421855555982	0.447078352378
0.127392435652	1.3017781336e-24	2.18945877944e-14	0.585883371253	0.421855555975	0.447078352383
0.127392435652	1.15447248154e-24	2.11865128443e-14	0.58588337126	0.421855555968	0.447078352388
0.127392435652	1.02383553405e-24	2.05013371668e-14	0.585883371266	0.421855555961	0.447078352392
0.127392435652	9.07981106135e-25	1.98383201952e-14	0.585883371272	0.421855555956	0.447078352396
0.127392435652	8.05228158607e-25	1.92024596624e-14	0.585883371277	0.42185555595	0.447078352399
0.127392435652	7.14088917399e-25	1.85904800027e-14	0.585883371282	0.421855555946	0.447078352403
0.127392435652	6.33265213718e-25	1.79980040478e-14	0.585883371286	0.421855555941	0.447078352406
0.127392435652	5.61589181022e-25	1.74248638914e-14	0.58588337129	0.421855555937	0.447078352408
0.127392435652	4.98010906201e-25	1.68776994111e-14	0.585883371294	0.421855555933	0.447078352411
0.127392435652	4.41630414326e-25	1.63477166414e-14	0.585883371298	0.42185555593	0.447078352413
0.127392435652	3.916328346e-25	1.58343760531e-14	0.585883371301	0.421855555927	0.447078352415
0.127392435652	3.47293964542e-25	1.53404772535e-14	0.585883371304	0.421855555924	0.447078352417
0.127392435652	3.07967006602e-25	1.48659258013e-14	0.585883371306	0.421855555921	0.447078352419
0.127392435652	2.73093364236e-25	1.44060544061e-14	0.585883371309	0.421855555919	0.447078352421
0.127392435652	2.42168751817e-25	1.39604089463e-14	0.585883371311	0.421855555917	0.447078352422
0.127392435652	2.14741911223e-25	1.35336311892e-14	0.585883371313	0.421855555915	0.447078352423
0.127392435652	1.90419168698e-25	1.31212638038e-14	0.585883371315	0.421855555913	0.447078352425
0.127392435652	1.688513416e-25	1.27214611809e-14	0.585883371316	0.421855555911	0.447078352426
0.127392435652	1.49726302588e-25	1.23341983459e-14	0.585883371318	0.42185555591	0.447078352427
0.127392435652	1.32763564591e-25	1.19640861788e-14	0.585883371319	0.421855555908	0.447078352428
0.127392435652	1.17722562957e-25	1.16050799638e-14	0.58588337132	0.421855555907	0.447078352429
0.127392435652	1.04385581029e-25	1.12568464448e-14	0.585883371322	0.421855555906	0.447078352429
0.127392435652	9.25593040551e-26	1.09205364763e-14	0.585883371323	0.421855555905	0.44707835243
0.127392435652	8.20706545063e-26	1.05978772885e-14	0.585883371324	0.421855555904	0.447078352431
0.127392435652	7.27705593711e-26	1.0284751419e-14	0.585883371324	0.421855555903	0.447078352431
0.127392435652	6.45243338565e-26	9.98087719562e-15	0.585883371325	0.421855555902	0.447078352432
0.127392435652	5.7212300427e-26	9.68802751945e-15	0.585883371326	0.421855555902	0.447078352432
0.127392435652	5.07275986388e-26	9.40622829732e-15	0.585883371327	0.421855555901	0.447078352433
0.127392435652	4.4977902382e-26	9.13262587289e-15	0.585883371327	0.4218555559	0.447078352433
0.127392435652	3.9879902794e-26	8.86698182287e-15	0.585883371328	0.4218555559	0.447078352434
0.127392435652	3.53594978266e-26	8.6112789152e-15	0.585883371328	0.421855555899	0.447078352434
0.127392435652	3.1350763641e-26	8.36473112106e-15	0.585883371329	0.421855555899	0.447078352434
0.127392435652	2.77965028149e-26	8.12524218721e-15	0.585883371329	0.421855555898	0.447078352435
0.127392435652	2.46451913449e-26	7.89261001284e-15	0.58588337133	0.421855555898	0.447078352435
0.127392435652	2.18509617439e-26	7.66872952508e-15	0.58588337133	0.421855555898	0.447078352435
0.127392435652	1.9373130246e-26	7.45265243642e-15	0.58588337133	0.421855555897	0.447078352435
0.127392435652	1.71762771785e-26	7.24266361938e-15	0.585883371331	0.421855555897	0.447078352435
0.127392435652	1.52285404561e-26	7.03859152845e-15	0.585883371331	0.421855555897	0.447078352436
0.127392435652	1.3501576407e-26	6.84203595746e-15	0.585883371331	0.421855555896	0.447078352436
0.127392435652	1.19701886114e-26	6.65234580225e-15	0.585883371331	0.421855555896	0.447078352436
0.127392435652	1.06124952431e-26	6.46791465988e-15	0.585883371332	0.421855555896	0.447078352436
0.127392435652	9.40879537825e-27	6.28859672829e-15	0.585883371332	0.421855555896	0.447078352436
0.127392435652	8.34158515133e-27	6.11555032489e-15	0.585883371332	0.421855555896	0.447078352436
0.127392435652	7.39524310794e-27	5.94875018984e-15	0.585883371332	0.421855555895	0.447078352436
0.127392435652	6.55626234503e-27	5.78649948757e-15	0.585883371332	0.421855555895	0.447078352437
0.127392435652	5.81246286423e-27	5.62867413341e-15	0.585883371332	0.421855555895	0.447078352437
0.127392435652	5.15303168749e-27	5.47589640683e-15	0.585883371333	0.421855555895	0.447078352437
0.127392435652	4.56829450633e-27	5.32899294939e-15	0.585883371333	0.421855555895	0.447078352437
0.127392435652	4.04991002622e-27	5.18603051351e-15	0.585883371333	0.421855555895	0.447078352437
0.127392435652	3.59034891418e-27	5.04690337227e-15	0.585883371333	0.421855555895	0.447078352437
0.127392435652	3.18293440011e-27	4.91164135556e-15	0.585883371333	0.421855555895	0.447078352437
0.127392435652	2.82167152365e-27	4.782060944e-15	0.585883371333	0.421855555895	0.447078352437
0.127392435652	2.50141196347e-27	4.65589916215e-15	0.585883371333	0.421855555895	0.447078352437
0.127392435652	2.21750184547e-27	4.53306581868e-15	0.585883371333	0.421855555894	0.447078352437
0.127392435652	1.96581550998e-27	4.41347310172e-15	0.585883371333	0.421855555894	0.447078352437
