0.0	5.96432335087	4.9193394253	0.0	0.0	0.0
2.06060807975e-17	5.96432335028	4.91933942491	5.37880961436e-11	2.06060724035e-11	1e-06
2.30677792757e-17	5.96432335024	4.91933942489	5.75212824848e-11	2.22162288561e-11	1.03833333333e-06
2.58235637307e-17	5.9643233502	4.91933942486	6.15461654888e-11	2.3952062555e-11	1.07813611111e-06
2.89085670441e-17	5.96432335015	4.91933942483	6.58855371983e-11	2.58235655075e-11	1.11946466203e-06
3.23621192358e-17	5.9643233501	4.91933942479	7.05639705379e-11	2.78413958547e-11	1.16237747407e-06
3.62282488727e-17	5.96432335004	4.91933942476	7.56079584647e-11	3.0016766849e-11	1.20693527725e-06
4.05562443801e-17	5.96432334998	4.91933942472	8.10460639925e-11	3.23621129884e-11	1.25320112954e-06
4.5401282408e-17	5.96432334992	4.91933942467	8.6909081938e-11	3.48907569491e-11	1.30124050617e-06
5.08251312664e-17	5.96432334985	4.91933942463	9.3230213305e-11	3.76170206081e-11	1.35112139223e-06
5.68969383954e-17	5.96432334978	4.91933942458	1.00045253295e-10	4.05562250433e-11	1.40291437893e-06
6.36941119109e-17	5.9643233497	4.91933942453	1.07392794006e-10	4.37251346222e-11	1.45669276346e-06
7.13033074631e-17	5.96432334961	4.91933942447	1.15314442975e-10	4.71417349579e-11	1.51253265272e-06
7.98215329901e-17	5.96432334952	4.91933942441	1.23855058788e-10	5.08251218863e-11	1.57051307107e-06
8.93573854506e-17	5.96432334942	4.91933942434	1.33063005107e-10	5.4796389645e-11	1.63071607212e-06
1.00032435302e-16	5.96432334931	4.91933942427	1.42990424542e-10	5.9077964739e-11	1.69322685488e-06
1.11982776376e-16	5.96432334919	4.91933942419	1.53693533925e-10	6.36941610525e-11	1.75813388431e-06
1.25360760907e-16	5.96432334907	4.91933942411	1.65232942652e-10	6.86709578043e-11	1.82552901654e-06
1.40336941839e-16	5.96432334893	4.91933942402	1.77673995901e-10	7.40366656816e-11	1.89550762883e-06
1.57102247163e-16	5.96432334879	4.91933942392	1.91087144668e-10	7.98215937728e-11	1.9681687546e-06
1.75870414021e-16	5.96432334863	4.91933942382	2.05548344718e-10	8.60584936572e-11	2.04361522351e-06
1.96880713589e-16	5.96432334846	4.9193394237	2.21139486701e-10	9.27827814492e-11	2.12195380707e-06
2.20401001493e-16	5.96432334828	4.91933942358	2.37948859886e-10	1.00032426776e-10	2.20329536966e-06
2.46731132641e-16	5.96432334808	4.91933942345	2.56071652121e-10	1.07848618913e-10	2.28775502549e-06
2.76206784007e-16	5.96432334787	4.91933942331	2.75610488863e-10	1.16275433712e-10	2.37545230145e-06
3.09203734099e-16	5.96432334764	4.91933942316	2.96676014323e-10	1.2536083281e-10	2.46651130633e-06
3.46142653679e-16	5.96432334739	4.91933942299	3.1938751802e-10	1.35155997487e-10	2.56106090638e-06
3.87494468801e-16	5.96432334712	4.91933942282	3.43873610292e-10	1.45716549916e-10	2.65923490778e-06
4.33786364537e-16	5.96432334684	4.91933942263	3.7027295059e-10	1.57102220097e-10	2.76117224589e-06
4.85608505948e-16	5.96432334653	4.91933942242	3.98735032672e-10	1.6937762301e-10	2.86701718195e-06
5.43621561964e-16	5.96432334619	4.9193394222	4.29421031161e-10	1.82612147592e-10	2.97691950724e-06
6.08565128105e-16	5.96432334583	4.91933942196	4.62504714235e-10	1.96880733899e-10	3.09103475498e-06
6.81267155418e-16	5.96432334544	4.9193394217	4.98173427644e-10	2.12264206167e-10	3.20952442056e-06
7.62654505845e-16	5.96432334502	4.91933942143	5.36629155604e-10	2.28849716902e-10	3.33255618997e-06
8.53764768574e-16	5.96432334457	4.91933942113	5.78089664593e-10	2.46731190973e-10	3.46030417721e-06
9.55759488035e-16	5.96432334409	4.9193394208	6.22789736516e-10	2.66009769696e-10	3.59294917062e-06
1.06993897217e-15	5.96432334356	4.91933942045	6.70982498221e-10	2.86794699018e-10	3.73067888878e-06
1.19775886977e-15	5.964323343	4.91933942008	7.22940854904e-10	3.09203773601e-10	3.87368824612e-06
1.34084872822e-15	5.96432334239	4.91933941967	7.78959035512e-10	3.33363780913e-10	4.02217962882e-06
1.50103276822e-15	5.96432334173	4.91933941924	8.39354258897e-10	3.59411500432e-10	4.17636318119e-06
1.68035314038e-15	5.96432334102	4.91933941877	9.0446853016e-10	3.87494480797e-10	4.33645710305e-06
1.88109596017e-15	5.96432334026	4.91933941826	9.74670577347e-10	4.17771816966e-10	4.50268795857e-06
2.10582045303e-15	5.96432333943	4.91933941771	1.05035793948e-09	4.50414816352e-10	4.67529099688e-06
2.35739158142e-15	5.96432333855	4.91933941712	1.13195921774e-09	4.85608553133e-10	4.85451048497e-06
2.63901656957e-15	5.96432333759	4.91933941649	1.21993650254e-09	5.23552090296e-10	5.04060005343e-06
2.95428579166e-15	5.96432333656	4.9193394158	1.31478799021e-09	5.64460367017e-10	5.23382305533e-06
3.30721854473e-15	5.96432333544	4.91933941507	1.41705080425e-09	6.08565197864e-10	5.43445293895e-06
3.70231428973e-15	5.96432333424	4.91933941427	1.52730403686e-09	6.56116049949e-10	5.64277363476e-06
4.14461001424e-15	5.96432333295	4.91933941341	1.64617202828e-09	7.07382374398e-10	5.85907995722e-06
4.63974444781e-15	5.96432333155	4.91933941248	1.77432790225e-09	7.62654494531e-10	6.08367802202e-06
5.19402994893e-15	5.96432333005	4.91933941149	1.9124973778e-09	8.22245382216e-10	6.31688567927e-06
5.81453297985e-15	5.96432332843	4.91933941041	2.06146287879e-09	8.86492434229e-10	6.55903296335e-06
6.50916419534e-15	5.96432332668	4.91933940925	2.22206796468e-09	9.55759470652e-10	6.81046255995e-06
7.28677929384e-15	5.9643233248	4.919339408	2.39522210735e-09	1.0304388443e-09	7.07153029105e-06
8.15729191682e-15	5.96432332276	4.91933940665	2.58190584128e-09	1.1109533281e-09	7.34260561847e-06
9.13180003554e-15	5.96432332057	4.9193394052	2.78317631611e-09	1.19775889063e-09	7.62407216672e-06
1.02227274366e-14	5.96432331821	4.91933940363	3.00017328304e-09	1.29134713866e-09	7.91632826593e-06
1.14439821102e-14	5.96432331567	4.91933940194	3.23412554899e-09	1.39224798163e-09	8.21978751556e-06
1.28111335596e-14	5.96432331292	4.91933940012	3.48635793506e-09	1.50103274029e-09	8.53487936968e-06
1.43416112937e-14	5.96432330996	4.91933939815	3.75829877874e-09	1.61831769945e-09	8.8620497448e-06
1.60549270317e-14	5.96432330677	4.91933939603	4.05148802223e-09	1.74476666144e-09	9.20176165088e-06
1.79729234535e-14	5.96432330333	4.91933939375	4.36758593285e-09	1.88109594214e-09	9.5544958466e-06
2.01200526675e-14	5.96432329962	4.91933939129	4.70838250471e-09	2.02807747962e-09	9.92075151972e-06
2.25236879449e-14	5.96432329562	4.91933938864	5.07580759512e-09	2.18654360806e-09	1.03010469935e-05
2.52144726954e-14	5.96432329131	4.91933938577	5.47194185292e-09	2.35739160969e-09	1.06959204603e-05
2.8226711133e-14	5.96432328666	4.91933938269	5.89902850077e-09	2.54158904387e-09	1.11059307432e-05
3.15988056131e-14	5.96432328165	4.91933937936	6.35948603799e-09	2.74017885408e-09	1.15316580868e-05
3.53737462153e-14	5.96432327625	4.91933937578	6.85592193604e-09	2.95428580725e-09	1.19737049784e-05
3.95996588144e-14	5.96432327042	4.91933937191	7.39114740404e-09	3.18512215587e-09	1.24326970006e-05
4.4330418626e-14	5.96432326414	4.91933936774	7.96819330805e-09	3.43399518752e-09	1.29092837167e-05
4.96263370504e-14	5.96432325737	4.91933936325	8.5903273342e-09	3.70231421926e-09	1.340413959e-05
5.55549305682e-14	5.96432325007	4.9193393584	9.26107249291e-09	3.99159870229e-09	1.39179649382e-05
6.21917814933e-14	5.9643232422	4.91933935318	9.98422706888e-09	4.30348665961e-09	1.44514869244e-05
6.96215015547e-14	5.96432323371	4.91933934755	1.076388613e-08	4.63974434496e-09	1.50054605864e-05
7.79388105923e-14	5.96432322457	4.91933934147	1.16044647168e-08	5.00227601281e-09	1.5580669905e-05
8.72497441191e-14	5.9643232147	4.91933933493	1.2510722844e-08	5.39313435444e-09	1.61779289136e-05
9.76730051439e-14	5.96432320407	4.91933932787	1.34877924551e-08	5.81453293241e-09	1.67980828504e-05
1.09341477489e-13	5.9643231926	4.91933932026	1.45412064837e-08	6.26885794897e-09	1.74420093542e-05
1.22403919898e-13	5.96432318024	4.91933931206	1.56769301856e-08	6.75868201278e-09	1.81106197067e-05
1.37026862523e-13	5.96432316692	4.91933930321	1.6901394918e-08	7.28677912695e-09	1.88048601219e-05
1.53396729985e-13	5.96432315255	4.91933929367	1.82215345595e-08	7.85613978805e-09	1.95257130856e-05
1.71722218057e-13	5.96432313706	4.91933928339	1.96448247749e-08	8.46998797253e-09	2.02741987453e-05
1.92236954279e-13	5.96432312036	4.91933927231	2.11793253484e-08	9.13179989946e-09	2.10513763543e-05
2.15202476421e-13	5.96432310235	4.91933926036	2.28337258239e-08	9.84532323744e-09	2.18583457705e-05
2.40911566775e-13	5.96432308294	4.91933924747	2.46173947129e-08	1.06145984208e-08	2.2696249013e-05
2.69691984761e-13	5.96432306201	4.91933923358	2.65404325455e-08	1.14439818533e-08	2.35662718783e-05
3.01910645465e-13	5.96432303944	4.9193392186	2.86137290677e-08	1.2338170111e-08	2.44696456186e-05
3.37978297351e-13	5.96432301511	4.91933920246	3.0849024908e-08	1.33022266986e-08	2.54076486837e-05
3.78354758804e-13	5.96432298889	4.91933918505	3.32589780615e-08	1.43416109152e-08	2.6381608531e-05
4.23554780243e-13	5.96432296061	4.91933916628	3.58572355697e-08	1.54622084965e-08	2.73929035036e-05
4.74154606564e-13	5.96432293012	4.91933914604	3.86585108006e-08	1.66703653656e-08	2.84429647809e-05
5.30799323549e-13	5.96432289725	4.91933912422	4.1678666767e-08	1.79729228267e-08	2.95332784043e-05
5.94211081916e-13	5.96432286181	4.9193391007	4.49348059557e-08	1.93772570898e-08	3.06653873801e-05
6.65198303855e-13	5.9643228236	4.91933907534	4.84453671747e-08	2.0891320459e-08	3.18408938631e-05
7.44665989416e-13	5.96432278241	4.919339048	5.22302299682e-08	2.25236869634e-08	3.3061461424e-05
8.33627254142e-13	5.964322738	4.91933901853	5.63108271903e-08	2.42836000962e-08	3.43288174036e-05
9.33216245044e-13	5.96432269012	4.91933898674	6.0710266374e-08	2.61810261055e-08	3.56447553575e-05
1.04470259958e-12	5.96432263849	4.91933895248	6.54534605843e-08	2.82267095057e-08	3.7011137594e-05
1.16950763197e-12	5.96432258284	4.91933891554	7.05672694954e-08	3.04322346943e-08	3.842989781e-05
1.30922245317e-12	5.96432252283	4.91933887571	7.60806514908e-08	3.28100909001e-08	3.99030438273e-05
1.46562825563e-12	5.96432245813	4.91933883277	8.20248276479e-08	3.53737436819e-08	4.14326604342e-05
1.64071902121e-12	5.96432238839	4.91933878648	8.84334585367e-08	3.81377100899e-08	4.30209123355e-05
1.83672694208e-12	5.96432231319	4.91933873657	9.5342834831e-08	4.11176421546e-08	4.46700472166e-05
2.05615087832e-12	5.96432223211	4.91933868276	1.02792082815e-07	4.43304144836e-08	4.63823989239e-05
2.30178821532e-12	5.9643221447	4.91933862474	1.10823385946e-07	4.77942202953e-08	4.81603907676e-05
2.57677052699e-12	5.96432205046	4.91933856219	1.1948222373e-07	5.15286743368e-08	5.00065389517e-05
2.8846034994e-12	5.96432194886	4.91933849475	1.28817629262e-07	5.55549240167e-08	5.19234561341e-05
3.22921162395e-12	5.96432183932	4.91933842205	1.38882466888e-07	5.98957690875e-08	5.39138551246e-05
3.6149882297e-12	5.96432172121	4.91933834366	1.49733731563e-07	6.45757908746e-08	5.59805527238e-05
4.0468514929e-12	5.96432159388	4.91933825915	1.61432871604e-07	6.96214911656e-08	5.81264737094e-05
4.53030713751e-12	5.96432145661	4.91933816803	1.74046136652e-07	7.5061442645e-08	6.03546549753e-05
5.07151862634e-12	5.9643213086	4.9193380698	1.87644952833e-07	8.09264507641e-08	6.26682498293e-05
5.67738573749e-12	5.96432114903	4.91933796389	2.02306327222e-07	8.72497276019e-08	6.50705324559e-05
6.35563252776e-12	5.96432097699	4.9193378497	2.18113283921e-07	9.40670804915e-08	6.75649025492e-05
7.11490580476e-12	5.96432079151	4.91933772659	2.35155334199e-07	1.01417114524e-07	7.01548901248e-05
7.9648853627e-12	5.96432059154	4.91933759387	2.53528983377e-07	1.09341451372e-07	7.28441605151e-05
8.91640738758e-12	5.96432037594	4.91933745077	2.73338277313e-07	1.1788496466e-07	7.56365195561e-05
9.98160260498e-12	5.9643201435	4.9193372984	2.94695391584e-07	1.2709603453e-07	7.85359189738e-05
1.11740509309e-11	5.9643198929	4.91933713438	3.17721266706e-07	1.37026821209e-07	8.15464619752e-05
1.25089545987e-11	5.96431962271	4.91933695755	3.42546292997e-07	1.4773356032e-07	8.4672409057e-05
1.40033319682e-11	5.96431933141	4.9193367669	3.69311048944e-07	1.59276881739e-07	8.79181840342e-05
1.56762344876e-11	5.96431901735	4.91933656136	3.9816709726e-07	1.71722152652e-07	9.12883803005e-05
1.75489895752e-11	5.96431867875	4.91933633975	4.29277843141e-07	1.85139847815e-07	9.47877673285e-05
1.96454725162e-11	5.9643183137	4.91933610083	4.62819459592e-07	1.99605948673e-07	9.84212974196e-05
2.19924108416e-11	5.96431792012	4.91933584324	4.98981885039e-07	2.15202373128e-07	0.000102194112712
2.46197250692e-11	5.96431749579	4.91933556553	5.37969898904e-07	2.32017440274e-07	0.000106111552457
2.7560910151e-11	5.9643170383	4.91933526611	5.80004281212e-07	2.50146369772e-07	0.000110179160576
3.08534624898e-11	5.96431654506	4.9193349433	6.25323062803e-07	2.69691821639e-07	0.000114402693507
3.45393579682e-11	5.96431601329	4.91933459526	6.74182873235e-07	2.90764476995e-07	0.000118788128347
3.86655870853e-11	5.96431543997	4.91933422004	7.26860393999e-07	3.13483665231e-07	0.000123341671313
4.32847540224e-11	5.96431482185	4.91933381549	7.83653925281e-07	3.3797803979e-07	0.000128069766525
4.84557472751e-11	5.96431415543	4.91933337933	8.44885075148e-07	3.64386306245e-07	0.000132979105126
5.4244490401e-11	5.96431343694	4.9193329091	9.10900580708e-07	3.92858008219e-07	0.000138076634746
6.07247824548e-11	5.96431266231	4.91933240212	9.82074271572e-07	4.23554373921e-07	0.000143369569341
6.79792388238e-11	5.96431182715	4.91933185552	1.05880918673e-06	4.56649229068e-07	0.000148865399394
7.61003444581e-11	5.96431092674	4.91933126622	1.1415398568e-06	4.92329981533e-07	0.000154571902522
8.51916329235e-11	5.96430995598	4.91933063088	1.23073476467e-06	5.3079868259e-07	0.000160497154476
9.53690063063e-11	5.96430890936	4.91932994589	1.3268989983e-06	5.72273170093e-07	0.000166649540573
1.06762212797e-10	5.96430778096	4.91932920738	1.43057711086e-06	6.1698830358e-07	0.000173037767561
1.19516500792e-10	5.9643065644	4.91932841116	1.54235620433e-06	6.65197292962e-07	0.000179670875937
1.33794470593e-10	5.96430525278	4.91932755274	1.66286925403e-06	7.17173132687e-07	0.000186558252746
1.49778147317e-10	5.96430383868	4.91932662723	1.79279869286e-06	7.73210147798e-07	0.000193709644856
1.67671301442e-10	5.96430231408	4.91932562942	1.93288027569e-06	8.33625660347e-07	0.000201135172759
1.87702046564e-10	5.96430067036	4.91932455364	2.08390724554e-06	8.98761786464e-07	0.000208845344884
2.10125747487e-10	5.96429889821	4.9193233938	2.24673482538e-06	9.68987373207e-07	0.000216851072473
2.35228275714e-10	5.96429698758	4.91932214333	2.42228506087e-06	1.04470008761e-06	0.000225163685016
2.63329653849e-10	5.96429492768	4.91932079517	2.61155204137e-06	1.12632866803e-06	0.000233794946284
2.94788135348e-10	5.96429270681	4.91931934166	2.81560752901e-06	1.21433535237e-06	0.000242757070975
3.30004771647e-10	5.96429031243	4.91931777458	3.03560702745e-06	1.30921849486e-06	0.000252062741997
3.69428524876e-10	5.96428773095	4.91931608506	3.27279632484e-06	1.41151538849e-06	0.000261725128414
4.13561991326e-10	5.96428494777	4.91931426352	3.52851854796e-06	1.52180530713e-06	0.000271757904077
4.62967808646e-10	5.96428194713	4.91931229966	3.80422176749e-06	1.64071278543e-06	0.000282175266973
5.18275828426e-10	5.96427871203	4.91931018236	4.10146719747e-06	1.76891115511e-06	0.000292991959315
5.801911456e-10	5.96427522416	4.91930789961	4.42193803533e-06	1.90712635824e-06	0.000304223288398
6.49503087029e-10	5.96427146376	4.91930543851	4.76744899261e-06	2.05614105665e-06	0.000315885148254
7.27095273819e-10	5.96426740955	4.91930278511	5.13995657024e-06	2.21679906407e-06	0.000327994042145
8.13956885653e-10	5.96426303856	4.91929992438	5.54157013658e-06	2.39001012397e-06	0.000340567105906
9.11195270708e-10	5.96425832605	4.91929684014	5.9745638709e-06	2.57675506056e-06	0.000353622132192
1.02005006188e-09	5.96425324533	4.9192935149	6.44138963998e-06	2.77809133178e-06	0.000367177595643
1.14190897927e-09	5.96424776763	4.91928992986	6.94469088057e-06	2.9951590173e-06	0.000381252679027
1.27832552027e-09	5.96424186193	4.91928606469	7.48731756646e-06	3.22918727312e-06	0.000395867300371
1.43103876285e-09	5.9642354948	4.91928189753	8.07234234466e-06	3.48150129102e-06	0.000411042141139
1.60199553434e-09	5.96422863018	4.91927740477	8.70307793222e-06	3.75352980102e-06	0.000426798675485
1.7933752282e-09	5.96422122921	4.91927256097	9.38309587197e-06	4.04681316129e-06	0.000443159200631
2.00761758528e-09	5.96421324997	4.91926733871	1.01162467534e-05	4.36301207813e-06	0.0004601468684
2.24745379336e-09	5.96420464729	4.91926170841	1.09066820129e-05	4.70391700864e-06	0.000477785717963
2.51594130152e-09	5.96419537245	4.9192556382	1.17588774375e-05	5.07145829696e-06	0.000496100709841
2.81650279283e-09	5.96418537295	4.91924909371	1.26776585033e-05	5.46771710246e-06	0.000515117761198
3.15296981213e-09	5.96417459217	4.91924203788	1.36682276946e-05	5.89493718195e-06	0.000534863782498
3.52963160482e-09	5.96416296906	4.91923443076	1.47361939551e-05	6.3555375912e-06	0.000555366715555
3.95128978892e-09	5.96415043781	4.91922622927	1.5887604441e-05	6.85212637911e-06	0.000576655573043
4.42331955706e-09	5.96413692748	4.91921738699	1.71289787527e-05	7.38751535181e-06	0.000598760479515
4.95173818826e-09	5.96412236157	4.91920785385	1.84673458409e-05	7.96473598842e-06	0.000621712713997
5.54328174233e-09	5.96410665762	4.91919757587	1.99102837945e-05	8.58705660117e-06	0.000645544754201
6.20549091392e-09	5.96408972671	4.91918649487	2.14659627355e-05	9.25800083462e-06	0.000670290322437
6.94680714019e-09	5.964071473	4.9191745481	2.31431910635e-05	9.9813676096e-06	0.000695984433277
7.77668018615e-09	5.96405179314	4.91916166792	2.4951465312e-05	1.07612526248e-05	0.00072266344304
8.70568857818e-09	5.96403057571	4.91914778143	2.69010238964e-05	1.16020715369e-05	0.000750365101167
9.74567441982e-09	5.9640077006	4.91913281	2.90029050591e-05	1.25085849503e-05	0.000779128603565
1.09098943067e-08	5.96398303832	4.91911666887	3.12690093386e-05	1.34859253577e-05	0.000808994647977
1.22131882627e-08	5.96395644924	4.91909926667	3.37121669151e-05	1.45396261841e-05	0.000840005491477
1.36721688484e-08	5.96392778286	4.91908050488	3.63462102136e-05	1.56756530982e-05	0.00087220501015
1.53054328504e-08	5.96389687691	4.9190602773	3.91860521732e-05	1.69004377665e-05	0.000905638761061
1.71337982453e-08	5.96386355645	4.91903846943	4.22477706269e-05	1.82209142431e-05	0.000940354046573
1.91805694572e-08	5.96382763286	4.91901495781	4.55486992652e-05	1.96445581977e-05	0.000976399981127
2.14718342827e-08	5.96378890283	4.91898960937	4.91075256987e-05	2.11794292071e-05	0.00101382756057
2.40367962647e-08	5.96374714714	4.91896228063	5.29443971728e-05	2.2834216343e-05	0.00105268973409
2.69081467435e-08	5.96370212947	4.91893281691	5.70810345292e-05	2.46182873193e-05	0.00109304147898
3.01224813196e-08	5.96365359505	4.91890105145	6.15408550586e-05	2.65417414711e-05	0.0011349398781
3.3720766027e-08	5.96360126922	4.91886680447	6.63491049355e-05	2.86154668662e-05	0.00117844420045
3.77488591456e-08	5.96354485586	4.91882988216	7.15330019816e-05	3.08512018709e-05	0.00122361598466
4.22580952904e-08	5.96348403578	4.91879007559	7.71218895621e-05	3.32616015146e-05	0.00127051912577
4.73059392038e-08	5.96341846482	4.91874715949	8.314740248e-05	3.58603090295e-05	0.00131921996519
5.29567175627e-08	5.963347772	4.91870089103	8.96436458036e-05	3.86620329655e-05	0.00136978738419
5.92824381016e-08	5.96327155739	4.91865100842	9.66473876304e-05	4.16826303139e-05	0.00142229290084
6.63637064611e-08	5.96318938982	4.91859722945	0.000104198266873	4.49391961086e-05	0.00147681077065
7.42907524081e-08	5.96310080451	4.91853924987	0.00011233901723	4.84501600054e-05	0.00153341809102
8.31645784621e-08	5.9630053004	4.9184767417	0.00012111570861	5.22353903831e-05	0.00159219490966
9.30982455107e-08	5.96290233737	4.91840935138	0.000130578007341	5.63163065488e-05	0.00165322433704
1.04218311732e-07	5.96279133316	4.91833669775	0.000140779456653	6.07159996766e-05	0.00171659266312
1.16666443081e-07	5.9626716601	4.91825836995	0.000151777778975	6.54593631556e-05	0.00178238947851
1.30601215767e-07	5.96254264158	4.91817392503	0.000163635201763	7.05732330781e-05	0.00185070780007
1.46200133571e-07	5.96240354824	4.91808288555	0.000176418808664	7.60865396488e-05	0.00192164420133
1.63661885575e-07	5.9622535939	4.91798473683	0.00019020091798	8.2030470365e-05	0.00199529894776
1.83208872892e-07	5.96209193108	4.91787892405	0.000205059490549	8.84386458725e-05	0.00207177613708
2.05090036396e-07	5.96191764627	4.91776484917	0.000221078569315	9.53473094788e-05	0.00215118384485
2.2958402122e-07	5.96172975484	4.91764186755	0.00023834875302	0.000102795531376	0.00223363427541
2.57002718055e-07	5.96152719545	4.91750928434	0.000256967706674	0.000110825428708	0.00231924391847
2.87695225992e-07	5.96130882412	4.91736635054	0.000277040711606	0.000119482402699	0.00240813371157
3.22052286963e-07	5.96107340786	4.91721225886	0.000298681258174	0.000128815394157	0.00250042920836
3.60511247739e-07	5.96081961772	4.91704613915	0.000322011684386	0.000138877158766	0.00259626075331
4.03561612058e-07	5.96054602138	4.91686705355	0.000347163863973	0.000149724563676	0.00269576366262
4.51751252833e-07	5.96025107515	4.91667399124	0.000374279947693	0.000161418907032	0.00279907841193
5.05693362636e-07	5.95993311536	4.91646586278	0.000403513161953	0.000174026262182	0.00290635083075
5.66074229855e-07	5.95959034907	4.91624149404	0.000435028669116	0.000187617848467	0.003017732304
6.33661938216e-07	5.95922084409	4.91599961965	0.000469004494204	0.000202270430591	0.00313337998085
7.09316098791e-07	5.95882251827	4.91573887594	0.000505632523056	0.000218066748769	0.00325345699102
7.93998736473e-07	5.9583931279	4.91545779338	0.000545119577355	0.000235095981968	0.0033781326689
8.88786467121e-07	5.9579302553	4.91515478838	0.000587688572365	0.000253454246758	0.00350758278557
9.94884117554e-07	5.95743129542	4.91482815453	0.000633579763628	0.000273245134444	0.00364198978907
1.11363995829e-06	5.95689344147	4.91447605316	0.000683052089319	0.00029458028938	0.0037815430531
1.24656273876e-06	5.95631366946	4.91409650313	0.000736384615465	0.000317580031534	0.00392643913437
1.39534073676e-06	5.95568872151	4.91368736997	0.000793878091737	0.000342374026619	0.0040768820389
1.56186305845e-06	5.95501508806	4.91324635405	0.000855856626058	0.000369102007347	0.00423308349743
1.74824345264e-06	5.95428898856	4.912770978	0.000922669486899	0.000397914549569	0.00439526325015
1.95684693345e-06	5.95350635089	4.91225857311	0.000994693042702	0.000428973907382	0.00456364934105
2.1903195393e-06	5.9526627892	4.91170626474	0.00107233284857	0.000462454911533	0.00473847842204
2.45162159398e-06	5.95175358006	4.91111095668	0.00115602589102	0.000498545935739	0.00491999606704
2.74406487708e-06	5.95077363695	4.91046931425	0.00124624300241	0.000537449935876	0.00510845709621
3.07135415782e-06	5.94971748284	4.90977774633	0.00134349145726	0.000579385567308	0.00530412591056
3.43763359767e-06	5.9485792208	4.90903238589	0.00144831776374	0.000624588385964	0.00550727683705
3.84753858429e-06	5.94735250246	4.90822906923	0.00156131066423	0.000673312139135	0.00571819448421
4.30625362285e-06	5.9460304943	4.90736331372	0.00168310435991	0.000725830152348	0.00593717410864
4.81957698056e-06	5.9446058414	4.90643029382	0.00181438197513	0.000782436819068	0.0061645219921
5.39399285816e-06	5.9430706288	4.90542481554	0.00195587927851	0.000843449200344	0.0064005558296
6.03675194739e-06	5.94141634005	4.904341289	0.00210838867842	0.000909208742005	0.00664560512821
6.75596132829e-06	5.93963381293	4.90317369913	0.00227276351177	0.000980083117367	0.00690001161664
7.56068476432e-06	5.93771319212	4.90191557423	0.00244992264605	0.00105646820391	0.00716412966549
8.46105456782e-06	5.93564387876	4.90055995251	0.00264085541556	0.00113879020277	0.007438326718
9.46839633464e-06	5.93341447653	4.89909934623	0.00284662691395	0.00122750791039	0.00772298373099
1.05953679849e-05	5.93101273426	4.89752570353	0.00306838366625	0.00132311515212	0.00801849562575
1.18561146983e-05	5.92842548479	4.89583036764	0.00330735970474	0.00142614338783	0.00832527174843
1.32664414989e-05	5.92563858	4.89400403354	0.00356488307384	0.00153716450029	0.00864373633938
1.48440054224e-05	5.92263682175	4.89203670173	0.00384238279063	0.00165679377725	0.0089743290109
1.66085293997e-05	5.91940388862	4.88991762918	0.00414139628807	0.00178569309853	0.00931750523254
1.85820401991e-05	5.91592225833	4.88763527721	0.00446357736931	0.00192457433978	0.00967373682302
2.07891330031e-05	5.91217312565	4.88517725624	0.00481070470192	0.00207420300487	0.0100435124479
2.32572654441e-05	5.90813631577	4.88253026733	0.00518469088159	0.0022354020989	0.0104273381216
2.60170841885e-05	5.90379019297	4.87968004038	0.00558759209525	0.00240905625389	0.0108257377121
2.91027874459e-05	5.89911156456	4.87661126891	0.00602161841369	0.00259611611938	0.0112392534472
3.25525270814e-05	5.89407558017	4.87330754145	0.00648914474357	0.00279760302957	0.0116684464199
3.64088543323e-05	5.88865562628	4.86975126941	0.00699272246827	0.0030146139587	0.0121138970914
4.07192134638e-05	5.88282321628	4.86592361153	0.00753509180608	0.00324832677533	0.0125762057879
4.5536488051e-05	5.87654787607	4.8618043949	0.00811919491262	0.00350000580563	0.0130559931904
5.09196049356e-05	5.86979702556	4.85737203267	0.00874818975254	0.00377100771454	0.0135539008124
5.69342012715e-05	5.86253585646	4.8526034387	0.00942546476251	0.00406278771215	0.0140705914636
6.36533604477e-05	5.85472720679	4.84747393911	0.010154654324	0.00437690609079	0.0146067496944
7.11584230343e-05	5.84633143278	4.84195718141	0.0109396550599	0.0047150350958	0.0151630822175
7.95398792551e-05	5.83730627893	4.83602504126	0.0117846429624	0.00507896613041	0.0157403183026
8.88983498068e-05	5.82760674724	4.82964752762	0.0126940913544	0.00547061729106	0.0163392101364
9.93456621371e-05	5.81718496677	4.82279268674	0.0136727896763	0.00589204122597	0.0169605331449
0.000111006029521	5.80599006498	4.8154265059	0.0147258630809	0.0063454333041	0.0176050862705
0.000124017340433	5.79396804254	4.80751281766	0.0158587928072	0.00683314007636	0.0182736921955
0.000138532565767	5.78106165356	4.79901320598	0.0170774372902	0.00735766800353	0.0189671975074
0.000154721291395	5.76721029367	4.78988691521	0.0183880539468	0.00792169241799	0.0196864727956
0.000172771383331	5.75234989852	4.78009076373	0.0197973215603	0.00852806667666	0.0204324126708
0.000192890792335	5.73641285589	4.76957906389	0.021312363164	0.00917983145273	0.0212059357002
0.000215309504165	5.71932793485	4.75830355029	0.0229407693006	0.00988022410147	0.0220079842447
0.000240281640727	5.701020236	4.74621331876	0.0246906215073	0.0106326880227	0.0228395241921
0.000268087716122	5.68141116719	4.73325477869	0.0265705158457	0.011440881927	0.0237015445716
0.000299037049923	5.66041844969	4.71937162158	0.028589586263	0.0123086888977	0.0245950570411
0.000333470337926	5.63795616026	4.70450480916	0.0307575275336	0.0132402251205	0.0255210952343
0.000371762377985	5.61393481508	4.68859258468	0.0330846174905	0.0142398481361	0.0264807139565
0.000414324945378	5.58826150184	4.67157051137	0.0355817382148	0.0153121644471	0.0274749882178
0.000461609808307	5.56084006709	4.6533715423	0.0382603958045	0.0164620362904	0.0285050120918
0.000514111869638	5.53157136572	4.6339261262	0.0411327382967	0.0176945873609	0.0295718973892
0.000572372415725	5.50035358046	4.6131623542	0.0442115712714	0.0190152072502	0.0306767721369
0.000636982447124	5.46708261865	4.5910061524	0.0475103706118	0.0204295543365	0.0318207788523
0.000708586059205	5.43165259423	4.56738152548	0.0510432918512	0.0219435568391	0.0330050726072
0.000787883833045	5.39395640212	4.54221085652	0.0548251754901	0.023563411726	0.0342308188746
0.000875636188656	5.35388639204	4.515415268	0.0588715476222	0.0252955811418	0.0354991911558
0.000972666643621	5.31133514785	4.48691504893	0.063198615176	0.0271467860006	0.0368113683879
0.00107986491069	5.26619637744	4.45663015217	0.0678232550487	0.0291239963754	0.0381685321352
0.00119818975812	5.21836591663	4.42448076574	0.0727629963914	0.0312344183019	0.0395718635711
0.00132867154656	5.16774284878	4.39038796065	0.0780359953043	0.033485476609	0.0410225402639
0.00147242170812	5.11422946922	4.35478607533	0.0836610035439	0.0358849793914	0.0425217327822
0.00163061792845	5.05773864522	4.31722322767	0.089656685522	0.0384408118698	0.0440704352958
0.00180451411806	4.99818816033	4.27752578852	0.0960426195513	0.0411609132389	0.0456697479691
0.00199544332358	4.93550352966	4.23562645083	0.102838929801	0.0440533699994	0.0473207841208
0.00220481456327	4.86962068171	4.19146294605	0.110066090661	0.0471263365784	0.0490246333718
0.00243411117977	4.8004876296	4.14497909179	0.117744841812	0.0503879878461	0.0507823577285
0.00268488807529	4.72806617512	4.09612588467	0.125896092204	0.0538464656601	0.0525949877114
0.0029587677167	4.65233361628	4.04486262408	0.13454081302	0.0575098193857	0.0544635185876
0.00325743480957	4.57328442465	3.99115804993	0.1436999199	0.0613859404465	0.0563889067753
0.00358262955783	4.49093185428	3.93499147432	0.153394144974	0.0654824910728	0.0583720664879
0.00393615153922	4.40530808844	3.87698636619	0.163643900424	0.0698070576651	0.0604138666916
0.00431986881807	4.31647015467	3.81710619033	0.174467585322	0.0743677826025	0.0625148224211
0.00473560125266	4.22450529449	3.7548111755	0.185882962049	0.0791709405474	0.0646754149905
0.00518521881282	4.12951432659	3.69012941239	0.197908292236	0.0842226489603	0.0668963316123
0.00567059160118	4.03162222718	3.6231037541	0.210560879693	0.0895283884477	0.0691782026383
0.00619357450401	3.93097841022	3.55379238883	0.223856908068	0.095092908604	0.0715216010549
0.00675599098903	3.82775662492	3.48227765522	0.237811279619	0.100920136948	0.073927042687
0.00735976772577	3.72214179105	3.41034932992	0.252437465999	0.107015555321	0.0763949820026
0.0080065219772	3.61438481089	3.3364256145	0.267741016446	0.113381297076	0.0789247564122
0.00869788680008	3.5047256192	3.26061974877	0.283731661319	0.120018612016	0.0815166722528
0.0094353921602	3.39342403172	3.18305968002	0.300417250853	0.126927585585	0.0841709806367
0.0102204468016	3.2807576757	3.10388756739	0.317803637947	0.134107057001	0.0868878814677
0.01105461578	3.16699978284	3.02538866484	0.335894646771	0.141558910145	0.0896675281191
0.0119388495199	3.05249907816	2.94559252038	0.354681297389	0.14927975033	0.0925083946996
0.0128741095838	2.93756621292	2.86466550255	0.374162465854	0.157264825733	0.0954104940805
0.0138611728788	2.82251826775	2.78278323522	0.394334727592	0.165507905647	0.0983738011213
0.014900935834	2.70765796366	2.70208482213	0.415192399808	0.174005650661	0.101398259883
0.0159937935932	2.59333576384	2.62125140383	0.436715303299	0.182752659057	0.10448199891
0.0171398093315	2.47987630532	2.53997823408	0.458889677527	0.191738008026	0.107624403944
0.018338961012	2.36758166843	2.45868092494	0.481702481085	0.20095024225	0.110825276749
0.0195916606567	2.25671795457	2.37970074055	0.505136903679	0.21038566114	0.114084162503
0.0208970568902	2.1476210175	2.30076057033	0.529157250513	0.220030567055	0.117398223089
0.022254450466	2.04054824157	2.22203024853	0.553743837983	0.229869392213	0.120767136111
0.023663349279	1.9357233523	2.14555591149	0.578875104103	0.239890633156	0.124190574127
0.0251229667913	1.83338560382	2.07038888718	0.604510904188	0.250086111487	0.127665852971
0.02663161907	1.7337562993	1.99581366961	0.630618333122	0.26043477037	0.131191473769
0.0281879365774	1.63700085239	1.92333695888	0.657170607192	0.270918339118	0.134766988793
0.0297912033984	1.54325724322	1.85301126084	0.68412558118	0.281533256819	0.138389985344
0.0314388148993	1.45269138037	1.78355862501	0.711439466805	0.292253726834	0.142057920239
0.033128832109	1.36539523869	1.71628534908	0.739081792131	0.303058355919	0.145770200918
0.034860195763	1.28142894689	1.65147295631	0.767007143106	0.313943348106	0.149524256115
0.0366296581053	1.20088757507	1.58771426109	0.795165698483	0.32488039339	0.153316910265
0.038434818904	1.12379354644	1.52633711537	0.823524805324	0.335845835368	0.157147383452
0.0402742948198	1.05014174456	1.46734556111	0.85203465799	0.346836569962	0.161012515506
0.0421442573102	0.97996051579	1.40949981609	0.880644367753	0.35782085812	0.164908891498
0.0440421619528	0.913209460201	1.35425437971	0.909320609101	0.368776198842	0.1688354913
0.0459658920154	0.849842591824	1.3010908655	0.938008623315	0.379695808422	0.172788201646
0.0479113212684	0.789828802973	1.24909528085	0.966660704141	0.390546325763	0.176763693537
0.0498759926105	0.733078605648	1.19987108108	0.995244224241	0.401308814796	0.180760654307
0.0518568025711	0.679523038857	1.15232272188	1.02369966534	0.411970331421	0.184773754705
0.0538495514824	0.629085352431	1.10591422675	1.05198580984	0.422497140999	0.188799992863
0.055852021895	0.581643057011	1.06236701627	1.08007197282	0.432875431924	0.192837723415
0.0578600277612	0.537116682717	1.02007720451	1.1078949258	0.443085316552	0.196880268173
0.0598695175287	0.495398930539	0.978980587262	1.13542218547	0.453094267907	0.200925106478
0.0618783845275	0.456353428336	0.94051969699	1.16262378405	0.462893164983	0.204969881692
0.0638817317899	0.419892029999	0.903051998224	1.18943942316	0.472457123902	0.209007296397
0.0658757306618	0.385893807272	0.866929277788	1.2158441795	0.481756359106	0.213035030689
0.0678581234276	0.354224382364	0.832904569423	1.24180676187	0.490785200326	0.217049511287
0.0698239570064	0.324786704752	0.799792476665	1.26727850785	0.499517267055	0.221044007016
0.0717695508444	0.297460736274	0.768088910758	1.2922392794	0.507926379531	0.225015901391
0.0736926054374	0.272120074068	0.738039490485	1.31665857476	0.516011276162	0.228960571031
0.0755883186813	0.248667256668	0.708819640222	1.34049978604	0.523746214935	0.232871909032
0.0774533315819	0.226988980063	0.681001020467	1.36374847009	0.531110535361	0.236747094089
0.0792854017421	0.206970881279	0.65448533594	1.38637711761	0.538107743468	0.240580720911
0.0810801321301	0.188520519494	0.628718601652	1.40836100085	0.544715539445	0.244367355878
0.082834829267	0.171533657806	0.604291724602	1.42969208853	0.550922501512	0.248104110443
0.0845470978512	0.15591258159	0.580900696719	1.45034776571	0.55673304047	0.251785131189
0.0862133745877	0.141571775298	0.558183202539	1.47031458728	0.562133013938	0.255405732239
0.0878317037408	0.128418861976	0.536710627795	1.48959125339	0.567120203415	0.258963138776
0.0893998920251	0.116371301195	0.516074385197	1.50816161049	0.571702345531	0.262451459643
0.0909153222231	0.105353151001	0.496042704777	1.52602240155	0.575874052989	0.265866824085
0.0923768339417	0.095284989347	0.477140647151	1.54317897014	0.579641620443	0.269206785924
0.0937827523881	0.0860978122728	0.458928766978	1.55962255628	0.583017545084	0.27246585437
0.0951314718712	0.0777263292886	0.441259271751	1.57535864624	0.586004856123	0.275641057747
0.0964226545146	0.070103983172	0.424594093504	1.59039869906	0.588616941598	0.278730508233
0.097655377456	0.0631736741402	0.408513655348	1.60474155115	0.590871239408	0.281729537721
0.0988290475953	0.0568807657874	0.392920009089	1.61839972258	0.592777888957	0.284636159618
0.0999441286715	0.0511707132648	0.378203400454	1.63138985197	0.59435532498	0.287449257994
0.101000565883	0.0459967776515	0.363996008377	1.64371785551	0.595624910326	0.290165339934
0.101998703698	0.0413142971315	0.350225858076	1.6554014332	0.596601834605	0.292783466349
0.102939723927	0.0370794600916	0.337208272644	1.66646115365	0.597307167519	0.295303451301
0.103824425267	0.0332544586601	0.324645207237	1.67690893037	0.59776432401	0.297723214632
0.104653940055	0.0298035382185	0.312475277007	1.68676578935	0.597991134398	0.300042874793
0.105430022884	0.0266921490891	0.300940136493	1.69605480229	0.59800893022	0.302263240944
0.106154191483	0.0238901081765	0.289818240232	1.70479240066	0.59784099182	0.304383724739
0.10682815875	0.0213693260925	0.279050240736	1.71300122288	0.597505487851	0.306405436815
0.107454061597	0.0191030151932	0.26880881547	1.72070539773	0.597022055411	0.308330131662
0.108033917643	0.0170674309245	0.258946578778	1.72792421893	0.596411863584	0.310158620791
0.108569787197	0.0152408767162	0.249403413395	1.73468049117	0.595691592056	0.31189286372
0.109063983809	0.0136029031281	0.240290580948	1.74099808463	0.594877893981	0.313535400194
0.109518771186	0.0121351331764	0.231524835171	1.74689753218	0.593988432023	0.315088199955
0.109936335027	0.0108210544614	0.223047449785	1.75240071198	0.59303723097	0.316553870453
0.110318977797	0.00964527077506	0.214918370371	1.75753016624	0.592037398036	0.317935497815
0.110668971128	0.00859381300604	0.207101876288	1.76230624353	0.591002427188	0.319235869623
0.110988445528	0.00765426662848	0.199546983662	1.76674918402	0.58994317796	0.320458017658
0.111279548034	0.00681517503016	0.192274250606	1.77087944291	0.588869269705	0.321605304324
0.111544371883	0.00606612851156	0.18527408982	1.7747160748	0.587790031783	0.322680962926
0.11178486928	0.00539787687281	0.178512650755	1.77827731735	0.586713171509	0.323688238335
0.112002938609	0.00480198074277	0.171983463018	1.78158109857	0.585645260451	0.32463051525
0.112200383262	0.00427083459172	0.165680118723	1.78464444289	0.584591998346	0.325511134395
0.112378908032	0.00379759132416	0.159596458392	1.7874834786	0.583558266834	0.32633337549
0.112540113515	0.0033761019877	0.153709511107	1.79011344806	0.582548154524	0.327100441577
0.112685482964	0.00300088279878	0.14799689437	1.79254899253	0.581564629644	0.32781552529
0.112816442976	0.00266690557956	0.142488690347	1.79480415996	0.580610199396	0.328481796528
0.112934291204	0.00236973347145	0.137150142768	1.79689156731	0.579687099792	0.329102138237
0.113040202765	0.00210545621817	0.131936462052	1.79882345917	0.578796377274	0.329679443606
0.113135331367	0.00187040597503	0.126915512217	1.80061186995	0.577938757272	0.330216654345
0.113220695079	0.0016614096749	0.122035974113	1.80226699985	0.577115198732	0.330716259677
0.113297199203	0.00147569952946	0.117246428672	1.80379895786	0.576325433819	0.331180806555
0.113365750209	0.00131061819227	0.112641095669	1.80521778275	0.57556907202	0.331612899507
0.113427124805	0.00116391577152	0.108137729294	1.80653155326	0.574846257773	0.332014614849
0.113482008664	0.00103363539866	0.10372063034	1.80774866983	0.57415580392	0.332388185829
0.113531094778	0.000917869951781	0.0994813778521	1.80887711399	0.573496884643	0.332735771408
0.113574953894	0.000815055525104	0.0952994205778	1.80992318061	0.572869089449	0.333059057
0.11361412095	0.00072375637153	0.0912407750905	1.81089393513	0.572270813766	0.333360005671
0.113649099358	0.00064264946044	0.0873500865936	1.81179522854	0.571701290297	0.333640240376
0.113680307247	0.000570640603079	0.083537565698	1.81263196275	0.571159832733	0.333901118365
0.113708155804	0.000506677607565	0.0798901020042	1.81340952357	0.570645154484	0.334144173533
0.11373299645	0.000449867768295	0.0763851415063	1.81413202557	0.570156631873	0.334370565514
0.113755142989	0.00039942209139	0.0730155279307	1.8148034465	0.569693389038	0.334581429829
0.113774885245	0.000354621225403	0.0697936722141	1.81542750924	0.569254549316	0.334777838771
0.113792379938	0.000315058341676	0.0658956204723	1.81600751087	0.568838394439	0.334960745331
0.113807959102	0.000279940927983	0.0621336962308	1.81655355789	0.568438016406	0.335133269082
0.113821743542	0.000248962895577	0.057674756237	1.81706834881	0.568051917825	0.335296209492
0.113834031142	0.000221427531285	0.0535166751834	1.81756173301	0.567673088308	0.335452643653
0.113844997387	0.000196920960371	0.0496944587515	1.81803479026	0.567302125593	0.335602883446
0.113854771844	0.000175135759665	0.0460884057987	1.81848798357	0.56693980949	0.335747047227
0.113863485324	0.000155764938035	0.042690697543	1.81892269458	0.566586006515	0.335885547828
0.113871244639	0.000138557751411	0.0394653564254	1.81934020036	0.566240459219	0.336018768022
0.113878155536	0.000123268372205	0.0363855571541	1.8197420274	0.565902645518	0.336147173323
0.113884315257	0.000109672070368	0.0334930374643	1.82012985147	0.565571810569	0.336271280339
0.113889802179	9.75876608289e-05	0.0307842190829	1.82050476734	0.565247602026	0.336391422749
0.113894691086	8.68434538966e-05	0.0282481850459	1.82086778887	0.564929711907	0.336507910461
0.113899049619	7.72848271254e-05	0.0258983272878	1.8212198993	0.564617793997	0.33662104554
0.11390293545	6.87801841388e-05	0.0237310654432	1.82156173463	0.564311754995	0.336731020095
0.113906399798	6.12130090877e-05	0.0217373352456	1.821893781	0.564011589948	0.336837979178
0.11390948879	5.44787306261e-05	0.0199074853089	1.82221644094	0.563717328964	0.33694204179
0.113912243287	4.84849626636e-05	0.0182324169888	1.82253003689	0.563429032331	0.337043301858
0.11391469939	4.3150291215e-05	0.0167001564189	1.82283480724	0.563146799342	0.337141826779
0.11391688944	3.84019793269e-05	0.0152989205792	1.82313096366	0.562870720471	0.33723767581
0.113918842199	3.41755108918e-05	0.0140182453017	1.82341870154	0.562600868642	0.337330903415
0.113920583234	3.04136739611e-05	0.0128478972857	1.82369819412	0.562337308875	0.337421557298
0.113922135325	2.70656169883e-05	0.0117773278513	1.82396960608	0.562080088499	0.337509682803
0.113923518957	2.40857414874e-05	0.0107976519694	1.82423312091	0.561829214387	0.337595331779
0.113924752328	2.14336263006e-05	0.009901009822	1.82448892349	0.561584670605	0.337678556935
0.113925851652	1.90733417044e-05	0.00907998992491	1.82473719643	0.561346424895	0.33775941064
0.113926831409	1.69728783081e-05	0.00832751764351	1.82497812722	0.561114423846	0.337837947254
0.113927704565	1.51036390146e-05	0.00763763443534	1.82521191789	0.560888585382	0.337914226257
0.113928482662	1.34402253067e-05	0.00700490429534	1.82543877115	0.560668813425	0.33798830775
0.113929175995	1.19600268039e-05	0.00642414560642	1.82565889162	0.560454998383	0.338060252841
0.113929793777	1.06428590433e-05	0.00589094457796	1.82587249365	0.560247010826	0.338130126191
0.113930344199	9.47080819847e-06	0.00540131179351	1.82607979076	0.560044712678	0.338197992559
0.11393083457	8.42792734675e-06	0.00495148398673	1.82628099528	0.559847958832	0.338263916668
0.113931271413	7.50000393439e-06	0.00453770887802	1.82647632315	0.559656593321	0.338327964765
0.113931660585	6.67431231131e-06	0.00415727883292	1.8266660074	0.559470436859	0.33839020904
0.113932007252	5.9396383689e-06	0.00380746167757	1.82685026704	0.55928931784	0.338450717409
0.113932316029	5.28598770166e-06	0.00348572761473	1.82702932045	0.559113060169	0.33850955789
0.113932591031	4.70446032772e-06	0.00318899040606	1.82720338686	0.558941482297	0.338566799074
0.113932835986	4.18701352751e-06	0.00291573491837	1.82737272769	0.558774356893	0.338622523726
0.11393305416	3.72660887552e-06	0.00266403149368	1.82753757546	0.558611481295	0.33867680539
0.113933248445	3.3170225209e-06	0.00243212683942	1.82769816662	0.558452645448	0.338729719188
0.11393342144	2.9526694895e-06	0.00221801099024	1.82785474386	0.558297630396	0.33878134255
0.113933575481	2.62854326838e-06	0.00201991659837	1.82800758331	0.558146181285	0.338831764199
0.113933712663	2.34015438259e-06	0.00183687599395	1.82815699426	0.557998007929	0.338881084076
0.113933834819	2.08358243313e-06	0.00166758433946	1.82830327272	0.557852831	0.338929398017
0.11393394356	1.85538887484e-06	0.00151085404344	1.82844673972	0.55771034411	0.338976810391
0.113934040347	1.65245453256e-06	0.00136552601652	1.82858775082	0.557570204988	0.339023437259
0.113934126482	1.47200489221e-06	0.00123050283721	1.82872670776	0.557432023732	0.339069410241
0.113934203124	1.31157522551e-06	0.00110459613965	1.82886407557	0.557295345827	0.339114882227
0.113934271315	1.16895327035e-06	0.000986996314404	1.82900042489	0.557159610074	0.339160041434
0.113934331976	1.04218101835e-06	0.000877101395439	1.82913642735	0.557024153224	0.339205109963
0.113934385914	9.29547733623e-07	0.000773914289085	1.82927287203	0.556888193489	0.339250349354
0.113934433864	8.29497551863e-07	0.000676823852402	1.82941079461	0.556750701849	0.339296103533
0.113934476492	7.406237674e-07	0.000585753438932	1.82955152345	0.556610355967	0.339342814356
0.11393451436	6.61737176722e-07	0.000500879122662	1.82969670315	0.556465516329	0.339391029744
0.113934547944	5.91829044823e-07	0.000421444809314	1.82984838919	0.556314131785	0.33944143551
0.113934577738	5.29864067891e-07	0.00034785635945	1.8300096038	0.556153184533	0.339495040809
0.113934603976	4.753382271e-07	0.000276046273146	1.83018444755	0.555978576156	0.339553216584
0.113934627173	4.27173744117e-07	0.000217972882173	1.83038205384	0.555781177901	0.339619014621
0.113934649236	3.81415647879e-07	0.000190547586693	1.83060688448	0.555556545018	0.33969394034
0.11393466934	3.39776937122e-07	0.000171897053104	1.83083651318	0.55532709639	0.339770533947
0.113934687366	3.02494556933e-07	0.000156470499752	1.83106327499	0.555100495924	0.339846239719
0.11393470343	2.69312988954e-07	0.000142335201286	1.83128507044	0.55487884417	0.339920353306
0.113934717741	2.39795013617e-07	0.000129194865793	1.83150215773	0.554661884794	0.339992956802
0.113934730488	2.13535996278e-07	0.000117046118362	1.83171512039	0.554449035994	0.340064241625
0.113934741845	1.90170907053e-07	0.000105919190018	1.83192445426	0.554239803498	0.340134370524
0.113934751969	1.69368048074e-07	9.58180084392e-05	1.83213047467	0.554033873405	0.340203446304
0.113934760998	1.50838393638e-07	8.67021445316e-05	1.83233330829	0.553831120275	0.34027150883
0.113934769052	1.34330041796e-07	7.85054880076e-05	1.83253295056	0.553631549769	0.340338554042
0.113934776236	1.19622346795e-07	7.1145037553e-05	1.83272931316	0.553435251133	0.340404549759
0.113934782643	1.06520458188e-07	6.45260467486e-05	1.83292227398	0.553242347326	0.340469452367
0.113934788358	9.48497251237e-08	5.85670920297e-05	1.83311173317	0.55305293896	0.34053322566
0.113934793454	8.4453768314e-08	5.31951992429e-05	1.83329760636	0.55286711106	0.340595838598
0.113934797998	7.51937171597e-08	4.83461702903e-05	1.83347982713	0.552684930651	0.340657266149
0.11393480205	6.69461885528e-08	4.39645468505e-05	1.83365834757	0.552506446182	0.34071748951
0.113934805662	5.96010927713e-08	4.00038305687e-05	1.83383313454	0.552331691262	0.340776494872
0.113934808882	5.30607376667e-08	3.6414949042e-05	1.83400415809	0.552160696266	0.340834269523
0.113934811752	4.72371575827e-08	3.31600667996e-05	1.83417142664	0.551993453157	0.340890813748
0.11393481431	4.20516971408e-08	3.0205586412e-05	1.83433496002	0.55182994244	0.340946131756
0.113934816591	3.74346556849e-08	2.75219256368e-05	1.83449478752	0.551670135126	0.341000231029
0.113934818623	3.33238852602e-08	2.50840353014e-05	1.83465094662	0.551513994003	0.341053121899
0.113934820433	2.96641725403e-08	2.28669689927e-05	1.83480347385	0.551361482792	0.341104814453
0.113934822047	2.6406124367e-08	2.08494935246e-05	1.83495242004	0.551212550863	0.34115532372
0.113934823485	2.3505633507e-08	1.90129074276e-05	1.83509784244	0.551067141173	0.341204666986
0.113934824766	2.09235022156e-08	1.73404358844e-05	1.83523980102	0.550925193908	0.341252862565
0.113934825907	1.86248308405e-08	1.5817379113e-05	1.83537835799	0.550786647013	0.341299929616
0.113934826924	1.6578583788e-08	1.44296927066e-05	1.83551357376	0.550651440218	0.341345886778
0.11393482783	1.47570733252e-08	1.31649404939e-05	1.83564551334	0.550519508631	0.341390754346
0.113934828638	1.31356071962e-08	1.20120159193e-05	1.8357742437	0.550390785388	0.341434553368
0.113934829357	1.16922271933e-08	1.09608692375e-05	1.8358998318	0.550265203625	0.341477304977
0.113934829997	1.0407384846e-08	1.00025648795e-05	1.83602234441	0.550142696664	0.34151903032
0.113934830568	9.26369453629e-09	9.12863913402e-06	1.83614184574	0.550023200358	0.341559749764
0.113934831076	8.24565804354e-09	8.33154652331e-06	1.83625840167	0.549906648902	0.341599484312
0.113934831529	7.33946417327e-09	7.60446300272e-06	1.83637207779	0.549792976762	0.34163825495
0.113934831933	6.53282982202e-09	6.94118958879e-06	1.8364829387	0.5496821194	0.341676082396
0.113934832292	5.81481953882e-09	6.33618805736e-06	1.83659104795	0.549574013308	0.341712987083
0.113934832612	5.17570883209e-09	5.78420201236e-06	1.83669646628	0.549468597799	0.341748988546
0.113934832897	4.60682948143e-09	5.28055523267e-06	1.83679925525	0.549365811333	0.341784106675
0.113934833151	4.10046006794e-09	4.8209872333e-06	1.8368994753	0.549265593514	0.341818361029
0.113934833377	3.64973354415e-09	4.40163414658e-06	1.83699718559	0.549167885205	0.341851770794
0.113934833578	3.24853738972e-09	4.01900490472e-06	1.83709244378	0.549072628782	0.341884354694
0.113934833758	2.89143442535e-09	3.66981515205e-06	1.83718530526	0.54897976888	0.341916130734
0.113934833917	2.57357841131e-09	3.35112812437e-06	1.83727582562	0.54888924992	0.341947117042
0.11393483406	2.29065441761e-09	3.06026476408e-06	1.83736405924	0.548801017544	0.341977331376
0.113934834186	2.03882405751e-09	2.79480825952e-06	1.83745005929	0.548715018607	0.342006791126
0.113934834299	1.81467200907e-09	2.55253978501e-06	1.83753387704	0.548631201848	0.34203551308
0.1139348344	1.61515880675e-09	2.33139828821e-06	1.83761556232	0.548549517451	0.342063513573
0.113934834489	1.43757526225e-09	2.12953131294e-06	1.8376951648	0.548469915755	0.342090808928
0.113934834569	1.2795105547e-09	1.94525000184e-06	1.83777273302	0.548392348227	0.342117415118
0.11393483464	1.13881941821e-09	1.77704577006e-06	1.83784831443	0.548316767442	0.342143347775
0.113934834703	1.01359434122e-09	1.62349330778e-06	1.83792195409	0.548243128331	0.342168621755
0.113934834759	9.02136131756e-10	1.48330102902e-06	1.83799369685	0.54817138607	0.342193251865
0.113934834809	8.02930145888e-10	1.35529864159e-06	1.83806358696	0.548101496395	0.342217252753
0.113934834854	7.14629733023e-10	1.23842327892e-06	1.83813166768	0.548033416065	0.342240638742
0.113934834894	6.36036225392e-10	1.13172798663e-06	1.83819798112	0.547967102972	0.342263423799
0.113934834929	5.66084238886e-10	1.03429727909e-06	1.83826256698	0.547902517426	0.342285621087
0.11393483496	5.03823497609e-10	9.45321083182e-07	1.8383254656	0.547839619078	0.342307244019
0.113934834988	4.48407837943e-10	8.64060046899e-07	1.83838671646	0.547778368464	0.342328305733
0.113934835013	3.99084791498e-10	7.89853731715e-07	1.83844635814	0.547718727002	0.342348819086
0.113934835036	3.5518517628e-10	7.22086250431e-07	1.83850442741	0.547660657922	0.342368796334
0.113934835055	3.16113319815e-10	6.60185338933e-07	1.83856096025	0.547604125255	0.34238824948
0.113934835073	2.81337867599e-10	6.03638471357e-07	1.83861599271	0.547549092949	0.342407190577
0.113934835089	2.50386378504e-10	5.51978776677e-07	1.83866956006	0.547495525743	0.342425631425
0.113934835103	2.22838331784e-10	5.04799547559e-07	1.83872169679	0.547443389135	0.342443583581
0.113934835115	1.98320343809e-10	4.61693177952e-07	1.83877243474	0.547392651294	0.342461057703
0.113934835126	1.76499078685e-10	4.22304928825e-07	1.8388218069	0.54734327923	0.342478064863
0.113934835136	1.57077671904e-10	3.8631081928e-07	1.83886984555	0.547295240665	0.342494615904
0.113934835145	1.39792228185e-10	3.53424033183e-07	1.83891658226	0.54724850403	0.342510721442
0.113934835153	1.24408167441e-10	3.23372887958e-07	1.83896204687	0.547203039492	0.342526391508
0.11393483516	1.10716616754e-10	2.95905591053e-07	1.83900626878	0.547158817638	0.342541636006
0.113934835166	9.85311279755e-11	2.70797319888e-07	1.8390492776	0.547115808872	0.342556464912
0.113934835171	8.76860523991e-11	2.47845672292e-07	1.83909110227	0.547073984253	0.342570887991
0.113934835176	7.80340183797e-11	2.26870188559e-07	1.83913177075	0.547033315815	0.342584914686
0.113934835181	6.94440984573e-11	2.07691667508e-07	1.83917130928	0.546993777318	0.342598553853
0.113934835185	6.17993246026e-11	1.90154276927e-07	1.83920974504	0.546955341597	0.342611814683
0.113934835188	5.49956491056e-11	1.74115887412e-07	1.8392471046	0.546917982064	0.342624706173
0.113934835191	4.89405312441e-11	1.59454415932e-07	1.83928341399	0.5468816727	0.342637237138
0.113934835194	4.35518522741e-11	1.46044619104e-07	1.83931869703	0.546846389689	0.342649415641
0.113934835196	3.87562582295e-11	1.33777661569e-07	1.83935297851	0.546812108233	0.342661250092
0.113934835198	3.44883960506e-11	1.22554743511e-07	1.83938628288	0.54677880388	0.342672748793
0.1139348352	3.06901971013e-11	1.12290428242e-07	1.83941863407	0.546746452704	0.342683919871
0.113934835202	2.73101032597e-11	1.02899760677e-07	1.83945005425	0.546715032536	0.342694770855
0.113934835204	2.43021362923e-11	9.43058163877e-08	1.83948056585	0.546684520951	0.342705309368
0.113934835205	2.16252547964e-11	8.64398836131e-08	1.83951019138	0.546654895436	0.342715543073
0.113934835206	1.92430227086e-11	7.92423533477e-08	1.83953895285	0.54662613397	0.34272547947
0.113934835207	1.71230782951e-11	7.26551744508e-08	1.83956687083	0.546598216001	0.342735125557
0.113934835208	1.52365947823e-11	6.66241371021e-08	1.83959396571	0.546571121134	0.342744488283
0.113934835209	1.35578047835e-11	6.11014114988e-08	1.83962025821	0.546544828639	0.34275357472
0.11393483521	1.20638479024e-11	5.6045554148e-08	1.83964576862	0.54651931824	0.34276239179
0.113934835211	1.07344181601e-11	5.14164862638e-08	1.8396705159	0.546494570966	0.342770945966
0.113934835211	9.55143492822e-12	4.71761602572e-08	1.83969451872	0.546470568146	0.342779243626
0.113934835212	8.49872601432e-12	4.32912677602e-08	1.83971779618	0.546447290688	0.342787291296
0.113934835212	7.5619485109e-12	3.97332236272e-08	1.83974036696	0.54642471992	0.342795095361
0.113934835213	6.72836776245e-12	3.64738441936e-08	1.8397622484	0.546402838477	0.342802661762
0.113934835213	5.98663696859e-12	3.34865740376e-08	1.83978345776	0.546381629128	0.342809996393
0.113934835213	5.32661075269e-12	3.07482134434e-08	1.83980401261	0.546361074273	0.342817105283
0.113934835214	4.73928978674e-12	2.82392750492e-08	1.83982393018	0.546341156707	0.342823994326
0.113934835214	4.21669255187e-12	2.59394939384e-08	1.83984322621	0.546321860685	0.342830668917
0.113934835214	3.75169295667e-12	2.38305009235e-08	1.83986191673	0.546303170167	0.342837134555
0.113934835214	3.33792981376e-12	2.18961220453e-08	1.83988001794	0.546285068951	0.342843396797
0.113934835215	2.96975696937e-12	2.01232345799e-08	1.8398975457	0.546267541196	0.342849461081
0.113934835215	2.64217533294e-12	1.84969040281e-08	1.83991451415	0.546250572752	0.34285533226
0.113934835215	2.35070540272e-12	1.7004576411e-08	1.83993093834	0.546234148559	0.342861015506
0.113934835215	2.09136066364e-12	1.5635209187e-08	1.83994683319	0.546218253714	0.34286651594
0.113934835215	1.86060290071e-12	1.43794374085e-08	1.83996221302	0.546202873884	0.342871838486
0.113934835215	1.65529699116e-12	1.32266199986e-08	1.83997709088	0.546187996025	0.342876987627
0.113934835215	1.47262712502e-12	1.21680958776e-08	1.83999148078	0.546173606119	0.342881968183
0.113934835215	1.31009632933e-12	1.11965858654e-08	1.84000539643	0.546159690476	0.342886784864
0.113934835215	1.16549116937e-12	1.03047923249e-08	1.84001885047	0.54614623643	0.342891442025
0.113934835216	1.03683919917e-12	9.48556123837e-09	1.84003185538	0.546133231528	0.342895943954
0.113934835216	9.2237529103e-13	8.73282716228e-09	1.840044424	0.546120662903	0.34290029508
0.113934835216	8.20534330526e-13	8.04192732235e-09	1.84005656891	0.546108517997	0.342904499727
0.113934835216	7.29933189945e-13	7.40696541311e-09	1.84006830112	0.546096785786	0.342908561692
0.113934835216	6.49328219664e-13	6.82324489321e-09	1.84007963264	0.546085454272	0.342912485108
0.113934835216	5.77615114668e-13	6.28686339674e-09	1.84009057523	0.546074511678	0.342916274033
0.113934835216	5.13815955386e-13	5.7939781338e-09	1.84010113983	0.546063947074	0.342919932237
0.113934835216	4.57060020108e-13	5.34063409283e-09	1.84011133704	0.546053749869	0.342923463368
0.113934835216	4.06567114768e-13	4.92357806655e-09	1.84012117789	0.546043909022	0.342926871236
0.113934835216	3.61645938978e-13	4.54039092956e-09	1.84013067311	0.5460344138	0.342930159541
0.113934835216	3.21686318212e-13	4.18775072104e-09	1.84013983206	0.546025254852	0.342933331511
0.113934835216	2.86137962459e-13	3.86314126005e-09	1.84014866506	0.546016421846	0.342936390709
0.113934835216	2.5451344558e-13	3.56459911175e-09	1.84015718219	0.546007904719	0.342939340609
0.113934835216	2.26381937664e-13	3.28984223874e-09	1.8401653925	0.545999694407	0.34294218434
0.113934835216	2.01357631185e-13	3.036782699e-09	1.84017330526	0.545991781651	0.342944925098
0.113934835216	1.79096425879e-13	2.80380550895e-09	1.84018092985	0.545984157057	0.342947566127
0.113934835216	1.5929411478e-13	2.58937438409e-09	1.84018827504	0.545976811872	0.34295011045
0.113934835216	1.41680168956e-13	2.39176099349e-09	1.84019534912	0.545969737794	0.342952560934
0.113934835216	1.26011739359e-13	2.20965030689e-09	1.84020216085	0.545962926064	0.342954920607
0.113934835216	1.12074125575e-13	2.04201261256e-09	1.8402087186	0.545956368315	0.342957192358
0.113934835216	9.96775378635e-14	1.887428976e-09	1.84021502985	0.545950057064	0.342959378772
0.113934835216	8.86506419918e-14	1.74484193661e-09	1.84022110275	0.545943984162	0.342961482668
0.113934835216	7.88420056478e-14	1.61355244914e-09	1.84022694522	0.545938141692	0.342963506782
0.113934835216	7.01183177957e-14	1.49241233672e-09	1.84023256405	0.545932522857	0.342965453462
0.113934835216	6.23588535512e-14	1.38060139531e-09	1.84023796681	0.545927120101	0.342967325322
0.113934835216	5.54569370357e-14	1.27757208513e-09	1.84024316083	0.545921926082	0.3429691249
0.113934835216	4.93186368399e-14	1.18246560054e-09	1.84024815249	0.545916934421	0.342970854403
0.113934835216	4.38590666051e-14	1.0946254549e-09	1.8402529487	0.545912138212	0.342972516218
0.113934835216	3.90030583845e-14	1.01363171077e-09	1.84025755625	0.54590753066	0.342974112697
0.113934835216	3.46844755821e-14	9.38824808226e-10	1.84026198107	0.545903105839	0.342975645889
0.113934835216	3.08435782856e-14	8.69686301065e-10	1.8402662295	0.545898857407	0.342977117987
0.113934835216	2.74274304272e-14	8.05901293984e-10	1.84027030782	0.54589477909	0.342978531165
0.113934835216	2.43894984866e-14	7.46948356859e-10	1.84027422148	0.545890865431	0.342979887308
0.113934835216	2.16876973946e-14	6.92424438905e-10	1.84027797633	0.545887110581	0.342981188441
0.113934835216	1.92847690309e-14	6.42101338302e-10	1.84028157815	0.545883508759	0.342982436566
0.113934835216	1.71480010493e-14	5.95551357077e-10	1.84028503191	0.545880054995	0.342983633401
0.113934835216	1.52477115744e-14	5.52469880669e-10	1.84028834305	0.545876743862	0.342984780827
0.113934835216	1.3557701998e-14	5.12692060461e-10	1.84029151685	0.545873570065	0.342985880675
0.113934835216	1.20549598806e-14	4.75861821962e-10	1.84029455782	0.545870529087	0.342986934508
0.113934835216	1.07185713359e-14	4.41766691627e-10	1.84029747102	0.545867615895	0.342987944071
0.113934835216	9.53014746101e-15	4.1025363167e-10	1.84030026117	0.545864825737	0.342988911007
0.113934835216	8.47343328568e-15	3.81053663244e-10	1.84030293253	0.545862154375	0.342989836784
0.113934835216	7.53373112956e-15	3.54019650269e-10	1.8403054897	0.545859597208	0.342990722996
0.113934835216	6.69814154831e-15	3.29002752149e-10	1.8403079369	0.545857150009	0.342991571106
0.113934835216	5.95516661346e-15	3.05804135541e-10	1.84031027812	0.545854808792	0.342992382494
0.113934835216	5.29448545466e-15	2.84328630797e-10	1.84031251755	0.545852569359	0.342993158614
0.113934835216	4.70705968808e-15	2.64427037841e-10	1.84031465892	0.545850427992	0.342993900754
0.113934835216	4.18474333296e-15	2.45957266122e-10	1.84031670599	0.545848380925	0.342994610218
0.113934835216	3.72029508994e-15	2.28865147488e-10	1.84031866257	0.545846424344	0.342995288327
0.113934835216	3.30738204869e-15	2.12998818318e-10	1.8403205319	0.54584455501	0.342995936204
0.113934835216	2.94023557371e-15	1.98276419006e-10	1.84032231755	0.545842769358	0.342996555082
0.113934835216	2.61379880854e-15	1.84633651145e-10	1.84032402285	0.545841064057	0.342997146116
0.113934835216	2.32358328546e-15	1.71956424413e-10	1.84032565084	0.545839436068	0.342997710359
0.113934835216	2.06554244143e-15	1.60200815422e-10	1.84032720477	0.545837882142	0.342998248935
0.113934835216	1.83614356756e-15	1.49285430519e-10	1.84032868749	0.545836399418	0.342998762837
0.113934835216	1.63219265545e-15	1.3913691023e-10	1.84033010192	0.545834984991	0.34299925307
0.113934835216	1.45086152409e-15	1.29729454694e-10	1.84033145095	0.545833635964	0.342999720639
0.113934835216	1.28966941745e-15	1.20976320594e-10	1.84033273706	0.54583234985	0.343000166404
0.113934835216	1.14635918178e-15	1.12846251328e-10	1.840333963	0.545831123908	0.343000591317
0.113934835216	1.01896281802e-15	1.05291817717e-10	1.84033513123	0.545829955684	0.343000996226
0.113934835216	9.05710200737e-16	9.82572757836e-11	1.84033624413	0.545828842784	0.343001381961
0.113934835216	8.05024336852e-16	9.17311195187e-11	1.84033730415	0.545827782755	0.343001749373
0.113934835216	7.1552902776e-16	8.56505982879e-11	1.84033831337	0.545826773536	0.343002099175
0.113934835216	6.35967825546e-16	7.9996559019e-11	1.84033927408	0.545825812831	0.343002432163
0.113934835216	5.65247621428e-16	7.47362046569e-11	1.84034018831	0.545824898597	0.343002749045
0.113934835216	5.02383029552e-16	6.9832846655e-11	1.84034105808	0.545824028833	0.343003050515
0.113934835216	4.46499395063e-16	6.52775772662e-11	1.84034188539	0.545823201521	0.343003337271
0.113934835216	3.96829974468e-16	6.10273504491e-11	1.84034267198	0.545822414926	0.343003609915
0.113934835216	3.52676980785e-16	5.70732447849e-11	1.84034341977	0.545821667145	0.343003869106
0.113934835216	3.13435168289e-16	5.33874233208e-11	1.84034413039	0.545820956522	0.343004115419
0.113934835216	2.78553381549e-16	4.99504028968e-11	1.84034480554	0.545820281368	0.343004349438
0.113934835216	2.47549334791e-16	4.67508036698e-11	1.84034544685	0.545819640063	0.343004571725
0.113934835216	2.19993745723e-16	4.37610972023e-11	1.84034605578	0.545819031133	0.343004782792
0.113934835216	1.95500079466e-16	4.09803870781e-11	1.8403466339	0.545818453013	0.343004983178
0.113934835216	1.73733036652e-16	3.83812420025e-11	1.84034718251	0.5458179044	0.343005173338
0.113934835216	1.54385615217e-16	3.5958600943e-11	1.84034770306	0.545817383855	0.34300535377
0.113934835216	1.37192086608e-16	3.3696841247e-11	1.8403481968	0.545816890113	0.343005524911
0.113934835216	1.21910530279e-16	3.15842194193e-11	1.840348665	0.545816421909	0.343005687201
0.113934835216	1.08329471068e-16	2.96140187455e-11	1.84034910888	0.545815978028	0.34300584106
0.113934835216	9.6260129996e-17	2.77700505569e-11	1.84034952956	0.545815557354	0.343005986875
0.113934835216	8.5533274052e-17	2.60521754983e-11	1.84034992818	0.545815158728	0.343006125048
0.113934835216	7.60014576544e-17	2.44428031391e-11	1.84035030574	0.545814781167	0.34300625592
0.113934835216	6.75300123337e-17	2.29419784513e-11	1.84035066332	0.545814423592	0.343006379864
0.113934835216	6.0002643133e-17	2.15365775001e-11	1.84035100182	0.545814085089	0.343006497198
0.113934835216	5.33129511175e-17	2.02236012523e-11	1.84035132222	0.545813764691	0.343006608256
0.113934835216	4.73688650974e-17	1.89951153091e-11	1.84035162538	0.545813461532	0.343006713339
0.113934835216	4.20864864678e-17	1.78454305386e-11	1.84035191216	0.545813174753	0.343006812744
0.113934835216	3.73927355511e-17	1.67704803352e-11	1.84035218337	0.545812903539	0.343006906754
0.113934835216	3.32218810549e-17	1.57628526902e-11	1.84035243978	0.545812647127	0.343006995633
0.113934835216	2.95156935821e-17	1.48213169003e-11	1.84035268216	0.545812404753	0.343007079647
0.113934835216	2.62226867578e-17	1.39373924003e-11	1.84035291117	0.545812175738	0.343007159029
0.113934835216	2.32964836866e-17	1.31118949794e-11	1.84035312754	0.54581195937	0.343007234028
0.113934835216	2.06967234092e-17	1.23359473462e-11	1.84035333187	0.545811755045	0.343007304853
0.113934835216	1.83865405924e-17	1.16113063533e-11	1.84035352481	0.545811562104	0.343007371732
0.113934835216	1.63342011494e-17	1.09299082336e-11	1.84035370691	0.545811380001	0.343007434854
0.113934835216	1.45105322865e-17	1.0292801423e-11	1.84035387877	0.54581120814	0.343007494426
0.113934835216	1.28904437165e-17	9.69382978949e-12	1.84035404089	0.545811046016	0.343007550623
0.113934835216	1.14509170094e-17	9.13317739816e-12	1.84035419382	0.545810893094	0.343007603631
0.113934835216	1.01721192808e-17	8.60612790464e-12	1.840354338	0.54581074891	0.343007653609
0.113934835216	9.03588592503e-18	8.11231237158e-12	1.84035447393	0.545810612985	0.343007700725
0.113934835216	8.02654374397e-18	7.64807850155e-12	1.84035460202	0.545810484893	0.343007745125
0.113934835216	7.12975659969e-18	7.21274461563e-12	1.84035472271	0.545810364202	0.34300778696
0.113934835216	6.33314176395e-18	6.80342341667e-12	1.84035483639	0.545810250525	0.343007826364
0.113934835216	5.62538326641e-18	6.41930271314e-12	1.84035494344	0.545810143475	0.343007863471
0.113934835216	4.99670043071e-18	6.05802834232e-12	1.84035504421	0.545810042698	0.343007898404
0.113934835216	4.43815999079e-18	5.71879469633e-12	1.84035513907	0.545809947845	0.343007931282
0.113934835216	3.94203853834e-18	5.39960063502e-12	1.84035522831	0.545809858597	0.343007962218
0.113934835216	3.50128266928e-18	5.09974814011e-12	1.84035531227	0.545809774641	0.34300799132
0.113934835216	3.10979538365e-18	4.81744452147e-12	1.84035539122	0.545809695686	0.343008018689
0.113934835216	2.76200677223e-18	4.55217002404e-12	1.84035546546	0.545809621451	0.343008044421
0.113934835216	2.4531050059e-18	4.3022352832e-12	1.84035553524	0.545809551675	0.343008068607
0.113934835216	2.17869100683e-18	4.0673463778e-12	1.84035560081	0.545809486103	0.343008091337
0.113934835216	1.93496824326e-18	3.84583980939e-12	1.84035566241	0.545809424503	0.343008112689
0.113934835216	1.7184617485e-18	3.63767781659e-12	1.84035572027	0.545809366642	0.343008132746
0.113934835216	1.52617700667e-18	3.44116300468e-12	1.84035577459	0.545809312316	0.343008151577
0.113934835216	1.35536859003e-18	3.25652919329e-12	1.8403558256	0.545809261312	0.343008169256
0.113934835216	1.20367525862e-18	3.08200535904e-12	1.84035587346	0.545809213449	0.343008185847
0.113934835216	1.06892758663e-18	2.91810183152e-12	1.84035591837	0.545809168536	0.343008201415
0.113934835216	9.4926426153e-19	2.76294692923e-12	1.8403559605	0.545809126411	0.343008216017
0.113934835216	8.42970695646e-19	2.61732476598e-12	1.84035600001	0.5458090869	0.343008229713
0.113934835216	7.48579317713e-19	2.47937767316e-12	1.84035603705	0.545809049862	0.343008242552
0.113934835216	6.64740154972e-19	2.34976297333e-12	1.84035607177	0.545809015141	0.343008254587
0.113934835216	5.90287550099e-19	2.22703797705e-12	1.8403561043	0.545808982608	0.343008265864
0.113934835216	5.24164272968e-19	2.11152661526e-12	1.84035613478	0.545808952126	0.34300827643
0.113934835216	4.65441872497e-19	2.00225406359e-12	1.84035616333	0.545808923579	0.343008286326
0.113934835216	4.13294284514e-19	1.89920420741e-12	1.84035619006	0.545808896846	0.343008295592
0.113934835216	3.66981122082e-19	1.8018302579e-12	1.84035621509	0.54580887182	0.343008304267
0.113934835216	3.25856368962e-19	1.70979793797e-12	1.84035623851	0.545808848398	0.343008312386
0.113934835216	2.89332219603e-19	1.62295704501e-12	1.84035626043	0.545808826481	0.343008319983
0.113934835216	2.56901424785e-19	1.54067586347e-12	1.84035628093	0.54580880598	0.343008327089
0.113934835216	2.2809897065e-19	1.46316740882e-12	1.84035630011	0.545808786804	0.343008333736
0.113934835216	2.02525698084e-19	1.38955825601e-12	1.84035631803	0.545808768876	0.34300833995
0.113934835216	1.79814272606e-19	1.32029495225e-12	1.8403563348	0.545808752115	0.34300834576
0.113934835216	1.5964935814e-19	1.25451120908e-12	1.84035635046	0.545808736453	0.343008351189
0.113934835216	1.41743536998e-19	1.19243602881e-12	1.84035636509	0.545808721818	0.343008356262
0.113934835216	1.25843984183e-19	1.13360016148e-12	1.84035637876	0.545808708148	0.343008361001
0.113934835216	1.11727389076e-19	1.07790719531e-12	1.84035639153	0.545808695382	0.343008365426
0.113934835216	9.9191622944e-20	1.02524525189e-12	1.84035640345	0.545808683462	0.343008369558
0.113934835216	8.80622407075e-20	9.75222132033e-13	1.84035641457	0.545808672336	0.343008373415
0.113934835216	7.81791979673e-20	9.28050911056e-13	1.84035642496	0.545808661951	0.343008377014
0.113934835216	6.94053086147e-20	8.83161348733e-13	1.84035643465	0.545808652263	0.343008380372
0.113934835216	6.16147621803e-20	8.40791990356e-13	1.84035644368	0.545808643226	0.343008383505
0.113934835216	5.46981159446e-20	8.00532500683e-13	1.84035645211	0.545808634798	0.343008386426
0.113934835216	4.85576648255e-20	7.62383921484e-13	1.84035645997	0.545808626941	0.34300838915
0.113934835216	4.31053805665e-20	7.26250485662e-13	1.84035646729	0.545808619616	0.343008391689
0.113934835216	3.82652669975e-20	6.91862222716e-13	1.84035647412	0.545808612791	0.343008394055
0.113934835216	3.39675728899e-20	6.59409115881e-13	1.84035648048	0.54580860643	0.34300839626
0.113934835216	3.01525665028e-20	6.28478283404e-13	1.8403564864	0.545808600506	0.343008398313
0.113934835216	2.6765620595e-20	5.99212933176e-13	1.84035649192	0.545808594989	0.343008400225
0.113934835216	2.37587271298e-20	5.71398344537e-13	1.84035649706	0.545808589852	0.343008402006
0.113934835216	2.10895708267e-20	5.44952120552e-13	1.84035650184	0.545808585071	0.343008403664
0.113934835216	1.87197329172e-20	5.19923031645e-13	1.84035650629	0.54580858062	0.343008405206
0.113934835216	1.66161940108e-20	4.96043502963e-13	1.84035651043	0.545808576479	0.343008406641
0.113934835216	1.47486977443e-20	4.73461445315e-13	1.84035651428	0.545808572627	0.343008407977
0.113934835216	1.30909640994e-20	4.51947781318e-13	1.84035651787	0.545808569045	0.343008409219
0.113934835216	1.16195137075e-20	4.31489800373e-13	1.8403565212	0.545808565714	0.343008410373
0.113934835216	1.03131649146e-20	4.1209468273e-13	1.84035652429	0.545808562617	0.343008411447
0.113934835216	9.15368519082e-21	3.93571359934e-13	1.84035652717	0.545808559739	0.343008412444
0.113934835216	8.12437012772e-21	3.76044030058e-13	1.84035652985	0.545808557064	0.343008413371
0.113934835216	7.21073863237e-21	3.5932557465e-13	1.84035653233	0.54580855458	0.343008414233
0.113934835216	6.39982848646e-21	3.43406303679e-13	1.84035653464	0.545808552272	0.343008415033
0.113934835216	5.679948976e-21	3.28307321094e-13	1.84035653678	0.545808550129	0.343008415775
0.113934835216	5.04104452748e-21	3.13872214713e-13	1.84035653877	0.545808548139	0.343008416465
0.113934835216	4.4739231981e-21	3.0018816722e-13	1.84035654062	0.545808546292	0.343008417105
0.113934835216	3.97055002253e-21	2.87136676954e-13	1.84035654233	0.545808544578	0.343008417699
0.113934835216	3.52380652972e-21	2.74675773208e-13	1.84035654392	0.545808542988	0.343008418251
0.113934835216	3.1272330803e-21	2.62868296273e-13	1.8403565454	0.545808541513	0.343008418762
0.113934835216	2.7752904865e-21	2.51568386894e-13	1.84035654677	0.545808540145	0.343008419236
0.113934835216	2.46293806167e-21	2.40821938316e-13	1.84035654803	0.545808538876	0.343008419676
0.113934835216	2.18568585581e-21	2.30587886086e-13	1.84035654921	0.5458085377	0.343008420084
0.113934835216	1.93964384834e-21	2.2078874367e-13	1.8403565503	0.54580853661	0.343008420462
0.113934835216	1.72125371513e-21	2.11502626993e-13	1.84035655131	0.5458085356	0.343008420812
0.113934835216	1.52744367723e-21	2.02618288018e-13	1.84035655225	0.545808534664	0.343008421136
0.113934835216	1.35545325e-21	1.94128045494e-13	1.84035655311	0.545808533797	0.343008421437
0.113934835216	1.20279311052e-21	1.86068720618e-13	1.84035655392	0.545808532994	0.343008421715
0.113934835216	1.06732656894e-21	1.78343982727e-13	1.84035655466	0.54580853225	0.343008421973
0.113934835216	9.47112124425e-22	1.70983566499e-13	1.84035655535	0.545808531562	0.343008422211
0.113934835216	8.40415151643e-22	1.63968868953e-13	1.84035655599	0.545808530925	0.343008422432
0.113934835216	7.45738132674e-22	1.57241953343e-13	1.84035655657	0.545808530336	0.343008422636
0.113934835216	6.61714941163e-22	1.50848589567e-13	1.84035655712	0.54580852979	0.343008422825
0.113934835216	5.8715060811e-22	1.44733829421e-13	1.84035655762	0.545808529286	0.343008423
0.113934835216	5.20988442537e-22	1.38866935639e-13	1.84035655809	0.545808528819	0.343008423162
0.113934835216	4.62267848772e-22	1.33303196721e-13	1.84035655852	0.545808528388	0.343008423312
0.113934835216	4.10164799242e-22	1.27964844305e-13	1.84035655892	0.545808527989	0.34300842345
0.113934835216	3.63933810925e-22	1.22849440893e-13	1.84035655929	0.54580852762	0.343008423578
0.113934835216	3.22903861953e-22	1.17989766264e-13	1.84035655963	0.54580852728	0.343008423696
0.113934835216	2.8649963519e-22	1.13322330502e-13	1.84035655995	0.545808526965	0.343008423805
0.113934835216	2.54198825953e-22	1.08855910657e-13	1.84035656024	0.545808526674	0.343008423906
0.113934835216	2.25533224696e-22	1.04602939316e-13	1.8403565605	0.545808526406	0.343008423999
0.113934835216	2.00100198146e-22	1.00516130428e-13	1.84035656075	0.545808526158	0.343008424085
0.113934835216	1.77534444239e-22	9.66090131899e-14	1.84035656098	0.545808525929	0.343008424164
0.113934835216	1.5750915358e-22	9.28816111038e-14	1.84035656119	0.545808525718	0.343008424237
0.113934835216	1.39742648633e-22	8.92980209234e-14	1.84035656139	0.545808525523	0.343008424305
0.113934835216	1.23979511058e-22	8.5873706001e-14	1.84035656157	0.545808525343	0.343008424367
0.113934835216	1.09991544388e-22	8.26022907932e-14	1.84035656173	0.545808525177	0.343008424425
0.113934835216	9.75817676123e-23	7.94555022954e-14	1.84035656189	0.545808525023	0.343008424478
0.113934835216	8.65716320599e-23	7.64486529225e-14	1.84035656203	0.545808524882	0.343008424527
0.113934835216	7.68017680637e-23	7.35734438323e-14	1.84035656216	0.545808524752	0.343008424572
0.113934835216	6.81344620327e-23	7.08063704253e-14	1.84035656228	0.545808524632	0.343008424614
0.113934835216	6.04449524095e-23	6.81610951573e-14	1.84035656239	0.545808524521	0.343008424652
0.113934835216	5.36218647914e-23	6.56306472376e-14	1.84035656249	0.545808524419	0.343008424687
0.113934835216	4.75689742334e-23	6.31941409815e-14	1.84035656258	0.545808524325	0.34300842472
0.113934835216	4.21991304227e-23	6.08625201872e-14	1.84035656267	0.545808524239	0.34300842475
0.113934835216	3.74344695039e-23	5.86324627975e-14	1.84035656275	0.545808524159	0.343008424777
0.113934835216	3.32077816058e-23	5.6484116713e-14	1.84035656282	0.545808524086	0.343008424803
0.113934835216	2.94582049462e-23	5.44250439194e-14	1.84035656289	0.545808524018	0.343008424826
0.113934835216	2.61312861104e-23	5.24571591564e-14	1.84035656295	0.545808523956	0.343008424848
0.113934835216	2.31800992296e-23	5.05604285931e-14	1.84035656301	0.545808523898	0.343008424868
0.113934835216	2.05621544459e-23	4.8738588797e-14	1.84035656306	0.545808523846	0.343008424886
0.113934835216	1.82393553518e-23	4.69998061116e-14	1.84035656311	0.545808523797	0.343008424903
0.113934835216	1.61789507284e-23	4.53230556946e-14	1.84035656316	0.545808523753	0.343008424918
0.113934835216	1.43512860792e-23	4.37080310759e-14	1.8403565632	0.545808523712	0.343008424933
0.113934835216	1.27296979183e-23	4.21697203518e-14	1.84035656324	0.545808523674	0.343008424946
0.113934835216	1.12913371107e-23	4.06855507048e-14	1.84035656327	0.545808523639	0.343008424958
0.113934835216	1.00155003335e-23	3.92536166317e-14	1.8403565633	0.545808523607	0.343008424969
0.113934835216	8.88360574018e-24	3.78885417915e-14	1.84035656333	0.545808523578	0.343008424979
0.113934835216	7.87957868727e-24	3.65732124908e-14	1.84035656336	0.545808523551	0.343008424988
0.113934835216	6.98902699025e-24	3.53035458387e-14	1.84035656338	0.545808523526	0.343008424997
0.113934835216	6.19905837206e-24	3.40884142386e-14	1.84035656341	0.545808523503	0.343008425005
0.113934835216	5.49826834172e-24	3.29213076724e-14	1.84035656343	0.545808523482	0.343008425012
0.113934835216	4.87670109606e-24	3.17941600708e-14	1.84035656345	0.545808523463	0.343008425019
0.113934835216	4.32538660849e-24	3.07103548511e-14	1.84035656346	0.545808523446	0.343008425025
0.113934835216	3.83629211774e-24	2.96735416211e-14	1.84035656348	0.545808523429	0.34300842503
0.113934835216	3.40250214484e-24	2.86717322743e-14	1.8403565635	0.545808523414	0.343008425036
0.113934835216	3.01776311352e-24	2.77037450435e-14	1.84035656351	0.545808523401	0.34300842504
0.113934835216	2.67645176647e-24	2.67810523314e-14	1.84035656352	0.545808523388	0.343008425045
0.113934835216	2.37373774211e-24	2.5889623091e-14	1.84035656353	0.545808523377	0.343008425049
0.113934835216	2.1052615029e-24	2.50278658024e-14	1.84035656354	0.545808523366	0.343008425052
0.113934835216	1.86713626299e-24	2.42014545601e-14	1.84035656355	0.545808523357	0.343008425056
0.113934835216	1.65590704148e-24	2.34073513231e-14	1.84035656356	0.545808523348	0.343008425059
0.113934835216	1.46857419268e-24	2.26393043693e-14	1.84035656357	0.54580852334	0.343008425061
0.113934835216	1.3024328861e-24	2.18976019176e-14	1.84035656358	0.545808523332	0.343008425064
0.113934835216	1.15505314404e-24	2.11894294902e-14	1.84035656358	0.545808523325	0.343008425066
0.113934835216	1.02435049037e-24	2.05041594878e-14	1.84035656359	0.545808523319	0.343008425069
0.113934835216	9.08437791406e-25	1.98410512419e-14	1.8403565636	0.545808523313	0.343008425071
0.113934835216	8.05633336821e-25	1.92050645546e-14	1.8403565636	0.545808523308	0.343008425072
0.113934835216	7.14448235773e-25	1.85930018773e-14	1.84035656361	0.545808523303	0.343008425074
0.113934835216	6.33583862868e-25	1.80004455506e-14	1.84035656361	0.545808523299	0.343008425076
0.113934835216	5.61871788133e-25	1.74271919446e-14	1.84035656362	0.545808523295	0.343008425077
0.113934835216	4.98261518977e-25	1.68799543603e-14	1.84035656362	0.545808523291	0.343008425078
0.113934835216	4.41852654888e-25	1.63499007821e-14	1.84035656362	0.545808523288	0.343008425079
0.113934835216	3.91829915006e-25	1.58364916088e-14	1.84035656363	0.545808523285	0.343008425081
0.113934835216	3.47468747329e-25	1.5342495533e-14	1.84035656363	0.545808523282	0.343008425082
0.113934835216	3.08121997294e-25	1.48678816461e-14	1.84035656363	0.545808523279	0.343008425082
0.113934835216	2.73230804054e-25	1.44079497477e-14	1.84035656363	0.545808523277	0.343008425083
0.113934835216	2.42290628192e-25	1.39622456562e-14	1.84035656364	0.545808523274	0.343008425084
0.113934835216	2.14850030398e-25	1.35353848827e-14	1.84035656364	0.545808523272	0.343008425085
0.113934835216	1.90515041755e-25	1.31229640627e-14	1.84035656364	0.545808523271	0.343008425085
0.113934835216	1.68936355595e-25	1.27231096332e-14	1.84035656364	0.545808523269	0.343008425086
0.113934835216	1.49801693801e-25	1.23357717033e-14	1.84035656364	0.545808523267	0.343008425086
0.113934835216	1.3283041461e-25	1.19656123245e-14	1.84035656364	0.545808523266	0.343008425087
0.113934835216	1.17781839428e-25	1.16065603146e-14	1.84035656365	0.545808523265	0.343008425087
0.113934835216	1.04438141971e-25	1.12582823746e-14	1.84035656365	0.545808523264	0.343008425088
0.113934835216	9.26059140723e-26	1.09219075587e-14	1.84035656365	0.545808523263	0.343008425088
0.113934835216	8.21119827623e-26	1.05992078607e-14	1.84035656365	0.545808523262	0.343008425089
0.113934835216	7.28072043854e-26	1.0286042678e-14	1.84035656365	0.545808523261	0.343008425089
0.113934835216	6.45568263253e-26	9.982130303e-15	1.84035656365	0.54580852326	0.343008425089
0.113934835216	5.72411131935e-26	9.68922449611e-15	1.84035656365	0.545808523259	0.343008425089
0.113934835216	5.07531456355e-26	9.40739045708e-15	1.84035656365	0.545808523258	0.34300842509
0.113934835216	4.50005537662e-26	9.13375422847e-15	1.84035656365	0.545808523258	0.34300842509
0.113934835216	3.98999867675e-26	8.86807735756e-15	1.84035656365	0.545808523257	0.34300842509
0.113934835216	3.53773126906e-26	8.61232608945e-15	1.84035656365	0.545808523257	0.34300842509
0.113934835216	3.13665588197e-26	8.36574831387e-15	1.84035656365	0.545808523256	0.34300842509
0.113934835216	2.78105072818e-26	8.12623025697e-15	1.84035656365	0.545808523256	0.343008425091
0.113934835216	2.46576081143e-26	7.89356979338e-15	1.84035656365	0.545808523255	0.343008425091
0.113934835216	2.18619752835e-26	7.66964722066e-15	1.84035656366	0.545808523255	0.343008425091
0.113934835216	1.93828948843e-26	7.45354427467e-15	1.84035656366	0.545808523255	0.343008425091
0.113934835216	1.7184934537e-26	7.24353032884e-15	1.84035656366	0.545808523254	0.343008425091
0.113934835216	1.52362160969e-26	7.03943381717e-15	1.84035656366	0.545808523254	0.343008425091
0.113934835216	1.3508384411e-26	6.84284153428e-15	1.84035656366	0.545808523254	0.343008425091
0.113934835216	1.19762244319e-26	6.65312904507e-15	1.84035656366	0.545808523254	0.343008425091
0.113934835216	1.06178464634e-26	6.4686761879e-15	1.84035656366	0.545808523254	0.343008425091
0.113934835216	9.41353964772e-27	6.28933714354e-15	1.84035656366	0.545808523253	0.343008425091
0.113934835216	8.34579163764e-27	6.11625841538e-15	1.84035656366	0.545808523253	0.343008425091
0.113934835216	7.39897237382e-27	5.94943896734e-15	1.84035656366	0.545808523253	0.343008425091
0.113934835216	6.55956853052e-27	5.78716947883e-15	1.84035656366	0.545808523253	0.343008425092
0.113934835216	5.81539396725e-27	5.62932585082e-15	1.84035656366	0.545808523253	0.343008425092
0.113934835216	5.15563046498e-27	5.47651979049e-15	1.84035656366	0.545808523253	0.343008425092
0.113934835216	4.5705983891e-27	5.32959960935e-15	1.84035656366	0.545808523253	0.343008425092
0.113934835216	4.05195247727e-27	5.18662089843e-15	1.84035656366	0.545808523252	0.343008425092
0.113934835216	3.59215959933e-27	5.04747791876e-15	1.84035656366	0.545808523252	0.343008425092
0.113934835216	3.18453974794e-27	4.91219101639e-15	1.84035656366	0.545808523252	0.343008425092
0.113934835216	2.82309466459e-27	4.78259610351e-15	1.84035656366	0.545808523252	0.343008425092
0.113934835216	2.50267357799e-27	4.65642020292e-15	1.84035656366	0.545808523252	0.343008425092
0.113934835216	2.21862026681e-27	4.5335731132e-15	1.84035656366	0.545808523252	0.343008425092
0.113934835216	1.96680699057e-27	4.41396701265e-15	1.84035656366	0.545808523252	0.343008425092
