0.0	9.12229274723	6.94875163298	0.0	0.0	0.0
2.91068627732e-17	9.12229274594	6.94875163217	8.0359988786e-11	2.91069390804e-11	1e-06
3.25841042971e-17	9.12229274585	6.94875163211	8.59756692467e-11	3.13812309462e-11	1.03833333333e-06
3.64767533043e-17	9.12229274575	6.94875163205	9.20301371397e-11	3.38331584959e-11	1.07813611111e-06
4.08344363096e-17	9.12229274565	6.94875163199	9.85576776087e-11	3.64768215619e-11	1.11946466203e-06
4.57127084422e-17	9.12229274553	6.94875163192	1.05595254705e-10	3.93269861105e-11	1.16237747407e-06
5.11737617064e-17	9.12229274541	6.94875163184	1.13182720707e-10	4.23997503755e-11	1.20693527724e-06
5.7287217853e-17	9.12229274528	6.94875163176	1.21363041796e-10	4.5712766903e-11	1.25320112953e-06
6.41310159719e-17	9.12229274514	6.94875163167	1.30182541362e-10	4.92845764175e-11	1.30124050616e-06
7.17924061199e-17	9.12229274499	6.94875163157	1.39691162325e-10	5.31354960003e-11	1.35112139223e-06
8.03690616524e-17	9.12229274482	6.94875163147	1.49942749953e-10	5.72872860228e-11	1.40291437892e-06
8.99703244392e-17	9.12229274464	6.94875163136	1.60995356771e-10	6.17634832129e-11	1.45669276345e-06
1.0071859884e-16	9.12229274445	6.94875163124	1.72911571302e-10	6.65894006557e-11	1.51253265271e-06
1.12750912208e-16	9.12229274425	6.94875163111	1.85758872496e-10	7.17924608599e-11	1.57051307105e-06
1.26220661827e-16	9.12229274402	6.94875163097	1.99610011843e-10	7.74019737133e-11	1.6307160721e-06
1.4129957053e-16	9.12229274378	6.94875163082	2.14543425353e-10	8.3449913639e-11	1.69322685486e-06
1.58179875965e-16	9.12229274352	6.94875163065	2.3064367772e-10	8.99703644838e-11	1.75813388429e-06
1.77076781383e-16	9.12229274325	6.94875163048	2.48001941194e-10	9.70002966744e-11	1.82552901651e-06
1.9823119922e-16	9.12229274295	6.94875163029	2.6671651187e-10	1.04579456195e-10	1.8955076288e-06
2.21912822432e-16	9.12229274262	6.94875163008	2.8689336632e-10	1.12750919699e-10	1.96816875456e-06
2.48423562756e-16	9.12229274227	6.94875162986	3.0864676171e-10	1.21560872464e-10	2.04361522347e-06
2.78101399712e-16	9.12229274189	6.94875162963	3.32099882819e-10	1.31059163505e-10	2.12195380702e-06
3.11324689427e-16	9.12229274149	6.94875162937	3.57385539603e-10	1.41299638636e-10	2.20329536961e-06
3.48516988217e-16	9.12229274105	6.9487516291	3.84646919273e-10	1.52340251501e-10	2.28775502543e-06
3.90152452408e-16	9.12229274058	6.9487516288	4.14038397134e-10	1.64243507656e-10	2.37545230138e-06
4.36761883255e-16	9.12229274007	6.94875162848	4.45726410772e-10	1.77076797638e-10	2.46651130625e-06
4.88939494e-16	9.12229273952	6.94875162814	4.79890402562e-10	1.90912952077e-10	2.5610609063e-06
5.47350485372e-16	9.12229273893	6.94875162776	5.16723835809e-10	2.05830130675e-10	2.65923490768e-06
6.12739526082e-16	9.12229273829	6.94875162736	5.56435290285e-10	2.21912821403e-10	2.76117224577e-06
6.85940246431e-16	9.1222927376	6.94875162693	5.99249643377e-10	2.39252284593e-10	2.86701718183e-06
7.67885866088e-16	9.12229273686	6.94875162646	6.45409343516e-10	2.57946441917e-10	2.97691950709e-06
8.5962109149e-16	9.12229273606	6.94875162596	6.95175783109e-10	2.78101430696e-10	3.09103475482e-06
9.62315434576e-16	9.1222927352	6.94875162542	7.48830778751e-10	2.9983115981e-10	3.20952442037e-06
1.07727812263e-15	9.12229273427	6.94875162484	8.06678167088e-10	3.23258864017e-10	3.33255618977e-06
1.20597478935e-15	9.12229273327	6.94875162421	8.6904552538e-10	3.48516992921e-10	3.46030417698e-06
1.35004615982e-15	9.12229273218	6.94875162353	9.36286026501e-10	3.75748765294e-10	3.59294917037e-06
1.51132896786e-15	9.12229273102	6.94875162279	1.00878043888e-09	4.05108280091e-10	3.73067888849e-06
1.691879372e-15	9.12229272976	6.94875162201	1.08693928271e-09	4.36761959741e-10	3.87368824579e-06
1.89399916911e-15	9.12229272841	6.94875162115	1.17120515463e-09	4.70888772197e-10	4.02217962845e-06
2.12026513942e-15	9.12229272695	6.94875162024	1.26205523406e-09	5.07682229331e-10	4.17636318077e-06
2.37356189733e-15	9.12229272537	6.94875161925	1.36000398538e-09	5.47350497959e-10	4.33645710258e-06
2.65711866674e-15	9.12229272368	6.94875161818	1.4656060712e-09	5.90118398243e-10	4.50268795805e-06
2.97455044967e-15	9.12229272185	6.94875161703	1.5794594933e-09	6.36227847778e-10	4.67529099629e-06
3.32990411315e-15	9.12229271988	6.94875161579	1.70220897902e-09	6.85940304086e-10	4.85451048432e-06
3.7277099818e-15	9.12229271775	6.94875161446	1.83454963216e-09	7.39536986657e-10	5.04060005269e-06
4.17303959393e-15	9.12229271546	6.94875161301	1.97723086924e-09	7.97321541487e-10	5.2338230545e-06
4.67157035745e-15	9.12229271298	6.94875161146	2.13106066327e-09	8.59621151299e-10	5.43445293803e-06
5.2296579299e-15	9.12229271032	6.94875160979	2.29691011913e-09	9.26788533946e-10	5.64277363372e-06
5.85441724527e-15	9.12229270744	6.94875160798	2.47571840644e-09	9.99204162856e-10	5.85907995605e-06
6.55381322074e-15	9.12229270435	6.94875160603	2.66849807789e-09	1.07727815441e-09	6.08367802071e-06
7.3367622996e-15	9.12229270101	6.94875160393	2.87634080309e-09	1.16145248839e-09	6.3168856778e-06
8.21324612501e-15	9.1222926974	6.94875160167	3.10042355046e-09	1.25220389456e-09	6.5590329617e-06
9.19443879376e-15	9.12229269352	6.94875159923	3.34201525218e-09	1.35004618413e-09	6.81046255811e-06
1.02928493123e-14	9.12229268934	6.9487515966	3.60248398982e-09	1.45553358043e-09	7.07153028899e-06
1.15224810712e-14	9.12229268482	6.94875159377	3.88330474155e-09	1.56926327242e-09	7.34260561615e-06
1.28990103715e-14	9.12229267996	6.94875159071	4.18606773456e-09	1.69187941148e-09	7.62407216412e-06
1.44399862781e-14	9.12229267471	6.94875158741	4.51248745025e-09	1.82407622007e-09	7.91632826302e-06
1.61650543489e-14	9.12229266906	6.94875158386	4.86441233288e-09	1.96660243259e-09	8.2197875123e-06
1.80962070918e-14	9.12229266296	6.94875158003	5.24383525698e-09	2.12026518115e-09	8.53487936603e-06
2.02580643419e-14	9.12229265638	6.9487515759	5.65290481253e-09	2.28593443651e-09	8.86204974071e-06
2.26781871349e-14	9.1222926493	6.94875157144	6.09393747197e-09	2.46454844813e-09	9.2017616463e-06
2.53874290759e-14	9.12229264165	6.94875156664	6.56943070788e-09	2.65711862917e-09	9.55449584147e-06
2.84203296855e-14	9.12229263342	6.94875156146	7.08207713562e-09	2.86473555168e-09	9.92075151396e-06
3.18155547363e-14	9.12229262453	6.94875155588	7.63477976105e-09	3.08857483079e-09	1.03010469871e-05
3.5616389194e-14	9.12229261496	6.94875154986	8.23066841958e-09	3.32990411912e-09	1.06959204531e-05
3.98712890482e-14	9.12229260463	6.94875154338	8.87311749979e-09	3.59008987915e-09	1.11059307352e-05
4.46344990664e-14	9.1222925935	6.94875153638	9.56576505184e-09	3.87060548779e-09	1.15316580778e-05
4.99667443486e-14	9.1222925815	6.94875152884	1.0312533389e-08	4.17303956314e-09	1.19737049682e-05
5.59360044982e-14	9.12229256856	6.94875152071	1.11176512987e-08	4.49910462415e-09	1.24326969892e-05
6.26183802782e-14	9.12229255461	6.94875151194	1.19856779894e-08	4.8506471937e-09	1.2909283704e-05
7.0099063803e-14	9.12229253957	6.94875150249	1.29215289086e-08	5.22965790158e-09	1.34041395758e-05
7.84734246338e-14	9.12229252335	6.9487514923	1.39305035773e-08	5.63828303087e-09	1.39179649223e-05
8.78482256229e-14	9.12229250587	6.94875148132	1.50183156006e-08	6.07883650829e-09	1.44514869066e-05
9.83429840099e-14	9.12229248702	6.94875146948	1.61911250226e-08	6.55381311589e-09	1.50054605664e-05
1.1009149512e-13	9.1222924667	6.94875145671	1.74555732089e-08	7.06590259084e-09	1.55806698826e-05
1.2324353809e-13	9.12229244479	6.94875144294	1.88188204559e-08	7.61800472452e-09	1.61779288885e-05
1.37966785369e-13	9.12229242117	6.9487514281	2.02885865372e-08	8.21324601579e-09	1.67980828224e-05
1.54448940336e-13	9.12229239571	6.9487514121	2.18731944198e-08	8.85499710154e-09	1.74420093228e-05
1.72900130289e-13	9.12229236825	6.94875139484	2.35816173947e-08	9.54689207456e-09	1.81106196715e-05
1.9355558531e-13	9.12229233865	6.94875137624	2.54235298908e-08	1.02928491336e-08	1.88048600825e-05
2.16678637157e-13	9.12229230673	6.94875135619	2.74093622591e-08	1.1097092344e-08	1.95257130415e-05
2.42564076426e-13	9.12229227233	6.94875133457	2.95503598377e-08	1.19641759511e-08	2.02741986959e-05
2.71541910765e-13	9.12229223523	6.94875131126	3.18586466312e-08	1.28990100269e-08	2.1051376299e-05
3.03981572068e-13	9.12229219523	6.94875128613	3.43472939668e-08	1.39068884473e-08	2.18583457085e-05
3.40296626277e-13	9.12229215211	6.94875125903	3.7030394514e-08	1.49935186461e-08	2.26962489436e-05
3.8095004584e-13	9.12229210563	6.94875122982	3.99231420884e-08	1.61650538118e-08	2.35662718007e-05
4.26460112041e-13	9.1222920555	6.94875119832	4.3041917691e-08	1.74281281922e-08	2.44696455317e-05
4.77407022449e-13	9.12229200146	6.94875116437	4.640438227e-08	1.87898942872e-08	2.54076485864e-05
5.34440287721e-13	9.1222919432	6.94875112776	5.00295767309e-08	2.02580634827e-08	2.63816084221e-05
5.98287012068e-13	9.12229188039	6.94875108829	5.39380297612e-08	2.18409496825e-08	2.73929033816e-05
6.69761162932e-13	9.12229181267	6.94875104574	5.81518740793e-08	2.35475164929e-08	2.84429646443e-05
7.49773948073e-13	9.12229173966	6.94875099986	6.26949717676e-08	2.53874277372e-08	2.95332782514e-05
8.39345432342e-13	9.12229166094	6.9487509504	6.7593049398e-08	2.73711024126e-08	3.0665387209e-05
9.3961754225e-13	9.12229157607	6.94875089707	7.28738437154e-08	2.95097738641e-08	3.18408936715e-05
1.05186862412e-12	9.12229148457	6.94875083957	7.85672587052e-08	3.18155526238e-08	3.30614612095e-05
1.17752974143e-12	9.12229138593	6.94875077765	8.47055349325e-08	3.43014959106e-08	3.43288171635e-05
1.31820291909e-12	9.12229127957	6.94875071119	9.13234321133e-08	3.69816811265e-08	3.56447550886e-05
1.47568156729e-12	9.1222911649	6.94875063955	9.84584259502e-08	3.98712856821e-08	3.70111372929e-05
1.65197334524e-12	9.12229104128	6.9487505623	1.0615092035e-07	4.29866724834e-08	3.84298974728e-05
1.84932575636e-12	9.12229090799	6.94875047902	1.14444476221e-07	4.63454835235e-08	3.99030434496e-05
2.07025480114e-12	9.12229076429	6.94875038923	1.23386058149e-07	4.99667389144e-08	4.1432660011e-05
2.31757705302e-12	9.12229060936	6.94875029242	1.33026300346e-07	5.38709450227e-08	4.30209118615e-05
2.59444556623e-12	9.12229044233	6.94875018805	1.4341979338e-07	5.80802105983e-08	4.46700466856e-05
2.90439007324e-12	9.12229026224	6.94875007553	1.54625393311e-07	6.26183716748e-08	4.63823983289e-05
3.2513619845e-12	9.12229006808	6.94874995421	1.66706554977e-07	6.75111267942e-08	4.81603901011e-05
3.63978476395e-12	9.12228985876	6.94874982342	1.79731691322e-07	7.27861827789e-08	5.00065382049e-05
4.07461032268e-12	9.12228963307	6.9487496824	1.93774560808e-07	7.84734108287e-08	5.19234552975e-05
4.56138214955e-12	9.12228938975	6.94874953037	2.08914685084e-07	8.46050167176e-08	5.39138541873e-05
5.10630598373e-12	9.12228912743	6.94874936646	2.25237799306e-07	9.12157222041e-08	5.59805516738e-05
5.71632893006e-12	9.1222888446	6.94874918974	2.42836337628e-07	9.83429622057e-08	5.81264725331e-05
6.39922802586e-12	9.12228853967	6.94874899921	2.61809956637e-07	1.06027096852e-07	6.03546536577e-05
7.16370938831e-12	9.12228821092	6.94874879379	2.82266099683e-07	1.1431163941e-07	6.26682483534e-05
8.01951920643e-12	9.12228785648	6.94874857232	3.04320605306e-07	1.23243503535e-07	6.50705308026e-05
8.97756799257e-12	9.12228747435	6.94874833355	3.28098363197e-07	1.32873268385e-07	6.75649006974e-05
1.00500696775e-11	9.12228706236	6.94874807612	3.53734021418e-07	1.43255465063e-07	7.01548880507e-05
1.12506973225e-11	9.12228661818	6.94874779858	3.8137274888e-07	1.54448885696e-07	7.28441581921e-05
1.25947574331e-11	9.12228613929	6.94874749935	4.11171057399e-07	1.6651691595e-07	7.56365169543e-05
1.40993850976e-11	9.12228562298	6.94874717675	4.43297687975e-07	1.79527894184e-07	7.853591606e-05
1.57837624369e-11	9.12228506633	6.94874682893	4.77934566333e-07	1.93555498802e-07	8.1546458713e-05
1.76693631522e-11	9.12228446618	6.94874645394	5.15277833117e-07	2.086791647e-07	8.4672405406e-05
1.97802262858e-11	9.12228381914	6.94874604964	5.55538954578e-07	2.249845339e-07	8.79181799491e-05
2.2143262688e-11	9.12228312155	6.94874561376	5.98945920053e-07	2.42563939605e-07	9.12883757306e-05
2.47885980948e-11	9.12228236945	6.94874514382	6.45744532999e-07	2.61516929999e-07	9.47877622169e-05
2.77499571909e-11	9.12228155858	6.94874463716	6.9619980291e-07	2.81950831345e-07	9.84212917025e-05
3.10650935543e-11	9.12228068435	6.94874409091	7.50597445984e-07	3.03981355831e-07	0.000102194106318
3.47762709642e-11	9.12227974182	6.94874350198	8.09245503051e-07	3.27733257149e-07	0.000106111545306
3.89308022063e-11	9.12227872564	6.94874286703	8.72476083908e-07	3.53341036369e-07	0.00011017915258
4.35816522469e-11	9.12227763006	6.94874218247	9.40647247957e-07	3.8094970421e-07	0.000114402684564
4.87881134628e-11	9.12227644888	6.94874144442	1.01414503177e-06	4.10715601706e-07	0.000118788118345
5.46165615377e-11	9.1222751754	6.94874064871	1.09338563511e-06	4.42807285604e-07	0.000123341660128
6.11413016583e-11	9.12227380242	6.94873979082	1.17881777768e-06	4.77406483024e-07	0.000128069754016
6.84455158012e-11	9.12227232216	6.9487388659	1.27092524012e-06	5.1470912041e-07	0.000132979091135
7.6622323184e-11	9.12227072624	6.94873786871	1.37022960344e-06	5.54926432838e-07	0.000138076619098
8.5775967401e-11	9.12226900562	6.9487367936	1.47729320256e-06	5.98286160603e-07	0.000143369551838
9.60231453763e-11	9.12226715055	6.94873563449	1.59272231059e-06	6.45033838163e-07	0.000148865379816
1.07494495077e-10	9.12226515055	6.94873438481	1.7171705719e-06	6.95434185112e-07	0.000154571880621
1.20336260953e-10	9.12226299427	6.94873303748	1.85134270346e-06	7.49772604616e-07	0.000160497129976
1.34712158327e-10	9.1222606695	6.94873158488	1.99599848532e-06	8.083568002e-07	0.000166649513165
1.50805460517e-10	9.12225816309	6.94873001878	2.15195706294e-06	8.71518517534e-07	0.000173037736898
1.68821335279e-10	9.12225546085	6.94872833032	2.3201015856e-06	9.39615423328e-07	0.000179670841632
1.88989460372e-10	9.12225254746	6.94872650992	2.50138420726e-06	1.01303312999e-06	0.000186558214364
2.11566951572e-10	9.12224940643	6.94872454729	2.69683147811e-06	1.09218738026e-06	0.000193709601912
2.36841640474e-10	9.12224601997	6.94872243131	2.90755015742e-06	1.17752640026e-06	0.000201135124708
2.65135743858e-10	9.12224236892	6.94872014999	3.13473348047e-06	1.26953343804e-06	0.000208845291118
2.96809971395e-10	9.12223843259	6.94871769042	3.37966791516e-06	1.36872950004e-06	0.000216851012309
3.32268124057e-10	9.12223418869	6.94871503867	3.64374044651e-06	1.47567630057e-06	0.000225163617691
3.71962241849e-10	9.1222296132	6.94871217973	3.92844643025e-06	1.59097944339e-06	0.000233794870945
4.1639836648e-10	9.1222246802	6.9487090974	4.23539806003e-06	1.71529184986e-06	0.000242756986666
4.66142992428e-10	9.12221936176	6.94870577424	4.56633349616e-06	1.84931745668e-06	0.000252062647647
5.21830288637e-10	9.12221362776	6.94870219142	4.92312670745e-06	1.99381520134e-06	0.000261725022824
5.84170182887e-10	9.12220744574	6.94869832866	5.30779808209e-06	2.14960331929e-06	0.000271757785906
6.53957411903e-10	9.12220078069	6.94869416408	5.7225258674e-06	2.31756397721e-06	0.00028217513472
7.32081652536e-10	9.12219359487	6.94868967411	6.16965850335e-06	2.49864826771e-06	0.000292991811299
8.19538863173e-10	9.12218584759	6.94868483331	6.65172791957e-06	2.69388159431e-06	0.000304223122736
9.17443979918e-10	9.12217749499	6.94867961428	7.17146387119e-06	2.90436947757e-06	0.000315884962841
1.02704512937e-09	9.12216848976	6.94867398747	7.73180939457e-06	3.13130381409e-06	0.000327993834623
1.14973953916e-09	9.12215878092	6.94866792101	8.33593747048e-06	3.37596962498e-06	0.000340566873636
1.28709134901e-09	9.12214831349	6.94866138055	8.9872689889e-06	3.63975233099e-06	0.000353621872217
1.44085154932e-09	9.1221370282	6.94865432906	9.68949211728e-06	3.92414559708e-06	0.000367177304657
1.61298030144e-09	9.12212486115	6.94864672662	1.04465831817e-05	4.23075978814e-06	0.000381252353327
1.80567192401e-09	9.12211174346	6.94863853016	1.12628291789e-05	4.56133108617e-06	0.000395866935811
2.02138286385e-09	9.12209760084	6.9486296933	1.21428520477e-05	4.91773131977e-06	0.000411041733079
2.26286300784e-09	9.12208235322	6.94862016598	1.30916348345e-05	5.30197856085e-06	0.000426798218732
2.53319073479e-09	9.12206591427	6.94860989427	1.41145499048e-05	5.71624854919e-06	0.000443158689368
2.83581215403e-09	9.12204819092	6.94859882001	1.52173893561e-05	6.16288700967e-06	0.000460146296118
3.17458503057e-09	9.1220290828	6.94858688049	1.64063978075e-05	6.64442293044e-06	0.000477785077375
3.55382795672e-09	9.12200848174	6.94857400811	1.76883077497e-05	7.16358287956e-06	0.00049609999279
3.97837539647e-09	9.12198627109	6.94856012999	1.90703776559e-05	7.7233064389e-06	0.000515116958551
4.45363930417e-09	9.12196232512	6.94854516756	2.05604330688e-05	8.32676284263e-06	0.000534862884034
4.98567810235e-09	9.12193650824	6.94852903611	2.21669108967e-05	8.97736891659e-06	0.000555365709829
5.58127389748e-09	9.12190867429	6.9485116443	2.38989071678e-05	9.67880841708e-06	0.000576654447244
6.24801891743e-09	9.1218786657	6.94849289367	2.57662285143e-05	1.04350528804e-05	0.000598759219302
6.99441227145e-09	9.12184631257	6.94847267806	2.77794476757e-05	1.12503840999e-05	0.000621711303317
7.82996826537e-09	9.12181143175	6.94845088303	2.99499633363e-05	1.2129418358e-05	0.000645543175082
8.76533765128e-09	9.12177382578	6.94842738519	3.22900646337e-05	1.30771325498e-05	0.000670288554761
9.81244335618e-09	9.12173328178	6.94840205152	3.48130007038e-05	1.40988923465e-05	0.000695982454523
1.09846324176e-08	9.12168957022	6.94837473861	3.75330556544e-05	1.52004825562e-05	0.000722661227997
1.22968460613e-08	9.12164244368	6.94834529183	4.04656293909e-05	1.63881398548e-05	0.000750362621613
1.37658100858e-08	9.12159163541	6.94831354451	4.3627324751e-05	1.76685880721e-05	0.000779125827906
1.54102479782e-08	9.12153685781	6.94827931694	4.70360414386e-05	1.90490762301e-05	0.000808991540846
1.72511194737e-08	9.12147780083	6.94824241538	5.07110772891e-05	2.053741955e-05	0.000840002013282
1.93118875949e-08	9.12141413023	6.94820263096	5.46732374353e-05	2.21420436591e-05	0.000872201116573
2.16188175693e-08	9.12134548566	6.94815973851	5.89449519912e-05	2.38720322451e-05	0.000905634402487
2.42013114295e-08	9.12127147861	6.94811349526	6.35504029158e-05	2.57371784286e-05	0.000940349167462
2.7092282551e-08	9.1211916903	6.94806363952	6.85156607723e-05	2.77480401415e-05	0.000976394519307
3.0328574894e-08	9.12110566919	6.94800988912	7.38688321543e-05	2.99159998236e-05	0.00101382144644
3.39514322791e-08	9.12101292855	6.94795193992	7.96402186063e-05	3.22533287738e-05	0.00105268288975
3.80070236654e-08	9.12091294363	6.94788946399	8.58624879367e-05	3.47732565184e-05	0.0010930338172
4.25470311089e-08	9.12080514873	6.94782210783	9.25708588832e-05	3.7490045584e-05	0.00113493130126
4.76293078728e-08	9.12068893401	6.94774949034	9.98033001728e-05	4.0419072099e-05	0.00117843459925
5.33186150542e-08	9.12056364204	6.9476712007	0.000107600745092	4.35769126728e-05	0.00122360523677
5.96874460841e-08	9.1204285641	6.94758679599	0.000116007322773	4.69814380428e-05	0.00127050709422
6.68169495728e-08	9.12028293617	6.94749579879	0.000125070607498	5.06519140136e-05	0.00131920649669
7.47979622173e-08	9.12012593466	6.94739769437	0.000134841887411	5.46091102537e-05	0.00136977230712
8.37321648816e-08	9.1199566717	6.9472919279	0.000145376454153	5.88754175597e-05	0.00142227602309
9.37333765174e-08	9.11977419024	6.94717790125	0.00015673391504	6.34749742438e-05	0.00147679187717
1.04929002338e-07	9.11957745856	6.94705496965	0.000168978529521	6.84338023507e-05	0.0015333969411
1.17461654605e-07	9.11936536454	6.94692243806	0.000182179571815	7.37799544656e-05	0.00159217123384
1.31490966568e-07	9.11913670937	6.94677955726	0.000196411721734	7.95436719311e-05	0.00165319783368
1.47195622532e-07	9.11889020081	6.9466255196	0.000211755485883	8.57575553549e-05	0.0017165629946
1.64775629761e-07	9.11862444596	6.94645945453	0.000228297651584	9.24567483578e-05	0.00178235626686
1.84454860957e-07	9.11833794341	6.94628042365	0.00024613177604	9.96791355812e-05	0.00185067062223
2.06483899477e-07	9.11802907482	6.94608741546	0.000265358713469	0.000107465556055	0.00192160258374
2.31143223228e-07	9.11769609588	6.94587933968	0.000286087183128	0.000115860033107	0.00199525236033
2.58746767484e-07	9.11733712649	6.94565502116	0.00030843438137	0.00012491002208	0.00207172398647
2.89645911545e-07	9.11695014029	6.94541319327	0.000332526641124	0.000134666677238	0.00215112546689
3.24233939557e-07	9.11653295327	6.94515249081	0.000358500142439	0.000145185139313	0.00223356892669
3.62951031656e-07	9.11608321165	6.9448714424	0.000386501678	0.000156524845285	0.00231917076688
4.0628984829e-07	9.11559837866	6.94456846222	0.000416689477829	0.000168749862094	0.00240805182571
4.54801777928e-07	9.11507572045	6.94424184119	0.000449234097688	0.0001819292461	0.00250033754573
5.09103926653e-07	9.11451229089	6.94388973743	0.000484319376051	0.000196137430262	0.00259615814706
5.69886937309e-07	9.11390491513	6.94351016602	0.000522143464858	0.00021145464113	0.00269564880673
6.37923736219e-07	9.11325017204	6.94310098794	0.000562919939655	0.000227967347923	0.00279894984464
7.1407931691e-07	9.11254437521	6.94265989819	0.000606878995144	0.000245768746105	0.00290620691599
7.99321683103e-07	9.11178355259	6.94218441304	0.000654268732596	0.00026495927807	0.00301757121067
8.94734087505e-07	9.11096342452	6.94167185624	0.000705356546054	0.00028564719372	0.00313319965958
1.00152871883e-06	9.11007938014	6.94111934428	0.000760430614755	0.00030794915393	0.0032532551482
1.12106200718e-06	9.10912645207	6.94052377045	0.00081980150974	0.000331990880103	0.00337790673763
1.25485173777e-06	9.10809928914	6.93988178778	0.000883803923163	0.000357907853235	0.00350732989315
1.40459618472e-06	9.10699212707	6.93918979062	0.00095279852946	0.000385846066177	0.00364170672065
1.57219550139e-06	9.10579875705	6.93844389493	0.00102717398813	0.000415962833005	0.00378122621101
1.7597756308e-06	9.10451249192	6.93763991706	0.00110734909857	0.000448427659698	0.00392608449266
1.96971502974e-06	9.10312612989	6.93677335094	0.00119377511822	0.000483423180602	0.00407648509248
2.2046745343e-06	9.10163191565	6.93583934362	0.00128693825578	0.000521146165463	0.00423263920518
2.46763073122e-06	9.10002149849	6.93483266904	0.00138736235245	0.000561808602118	0.00439476597137
2.76191324148e-06	9.09828588763	6.9337476998	0.00149561176456	0.000605638860279	0.00456309276436
3.091246368e-06	9.09641540405	6.93257837697	0.00161229446224	0.000652882942174	0.00473785548591
3.45979561061e-06	9.09439962914	6.93131817765	0.00173806535927	0.000703805826195	0.00491929887097
3.87221960752e-06	9.09222734952	6.92996008029	0.00187362989083	0.000758692910043	0.00510767680145
4.33372812487e-06	9.08988649805	6.92849652746	0.00201974785607	0.000817851560297	0.00530325262918
4.85014678505e-06	9.08736409073	6.92691938601	0.00217723754425	0.000881612775686	0.00550629950799
5.42798930003e-06	9.08464615924	6.92521990453	0.00234698016372	0.000950332971785	0.0057171007348
6.07453806016e-06	9.08171767881	6.92338866771	0.00252992459442	0.00102439589527	0.00593595009989
6.79793402077e-06	9.07856249134	6.92141554771	0.0027270924855	0.00110421467628	0.00616315224602
7.60727693046e-06	9.07516322329	6.9192896522	0.00293958372091	0.00119023402783	0.00639902303625
8.51273705601e-06	9.07150119827	6.91699926886	0.00316858227701	0.00128293260177	0.00664388993041
9.52567968088e-06	9.06755634387	6.9145318063	0.00341536249711	0.00138282551093	0.00689809236963
1.06588037873e-05	9.06330709274	6.91187373113	0.00368129580927	0.00149046702773	0.00716198216874
1.19262964771e-05	9.05873027739	6.909010501	0.00396785791456	0.0016064534699	0.00743592391605
1.33440048452e-05	9.05380101866	6.90592649346	0.00427663647397	0.00173142628394	0.00772029537977
1.49296271894e-05	9.04849260757	6.90260493048	0.00460933932315	0.00186607533767	0.00801548792058
1.67029256292e-05	9.04277638041	6.89902779843	0.00496780324489	0.00201114243325	0.00832190690939
1.8685962401e-05	9.0366215868	6.89517576348	0.00535400332981	0.00216742505196	0.00863997214929
2.09033623184e-05	9.0299952507	6.89102808215	0.00577006295627	0.00233578034247	0.00897011830075
2.33826041097e-05	9.02286202433	6.88656250709	0.00621826442054	0.00251712936406	0.00931279530856
2.61543435931e-05	9.01518403484	6.88175518787	0.00670106024823	0.00271246159574	0.00966846882916
2.92527719076e-05	9.00692072401	6.87658056688	0.00722108521743	0.00292283972239	0.0100376206566
3.27160122872e-05	8.99802868093	6.87101127029	0.00778116912299	0.00314940470791	0.0104207491451
3.65865591502e-05	8.9884614682	6.86501799425	0.00838435030988	0.00339338116463	0.0108183696265
4.09117635668e-05	8.97816944179	6.85856938642	0.00903389000166	0.00365608302723	0.0112310148193
4.57443694649e-05	8.96709956538	6.85163192307	0.00973328744674	0.00393891953772	0.0116592352272
5.11431052337e-05	8.95519521978	6.84416978219	0.0104862959019	0.00424340154609	0.0121035995241
5.71733356785e-05	8.94239600847	6.83614471305	0.0112969394675	0.00457114812911	0.0125646949217
6.39077795649e-05	8.92863756049	6.82751590272	0.0121695307829	0.00492389352652	0.013043127516
7.14272982553e-05	8.91385133215	6.81823984051	0.0131086895839	0.00530349439066	0.0135395226091
7.98217611728e-05	8.89796440936	6.80827018111	0.0141193621145	0.00571193734114	0.0140545250007
8.91909940205e-05	8.88089931295	6.79755760769	0.0152068413759	0.00615134681147	0.0145887992456
9.96458158143e-05	8.86257380926	6.78604969631	0.0163767881828	0.00662399316847	0.01514302987
0.000111309170844	8.8429007294	6.77369078337	0.0176352529829	0.00713230107885	0.015717921543
0.000124317361629	8.82178780046	6.76042183793	0.0189886983795	0.00767885808912	0.0163141991941
0.000138821388776	8.79913749303	6.74618034132	0.0204440222773	0.00826642337654	0.0169326080726
0.000154988403309	8.77484688952	6.73090017661	0.0220085815496	0.00889793661818	0.0175739137398
0.000173003276552	8.7488075788	6.71451153095	0.0236902161019	0.00957652691387	0.0182389019868
0.000193070291905	8.72090558323	6.69694081428	0.0254972731776	0.0103055216859	0.0189283786705
0.000215414961859	8.69102132472	6.67811059828	0.027438631721	0.0110884554638	0.0196431694574
0.000240285972309	8.65902963749	6.65793957989	0.0295237265797	0.0119290784465	0.0203841194693
0.000267957254555	8.62479983579	6.63634257428	0.0317625722896	0.0128313647175	0.021152092819
0.00029873018333	8.58819584559	6.61323054261	0.0341657861462	0.0137995199683	0.02194797203
0.00033293589669	8.54907640998	6.5885106603	0.0367446102232	0.0148379885671	0.0227726573278
0.000370937730587	8.50729537868	6.56208643212	0.0395109319507	0.0159514597857	0.0236270657981
0.000413133757375	8.46270209265	6.53385786086	0.0424773028203	0.0171448729782	0.0245121304004
0.000459959413393	8.41514187499	6.50372167637	0.0456569547344	0.0184234214779	0.0254287988308
0.000511890195994	8.36445663986	6.47157163254	0.0490638134651	0.0197925549596	0.026378032228
0.000569444405023	8.31048563067	6.43729887936	0.0527125086425	0.0212579799874	0.0273608037163
0.000633185897787	8.25306629879	6.40079241756	0.0566183796444	0.0228256584482	0.0283780967815
0.000703726819974	8.19203533301	6.36193964304	0.0607974767165	0.0245018035501	0.0294309034801
0.000781730267952	8.12722984898	6.32062698753	0.0652665566183	0.0262928730462	0.0305202224799
0.000867912830398	8.05848874582	6.27674066167	0.0700430720601	0.0282055593303	0.0316470569374
0.000963046949523	7.98565423502	6.2301675051	0.075145154184	0.0302467760428	0.0328124122181
0.00106796332642	7.90857345139	6.18089578322	0.0805915873363	0.0324236499804	0.0340172934704
0.0011835556163	7.82710009219	6.12903933804	0.0864016894721	0.0347436057144	0.0352626842535
0.00131077263524	7.74110020037	6.07419254587	0.092595145489	0.0372140822851	0.036549520709
0.00145062805257	7.65044801931	6.01625562268	0.0991924096974	0.0398426831371	0.0378787862933
0.00160419794783	7.55503124597	5.95513517474	0.10621439169	0.0426371044105	0.0392514527235
0.00177262044891	7.45475347611	5.89074566363	0.113682382225	0.0456050938204	0.0406684770989
0.00195709459521	7.34953673279	5.82301094773	0.121617968033	0.04875440398	0.0421307990333
0.00215887833247	7.2393240408	5.75186588245	0.13004293543	0.0520927400686	0.0436393378437
0.00237928555202	7.12408200197	5.67725795696	0.138979162799	0.0556277018381	0.0451949898433
0.00261968209642	7.00380331997	5.59914894119	0.148448502263	0.0593667200526	0.0467986257918
0.00288148085338	6.87850917784	5.51753911972	0.158472651074	0.0633169919295	0.0484510885595
0.00316615910937	6.74824688288	5.43329855773	0.169072983097	0.0674859539722	0.05015318481
0.00347518832338	6.61311466652	5.34557228481	0.180268876537	0.0718800952032	0.0519054442078
0.00381008175991	6.47323126991	5.25439198593	0.192080548421	0.0765055250766	0.0537086014773
0.00417236792212	6.32875112388	5.15981042717	0.204527453424	0.0813678053671	0.0555633556451
0.00456357979417	6.17986522646	5.06190242176	0.217628121987	0.0864718628619	0.0574703696034
0.00498524311245	6.02680152122	4.96076555202	0.231399997269	0.0918219007025	0.0594302702217
0.00543888674357	5.86982114807	4.85738787251	0.245859277511	0.0974217631826	0.0614436490514
0.00592602406019	5.7092315607	4.75163699009	0.261018490026	0.103275264616	0.0635107484715
0.0064480505572	5.54538064224	4.64310331547	0.276889163356	0.109383727284	0.065631868599
0.00700633759627	5.37863426424	4.53196951749	0.293482557186	0.115747807521	0.067807480186
0.00760218232777	5.20938816565	4.41843957503	0.31080808708	0.12236703253	0.0700380246313
0.00823686785243	5.03805557532	4.30411357222	0.32887322403	0.129241050716	0.0723239178889
0.00891154794007	4.86509990608	4.18842771377	0.347678543476	0.136368946815	0.0746649394135
0.0096271726825	4.69099820512	4.07105738616	0.367224994231	0.143746313351	0.0770611823494
0.0103846225765	4.51622432027	3.95226551851	0.387513281405	0.151367893776	0.0795129765785
0.0111847399907	4.34125146692	3.83383874502	0.408541864218	0.159228657407	0.0820206427682
0.0120282683669	4.16658084151	3.71541027838	0.430300233827	0.167324694492	0.0845836880366
0.0129155578267	3.99272155854	3.59636260576	0.452778028261	0.175646069722	0.0872019172551
0.0138469255998	3.82014636691	3.47711174319	0.475966523914	0.184182460233	0.0898756085669
0.0148229207871	3.6492867322	3.36042965374	0.499854167446	0.192928528898	0.0926049687041
0.0158433350281	3.48065648917	3.24390094951	0.524413401472	0.201872071208	0.0953886139091
0.0169080140347	3.31467333424	3.1277920713	0.549628750311	0.210999081462	0.0982268079514
0.0180170117441	3.15170529527	3.01477620005	0.575482812793	0.220299853935	0.101119837643
0.0191699172825	2.99216358183	2.90321503334	0.601940604836	0.229763499268	0.104066216269
0.020365984065	2.8363987369	2.79271016069	0.628976762628	0.239371916022	0.107065750312
0.0216048981765	2.68467979296	2.68592012842	0.656568433808	0.249113309458	0.110118735606
0.0228859162812	2.53730896683	2.58125280278	0.684672702971	0.258976571651	0.113223382312
0.0242078036749	2.3945333077	2.47811863537	0.713257878407	0.268940535474	0.116379297143
0.0255701434386	2.25649884866	2.37954343799	0.74229708202	0.278995005538	0.119586775435
0.0269715530583	2.12341727806	2.28307534994	0.771736965315	0.289125461498	0.12284324421
0.0284105373517	1.99540868806	2.18876394469	0.80154506791	0.299309492541	0.126148534476
0.029886699877	1.87250574152	2.09928862361	0.831688848173	0.309541059648	0.129502549692
0.0313978999284	1.75483040909	2.01170840083	0.862108319296	0.319800023325	0.132902108404
0.0329425769438	1.64238324726	1.92732910526	0.892772970061	0.330064634751	0.136347359286
0.0345201604308	1.53512095446	1.84683428819	0.923638440226	0.340333138316	0.139836869107
0.0361280465597	1.43305756599	1.76829378803	0.954651387269	0.35057967429	0.143368086521
0.0377649539645	1.33609699629	1.69385346256	0.985781041146	0.36078892488	0.146941012155
0.0394293381959	1.24416718798	1.6221777313	1.0169695039	0.370954039944	0.150552387618
0.0411185398157	1.1571843952	1.55254653908	1.04817492701	0.38104729975	0.154200657159
0.0428318377325	1.07497987764	1.48742768741	1.07936557638	0.391064403527	0.157885366972
0.0445661403181	0.997475379742	1.42409423441	1.11047326419	0.400985779077	0.161601494594
0.04631918243	0.924510745762	1.36356200414	1.14146910887	0.410787195301	0.165348524897
0.0480900002868	0.85590202802	1.30624889234	1.17230891189	0.420470481963	0.169123896638
0.0498750412609	0.79152384538	1.25058739943	1.20294009802	0.430007748312	0.172923702675
0.0516725024266	0.731182633984	1.19821604722	1.23333608157	0.439383843413	0.176747066232
0.0534800911483	0.674714431894	1.14796923543	1.26344134287	0.448593029149	0.180589146536
0.0552943832975	0.621958098704	1.09930789563	1.29322000887	0.457606299796	0.184447254843
0.057114127716	0.57270646869	1.05401010069	1.32264683158	0.466419819463	0.188319864149
0.0589354326554	0.526820263193	1.01005606669	1.35166080676	0.475015472498	0.19220030959
0.0607553643876	0.484120025232	0.968035062787	1.38024083204	0.48336847616	0.196086892826
0.0625723773875	0.444416198501	0.928427516214	1.40835426237	0.491480695757	0.199976054188
0.0643822886199	0.407566735471	0.890012236148	1.4359568699	0.499327842742	0.203862162664
0.066182388506	0.37340020529	0.853690895674	1.46303162413	0.506891306997	0.207743084152
0.0679704549408	0.341753213034	0.819062810169	1.48954146451	0.514173090808	0.211613418332
0.0697423828882	0.312487569221	0.785485843476	1.51545777573	0.521147676435	0.215468509424
0.0714960064079	0.285443179819	0.754022055216	1.54076831726	0.527806594685	0.219305834467
0.0732280031214	0.260487737803	0.723728314072	1.56543475524	0.53414540265	0.223118456278
0.0749348172072	0.23749015706	0.694379097638	1.58944253559	0.540143572633	0.226902629218
0.0766147423628	0.216307469946	0.667026256915	1.61278417573	0.545801430843	0.230655448125
0.0782638498497	0.196831370591	0.640495109347	1.63542438517	0.551112104992	0.234369051736
0.0798792413848	0.178943253712	0.614950191868	1.65736024056	0.556061760523	0.238040429386
0.081459309612	0.162522792509	0.590959297517	1.67858560155	0.560656765039	0.241665773426
0.0830005089997	0.147475398765	0.567691575199	1.6990786475	0.564892366148	0.245238152294
0.0845004206267	0.133700295538	0.545389440805	1.71884221261	0.568761660812	0.248754561793
0.0859577180474	0.121097505456	0.524316546727	1.73787351557	0.57227687576	0.252210754017
0.0873694605176	0.109586323583	0.503881594547	1.75616241443	0.57543730441	0.255600769527
0.0887338556395	0.0990826050031	0.484352121225	1.7737174281	0.578243097541	0.258921842495
0.0900500346925	0.089504272364	0.465815056549	1.7905404686	0.580711683846	0.262169771148
0.0913158447605	0.0807837690363	0.447842549057	1.80663121203	0.582847423921	0.265339650106
0.0925302359891	0.0728519249932	0.430692646596	1.82200343384	0.584656929943	0.268429206876
0.0936929371534	0.0656421366193	0.414362921986	1.83666432769	0.586161622802	0.27143475612
0.0948026973091	0.0590987862728	0.398534615567	1.85062147081	0.587370899387	0.274352547364
0.0958592672311	0.0531658298992	0.38343534111	1.86389311733	0.588296533495	0.277181046385
0.0968630442672	0.0477898496084	0.369030532434	1.87649160597	0.588962242835	0.279917486736
0.097813701905	0.0429257506039	0.355072646945	1.88843048108	0.589381480305	0.282559358984
0.098711770081	0.0385287539175	0.341747333602	1.89973140812	0.589569346921	0.28510605946
0.0995582979438	0.0345565307317	0.329022740631	1.91041114156	0.589549898403	0.287556026677
0.100353807077	0.0309730460538	0.316697824385	1.92048732927	0.589339016769	0.289908029961
0.101099499649	0.02774302038	0.304911900471	1.92998379475	0.588953080361	0.292162493926
0.101796975926	0.0248333179282	0.293653879432	1.93892054906	0.588414647978	0.294319187992
0.102447440887	0.0222155584374	0.282754372985	1.94731762675	0.587740164617	0.29637811677
0.103052597142	0.0198623258317	0.272307295134	1.95519970479	0.586945449159	0.298340709714
0.103614421934	0.0177480307728	0.262327491892	1.96258866395	0.586050055526	0.300208015661
0.104134588427	0.0158506276209	0.252670244396	1.96950545545	0.585069346097	0.301981142286
0.104615091108	0.0141491032062	0.2433892714	1.97597439215	0.584017199689	0.303662379936
0.105058082837	0.0126239705225	0.23451999704	1.98201781711	0.582909298524	0.305253846879
0.10546547634	0.011258332374	0.225941926452	1.98765644714	0.581758711896	0.306757548899
0.105839352668	0.0100362990606	0.217677293715	1.9929132174	0.580576604771	0.308176402555
0.106181849603	0.00894324375048	0.209768209785	1.99780967628	0.579374580788	0.309513276712
0.106494917138	0.00796637529205	0.20212322286	2.00236550599	0.578162750392	0.310770832616
0.106780553293	0.00709383127136	0.194744283127	2.00660152796	0.576949368255	0.311952336328
0.107040731603	0.0063147922744	0.187660199331	2.01053751382	0.575742299344	0.313061047957
0.107277288019	0.0056196815054	0.180817153559	2.01419163918	0.574548527623	0.314100042128
0.107492021227	0.00499974688885	0.174208760121	2.01758217447	0.573373632923	0.315072666458
0.107686647369	0.00444709961484	0.167828349909	2.02072647494	0.572222418406	0.315982239977
0.107862795334	0.00395463573898	0.161669857977	2.02364099406	0.57109895129	0.316832035993
0.108022002793	0.00351596658607	0.155726915478	2.02634128674	0.570006613917	0.317625262698
0.108165691836	0.00312541285614	0.149944006075	2.0288420343	0.568947926036	0.318365051114
0.108295240121	0.00277775199243	0.144366268863	2.03115785289	0.567924521447	0.319054678331
0.108411908767	0.00246836255447	0.138988754188	2.03330165979	0.566938123897	0.319697065676
0.108516833547	0.00219319364949	0.133713798664	2.03528556392	0.56598965247	0.320295023402
0.108611132476	0.00194844547744	0.12862730874	2.03712222271	0.565078974591	0.320851648244
0.108695807607	0.00173079554273	0.123729288786	2.03882216975	0.564206650998	0.321369502959
0.10877173468	0.00153738780477	0.118879540401	2.04039517084	0.56337254425	0.321851008627
0.10883980127	0.0013654582131	0.114211546273	2.04185206608	0.5625753511	0.322299000824
0.108900776947	0.00121264653179	0.109707223594	2.04320119015	0.561814945494	0.322715622171
0.108955323141	0.00107694621908	0.105227204364	2.04445045215	0.561090442635	0.323102946689
0.109004127273	0.000956358225335	0.100927420728	2.04560877259	0.560400067987	0.32346342082
0.109047764064	0.000849223925544	0.0967439828682	2.04668259685	0.559743329346	0.323798773294
0.109086733555	0.000754115827221	0.0926246464089	2.04767853177	0.559118775598	0.324110825387
0.109121547077	0.000669621225691	0.088678864267	2.04860324799	0.558524920344	0.324401457724
0.109152625726	0.000594581636862	0.0848368505586	2.04946173384	0.557961036962	0.324672055937
0.10918035815	0.000527944937208	0.0811332247367	2.05025925272	0.557425764848	0.324924120087
0.109205102286	0.000468757052729	0.0775862756819	2.05100032667	0.55691814816	0.325158941064
0.109227167521	0.000416199712622	0.0741641136851	2.05168892126	0.556437292566	0.325377654414
0.109246841727	0.000369522257813	0.0708919586943	2.052328966	0.555982106094	0.325581402485
0.109264348519	0.00032813954498	0.0672426138588	2.05292383837	0.55555142068	0.325771168057
0.109279872936	0.000291567233028	0.0634041343151	2.05348106169	0.5551395451	0.325949274636
0.109293676753	0.000259151957064	0.0591820002867	2.05400639893	0.554743240038	0.326117504017
0.109305917197	0.000230493668445	0.0548907140086	2.05450683092	0.554357057878	0.326278045351
0.109316843624	0.000204985275855	0.0509706099146	2.05498687087	0.553978857728	0.326432311493
0.109326587708	0.000182300136044	0.0472943734184	2.05544675827	0.553609664548	0.326580349036
0.109335272706	0.000162134526711	0.0438540532049	2.05588766636	0.553249485296	0.326722507058
0.109343006118	0.000144224417658	0.0405413549384	2.05631067528	0.55289826764	0.326859107632
0.109349900625	0.000128296583147	0.0374157930371	2.05671779757	0.5525550695	0.326990777401
0.109356041217	0.000114144230657	0.0344720347634	2.05711029452	0.552219438534	0.327117903917
0.109361510901	0.000101567154103	0.031689803935	2.05748938837	0.551890939011	0.327240864845
0.109366386536	9.03810538119e-05	0.0290918480905	2.05785639046	0.551568985684	0.327360069411
0.109370732913	8.04308197759e-05	0.0266821600334	2.05821219365	0.551253297345	0.327475793246
0.109374607235	7.15799504608e-05	0.0244545368111	2.0585574719	0.550943739121	0.327588242447
0.109378061474	6.37049378336e-05	0.0224006632486	2.05889279182	0.550640233189	0.327697589435
0.109381141783	5.66964417832e-05	0.0205159131434	2.05921862529	0.550342741083	0.327803976807
0.109383888585	5.04589293278e-05	0.0187893536524	2.05953529149	0.55005132274	0.327907498163
0.109386338008	4.49072708273e-05	0.0172090964283	2.05984305269	0.549766054248	0.328008229145
0.109388522263	3.99657753404e-05	0.0157643566642	2.060142138	0.54948700775	0.328106235105
0.109390469937	3.55674438409e-05	0.0144441782998	2.06043273793	0.549214259765	0.328201569243
0.10939220648	3.16527857644e-05	0.0132370660069	2.06071502354	0.548947876629	0.328294278825
0.109393754768	2.81684719991e-05	0.0121330111808	2.06098917652	0.548687889775	0.328384415038
0.109395135118	2.50672582245e-05	0.011123228995	2.06125537759	0.548434307505	0.328472029184
0.109396365625	2.23071720493e-05	0.0101993342004	2.0615138011	0.548187123617	0.328557170884
0.109397462439	1.98508365394e-05	0.00935314295418	2.06176462469	0.547946310391	0.328639891253
0.109398440053	1.76648046979e-05	0.00857782130275	2.06200804407	0.547711806427	0.328720247778
0.109399311355	1.5719394675e-05	0.0078672087749	2.06224425646	0.547483533853	0.328798298856
0.10940008784	1.39881931058e-05	0.00721546828683	2.06247346014	0.547261400697	0.328874103642
0.109400779789	1.24476361764e-05	0.00661742483819	2.06269586172	0.547045295304	0.328947724443
0.109401396364	1.10767646746e-05	0.00606851965666	2.06291167179	0.546835091635	0.329019225274
0.109401945733	9.85693434269e-06	0.00556447758191	2.06312110032	0.546630655015	0.329088670326
0.109402435193	8.77152917976e-06	0.00510117825454	2.06332436116	0.546431838739	0.329156125456
0.109402871277	7.80569533248e-06	0.00467541656048	2.06352168084	0.546238476397	0.329221661079
0.109403259769	6.94631284112e-06	0.00428409675483	2.06371327621	0.546050404271	0.329285344758
0.109403605835	6.18168662074e-06	0.00392427240124	2.0638993631	0.545867453947	0.329347244046
0.109403914086	5.50139118051e-06	0.0035927653814	2.0640801614	0.54568944783	0.329407428171
0.109404188679	4.89605368048e-06	0.00328767426311	2.06425591924	0.545516175868	0.329465976079
0.109404433263	4.35745385025e-06	0.00300684082043	2.06442686241	0.545347445667	0.329522959598
0.109404651089	3.8782837821e-06	0.00274828947756	2.06459321859	0.545183059293	0.329578451462
0.109404845065	3.45201764887e-06	0.00250954056797	2.06475521847	0.545022812606	0.329632525703
0.109405017821	3.07276136932e-06	0.00228916109039	2.06491313806	0.544866453615	0.329685271759
0.109405171686	2.73530587372e-06	0.00208578479442	2.06506724707	0.544713733859	0.329736777254
0.109405308692	2.43511094249e-06	0.00189800092849	2.06521781379	0.544564403578	0.329787129613
0.109405430668	2.16809542809e-06	0.00172447047457	2.06536512321	0.54441819443	0.329836422124
0.10940553925	1.93061604076e-06	0.0015636891466	2.06550948258	0.544274814064	0.329884755785
0.109405635904	1.71941233414e-06	0.00141419040294	2.06565125124	0.544133916459	0.329932249329
0.109405721952	1.5315447605e-06	0.00127536435535	2.06579086148	0.543995081364	0.329979046242
0.109405798548	1.3644584084e-06	0.00114620371335	2.06592875657	0.543857875966	0.330025294042
0.109405866714	1.21588539114e-06	0.00102577667292	2.06606545317	0.543721792899	0.330071165219
0.10940592736	1.08381297396e-06	0.000913242705988	2.06620156691	0.543586224778	0.330116865892
0.109405981294	9.66453885514e-07	0.000807883772525	2.06633784615	0.543450430577	0.330162647235
0.109406029236	8.6221795291e-07	0.000709153545836	2.06647521521	0.543313492505	0.330208820133
0.109406071828	7.69689257826e-07	0.000616554929155	2.06661482733	0.54317426312	0.330255773178
0.109406109645	6.87599941674e-07	0.000529072053837	2.06675816909	0.543031261061	0.330304008049
0.109406143255	6.14704310333e-07	0.000447932280676	2.06690738763	0.542882344304	0.330354250111
0.109406173043	5.50151016654e-07	0.000372144071895	2.06706493711	0.542725062211	0.330407330048
0.109406199381	4.93124448519e-07	0.000300205508293	2.06723463533	0.542555600304	0.330464540795
0.109406222488	4.43137642335e-07	0.000234045562346	2.067423155	0.5423672879	0.330528142847
0.109406244014	3.96619077363e-07	0.000198093804298	2.06764038666	0.542150249238	0.330601491742
0.109406264017	3.53449080117e-07	0.000177829874006	2.06787007002	0.541920745115	0.330679115064
0.109406281983	3.14728889408e-07	0.000161570803431	2.06809808152	0.541692894486	0.330756244706
0.109406298028	2.80198899835e-07	0.000147008602147	2.0683215568	0.541469562761	0.33083190894
0.109406312327	2.49469900932e-07	0.000133568539336	2.06854023316	0.541251014246	0.330906014619
0.109406325058	2.22147154352e-07	0.000121092517204	2.06875452842	0.541036832734	0.330978699286
0.109406336399	1.97839172623e-07	0.000109606651496	2.06896502244	0.540826439981	0.331050156078
0.10940634651	1.76197915365e-07	9.91477782272e-05	2.06917213548	0.540619417153	0.331120524618
0.109406355526	1.5692184838e-07	8.97069676897e-05	2.06937605777	0.540415575261	0.331189866798
0.109406363569	1.3975049463e-07	8.12119378502e-05	2.06957679089	0.540214913811	0.331258180527
0.109406370742	1.2445348902e-07	7.35753997123e-05	2.06977426514	0.540017503454	0.331325439471
0.109406377141	1.1082557473e-07	6.67089702584e-05	2.06996838369	0.539823441846	0.33139160801
0.109406382848	9.86844565471e-08	6.0529483625e-05	2.07015904584	0.53963283047	0.331456649124
0.109406387939	8.78688016933e-08	5.49618516563e-05	2.07034616016	0.539445761399	0.331520528913
0.109406392478	7.82346077968e-08	4.99450990606e-05	2.07052965145	0.539262310432	0.331583218967
0.109406396526	6.96544320998e-08	4.54136489099e-05	2.0707094414	0.539082556425	0.331644689775
0.109406400135	6.20136008042e-08	4.13140672596e-05	2.07088549266	0.538906537183	0.331704925836
0.109406403352	5.52093600863e-08	3.76010821147e-05	2.07105779187	0.53873426651	0.331763919864
0.109406406219	4.91502081274e-08	3.42349119446e-05	2.07122634007	0.538565743729	0.331821669564
0.109406408776	4.3754888651e-08	3.1181204857e-05	2.07139115074	0.538400955709	0.33187817695
0.109406411054	3.89509752547e-08	2.8409886002e-05	2.07155224504	0.538239881582	0.331933446748
0.109406413085	3.46740488697e-08	2.58911344321e-05	2.07170964787	0.538082496722	0.331987485033
0.109406414894	3.08663524544e-08	2.3600706429e-05	2.07186340461	0.537928755989	0.332040304995
0.109406416507	2.74763709318e-08	2.15168679869e-05	2.07201356581	0.53777860904	0.332091921697
0.109406417944	2.44583770963e-08	1.96203043354e-05	2.07216018617	0.537632001386	0.332142351711
0.109406419224	2.17716202051e-08	1.78941458803e-05	2.07230332322	0.537488875641	0.332191612696
0.109406420365	1.93798773438e-08	1.63217963754e-05	2.07244303272	0.537349176216	0.332239721778
0.109406421382	1.72507689301e-08	1.48892007847e-05	2.0725793795	0.537212838402	0.332286699312
0.109406422287	1.53554403778e-08	1.3583631717e-05	2.07271242932	0.537079796578	0.332332566057
0.109406423094	1.3668248564e-08	1.23936447171e-05	2.07284224843	0.53694998458	0.332377343047
0.109406423813	1.2166356399e-08	1.13090187157e-05	2.07296890299	0.536823336354	0.332421051365
0.109406424453	1.08294514355e-08	1.03200186784e-05	2.07309245706	0.536699787921	0.332463711461
0.109406425024	9.63941186693e-09	9.41810509116e-06	2.07321297775	0.536579272263	0.332505344915
0.109406425532	8.58009905017e-09	8.59551452281e-06	2.07333053148	0.536461723	0.332545973167
0.109406425985	7.63715947898e-09	7.84524137982e-06	2.07344518395	0.536347074522	0.332585617467
0.109406426388	6.79781615687e-09	7.16093158433e-06	2.07355699937	0.536235262639	0.332624298649
0.109406426747	6.05070026156e-09	6.53663995641e-06	2.07366604017	0.536126225001	0.332662036982
0.109406427067	5.38567735517e-09	5.96706369478e-06	2.07377236944	0.536019898541	0.33269885305
0.109406427352	4.79372533704e-09	5.44737351424e-06	2.07387604916	0.535916221334	0.332734767107
0.109406427606	4.26681717605e-09	4.9732159646e-06	2.07397714008	0.535815132636	0.332769799066
0.109406427832	3.79781019471e-09	4.54058955583e-06	2.07407570099	0.535716573711	0.332803968198
0.109406428034	3.38034669908e-09	4.14579489565e-06	2.0741717893	0.535620487175	0.332837293369
0.109406428213	3.00876074247e-09	3.78550593261e-06	2.07426546225	0.535526815795	0.332869793445
0.109406428373	2.67801001762e-09	3.45669189163e-06	2.07435677586	0.535435503587	0.332901486913
0.109406428515	2.3836074642e-09	3.15663241524e-06	2.07444578489	0.535346495807	0.33293239188
0.109406428642	2.12156212516e-09	2.88278222633e-06	2.07453254174	0.535259740071	0.332962525683
0.109406428754	1.88831958198e-09	2.63282670147e-06	2.07461709828	0.535175184518	0.332991905522
0.109406428855	1.68071225959e-09	2.40466914917e-06	2.07469950574	0.535092777936	0.333020548419
0.109406428944	1.49592289946e-09	2.19639969043e-06	2.07477981417	0.535012470288	0.333048471026
0.109406429024	1.33144364122e-09	2.00632040257e-06	2.07485807249	0.534934212669	0.333075689646
0.109406429095	1.18504533895e-09	1.8327984803e-06	2.07493432682	0.534857958959	0.333102219649
0.109406429158	1.0547405397e-09	1.67438326757e-06	2.07500862384	0.534783662492	0.333128076633
0.109406429214	9.38758967722e-10	1.52975111301e-06	2.07508100921	0.53471127761	0.333153275879
0.109406429265	8.35526454465e-10	1.39770854262e-06	2.07515152756	0.534640759707	0.333177832338
0.109406429309	7.43642311576e-10	1.27716657905e-06	2.07522022188	0.534572065771	0.333201760436
0.109406429349	6.61860519096e-10	1.16709833323e-06	2.07528713359	0.534505154407	0.333225074067
0.109406429384	5.89069928874e-10	1.0665880478e-06	2.07535230435	0.534439983963	0.333247787244
0.109406429416	5.24281711773e-10	9.74800378871e-07	2.07541577483	0.534376513757	0.333269913667
0.109406429444	4.66616192763e-10	8.90992579912e-07	2.07547758478	0.53431470405	0.333291466739
0.109406429469	4.15291378416e-10	8.14457008189e-07	2.07553777178	0.53425451727	0.333312459128
0.109406429491	3.69610566438e-10	7.44552639138e-07	2.07559637333	0.534195915913	0.333332903504
0.109406429511	3.28952451727e-10	6.80699868722e-07	2.0756534266	0.534138862814	0.333352812443
0.109406429529	2.92764887068e-10	6.22375294197e-07	2.07570896791	0.53408332166	0.333372198245
0.109406429544	2.60556519814e-10	5.69108832488e-07	2.07576303241	0.5340292573	0.333391072824
0.109406429558	2.3189058415e-10	5.204452879e-07	2.07581565338	0.533976636448	0.333409447464
0.109406429571	2.06377296519e-10	4.75983389516e-07	2.07586686481	0.53392542513	0.333427333708
0.109406429582	1.83669749869e-10	4.35356966568e-07	2.07591669991	0.533875590121	0.333444742856
0.109406429592	1.63459418917e-10	3.98243692819e-07	2.0759651912	0.533827098925	0.333461685971
0.1094064296	1.45472164841e-10	3.64331458947e-07	2.07601236911	0.533779921091	0.333478173416
0.109406429608	1.29463663137e-10	3.33338284921e-07	2.07605826427	0.533734026001	0.333494215631
0.109406429615	1.15215932108e-10	3.05009978789e-07	2.07610290714	0.533689383184	0.333509823017
0.109406429621	1.02535352432e-10	2.79119505324e-07	2.07614632753	0.533645962852	0.333525005752
0.109406429627	9.12497034925e-11	2.55459058921e-07	2.07618855394	0.533603736486	0.333539773584
0.109406429632	8.12058391798e-11	2.33828109719e-07	2.0762296137	0.533562676773	0.333554135851
0.109406429636	7.22669849035e-11	2.14050488264e-07	2.07626953476	0.533522755752	0.333568102131
0.10940642964	6.43115390702e-11	1.95965893699e-07	2.07630834447	0.533483946074	0.333581681799
0.109406429643	5.72313139776e-11	1.79436368774e-07	2.07634606955	0.533446221023	0.333594884021
0.109406429647	5.0930316921e-11	1.64319113778e-07	2.0763827344	0.533409556196	0.333607717163
0.109406429649	4.53227425721e-11	1.50492018924e-07	2.07641836473	0.533373925891	0.333620190057
0.109406429652	4.03322089556e-11	1.37843535306e-07	2.07645298568	0.533339304964	0.333632311348
0.109406429654	3.58908230193e-11	1.262774779e-07	2.07648662185	0.533305668819	0.333644089499
0.109406429656	3.19383205248e-11	1.15696713474e-07	2.07651929589	0.533272994795	0.333655532305
0.109406429658	2.84209164213e-11	1.0601504194e-07	2.07655103105	0.533241259644	0.333666647774
0.109406429659	2.52906405846e-11	9.71548791438e-08	2.07658185048	0.533210440229	0.333677443884
0.10940642966	2.25048920046e-11	8.90490367926e-08	2.07661177681	0.533180513917	0.333687928443
0.109406429662	2.00258401871e-11	8.1631338548e-08	2.07664083107	0.533151459659	0.333698108712
0.109406429663	1.78197668828e-11	7.48409526111e-08	2.07666903438	0.533123256362	0.333707991974
0.109406429664	1.58565523362e-11	6.8623896095e-08	2.07669640803	0.533095882716	0.333717585595
0.109406429665	1.41094661842e-11	6.29334585261e-08	2.07672297288	0.533069317881	0.333726896781
0.109406429665	1.25547697035e-11	5.7724012708e-08	2.07674874834	0.533043542422	0.333735932255
0.109406429666	1.11713168113e-11	5.29528281873e-08	2.07677375372	0.533018537054	0.333744698689
0.109406429667	9.94020138345e-12	4.85823328019e-08	2.07679800864	0.53299428214	0.333753202886
0.109406429667	8.84465186052e-12	4.4580251221e-08	2.07682153229	0.532970758486	0.333761451499
0.109406429668	7.86977828948e-12	4.09146891934e-08	2.07684434252	0.532947948264	0.333769450705
0.109406429668	7.00231274322e-12	3.75557546968e-08	2.07686645706	0.53292583373	0.333777206658
0.109406429668	6.23039292241e-12	3.44772688152e-08	2.076887894	0.532904396793	0.333784725638
0.109406429669	5.54349632374e-12	3.1657106195e-08	2.07690867103	0.532883619767	0.333792013785
0.109406429669	4.93228783412e-12	2.90725778497e-08	2.07692880439	0.532863486403	0.333799076742
0.109406429669	4.38843707564e-12	2.67029255669e-08	2.07694831055	0.532843980251	0.333805920223
0.10940642967	3.90450505579e-12	2.4529897252e-08	2.07696720615	0.532825084653	0.333812550022
0.10940642967	3.47388992662e-12	2.25385225662e-08	2.07698550748	0.532806783324	0.333818971803
0.10940642967	3.09074340057e-12	2.07122237548e-08	2.07700322919	0.532789061612	0.33382519066
0.10940642967	2.74983059253e-12	1.90367559259e-08	2.07702038669	0.532771904114	0.333831211955
0.10940642967	2.44648885917e-12	1.74995243214e-08	2.0770369953	0.532755295505	0.333837041026
0.10940642967	2.17657861677e-12	1.60901855835e-08	2.07705306989	0.532739220919	0.333842683051
0.109406429671	1.93643505642e-12	1.47966690455e-08	2.07706862376	0.532723667048	0.333848142664
0.109406429671	1.72276692513e-12	1.3609220152e-08	2.07708367134	0.532708619471	0.333853424892
0.109406429671	1.53265310409e-12	1.25194724281e-08	2.07709822671	0.532694064104	0.333858534648
0.109406429671	1.36350313023e-12	1.15194644636e-08	2.07711230305	0.532679987758	0.333863476531
0.109406429671	1.21301312207e-12	1.06010385657e-08	2.07712591306	0.532666377757	0.333868254962
0.109406429671	1.07911759049e-12	9.7573551446e-09	2.07713906995	0.53265322086	0.333872874563
0.109406429671	9.59986489168e-13	8.98300147143e-09	2.07715178667	0.532640504139	0.333877339848
0.109406429671	8.54000468206e-13	8.27162207087e-09	2.07716407476	0.532628216057	0.333881654845
0.109406429671	7.59707665662e-13	7.61781178627e-09	2.07717594637	0.532616344441	0.333885823805
0.109406429671	6.75815688784e-13	7.01703178871e-09	2.07718741366	0.532604877157	0.333889850968
0.109406429671	6.01179354417e-13	6.46521064491e-09	2.07719848808	0.532593802738	0.333893740342
0.109406429671	5.34782428249e-13	5.95778796458e-09	2.07720918033	0.532583110483	0.333897495666
0.109406429671	4.75711541291e-13	5.49107790098e-09	2.07721950181	0.532572789009	0.333901120922
0.109406429671	4.23158176158e-13	5.06227383664e-09	2.0772294636	0.532562827218	0.33390461999
0.109406429671	3.76407757557e-13	4.66784428838e-09	2.07723907552	0.5325532153	0.333907996301
0.109406429671	3.34818285533e-13	4.30486685017e-09	2.07724834802	0.532543942802	0.333911253512
0.109406429671	2.97819049389e-13	3.97100666011e-09	2.07725729147	0.532534999342	0.333914395258
0.109406429671	2.64905164948e-13	3.66391759393e-09	2.07726591549	0.532526375329	0.333917424894
0.109406429671	2.35626789858e-13	3.38115871887e-09	2.07727422937	0.532518061449	0.333920345682
0.109406429671	2.09580934637e-13	3.12080607313e-09	2.07728224282	0.532510047999	0.333923161018
0.109406429671	1.8641101066e-13	2.88132473826e-09	2.07728996512	0.532502325697	0.333925874154
0.109406429671	1.65801711876e-13	2.6606900916e-09	2.0772974046	0.532494886219	0.333928488005
0.109406429671	1.4746852635e-13	2.45736241149e-09	2.07730457031	0.532487720511	0.333931005742
0.109406429671	1.31159969088e-13	2.27025686666e-09	2.07731147105	0.532480819769	0.333933430451
0.109406429671	1.16654257349e-13	2.09779898007e-09	2.07731811449	0.532474176328	0.333935764817
0.109406429671	1.03751301964e-13	1.93877201207e-09	2.07732450896	0.532467781855	0.333938011761
0.109406429671	9.22737511785e-14	1.79230362302e-09	2.07733066266	0.532461628161	0.333940174154
0.109406429671	8.20651847091e-14	1.65726509468e-09	2.07733658286	0.532455707955	0.333942254552
0.109406429672	7.29850906387e-14	1.5326651844e-09	2.07734227714	0.532450013683	0.333944255602
0.109406429672	6.49084103484e-14	1.41781187023e-09	2.07734775308	0.532444537737	0.333946179974
0.109406429672	5.77248873939e-14	1.31188275928e-09	2.07735301756	0.532439273255	0.333948030073
0.109406429672	5.13357775592e-14	1.21407858801e-09	2.07735807747	0.532434213351	0.333949808315
0.109406429672	4.56529379639e-14	1.12385858939e-09	2.07736293984	0.532429350976	0.333951517172
0.109406429672	4.05986984566e-14	1.04061019186e-09	2.07736761109	0.532424679726	0.333953158892
0.109406429672	3.61036100331e-14	9.63695820959e-10	2.07737209752	0.532420193296	0.333954735686
0.109406429672	3.21055797639e-14	8.92700867373e-10	2.07737640565	0.53241588517	0.333956249841
0.109406429672	2.85499342817e-14	8.2715274695e-10	2.07738054139	0.532411749431	0.333957703433
0.109406429672	2.53877814992e-14	7.66550117225e-10	2.07738451055	0.53240778027	0.333959098501
0.109406429672	2.25754021837e-14	7.10583033337e-10	2.07738831914	0.53240397168	0.333960437154
0.109406429672	2.00743418073e-14	6.58871934041e-10	2.07739197257	0.532400318244	0.333961721292
0.109406429672	1.78501436862e-14	6.11028269747e-10	2.07739547623	0.532396814586	0.333962952803
0.109406429672	1.58720453646e-14	5.6682722265e-10	2.07739883564	0.532393455179	0.333964133627
0.109406429672	1.4113022227e-14	5.25951029477e-10	2.07740205571	0.532390235111	0.33396526549
0.109406429672	1.25487617913e-14	4.88104390882e-10	2.07740514144	0.53238714938	0.333966350146
0.109406429672	1.11576316566e-14	4.5313209754e-10	2.0774080979	0.532384192918	0.333967389377
0.109406429672	9.92065988746e-15	4.20755584279e-10	2.0774109295	0.532381361319	0.333968384728
0.109406429672	8.82066933763e-15	3.90755919754e-10	2.07741364091	0.532378649905	0.333969337844
0.109406429672	7.84245895197e-15	3.63033581407e-10	2.07741623678	0.532376054042	0.333970250351
0.109406429672	6.97270732512e-15	3.37336023477e-10	2.07741872101	0.532373569813	0.333971123625
0.109406429672	6.19928726793e-15	3.13524269135e-10	2.07742109799	0.532371192833	0.333971959207
0.109406429672	5.51155346853e-15	2.91491462209e-10	2.07742337181	0.532368919004	0.333972758535
0.109406429672	4.90007652945e-15	2.71051831102e-10	2.0774255462	0.532366744622	0.333973522911
0.109406429672	4.35634347265e-15	2.52115903127e-10	2.07742762512	0.532364665698	0.333974253737
0.109406429672	3.87289932092e-15	2.34567895404e-10	2.07742961218	0.53236267864	0.333974952274
0.109406429672	3.44305870618e-15	2.18275605268e-10	2.07743151088	0.532360779939	0.333975619755
0.109406429672	3.06085106305e-15	2.03188478468e-10	2.07743332484	0.532358965975	0.333976257452
0.109406429672	2.72106039697e-15	1.89182210537e-10	2.07743505718	0.532357233636	0.333976866458
0.109406429672	2.4189397803e-15	1.76177142712e-10	2.07743671123	0.532355579589	0.333977447945
0.109406429672	2.15032128219e-15	1.641244664e-10	2.07743829017	0.532354000648	0.333978003031
0.109406429672	1.9115176928e-15	1.52919968111e-10	2.07743979685	0.532352493968	0.333978532717
0.109406429672	1.69919457065e-15	1.42524370748e-10	2.07744123434	0.532351056477	0.333979038082
0.109406429672	1.51044207885e-15	1.32869520986e-10	2.07744260537	0.532349685452	0.333979520083
0.109406429672	1.34263410732e-15	1.23888337622e-10	2.07744391265	0.532348378166	0.333979979678
0.109406429672	1.19344028473e-15	1.15560827597e-10	2.07744515894	0.532347131876	0.333980417832
0.109406429672	1.06082030564e-15	1.07809060775e-10	2.07744634658	0.532345944242	0.333980835366
0.109406429672	9.42915448244e-16	1.00606342573e-10	2.07744747814	0.532344812678	0.333981233189
0.109406429672	8.38106261761e-16	9.39108578411e-11	2.07744855594	0.532343734873	0.333981612114
0.109406429672	7.44935276468e-16	8.76739407937e-11	2.07744958225	0.532342708569	0.333981972935
0.109406429672	6.62105293132e-16	8.18852294355e-11	2.07745055935	0.532341731464	0.33398231646
0.109406429672	5.88482888559e-16	7.64892967939e-11	2.07745148921	0.532340801609	0.333982643375
0.109406429672	5.23034167171e-16	7.14709207476e-11	2.07745237397	0.532339916846	0.333982954437
0.109406429672	4.64860579525e-16	6.67991023068e-11	2.07745321555	0.532339075268	0.333983250317
0.109406429672	4.13149461123e-16	6.24436648956e-11	2.07745401584	0.53233827498	0.333983531682
0.109406429672	3.67182748883e-16	5.83947387315e-11	2.07745477671	0.532337514105	0.333983799191
0.109406429672	3.26327950401e-16	5.46151333366e-11	2.07745549982	0.532336790998	0.333984053422
0.109406429672	2.90011344888e-16	5.10990745591e-11	2.07745618695	0.532336103872	0.333984295003
0.109406429672	2.57735334822e-16	4.78187163193e-11	2.07745683962	0.532335451198	0.333984524473
0.109406429672	2.2904597028e-16	4.4760128637e-11	2.07745745945	0.53233483137	0.333984742395
0.109406429672	2.03547428262e-16	4.19102023014e-11	2.07745804792	0.532334242897	0.333984949293
0.109406429672	1.80884861849e-16	3.92471034846e-11	2.07745860644	0.532333684374	0.333985145662
0.109406429672	1.6074149817e-16	3.67687290351e-11	2.07745913646	0.532333154357	0.333985332009
0.109406429672	1.42840624491e-16	3.4450550505e-11	2.0774596392	0.532332651615	0.333985508767
0.109406429672	1.26929889258e-16	3.22906749965e-11	2.07746011602	0.532332174799	0.33398567641
0.109406429672	1.12790998768e-16	3.02717168276e-11	2.07746056807	0.532331722753	0.333985835345
0.109406429672	1.00224584719e-16	2.83867959951e-11	2.07746099655	0.53233129427	0.333985985995
0.109406429672	8.9057408562e-17	2.66266814577e-11	2.07746140257	0.532330888244	0.33398612875
0.109406429672	7.91329682774e-17	2.49802071569e-11	2.07746178721	0.532330503609	0.333986263984
0.109406429672	7.03131698931e-17	2.34442102224e-11	2.07746215151	0.532330139311	0.333986392068
0.109406429672	6.24757651846e-17	2.20047006141e-11	2.07746249641	0.532329794407	0.333986513333
0.109406429672	5.55104048269e-17	2.06629775772e-11	2.07746282292	0.5323294679	0.333986628131
0.109406429672	4.93214806384e-17	1.94046300772e-11	2.07746313186	0.532329158958	0.333986736753
0.109406429672	4.38213545846e-17	1.82301593376e-11	2.07746342416	0.532328866659	0.333986839523
0.109406429672	3.89344629897e-17	1.71292716004e-11	2.07746370059	0.532328590224	0.333986936716
0.109406429672	3.4591641473e-17	1.61000865756e-11	2.07746396199	0.532328328833	0.33398702862
0.109406429672	3.07330903879e-17	1.51359961653e-11	2.07746420907	0.532328081751	0.333987115492
0.109406429672	2.73042611062e-17	1.42333046119e-11	2.07746444257	0.532327848249	0.33398719759
0.109406429672	2.42577771625e-17	1.33881542063e-11	2.07746466318	0.532327627641	0.333987275155
0.109406429672	2.15507479629e-17	1.25956862836e-11	2.07746487154	0.532327419274	0.333987348416
0.109406429672	1.91455389946e-17	1.18540494023e-11	2.0774650683	0.532327222514	0.333987417596
0.109406429672	1.70085004552e-17	1.11577161609e-11	2.07746525404	0.532327036777	0.3339874829
0.109406429672	1.5109711846e-17	1.0506266273e-11	2.07746542934	0.532326861475	0.333987544536
0.109406429672	1.34227538508e-17	9.89385364297e-12	2.07746559473	0.532326696087	0.333987602686
0.109406429672	1.19238619143e-17	9.32104938599e-12	2.07746575075	0.532326540069	0.333987657541
0.109406429672	1.05922772016e-17	8.78195712033e-12	2.07746589786	0.532326392957	0.333987709265
0.109406429672	9.4091430189e-18	8.27779707267e-12	2.07746603657	0.532326254251	0.333987758034
0.109406429672	8.35813467763e-18	7.80282100388e-12	2.07746616728	0.532326123534	0.333987803994
0.109406429672	7.42430474968e-18	7.35863195111e-12	2.07746629047	0.53232600035	0.333987847305
0.109406429672	6.59480284693e-18	6.93984983525e-12	2.07746640649	0.532325884323	0.333987888099
0.109406429672	5.85780249471e-18	6.5480265116e-12	2.07746651578	0.532325775041	0.333987926523
0.109406429672	5.20316318091e-18	6.17845228636e-12	2.07746661865	0.532325672163	0.333987962694
0.109406429672	4.62154395678e-18	5.83247521937e-12	2.0774667155	0.532325575317	0.333987996746
0.109406429672	4.10493734992e-18	5.50599134733e-12	2.07746680663	0.532325484193	0.333988028784
0.109406429672	3.64596791113e-18	5.20023072884e-12	2.07746689236	0.532325398456	0.33398805893
0.109406429672	3.23831447855e-18	4.91151923208e-12	2.07746697299	0.532325317828	0.333988087278
0.109406429672	2.87615274459e-18	4.64106447516e-12	2.07746704881	0.532325242005	0.333988113938
0.109406429672	2.5544939055e-18	4.38550241413e-12	2.07746712008	0.532325170737	0.333988138995
0.109406429672	2.26873868642e-18	4.1460581655e-12	2.07746718707	0.532325103751	0.333988162547
0.109406429672	2.01494863002e-18	3.91969605292e-12	2.07746725	0.532325040823	0.333988184673
0.109406429672	1.78949817194e-18	3.70743673513e-12	2.07746730911	0.532324981706	0.333988205458
0.109406429672	1.58926854074e-18	3.50676602091e-12	2.07746736462	0.532324926198	0.333988224975
0.109406429672	1.41140816051e-18	3.31841085099e-12	2.07746741674	0.53232487408	0.333988243299
0.109406429672	1.25344457391e-18	3.14036324208e-12	2.07746746565	0.532324825168	0.333988260497
0.109406429672	1.11313778439e-18	2.97304724863e-12	2.07746751155	0.532324779267	0.333988276636
0.109406429672	9.88525498537e-19	2.8149382008e-12	2.07746755461	0.53232473621	0.333988291775
0.109406429672	8.77850430235e-19	2.6661576272e-12	2.07746759499	0.532324695825	0.333988305974
0.109406429672	7.79553405349e-19	2.52563678043e-12	2.07746763286	0.53232465796	0.333988319287
0.109406429672	6.92257719219e-19	2.39320062155e-12	2.07746766835	0.532324622465	0.333988331767
0.109406429672	6.14723076699e-19	2.26820693504e-12	2.07746770162	0.5323245892	0.333988343463
0.109406429672	5.45870144238e-19	2.15019287733e-12	2.07746773279	0.532324558033	0.333988354421
0.109406429672	4.84716023701e-19	2.03891932769e-12	2.07746776198	0.532324528838	0.333988364686
0.109406429672	4.30411921786e-19	1.93364513369e-12	2.07746778932	0.532324501499	0.333988374299
0.109406429672	3.82180581681e-19	1.8345053664e-12	2.07746781492	0.532324475901	0.333988383299
0.109406429672	3.39353777336e-19	1.74049750647e-12	2.07746783888	0.532324451943	0.333988391723
0.109406429672	3.01316748743e-19	1.65209737802e-12	2.0774678613	0.532324429521	0.333988399606
0.109406429672	2.67543163209e-19	1.56818710502e-12	2.07746788227	0.532324408547	0.333988406981
0.109406429672	2.37549570837e-19	1.48918017398e-12	2.07746790189	0.532324388927	0.333988413879
0.109406429672	2.10916746079e-19	1.41426236885e-12	2.07746792024	0.532324370583	0.333988420329
0.109406429672	1.8726776384e-19	1.34353870322e-12	2.07746793739	0.532324353432	0.333988426359
0.109406429672	1.66266992435e-19	1.27659683943e-12	2.07746795342	0.532324337403	0.333988431995
0.109406429672	1.47620735891e-19	1.21321839796e-12	2.07746796839	0.532324322425	0.333988437261
0.109406429672	1.31061930223e-19	1.15335710989e-12	2.07746798239	0.532324308432	0.333988442181
0.109406429672	1.16360437179e-19	1.09649911229e-12	2.07746799545	0.532324295364	0.333988446776
0.109406429672	1.0330484501e-19	1.04292884724e-12	2.07746800766	0.53232428316	0.333988451067
0.109406429672	9.17140847768e-20	9.91975796522e-13	2.07746801905	0.532324271769	0.333988455072
0.109406429672	8.14221290001e-20	9.43894183324e-13	2.07746802968	0.532324261137	0.33398845881
0.109406429672	7.22842922275e-20	8.98238286409e-13	2.0774680396	0.532324251217	0.333988462298
0.109406429672	6.41716528391e-20	8.54998281048e-13	2.07746804886	0.532324241962	0.333988465552
0.109406429672	5.69679794825e-20	8.14058554181e-13	2.07746805749	0.532324233331	0.333988468587
0.109406429672	5.05728981735e-20	7.75127616781e-13	2.07746806554	0.532324225283	0.333988471416
0.109406429672	4.48943339872e-20	7.38390189371e-13	2.07746807304	0.53232421778	0.333988474054
0.109406429672	3.98533858381e-20	7.03393944329e-13	2.07746808003	0.532324210788	0.333988476513
0.109406429672	3.53778050869e-20	6.70315179422e-13	2.07746808655	0.532324204272	0.333988478804
0.109406429672	3.14044110287e-20	6.38872777415e-13	2.07746809262	0.532324198203	0.333988480938
0.109406429672	2.78771751926e-20	6.09017055337e-13	2.07746809827	0.53232419255	0.333988482925
0.109406429672	2.47454078729e-20	5.80747373691e-13	2.07746810353	0.532324187286	0.333988484776
0.109406429672	2.19654683985e-20	5.53789929327e-13	2.07746810843	0.532324182386	0.333988486499
0.109406429672	1.9497279364e-20	5.28336352531e-13	2.07746811299	0.532324177824	0.333988488103
0.109406429672	1.73063674597e-20	5.04070408707e-13	2.07746811724	0.532324173581	0.333988489595
0.109406429672	1.5361568401e-20	4.81039810576e-13	2.07746812119	0.532324169632	0.333988490983
0.109406429672	1.36349489252e-20	4.59181792457e-13	2.07746812486	0.53232416596	0.333988492274
0.109406429672	1.21023983237e-20	4.38318323046e-13	2.07746812827	0.532324162545	0.333988493475
0.109406429672	1.07417601908e-20	4.18616268837e-13	2.07746813145	0.53232415937	0.333988494592
0.109406429672	9.5340947226e-21	3.99799806023e-13	2.0774681344	0.532324156419	0.333988495629
0.109406429672	8.46215750167e-21	3.81929208158e-13	2.07746813714	0.532324153676	0.333988496593
0.109406429672	7.51053990072e-21	3.64949104969e-13	2.07746813969	0.532324151128	0.333988497489
0.109406429672	6.66593709538e-21	3.48723916291e-13	2.07746814206	0.532324148762	0.333988498321
0.109406429672	5.91613391348e-21	3.33386227611e-13	2.07746814425	0.532324146564	0.333988499094
0.109406429672	5.25066239418e-21	3.18727810478e-13	2.0774681463	0.532324144523	0.333988499812
0.109406429672	4.66002514967e-21	3.04779053421e-13	2.07746814819	0.532324142628	0.333988500478
0.109406429672	4.13571314126e-21	2.91527961997e-13	2.07746814995	0.53232414087	0.333988501096
0.109406429672	3.67039289207e-21	2.78852997511e-13	2.07746815158	0.532324139239	0.33398850167
0.109406429672	3.25735417177e-21	2.66841752223e-13	2.07746815309	0.532324137725	0.333988502202
0.109406429672	2.89076759298e-21	2.55371036046e-13	2.0774681545	0.532324136321	0.333988502695
0.109406429672	2.56543154167e-21	2.44418847267e-13	2.0774681558	0.532324135019	0.333988503153
0.109406429672	2.27664167525e-21	2.34031939554e-13	2.07746815701	0.532324133812	0.333988503578
0.109406429672	2.02036079824e-21	2.24086437454e-13	2.07746815812	0.532324132693	0.333988503971
0.109406429672	1.79291566787e-21	2.14624673116e-13	2.07746815916	0.532324131657	0.333988504335
0.109406429672	1.59103662445e-21	2.05609190067e-13	2.07746816012	0.532324130696	0.333988504673
0.109406429672	1.41188879413e-21	1.96972409678e-13	2.07746816101	0.532324129806	0.333988504986
0.109406429672	1.25288160296e-21	1.88782247509e-13	2.07746816184	0.532324128982	0.333988505276
0.109406429672	1.111773763e-21	1.80944856165e-13	2.0774681626	0.532324128219	0.333988505544
0.109406429672	9.86556813289e-22	1.73446391187e-13	2.07746816331	0.532324127512	0.333988505793
0.109406429672	8.75416196741e-22	1.66330654866e-13	2.07746816396	0.532324126858	0.333988506023
0.109406429672	7.76796132958e-22	1.59506845653e-13	2.07746816457	0.532324126253	0.333988506236
0.109406429672	6.89283118455e-22	1.5299487154e-13	2.07746816513	0.532324125693	0.333988506432
0.109406429672	6.11612307638e-22	1.46793110252e-13	2.07746816564	0.532324125174	0.333988506615
0.109406429672	5.42693712982e-22	1.40842741986e-13	2.07746816612	0.532324124695	0.333988506783
0.109406429672	4.81535589923e-22	1.35176669143e-13	2.07746816657	0.532324124252	0.333988506939
0.109406429672	4.27260838266e-22	1.29763290349e-13	2.07746816698	0.532324123843	0.333988507083
0.109406429672	3.79103492523e-22	1.24566699483e-13	2.07746816735	0.532324123464	0.333988507216
0.109406429672	3.36366882536e-22	1.1962727824e-13	2.0774681677	0.532324123114	0.333988507339
0.109406429672	2.98444832943e-22	1.14895065827e-13	2.07746816803	0.532324122791	0.333988507453
0.109406429672	2.64798120546e-22	1.10350050136e-13	2.07746816833	0.532324122492	0.333988507558
0.109406429672	2.3493787845e-22	1.06036079645e-13	2.0774681686	0.532324122216	0.333988507655
0.109406429672	2.08444303909e-22	1.01893278348e-13	2.07746816886	0.532324121961	0.333988507744
0.109406429672	1.84938244721e-22	9.79154445352e-14	2.07746816909	0.532324121726	0.333988507827
0.109406429672	1.64077830168e-22	9.41376372669e-14	2.07746816931	0.532324121509	0.333988507904
0.109406429672	1.45570400503e-22	9.05055866544e-14	2.07746816951	0.532324121308	0.333988507974
0.109406429672	1.29150358517e-22	8.70197266133e-14	2.0774681697	0.532324121123	0.333988508039
0.109406429672	1.14578991886e-22	8.3704652998e-14	2.07746816987	0.532324120952	0.333988508099
0.109406429672	1.01651637148e-22	8.05158692884e-14	2.07746817002	0.532324120795	0.333988508154
0.109406429672	9.01826430485e-23	7.74553638543e-14	2.07746817017	0.53232412065	0.333988508205
0.109406429672	8.00052658128e-23	7.45422926919e-14	2.0774681703	0.532324120516	0.333988508253
0.109406429672	7.09764356131e-23	7.17387811929e-14	2.07746817043	0.532324120393	0.333988508296
0.109406429672	6.29664221118e-23	6.90466410231e-14	2.07746817054	0.532324120279	0.333988508336
0.109406429672	5.5858708433e-23	6.64833176385e-14	2.07746817064	0.532324120174	0.333988508373
0.109406429672	4.95533206929e-23	6.40151564033e-14	2.07746817074	0.532324120077	0.333988508407
0.109406429672	4.39596328669e-23	6.16425440634e-14	2.07746817083	0.532324119988	0.333988508438
0.109406429672	3.89961954067e-23	5.93839058984e-14	2.07746817091	0.532324119906	0.333988508467
0.109406429672	3.45931746246e-23	5.72080262639e-14	2.07746817099	0.532324119831	0.333988508493
0.109406429672	3.06872810368e-23	5.51130147764e-14	2.07746817106	0.532324119761	0.333988508518
0.109406429672	2.72215541369e-23	5.31202545651e-14	2.07746817112	0.532324119697	0.33398850854
0.109406429672	2.4147235747e-23	5.11995479926e-14	2.07746817118	0.532324119638	0.333988508561
0.109406429672	2.14201213967e-23	4.93482897646e-14	2.07746817123	0.532324119584	0.33398850858
0.109406429672	1.90004883651e-23	4.75857509999e-14	2.07746817128	0.532324119534	0.333988508598
0.109406429672	1.68541025242e-23	4.58880965959e-14	2.07746817133	0.532324119488	0.333988508614
0.109406429672	1.4950182671e-23	4.42510071808e-14	2.07746817137	0.532324119446	0.333988508629
0.109406429672	1.32611022588e-23	4.26882421748e-14	2.07746817141	0.532324119407	0.333988508642
0.109406429672	1.17626967289e-23	4.11858230744e-14	2.07746817145	0.532324119371	0.333988508655
0.109406429672	1.04335998347e-23	3.973628184e-14	2.07746817148	0.532324119339	0.333988508667
0.109406429672	9.2546205681e-24	3.83480067342e-14	2.07746817151	0.532324119308	0.333988508677
0.109406429672	8.20866133865e-24	3.70167267616e-14	2.07746817154	0.532324119281	0.333988508687
0.109406429672	7.2809166488e-24	3.57316631771e-14	2.07746817156	0.532324119255	0.333988508696
0.109406429672	6.4580072641e-24	3.44959413415e-14	2.07746817159	0.532324119232	0.333988508704
0.109406429672	5.72794362622e-24	3.33148820125e-14	2.07746817161	0.53232411921	0.333988508712
0.109406429672	5.08041209051e-24	3.21742593576e-14	2.07746817163	0.53232411919	0.333988508719
0.109406429672	4.50608258281e-24	3.10726889209e-14	2.07746817165	0.532324119172	0.333988508725
0.109406429672	3.99656237456e-24	3.00231865123e-14	2.07746817166	0.532324119155	0.333988508731
0.109406429672	3.54464979049e-24	2.90095727936e-14	2.07746817168	0.53232411914	0.333988508736
0.109406429672	3.14383736814e-24	2.80301797187e-14	2.07746817169	0.532324119126	0.333988508741
0.109406429672	2.78831663221e-24	2.70921265674e-14	2.07746817171	0.532324119113	0.333988508746
0.109406429672	2.47295038519e-24	2.61903429666e-14	2.07746817172	0.532324119101	0.33398850875
0.109406429672	2.19325292435e-24	2.53185759708e-14	2.07746817173	0.532324119091	0.333988508754
0.109406429672	1.9451856415e-24	2.44784408374e-14	2.07746817174	0.532324119081	0.333988508757
0.109406429672	1.72512668979e-24	2.36752490683e-14	2.07746817175	0.532324119071	0.33398850876
0.109406429672	1.52996301861e-24	2.2898411797e-14	2.07746817176	0.532324119063	0.333988508763
0.109406429672	1.35687822359e-24	2.21470642743e-14	2.07746817176	0.532324119055	0.333988508766
0.109406429672	1.20335229059e-24	2.14283930965e-14	2.07746817177	0.532324119048	0.333988508769
0.109406429672	1.06718423764e-24	2.07353949676e-14	2.07746817178	0.532324119042	0.333988508771
0.109406429672	9.46424589021e-25	2.00648085243e-14	2.07746817178	0.532324119036	0.333988508773
0.109406429672	8.39327492035e-25	1.94184143737e-14	2.07746817179	0.532324119031	0.333988508775
0.109406429672	7.44328739282e-25	1.87995522681e-14	2.07746817179	0.532324119026	0.333988508777
0.109406429672	6.60082360436e-25	1.82004132097e-14	2.0774681718	0.532324119021	0.333988508778
0.109406429672	5.85371354838e-25	1.7620368628e-14	2.0774681718	0.532324119017	0.33398850878
0.109406429672	5.19108473113e-25	1.7064681519e-14	2.07746817181	0.532324119013	0.333988508781
0.109406429672	4.60339496999e-25	1.65288272562e-14	2.07746817181	0.53232411901	0.333988508782
0.109406429672	4.08223836584e-25	1.60097995477e-14	2.07746817181	0.532324119006	0.333988508783
0.109406429672	3.62007891304e-25	1.55078206012e-14	2.07746817181	0.532324119003	0.333988508784
0.109406429672	3.21014754168e-25	1.50280924503e-14	2.07746817182	0.532324119001	0.333988508785
0.109406429672	2.84663607807e-25	1.45632044955e-14	2.07746817182	0.532324118998	0.333988508786
0.109406429672	2.52428801349e-25	1.41126976613e-14	2.07746817182	0.532324118996	0.333988508787
0.109406429672	2.23843212122e-25	1.3679014042e-14	2.07746817182	0.532324118994	0.333988508788
0.109406429672	1.98489610753e-25	1.32622168665e-14	2.07746817183	0.532324118992	0.333988508788
0.109406429672	1.76007685037e-25	1.28581194283e-14	2.07746817183	0.53232411899	0.333988508789
0.109406429672	1.56072174633e-25	1.24663347686e-14	2.07746817183	0.532324118989	0.333988508789
0.109406429672	1.38392508173e-25	1.20906302084e-14	2.07746817183	0.532324118987	0.33398850879
0.109406429672	1.22713794304e-25	1.1727826788e-14	2.07746817183	0.532324118986	0.33398850879
0.109406429672	1.08811347603e-25	1.13759100063e-14	2.07746817183	0.532324118985	0.333988508791
0.109406429672	9.64839318537e-26	1.10345531879e-14	2.07746817183	0.532324118984	0.333988508791
0.109406429672	8.55508282131e-26	1.07082027593e-14	2.07746817184	0.532324118983	0.333988508792
0.109406429672	7.58563662149e-26	1.03918172032e-14	2.07746817184	0.532324118982	0.333988508792
0.109406429672	6.72604627626e-26	1.00847796042e-14	2.07746817184	0.532324118981	0.333988508792
0.109406429672	5.96385727798e-26	9.78726770756e-15	2.07746817184	0.53232411898	0.333988508793
0.109406429672	5.28788662714e-26	9.50258184955e-15	2.07746817184	0.532324118979	0.333988508793
0.109406429672	4.68853355777e-26	9.22617675388e-15	2.07746817184	0.532324118979	0.333988508793
0.109406429672	4.15711388544e-26	8.95781155495e-15	2.07746817184	0.532324118978	0.333988508793
0.109406429672	3.68592045174e-26	8.69806576519e-15	2.07746817184	0.532324118978	0.333988508793
0.109406429672	3.26804474002e-26	8.4490331942e-15	2.07746817184	0.532324118977	0.333988508794
0.109406429672	2.89754392765e-26	8.20713062465e-15	2.07746817184	0.532324118977	0.333988508794
0.109406429672	2.56904708491e-26	7.97215391891e-15	2.07746817184	0.532324118976	0.333988508794
0.109406429672	2.27778688074e-26	7.74475915412e-15	2.07746817184	0.532324118976	0.333988508794
0.109406429672	2.01949289146e-26	7.52653982524e-15	2.07746817184	0.532324118976	0.333988508794
0.109406429672	1.79048864191e-26	7.31446912856e-15	2.07746817184	0.532324118975	0.333988508794
0.109406429672	1.58745276616e-26	7.10837381783e-15	2.07746817184	0.532324118975	0.333988508794
0.109406429672	1.40743766205e-26	6.90875187654e-15	2.07746817184	0.532324118975	0.333988508794
0.109406429672	1.24780201702e-26	6.71721207407e-15	2.07746817184	0.532324118975	0.333988508794
0.109406429672	1.10627270796e-26	6.53098256448e-15	2.07746817184	0.532324118974	0.333988508795
0.109406429672	9.80796061938e-27	6.34991612402e-15	2.07746817184	0.532324118974	0.333988508795
0.109406429672	8.69550390842e-27	6.17418799064e-15	2.07746817184	0.532324118974	0.333988508795
0.109406429672	7.70901023992e-27	6.00578852765e-15	2.07746817184	0.532324118974	0.333988508795
0.109406429672	6.83443300183e-27	5.8419821187e-15	2.07746817184	0.532324118974	0.333988508795
0.109406429672	6.0590754199e-27	5.68264348938e-15	2.07746817184	0.532324118974	0.333988508795
0.109406429672	5.37168115252e-27	5.52765078209e-15	2.07746817184	0.532324118973	0.333988508795
0.109406429672	4.76214518929e-27	5.37922959158e-15	2.07746817185	0.532324118973	0.333988508795
0.109406429672	4.22176361915e-27	5.23491944277e-15	2.07746817185	0.532324118973	0.333988508795
0.109406429672	3.74270152369e-27	5.09448074407e-15	2.07746817185	0.532324118973	0.333988508795
0.109406429672	3.31800071229e-27	4.95780963498e-15	2.07746817185	0.532324118973	0.333988508795
0.109406429672	2.9414489245e-27	4.82638522491e-15	2.07746817185	0.532324118973	0.333988508795
0.109406429672	2.60759463602e-27	4.69905406644e-15	2.07746817185	0.532324118973	0.333988508795
0.109406429672	2.31163279062e-27	4.5750821972e-15	2.07746817185	0.532324118973	0.333988508795
0.109406429672	2.04926259812e-27	4.45438099141e-15	2.07746817185	0.532324118973	0.333988508795
