0.0	23.5785966375	25.817060299	1.0	0.0	0.0
1.08141854189e-10	23.57848117	25.8169381129	1.00000233761	1.08141971137e-06	0.0001
1.34970025819e-10	23.5784652669	25.8169212845	1.00000265957	1.25359329841e-06	0.000107666653288
1.68453797716e-10	23.5784468318	25.8169017768	1.00000303278	1.45317866343e-06	0.000115921081659
2.10244300203e-10	23.5784254618	25.8168791633	1.00000346541	1.68454000909e-06	0.000124808347229
2.62402274797e-10	23.5784006894	25.8168529495	1.00000396693	1.95273634728e-06	0.000134376966748
3.27499688712e-10	23.5783719731	25.8168225623	1.00000454829	2.2636321145e-06	0.000144679176421
4.0874655674e-10	23.5783386848	25.8167873372	1.0000052222	2.62402539527e-06	0.000155771217018
5.10149223362e-10	23.5783000969	25.816746504	1.00000600341	3.04179655624e-06	0.00016771364084
6.36707908883e-10	23.5782553654	25.8166991698	1.000006909	3.52608054177e-06	0.000180571642201
7.94663258886e-10	23.5782035124	25.8166442997	1.00000795876	4.08746659462e-06	0.000194415413228
9.91804051882e-10	23.5781434041	25.8165806939	1.00000917566	4.7382297658e-06	0.000209320526928
1.23785123447e-09	23.5780737262	25.8165069617	1.0000105863	5.49259927496e-06	0.000225368349583
1.54493721524e-09	23.5779929554	25.8164214911	1.00001222152	6.36706958117e-06	0.000242646484744
1.9282040433e-09	23.5778993255	25.8163224133	1.00001411707	7.38076096282e-06	0.000261249251218
2.40654995552e-09	23.5777907896	25.8162075621	1.00001631442	8.55583747961e-06	0.000281278197646
3.00356108721e-09	23.5776649747	25.8160744265	1.0000188616	9.91799144645e-06	0.000302842656481
3.74867426297e-09	23.5775191303	25.8159200958	1.0000218143	1.1497004995e-05	0.000326060340346
4.67862816741e-09	23.5773500679	25.8157411962	1.00002523708	1.33274009838e-05	0.000351057984025
5.83927439765e-09	23.5771540918	25.8155338167	1.00002920478	1.54491974566e-05	0.000377972035546
7.2878376206e-09	23.5769269178	25.815293424	1.00003380414	1.7908782114e-05	0.000406949400095
9.09573616636e-09	23.5766635803	25.8150147634	1.00003913573	2.07599258605e-05	0.000438148240779
1.13521019713e-08	23.5763583234	25.8146917441	1.0000453161	2.4064957527e-05	0.000471738840534
1.41681731919e-08	23.5760044755	25.8143173061	1.00005248036	2.78961253555e-05	0.000507904529826
1.76827757307e-08	23.5755943034	25.8138832663	1.00006078514	3.23371748946e-05	0.0005468426851
2.2069163447e-08	23.5751188439	25.8133801397	1.00007041197	3.74851776371e-05	0.000588765803314
2.75435535864e-08	23.5745677083	25.812796933	1.00008157129	4.34526501568e-05	0.000633902658291
3.43757772165e-08	23.5739288558	25.8121209045	1.00009450701	5.03700097769e-05	0.000682499544989
4.29025682504e-08	23.5731883313	25.8113372867	1.00010950185	5.83884200529e-05	0.000734821618285
5.35441440368e-08	23.5723299611	25.8104289645	1.00012688352	6.76830877363e-05	0.000791154333268
6.68248917689e-08	23.5713350017	25.8093761028	1.00014703185	7.84570825692e-05	0.000851804994572
8.33991759241e-08	23.5701817314	25.8081557156	1.00017038708	9.09457624316e-05	0.000917104422743
1.04083532301e-07	23.5688449791	25.8067411656	1.00019745947	0.000105421899261	0.000987408746193
1.29896826012e-07	23.5672955775	25.8051015871	1.00022884039	0.000122201616026	0.00106310132783
1.62110338949e-07	23.5654997312	25.8032012158	1.00026521525	0.000141651262146	0.00114459483601
2.02310235334e-07	23.5634182847	25.8009986154	1.00030737833	0.000164195374442	0.00123233347008
2.52475454818e-07	23.561005877	25.7984457814	1.00035625015	0.000190325893326	0.00132679535123
3.15074829649e-07	23.5582099621	25.7954871054	1.00041289742	0.000220612829875	0.00142849509019
3.9318815055e-07	23.5549696791	25.792058178	1.00047855617	0.000255716609173	0.00153798654351
4.90657058265e-07	23.5512145447	25.7880844055	1.00055465859	0.000296402349224	0.00165586577105
6.1227306707e-07	23.5468629449	25.7834794127	1.00064286404	0.000343556373489	0.00178277420748
7.6401179787e-07	23.5418203941	25.7781431991	1.00074509486	0.000398205299062	0.0019194020612
9.53324690912e-07	23.5359775272	25.7719600134	1.0008635779	0.00046153809233	0.002066491954
1.18950217816e-06	23.529207787	25.7647959041	1.00100089244	0.000534931540155	0.00222484281541
1.48412563973e-06	23.5213647618	25.7564958995	1.00116002559	0.000619979647621	0.00239531404502
1.85162958829e-06	23.5122791256	25.7468807661	1.0013444362	0.000718527543696	0.00257882995587
2.31000058831e-06	23.5017551243	25.7357432859	1.00155812876	0.000832710553819	0.0027763845114
2.88164562353e-06	23.4895665491	25.7228439891	1.00180573845	0.000964999183609	0.00298904636676
3.59447021048e-06	23.4754521293	25.7079062702	1.00209262925	0.0011182508499	0.00321796422372
4.48321579084e-06	23.4591102744	25.6906108123	1.00242500683	0.0012957692933	0.00346437250562
5.59111713042e-06	23.4401930862	25.6705892368	1.0028100484	0.00150137270832	0.0037295973552
6.9719539527e-06	23.4182995648	25.6474168923	1.00325605174	0.00173947173008	0.00401506295306
8.69258721245e-06	23.3929679244	25.6206046973	1.00377260612	0.0020151585153	0.00432229814873
1.08360896507e-05	23.3636669431	25.5895899503	1.00437078788	0.00233430824362	0.00465294338726
1.35056029297e-05	23.3297862752	25.5537260307	1.00506338382	0.00270369443258	0.0050087579049
1.68290800183e-05	23.290625671	25.5122709282	1.00586514558	0.00313111949243	0.00539162715333
2.09651017339e-05	23.245383074	25.4643745637	1.00679307872	0.00362556192662	0.00580357039663
2.61099903438e-05	23.193141604	25.4090649046	1.00786676977	0.00419734148449	0.00624674840456
3.25064803584e-05	23.1328554912	25.3452329357	1.00910875501	0.00485830336178	0.00672347114204
4.04542459429e-05	23.0633351078	25.2716166298	1.01054493418	0.00562202217801	0.00723620532542
5.03226236003e-05	22.9832313537	25.1867841771	1.01220503182	0.00650402588384	0.00778758168214
6.25659044502e-05	22.8910197996	25.0891168845	1.01412310838	0.00752203889582	0.00838040171034
7.77415971605e-05	22.7849851879	24.9767923592	1.0163381215	0.00869624253969	0.00901764368963
9.65320725175e-05	22.6632071333	24.8477688458	1.01889453631	0.0100495492064	0.00970246764381
0.000119769982684	22.5235481765	24.6997719095	1.02184298043	0.0116078843789	0.0104382189019
0.000148467787481	22.3636457117	24.5302850411	1.02524093603	0.0134004677523	0.0112284298478
0.000183851706118	22.1809094404	24.3367442156	1.02915345631	0.0154600902314	0.0120768193969
0.000227399734321	21.9725284652	24.1160603425	1.03365385405	0.0178233460092	0.0129872829335
0.000280883733149	21.735487657	23.8649356082	1.0388244417	0.0205308018742	0.0139638952015
0.000346415006366	21.4665989004	23.5799547649	1.04475717303	0.0236271159135	0.0150108990767
0.000426491404688	21.1625515292	23.2575608423	1.05155416931	0.0271610169323	0.0161326881864
0.000524044092538	20.8199843671	22.8941287758	1.05932809403	0.0311851261644	0.0173337872535
0.000642480707065	20.4355833561	22.4860796954	1.06820229518	0.0357555674157	0.0186188274863
0.00078572272304	20.006204139	22.0306278786	1.07831063203	0.040931426957	0.0199925163202
0.000958221894798	19.5290411829	21.5240731368	1.08979661719	0.0467735447959	0.0214595669399
0.0011649669358	19.0017929653	20.9638236871	1.10281285232	0.0533432889445	0.0230247307969
0.00141145851255	18.4228735461	20.3485327729	1.11751915811	0.0607008057244	0.0246927250068
0.00170365312956	17.7916346631	19.677298654	1.13407992611	0.0689029991927	0.0264681539162
0.00204785257722	17.1085906823	18.9500548556	1.15266144171	0.0780002432025	0.0283555136866
0.00245058705563	16.3755845748	18.1695653853	1.17342849427	0.0880343042734	0.0303591906653
0.00291839414983	15.5959979498	17.3382036524	1.19653879034	0.0990338685541	0.0324833185384
0.00345764666346	14.7747576557	16.4618922841	1.22214007605	0.111012455442	0.0347319639073
0.00407425074449	13.918408141	15.5469448891	1.25036302007	0.123963537671	0.037108956649
0.00477344928065	13.0349252591	14.6015901613	1.28131760847	0.13785918484	0.0396180705409
0.00555955588405	12.1335140767	13.6356886496	1.31508817131	0.152646682168	0.0422630725525
0.00643575756968	11.2242778091	12.6600463229	1.35172863685	0.168247335186	0.0450477765397
0.00740397729361	10.3177941297	11.6855368348	1.39125926269	0.184556196148	0.0479761685744
0.00846484871648	9.42461572117	10.7233748757	1.43366584949	0.201443602743	0.0510526493825
0.00961774489113	8.55480623488	9.78427698106	1.47889860863	0.218757487722	0.054282164386
0.010860915517	7.71749681359	8.87827677952	1.52687312331	0.236327372707	0.0576704020098
0.0121916636078	6.92054262266	8.01373538127	1.5774714394	0.253968867462	0.0612239131424
0.0136066370358	6.1702463012	7.19734674206	1.63054649323	0.271489826905	0.0649503878725
0.0151022177438	5.47119981876	6.43422247719	1.68592681136	0.288698741997	0.0688588752962
0.0166746974643	4.82631689045	5.72821734274	1.74342029019	0.305407832326	0.0729598954799
0.0183205632424	4.23693110597	5.08025188535	1.80281496885	0.321440920093	0.0772652844119
0.0200369778605	3.70288257313	4.4912108935	1.86389212643	0.336640971667	0.081788913081
0.0218216399484	3.22285654452	3.95917774798	1.92641864712	0.350871250151	0.0865458583121
0.0236733270278	2.79451677515	3.4826067449	1.99016362939	0.364022585674	0.0915533860361
0.0255917076906	2.41485003404	3.0580084198	2.05488703684	0.376015476088	0.0968297516328
0.0275774700508	2.08034760175	2.6818384511	2.12035446108	0.386797615347	0.102395034493
0.0296325952884	1.78720913855	2.35066589577	2.18633386515	0.396351833067	0.108270536836
0.0317598436016	1.53157035821	2.060019736	2.25258829491	0.404689585858	0.114477595059
0.0339629864525	1.30958252466	1.80591140032	2.31889193213	0.411847951012	0.121038496139
0.0362467591434	1.11753337572	1.58472888408	2.38502302494	0.417891489912	0.127975259577
0.0386166736182	0.951928597394	1.3926534662	2.450757116	0.422912113085	0.135308013795
0.0410784495675	0.809539464169	1.22611127722	2.51587608589	0.427013970746	0.14305491946
0.0436381144494	0.687411938759	1.08194158432	2.58017028905	0.430314115882	0.151231454967
0.0463020831941	0.582872238042	0.957655199587	2.64343577756	0.432945078352	0.159848915382
0.0490757747965	0.493556518217	0.850309232711	2.70545796964	0.435045051662	0.168910481671
0.0519636580354	0.417363563729	0.75758575176	2.76604292048	0.436742927564	0.178414059726
0.0549692172693	0.352442128815	0.677771300887	2.82500611993	0.438166627165	0.188349629861
0.0580937792477	0.297185500334	0.608863031158	2.88215439002	0.439443563598	0.198694346601
0.0613350931879	0.250204259496	0.549222749141	2.93731558296	0.440669612663	0.209416195365
0.0646892125589	0.210282110266	0.497860183663	2.99033589656	0.441938030751	0.220473143693
0.0681456660633	0.176397967578	0.453132803699	3.04104759949	0.443312731419	0.231805273212
0.0716917281234	0.147653179963	0.414505200519	3.08933360916	0.444836366125	0.243348716764
0.0753067808117	0.123301492711	0.380633922675	3.13505452385	0.446527457161	0.255019242549
0.078967864434	0.102686388916	0.351181788026	3.1781298881	0.448380908342	0.266733016313
0.0826428947253	0.0852693031229	0.325183585212	3.21846186184	0.450360503483	0.278388550364
0.0862991257204	0.0705738020092	0.302148481899	3.25600660791	0.452423259477	0.289888150849
0.089897934933	0.0582034970331	0.281707365302	3.29073700469	0.454494973837	0.301130807082
0.0933978914611	0.0478223703141	0.263262099229	3.32264310486	0.456493240246	0.312014758453
0.0967601439512	0.039135959156	0.246461746355	3.3517628926	0.458337290737	0.3224513138
0.099946867782	0.0318952520788	0.231071681497	3.37816182193	0.459940397631	0.332362184582
0.102924040666	0.0258874631831	0.216698243429	3.40192838568	0.461225980377	0.341681000278
0.105665885446	0.0209256132279	0.203107767622	3.42319223439	0.462134370753	0.350363562561
0.10815448163	0.0168484630835	0.190084516883	3.4421078225	0.462623661995	0.358384557287
0.110381289185	0.0135155775577	0.177474506098	3.45885180235	0.462675473814	0.365738494868
0.112346305394	0.0108057025913	0.165159186703	3.47361440894	0.462291530834	0.372437282518
0.114058440491	0.00861291396642	0.153125033425	3.48659355178	0.461498860315	0.378508031791
0.115532413818	0.00684699430839	0.141366512765	3.49798216317	0.460340005654	0.383986891214
0.116788240014	0.00543028089449	0.130014474497	3.50796571114	0.45887329897	0.388916934044
0.117848165101	0.00429769200599	0.11917969227	3.5167099527	0.457166937647	0.393340860505
0.118735317974	0.0033949304306	0.108977771276	3.52436213321	0.455292437114	0.397300004578
0.119472362599	0.00267718397021	0.0995035711439	3.53105042811	0.453319885151	0.400832640392
0.120080626952	0.00210777844771	0.0908268426027	3.5368854914	0.451314120516	0.403973530202
0.120579673578	0.00165683666214	0.0830368735083	3.54196250537	0.449332900733	0.406753951622
0.120987054148	0.00130014092566	0.0761599745101	3.54636093795	0.447428127585	0.409200632203
0.12131724325	0.00101897381551	0.0699142193312	3.5501489941	0.445637202962	0.411337439087
0.12158340769	0.000797798777473	0.0642240404736	3.55340136928	0.443977719308	0.413194994997
0.121796979574	0.000624076573927	0.0590416526977	3.55618675093	0.442458572839	0.414803376682
0.121967654354	0.00048780350263	0.0543223281004	3.55856653924	0.441082405465	0.416190861384
0.122103550445	0.000381032844082	0.0500199988265	3.56059526485	0.439847071288	0.417383676942
0.122211407666	0.0002974625986	0.0460929663455	3.56232125952	0.438746847216	0.418405971364
0.122296996981	0.000231937602104	0.0432028490999	3.56378708541	0.437774903712	0.419279711323
0.122366474318	0.000179299934213	0.0415242214173	3.56500917964	0.436951770865	0.420012137596
0.122417271756	0.000141131298583	0.035721580599	3.56599411934	0.436257444337	0.420605103575
0.122457537046	0.000111088000227	0.0306758236065	3.5668961274	0.435585088429	0.421150295969
0.122489426829	8.74485324961e-05	0.026310926583	3.56772353882	0.434939037218	0.421652261586
0.12251467427	6.88458934557e-05	0.0225389768242	3.56848343744	0.434322337231	0.422114875598
0.12253465463	5.42066007888e-05	0.0192771613784	3.56918220778	0.433736607137	0.422541661502
0.122550470972	4.26785292567e-05	0.0164844524365	3.56982581188	0.433182275373	0.422935949692
0.122562978783	3.36060010741e-05	0.0140775688859	3.57041865404	0.43265987691	0.423300170653
0.122572872243	2.64619731819e-05	0.0120115838548	3.57096549935	0.432168637954	0.423637021362
0.122580691962	2.08388876675e-05	0.0102420448143	3.57147033418	0.43170767077	0.423948760211
0.122586872617	1.64116112207e-05	0.00872297195738	3.57193672601	0.43127589055	0.42423742084
0.122591755614	1.29264087985e-05	0.00742241946101	3.5723681167	0.430871799816	0.424504988524
0.122595612753	1.01825768382e-05	0.00630742769152	3.57276753207	0.430493916162	0.424753216142
0.122598657486	8.02336509681e-06	0.00534890546328	3.57313786704	0.430140553758	0.424983797046
0.122601061229	6.32362812431e-06	0.00452744023777	3.57348203226	0.429809770325	0.425198453848
0.122602960009	4.98456480837e-06	0.00382351147804	3.57380256004	0.429499800185	0.425398690235
0.122604458115	3.93071120125e-06	0.00321835228465	3.57410177643	0.429208904078	0.425585895167
0.122605639693	3.10146838534e-06	0.00269906760139	3.57438213777	0.428935098058	0.425761551601
0.122606571059	2.44926278303e-06	0.00224964506715	3.57464594488	0.42867645294	0.425927056361
0.122607305763	1.93583820316e-06	0.00185993557271	3.57489592061	0.428430545406	0.426084081393
0.122607885865	1.53124867183e-06	0.00152308952931	3.57513491197	0.428194763338	0.426234386918
0.122608342421	1.21342247062e-06	0.0012325965461	3.57536577639	0.427966422609	0.426379749284
0.122608700889	9.64330604121e-07	0.000978749673311	3.57559184653	0.427742332368	0.426522253409
0.122608978183	7.71980418015e-07	0.000739223983502	3.57581810601	0.427517603306	0.42666503626
0.122609203335	6.16078861224e-07	0.000553510229571	3.57605790271	0.427279048309	0.42681653636
0.122609374205	4.97977749702e-07	0.000377426792519	3.57631345355	0.427024439123	0.426978187818
0.122609505064	4.07699427558e-07	0.000229626298101	3.5766162869	0.426722326477	0.427170013665
0.122609616534	3.30980869228e-07	0.000167199485202	3.57702351211	0.426315714684	0.42742842019
0.122609716727	2.62260374139e-07	0.000136046236787	3.57747739648	0.425862380846	0.427717051345
0.122609796566	2.07698387203e-07	0.000111535104909	3.57791943338	0.425420781935	0.427998775566
0.12260986082	1.63943283599e-07	9.33756050759e-05	3.57834648301	0.424994084223	0.428271537449
0.122609910653	1.30122221539e-07	7.48423851795e-05	3.57874919012	0.424591649637	0.428529283858
0.12260995037	1.03253031988e-07	6.0198119203e-05	3.57914798025	0.424193076411	0.428785034037
0.122609982441	8.16265503526e-08	5.0060856031e-05	3.5795414181	0.423799813446	0.429037851254
0.122610008024	6.44301183972e-08	4.19066316243e-05	3.57991548296	0.423425887885	0.429278681083
0.122610028281	5.08535946367e-08	3.50881043225e-05	3.5802682461	0.42307323491	0.429506209639
0.122610044318	4.01363703843e-08	2.93832197331e-05	3.58060082809	0.422740740015	0.429721089803
0.122610057009	3.16780847033e-08	2.46012781533e-05	3.58091432438	0.422427312563	0.429923966756
0.122610066983	2.50464946782e-08	2.01213677019e-05	3.58120988614	0.422131804848	0.430115529678
0.122610074837	1.98372531972e-08	1.65992592356e-05	3.58149562256	0.42184611094	0.43030099465
0.122610081156	1.56563593785e-08	1.38983711511e-05	3.58176997118	0.42157179648	0.430479318509
0.122610086154	1.23562252235e-08	1.16384608315e-05	3.58202860396	0.421313190696	0.430647652342
0.12261009005	9.78911519175e-09	9.45500932478e-06	3.58227238008	0.421069435601	0.430806516945
0.122610093175	7.73402783273e-09	7.88039230377e-06	3.58251011899	0.420831713543	0.430961634829
0.122610095659	6.10383118477e-09	6.59875877941e-06	3.58273549799	0.42060634792	0.431108859589
0.122610097623	4.8169928886e-09	5.52613594352e-06	3.58294793703	0.420393919447	0.431247784504
0.122610099176	3.80158911724e-09	4.62661300256e-06	3.58314814665	0.42019371818	0.431378848025
0.122610100403	2.99993337467e-09	3.87625600965e-06	3.58333688782	0.420004983605	0.431502525019
0.122610101368	2.37105759266e-09	3.18446838439e-06	3.58351467337	0.419827203244	0.431619130705
0.122610102127	1.87662271571e-09	2.63447970986e-06	3.58368572313	0.419656157552	0.431731417213
0.122610102736	1.4808979333e-09	2.2067909752e-06	3.58384937519	0.419492508761	0.431838938147
0.122610103217	1.16861280571e-09	1.84852599635e-06	3.58400355642	0.419338330108	0.43194031789
0.122610103597	9.22174283877e-10	1.54843610716e-06	3.58414881415	0.419193074412	0.43203590229
0.122610103897	7.27700937927e-10	1.29705868356e-06	3.58428566232	0.419056227857	0.432126017047
0.122610104135	5.74232218127e-10	1.08666875698e-06	3.58441458703	0.418927304409	0.432210971179
0.122610104322	4.53101404967e-10	9.10687404422e-07	3.58453602531	0.418805867139	0.432291042768
0.12261010447	3.57520767397e-10	7.63202872882e-07	3.58465036906	0.418691524176	0.432366481424
0.122610104587	2.82100251126e-10	6.39628922832e-07	3.58475803233	0.418583861529	0.432437552461
0.122610104679	2.22955271278e-10	5.15512279824e-07	3.58485940024	0.418482494117	0.432504503132
0.12261010475	1.77401676703e-10	4.16905053188e-07	3.58495880556	0.41838308917	0.432570190899
0.122610104808	1.39967249637e-10	3.49588430347e-07	3.58505660948	0.418285285564	0.432634852673
0.122610104854	1.10430152002e-10	2.93164801411e-07	3.58514863797	0.41819325732	0.432695725311
0.12261010489	8.71259206322e-11	2.45847311675e-07	3.58523522343	0.418106672045	0.432753023516
0.122610104919	6.87372514188e-11	2.06255158225e-07	3.58531668755	0.418025208078	0.432806955573
0.122610104941	5.42263209538e-11	1.73080920282e-07	3.5853932977	0.417948598053	0.432857694419
0.122610104959	4.27786253811e-11	1.45242132399e-07	3.58546532109	0.417876574755	0.432905413406
0.122610104973	3.38558225271e-11	1.18931687822e-07	3.58553303217	0.417808863752	0.432950291142
0.122610104984	2.67298632656e-11	9.95223182662e-08	3.5855984759	0.417743420077	0.432993680743
0.122610104993	2.10833445859e-11	8.3617223068e-08	3.58566022343	0.417681672597	0.433034632919
0.122610105	1.6629577201e-11	7.02538635141e-08	3.58571819277	0.417623703292	0.433073090983
0.122610105005	1.31166190215e-11	5.90260808173e-08	3.58577261498	0.417569281109	0.433109206085
0.12261010501	1.03440763176e-11	4.96605484573e-08	3.58582370701	0.417518189109	0.433143120301
0.122610105013	8.15717959193e-12	4.17892126648e-08	3.58587159922	0.417470296914	0.433174918497
0.122610105016	6.43261377906e-12	3.51654552868e-08	3.58591648095	0.417425415205	0.433204724871
0.122610105018	5.07264100044e-12	2.95915502606e-08	3.58595854134	0.41738335482	0.433232663728
0.12261010502	3.99924899153e-12	2.49508603575e-08	3.58599795769	0.417343938476	0.433258851669
0.122610105021	3.15275958321e-12	2.10442076239e-08	3.5860348139	0.41730708228	0.433283343397
0.122610105022	2.48543596003e-12	1.77492145078e-08	3.58606926341	0.417272632768	0.433306239968
0.122610105023	1.95935738445e-12	1.49701185007e-08	3.58610146335	0.417240432835	0.433327644991
0.122610105024	1.54424124273e-12	1.26551912975e-08	3.58613156057	0.417210335625	0.433347655379
0.122610105024	1.21691986318e-12	1.07037691257e-08	3.58615962074	0.417182275452	0.433366314175
0.122610105024	9.58977156421e-13	9.05324689895e-09	3.58618576492	0.41715613128	0.433383701302
0.122610105025	7.55708019753e-13	7.65722899767e-09	3.58621012389	0.417131772311	0.433399903256
0.122610105025	5.95407370997e-13	6.49099834849e-09	3.58623281952	0.417109076675	0.433415000674
0.122610105025	4.69000366776e-13	5.50769593404e-09	3.58625391394	0.417087982261	0.433429034497
0.122610105025	3.69429626179e-13	4.67334789535e-09	3.58627349664	0.417068399564	0.433442063938
0.122610105025	2.90997898392e-13	3.96539074675e-09	3.58629167593	0.417050220267	0.433454160779
0.122610105026	2.29312280579e-13	3.33224892484e-09	3.58630855239	0.417033343812	0.433465391682
0.122610105026	1.81046021165e-13	2.78969479429e-09	3.58632437836	0.41701751784	0.433475924386
0.122610105026	1.42504795959e-13	2.38002349676e-09	3.5863393034	0.4170025928	0.433485858264
0.122610105026	1.1216817104e-13	2.0305120589e-09	3.58635307343	0.41698882277	0.433495024052
0.122610105026	8.82895868589e-14	1.73232628284e-09	3.58636577783	0.416976118377	0.433503481084
0.122610105026	6.94942773097e-14	1.4779291844e-09	3.58637749904	0.416964397163	0.433511284119
0.122610105026	5.47001271451e-14	1.26089052039e-09	3.58638831315	0.41695358305	0.433518483692
0.122610105026	4.30512801024e-14	1.07810349137e-09	3.58639829036	0.416943605843	0.433525126438
0.122610105026	3.3863646762e-14	9.24390649646e-10	3.58640747424	0.416934421968	0.433531241287
0.122610105026	2.66367452291e-14	7.92593472937e-10	3.58641589945	0.416925996756	0.433536851251
0.122610105026	2.09521397759e-14	6.79587383191e-10	3.58642362866	0.416918267541	0.433541997992
0.122610105026	1.64806911137e-14	5.82693270306e-10	3.58643071937	0.416911176831	0.433546719742
0.122610105026	1.29635003484e-14	4.99613984759e-10	3.58643722432	0.416904671884	0.433551051579
0.122610105026	1.01960629544e-14	4.29212782707e-10	3.58644319189	0.416898704311	0.433555025687
0.122610105026	8.01548389825e-15	3.69592366991e-10	3.5864486554	0.416893240806	0.433558664217
0.122610105026	6.30125190819e-15	3.18253545849e-10	3.58645364332	0.416888252884	0.433561986111
0.122610105026	4.95363277867e-15	2.74045975316e-10	3.58645819706	0.416883699148	0.433565018916
0.122610105026	3.89422155878e-15	2.35979095487e-10	3.5864623544	0.416879541806	0.433567787782
0.122610105026	3.06138110326e-15	2.0319993696e-10	3.58646614985	0.416875746353	0.433570315674
0.122610105026	2.4065520533e-15	1.75147707192e-10	3.58646961492	0.416872281289	0.43357262356
0.122610105026	1.89098834184e-15	1.51343158193e-10	3.58647277508	0.416869121128	0.433574728402
0.122610105026	1.4858752779e-15	1.30773900219e-10	3.5864756488	0.416866247402	0.433576642491
0.122610105026	1.1675507961e-15	1.13000226221e-10	3.58647826205	0.41686363415	0.433578383112
0.122610105026	9.17421979185e-16	9.76421888295e-11	3.58648063844	0.416861257763	0.433579965984
0.122610105026	7.20879096124e-16	8.43714786965e-11	3.58648279943	0.416859096772	0.4335814054
0.122610105026	5.66442283544e-16	7.29044065763e-11	3.58648476455	0.416857131653	0.433582714361
0.122610105026	4.44917844624e-16	6.31833845862e-11	3.58648655155	0.416855344654	0.433583904689
0.122610105026	3.49456247126e-16	5.47643549768e-11	3.58648817112	0.416853725083	0.433584983501
0.122610105026	2.74476866296e-16	4.74671372549e-11	3.58648963876	0.416852257447	0.433585961115
0.122610105026	2.15585051168e-16	4.1142253796e-11	3.58649096871	0.416850927493	0.433586847024
0.122610105026	1.69329061795e-16	3.56601442247e-11	3.5864921739	0.416849722305	0.433587649828
0.122610105026	1.32997760088e-16	3.09085115567e-11	3.58649326602	0.416848630179	0.433588377324
0.122610105026	1.04454150304e-16	2.68296720544e-11	3.5864942557	0.416847640507	0.433589036576
0.122610105026	8.20127065376e-17	2.33172092888e-11	3.58649515113	0.416846745069	0.433589633058
0.122610105026	6.43926891121e-17	2.02645872393e-11	3.5864959601	0.416845936104	0.43359017194
0.122610105026	5.05582410295e-17	1.76116051403e-11	3.58649669094	0.41684520526	0.433590658785
0.122610105026	3.96960531563e-17	1.53059434706e-11	3.58649735121	0.416844544994	0.433591098616
0.122610105026	3.11675512014e-17	1.33021321793e-11	3.58649794771	0.41684394849	0.433591495974
0.122610105026	2.4471354997e-17	1.15606539853e-11	3.58649848661	0.416843409591	0.43359185496
0.122610105026	1.92057593263e-17	1.00793710594e-11	3.58649897347	0.416842922733	0.433592179279
0.122610105026	1.50727209043e-17	8.78899646845e-12	3.58649941172	0.416842484481	0.433592471221
0.122610105026	1.18291031661e-17	7.66381722836e-12	3.58649980616	0.416842090043	0.433592733977
0.122610105026	9.2835048642e-18	6.68268485478e-12	3.58650016117	0.416841735038	0.433592970464
0.122610105026	7.28571381962e-18	5.82715830859e-12	3.58650048068	0.416841415526	0.433593183308
0.122610105026	5.71784314704e-18	5.08115738805e-12	3.58650076825	0.416841127957	0.433593374873
0.122610105026	4.48731842582e-18	4.43192530592e-12	3.58650102707	0.416840869137	0.433593547287
0.122610105026	3.5211119324e-18	3.86896784088e-12	3.58650125994	0.416840636263	0.433593702418
0.122610105026	2.76294834867e-18	3.37751901966e-12	3.58650146926	0.416840426943	0.433593841859
0.122610105026	2.16803203362e-18	2.94849559415e-12	3.58650165741	0.416840238793	0.433593967196
0.122610105026	1.70121270562e-18	2.57396809692e-12	3.58650182653	0.416840069674	0.433594079856
0.122610105026	1.33490861296e-18	2.24701428496e-12	3.58650197854	0.416839917661	0.433594181121
0.122610105026	1.04747688501e-18	1.96159119927e-12	3.58650211518	0.416839781022	0.433594272144
0.122610105026	8.21934777625e-19	1.71242347581e-12	3.586502238	0.416839658204	0.433594353961
0.122610105026	6.44956258622e-19	1.49490584339e-12	3.5865023484	0.416839547808	0.433594427502
0.122610105026	5.0608464757e-19	1.30501800652e-12	3.58650244763	0.416839448577	0.433594493605
0.122610105026	3.97114789211e-19	1.13925034017e-12	3.58650253682	0.416839359384	0.433594553023
0.122610105026	3.11608256769e-19	9.94539022803e-13	3.58650261699	0.416839279211	0.433594606431
0.122610105026	2.44512941269e-19	8.68209409147e-13	3.58650268906	0.416839207148	0.433594654436
0.122610105026	1.91864550575e-19	7.57926595818e-13	3.58650275383	0.416839142373	0.433594697587
0.122610105026	1.50552381426e-19	6.61652266272e-13	3.58650281205	0.41683908415	0.433594736373
0.122610105026	1.18135525249e-19	5.77607017434e-13	3.58650286439	0.416839031816	0.433594771236
0.122610105026	9.26984972395e-20	5.04237011006e-13	3.58650291143	0.416838984775	0.433594802573
0.122610105026	7.25703229909e-20	4.47772837796e-13	3.58650295371	0.416838942492	0.43359483074
0.122610105026	5.68125835537e-20	3.97634795123e-13	3.58650299099	0.416838905216	0.433594855572
0.122610105026	4.44764403222e-20	3.53110811331e-13	3.58650302385	0.416838872355	0.433594877463
0.122610105026	3.48189364817e-20	3.13572268917e-13	3.58650305282	0.416838843385	0.433594896762
0.122610105026	2.72584389827e-20	2.78460937925e-13	3.58650307836	0.416838817846	0.433594913775
0.122610105026	2.13396091096e-20	2.47281094514e-13	3.58650310087	0.416838795331	0.433594928773
0.122610105026	1.67059792513e-20	2.19592522032e-13	3.58650312072	0.416838775483	0.433594941996
0.122610105026	1.30784842793e-20	1.95004295768e-13	3.58650313822	0.416838757985	0.433594953652
0.122610105026	1.02386545687e-20	1.73169263635e-13	3.58650315364	0.416838742559	0.433594963928
0.122610105026	8.01545844289e-21	1.53779144866e-13	3.58650316724	0.416838728961	0.433594972987
0.122610105026	6.27500161702e-21	1.36560177517e-13	3.58650317923	0.416838716972	0.433594980973
0.122610105026	4.91246327747e-21	1.21269253319e-13	3.5865031898	0.416838706404	0.433594988013
0.122610105026	3.84578314132e-21	1.07690485334e-13	3.58650319912	0.416838697087	0.43359499422
0.122610105026	3.01071929148e-21	9.56321599213e-14	3.58650320733	0.416838688873	0.433594999692
0.122610105026	2.35491360301e-21	8.56382978871e-14	3.58650321457	0.416838681632	0.433595004515
0.122610105026	1.84084034251e-21	7.68804450078e-14	3.5865032209	0.416838675308	0.433595008729
0.122610105026	1.43898831796e-21	6.9018219288e-14	3.5865032264	0.4168386698	0.433595012397
0.122610105026	1.12485984271e-21	6.19600288747e-14	3.5865032312	0.416838665005	0.433595015592
0.122610105026	8.79305029348e-22	5.56236486102e-14	3.58650323537	0.416838660829	0.433595018373
0.122610105026	6.87354375159e-22	4.99352621418e-14	3.58650323901	0.416838657194	0.433595020795
0.122610105026	5.37306191954e-22	4.48286019901e-14	3.58650324218	0.416838654028	0.433595022905
0.122610105026	4.20013248272e-22	4.02441775596e-14	3.58650324493	0.416838651271	0.433595024741
0.122610105026	3.28325136242e-22	3.61285820962e-14	3.58650324733	0.41683864887	0.43359502634
0.122610105026	2.56652368722e-22	3.243387052e-14	3.58650324942	0.41683864678	0.433595027732
0.122610105026	2.0062563321e-22	2.91170008836e-14	3.58650325124	0.41683864496	0.433595028945
0.122610105026	1.56829429996e-22	2.61393329503e-14	3.58650325283	0.416838643376	0.433595030001
0.122610105026	1.22593856606e-22	2.34661780508e-14	3.58650325421	0.416838641996	0.43359503092
0.122610105026	9.58318453102e-23	2.10663949737e-14	3.58650325541	0.416838640794	0.43359503172
0.122610105026	7.49008413269e-23	1.89742096996e-14	3.58650325646	0.416838639748	0.433595032417
0.122610105026	5.84886412037e-23	1.71649464347e-14	3.58650325736	0.41683863884	0.433595033022
0.122610105026	4.56726665406e-23	1.55282033223e-14	3.58650325815	0.416838638056	0.433595033544
0.122610105026	3.56649158851e-23	1.40475299079e-14	3.58650325882	0.41683863738	0.433595033995
0.122610105026	2.78500539019e-23	1.27080443509e-14	3.58650325941	0.416838636796	0.433595034384
0.122610105026	2.17475769406e-23	1.14962838505e-14	3.58650325991	0.416838636292	0.43359503472
0.122610105026	1.6982268847e-23	1.04000693355e-14	3.58650326035	0.416838635857	0.433595035009
0.122610105026	1.32611304682e-23	9.40838305565e-15	3.58650326072	0.416838635481	0.43359503526
0.122610105026	1.03553643434e-23	8.51125784499e-15	3.58650326105	0.416838635157	0.433595035476
0.122610105026	8.08630689054e-24	7.69967694496e-15	3.58650326133	0.416838634877	0.433595035662
0.122610105026	6.30855197905e-24	7.1101132576e-15	3.58650326157	0.416838634635	0.433595035823
0.122610105026	4.88261555956e-24	6.85707457358e-15	3.58650326177	0.416838634431	0.433595035959
0.122610105026	3.77898680725e-24	6.61304117162e-15	3.58650326194	0.416838634268	0.433595036068
0.122610105026	2.92481378367e-24	6.37769256672e-15	3.58650326207	0.416838634136	0.433595036156
0.122610105026	2.26371144047e-24	6.15071967948e-15	3.58650326217	0.416838634031	0.433595036226
0.122610105026	1.7520395706e-24	5.93182443018e-15	3.58650326226	0.416838633946	0.433595036282
0.122610105026	1.35602206272e-24	5.72071934733e-15	3.58650326233	0.416838633878	0.433595036327
0.122610105026	1.04951729711e-24	5.51712719014e-15	3.58650326238	0.416838633824	0.433595036364
0.122610105026	8.12292504081e-25	5.32078058441e-15	3.58650326242	0.41683863378	0.433595036393
0.122610105026	6.28688173126e-25	5.1314216714e-15	3.58650326246	0.416838633745	0.433595036416
0.122610105026	4.86591460009e-25	4.94812428775e-15	3.58650326249	0.416838633716	0.433595036435
0.122610105026	3.76615664187e-25	4.77116527819e-15	3.58650326251	0.416838633694	0.43359503645
0.122610105026	2.91495782741e-25	4.60053482654e-15	3.58650326253	0.416838633676	0.433595036462
0.122610105026	2.25614066103e-25	4.43600660554e-15	3.58650326254	0.416838633661	0.433595036472
