0.0	0.0154470194916	0.252293922598	1.0	0.0	0.0
1.0568062526e-12	0.0154470169918	0.252293908266	1.00000000934	1.05680626465e-08	0.0001
1.31898291467e-12	0.0154470167251	0.252293906738	1.00000001033	1.2250615483e-08	0.000107666666119
1.64620139275e-12	0.0154470164161	0.252293904966	1.00000001149	1.42010494679e-08	0.000115921109881
2.05459751413e-12	0.0154470160578	0.252293902912	1.00000001283	1.64620141473e-08	0.000124808394209
2.56431014425e-12	0.0154470156425	0.252293900531	1.00000001438	1.90829494118e-08	0.000134377036844
3.20047427538e-12	0.015447015161	0.25229389777	1.00000001617	2.21211665199e-08	0.000144679275213
3.9944604844e-12	0.015447014603	0.252293894571	1.00000001826	2.56431015396e-08	0.000155771351602
4.98542187958e-12	0.015447013956	0.252293890862	1.00000002068	2.97257675187e-08	0.000167713820193
6.2222248193e-12	0.0154470132061	0.252293886562	1.00000002348	3.44584390249e-08	0.000180571877638
7.76585860998e-12	0.0154470123368	0.252293881578	1.00000002672	3.99446040276e-08	0.000194415718982
9.6924430098e-12	0.015447011329	0.252293875801	1.00000003049	4.63042270846e-08	0.00020932092086
1.20969818435e-11	0.0154470101608	0.252293869103	1.00000003485	5.36763721303e-08	0.00022536885409
1.50980478255e-11	0.0154470088066	0.25229386134	1.00000003991	6.2222243816e-08	0.000242647127875
1.88436296073e-11	0.0154470072369	0.25229385234	1.00000004577	7.21287121296e-08	0.000261250068078
2.35184293768e-11	0.0154470054172	0.252293841907	1.00000005257	8.36123987858e-08	0.000281279232148
2.93529708644e-11	0.0154470033077	0.252293829813	1.00000006045	9.69244139818e-08	0.000302843963532
3.66349668845e-11	0.0154470008625	0.252293815794	1.00000006958	1.12355847325e-07	0.000326061988575
4.57235069602e-11	0.0154469980279	0.252293799543	1.00000008017	1.30244132613e-07	0.000351060059193
5.70667646389e-11	0.015446994742	0.252293780705	1.00000009244	1.50980427014e-07	0.000377974644798
7.12240976634e-11	0.015446990933	0.252293758867	1.00000010667	1.75018163306e-07	0.000406952677272
8.88936307761e-11	0.0154469865176	0.252293733553	1.00000012316	2.02882965678e-07	0.000438152353044
1.1094668128e-10	0.0154469813991	0.252293704208	1.00000014227	2.35184142583e-07	0.000471743996647
1.3847072489e-10	0.0154469754658	0.252293670191	1.00000016443	2.72628010115e-07	0.000507910990465
1.72823020531e-10	0.0154469685878	0.252293630758	1.00000019012	3.16033336321e-07	0.000546850775752
2.15697538293e-10	0.0154469606148	0.252293585047	1.0000002199	3.66349244621e-07	0.00058877593036
2.69208490731e-10	0.0154469513723	0.252293532059	1.00000025442	4.24675966454e-07	0.000633915329077
3.35994586337e-10	0.0154469406584	0.252293470634	1.00000029444	4.92288899658e-07	0.000682515392882
4.19349145761e-10	0.0154469282387	0.25229339943	1.00000034083	5.70666494472e-07	0.000734841433937
5.23382496519e-10	0.0154469138417	0.252293316889	1.0000003946	6.61522581085e-07	0.00079117910364
6.53224653416e-10	0.0154468971526	0.252293221207	1.00000045693	7.66843842461e-07	0.00085183595163
8.15278278087e-10	0.0154468778064	0.252293110292	1.00000052919	8.88933252728e-07	0.000917143104225
1.01753438996e-09	0.0154468553801	0.252292981717	1.00000061295	1.03046043006e-06	0.000987457071448
1.26996639453e-09	0.0154468293833	0.252292832672	1.00000071005	1.19452000622e-06	0.00106316169245
1.58502185575e-09	0.0154467992477	0.252292659898	1.0000008226	1.38469928642e-06	0.00114467022991
1.97823625781e-09	0.0154467643142	0.252292459617	1.00000095308	1.60515667887e-06	0.00123242762485
2.46899901462e-09	0.0154467238191	0.25229222745	1.00000110433	1.86071260897e-06	0.00132691292399
3.0815094899e-09	0.0154466768769	0.252291958319	1.00000127966	2.15695490373e-06	0.00142864189294
3.84597015567e-09	0.0154466224612	0.25229164634	1.0000014829	2.50036094758e-06	0.00153816982933
4.80007570369e-09	0.0154465593823	0.252291284692	1.0000017185	2.89843928134e-06	0.00165609459111
5.99087150861e-09	0.015446486261	0.252290865467	1.0000019916	3.35989373307e-06	0.00178305985639
7.47707304035e-09	0.0154464014987	0.252290379499	1.00000230819	3.89481366861e-06	0.00191975863249
9.33196053276e-09	0.0154463032421	0.252289816163	1.00000267518	4.51489451139e-06	0.00206693703297
1.1646991552e-08	0.0154461893431	0.25228916314	1.0000031006	5.23369334982e-06	0.00222539834309
1.45363094652e-08	0.0154460573116	0.252288406154	1.00000359374	6.06692520382e-06	0.00239600739547
1.81423699256e-08	0.0154459042613	0.252287528654	1.00000416539	7.03280641829e-06	0.00257969527934
2.26429625285e-08	0.0154457268466	0.252286511455	1.00000482805	8.15245266727e-06	0.00277746440843
2.82599734589e-08	0.0154455211892	0.252285332319	1.0000055962	9.45034024475e-06	0.00299039397464
3.52703206112e-08	0.0154452827938	0.252283965468	1.00000648663	1.09548406902e-05	0.00321964581605
4.40195995087e-08	0.01544500645	0.252282381019	1.00000751881	1.26988403863e-05	0.00346647073038
5.49391116252e-08	0.0154446861184	0.252280544339	1.0000087153	1.47204586099e-05	0.00373221526678
6.85671129185e-08	0.0154443147985	0.252278415277	1.00001010225	1.70638796404e-05	0.00401832903132
8.55753276475e-08	0.0154438843768	0.252275947298	1.00001170997	1.97803169979e-05	0.00432637254372
1.06802030966e-07	0.0154433854493	0.252273086459	1.0000135736	2.2929130725e-05	0.00465802568549
1.33293325939e-07	0.0154428071165	0.252269770238	1.00001573386	2.65791219159e-05	0.00501509678202
1.66354642146e-07	0.0154421367465	0.252265926165	1.00001823795	3.08100324948e-05	0.00539953236396
2.07614983408e-07	0.0154413596997	0.252261470243	1.00002114057	3.57142826263e-05	0.00581342765552
2.5910707548e-07	0.0154404590102	0.25225630512	1.00002450512	4.13989831995e-05	0.00625903784035
3.23367340908e-07	0.0154394150174	0.25225031796	1.00002840507	4.79882666495e-05	0.00673879015794
4.03560594766e-07	0.0154382049391	0.252243377993	1.00003292559	5.56259860876e-05	0.00725529688594
5.03635557879e-07	0.0154368023771	0.252235333663	1.00003816535	6.44788404248e-05	0.00781136926619
6.28518780415e-07	0.0154351767458	0.252226009336	1.0000442387	7.47399920292e-05	0.00841003243389
7.84356429066e-07	0.0154332926105	0.25221520148	1.00005127812	8.66332536089e-05	0.00905454141108
9.78815702457e-07	0.0154311089224	0.252202674244	1.00005943713	0.00010041793264	0.0097483982259
1.22146050926e-06	0.0154285781345	0.252188154351	1.00006889359	0.00011639443492	0.0104953702195
1.5242196036e-06	0.0154256451797	0.252171325171	1.00007985353	0.000134910743948	0.0112995096004
1.90196978447e-06	0.0154222462902	0.252151819878	1.0000925556	0.000156369909977	0.0121651743043
2.37326222714e-06	0.0154183076356	0.252129213532	1.0001072762	0.000181238701999	0.0130970502101
2.96122676609e-06	0.0154137437515	0.252103013923	1.0001243354	0.000210057597764	0.0141001747585
3.69469728101e-06	0.0154084557282	0.252072650996	1.00014410379	0.000243452311366	0.0151799620051
4.60961160206e-06	0.0154023291256	0.252037464634	1.00016701036	0.000282147085155	0.0163422291261
5.75075196664e-06	0.0153952315752	0.251996690555	1.00019355161	0.000326980002656	0.0175932243738
7.17390752622e-06	0.0153870100242	0.251949444054	1.00022430199	0.000378920611875	0.0189396564507
8.94855930368e-06	0.0153774875767	0.251894701254	1.00025992599	0.000439090183463	0.0203887252334
1.11612110151e-05	0.0153664598754	0.251831277529	1.00030119192	0.00050878496528	0.0219481537321
1.3919517067e-05	0.0153536909688	0.251757802679	1.00034898787	0.000589502832932	0.0236262211071
1.73573926739e-05	0.0153389086009	0.251672692423	1.00040433978	0.000682973773559	0.0254317964894
2.1641331332e-05	0.0153217988583	0.251574115698	1.00046843232	0.000791194675247	0.0273743732502
2.69782027557e-05	0.0153020001096	0.251459957226	1.00054263247	0.00091646892392	0.0294641032429
3.36248607182e-05	0.0152790961699	0.251327774744	1.00062851653	0.00106145132881	0.0317118303835
4.18999556731e-05	0.0152526086317	0.251174750269	1.00072790054	0.00122919890055	0.0341291227451
5.21984218621e-05	0.0152219883116	0.250997634705	1.0008428747	0.00142322798405	0.0367283021038
6.50091923266e-05	0.0151866057807	0.250792685132	1.00097584202	0.00164757818958	0.0395224695791
8.09367862089e-05	0.0151457409761	0.250555594067	1.00112956139	0.0019068834557	0.0425255256613
0.00010072750741	0.0150985719335	0.25028141009	1.00130719536	0.00220645039507	0.045752182485
0.000125301085765	0.0150441627419	0.249964449291	1.00151236263	0.00255234379417	0.0492179656948
0.000155788671071	0.0149814509094	0.24959819719	1.00174919504	0.0029514787265	0.0529392026398
0.000193578140435	0.0149092344449	0.249175201065	1.00202239862	0.00341171815512	0.0569329929175
0.000240367676707	0.0148261591166	0.248686953041	1.0023373179	0.00394197409406	0.0612171564652
0.000298228485893	0.014730706553	0.248123764884	1.00270000191	0.00455230931027	0.0658101534624
0.00036967729696	0.0146211841083	0.24747463631	1.00311726969	0.00525403511154	0.0707309692828
0.000457758864878	0.0144957177346	0.246727119714	1.00359677233	0.00605979891141	0.0759989566344
0.00056613799518	0.0143522494868	0.245867185717	1.00414704682	0.00698365292196	0.0816336259214
0.000699199525812	0.0141885417342	0.244879095848	1.00477755611	0.0080410924513	0.0876543738219
0.000862153124411	0.0140021906371	0.243745291039	1.00549870743	0.00924904886273	0.0940801392478
0.00106113756739	0.0137906519526	0.242446307496	1.00632183918	0.0106258183496	0.100928975427
0.00130331625926	0.0135512826806	0.240960734917	1.00725916429	0.0121909034727	0.10821752709
0.00159695207915	0.0132814023653	0.239265235776	1.00832365563	0.0139647402566	0.115960403012
0.00195144527145	0.0129783778877	0.23733464835	1.00952885731	0.0159682801723	0.124169436896
0.00237731328895	0.0126397351237	0.2351421999	1.01088860417	0.018222394499	0.132852834313
0.00288608680503	0.0122632996838	0.232659859263	1.0124166322	0.020747069745	0.142014210691
0.00349009249687	0.0118473668296	0.229858859217	1.01412606512	0.0235603688185	0.151651535674
0.00420210776026	0.0113908881348	0.226738461976	1.01602876771	0.0266772477265	0.16175601294
0.00503489564489	0.0108936402936	0.223285060261	1.0181343508	0.0301086457962	0.172309671666
0.00600022446406	0.0103565859738	0.219436961654	1.02044934251	0.0338580833251	0.183284834954
0.0071082033808	0.00978193774028	0.215171603	1.02297662241	0.0379210818926	0.19464531778
0.00836613468429	0.00917337545317	0.210471256129	1.02571413414	0.0422830795335	0.206344143974
0.00977735100845	0.00853613978476	0.205324686304	1.0286539554	0.0469178583279	0.218323191575
0.0113400699823	0.00787702317101	0.199728821409	1.03178155024	0.0517864524474	0.230513329378
0.0130464143049	0.00720423183604	0.193690288177	1.03507533027	0.0568368128962	0.24283515676
0.0148817955227	0.00652709533791	0.187242038583	1.03850664916	0.0620046062838	0.255200425116
0.0168250677307	0.00585554210008	0.180456514554	1.042040087	0.0672165909665	0.267513161319
0.0188479875139	0.00519990643364	0.173316340505	1.04563393239	0.0723898679782	0.279670386248
0.0209173839771	0.00456999824288	0.16587230372	1.04924370292	0.0774387926741	0.29157216526
0.0229966721971	0.0039746341245	0.158184878724	1.05282321634	0.0822795297859	0.3031215595
0.0250481253349	0.00342112135939	0.150322100413	1.05632693329	0.0868353108618	0.314228308465
0.027034567502	0.00291507679998	0.142241492371	1.05971226842	0.0910384359951	0.324812241743
0.0289240935037	0.00245964982989	0.134134426722	1.06294438015	0.0948403169303	0.334814705522
0.0306898034998	0.00205608087033	0.126081958944	1.065992493	0.0982105627453	0.344183690377
0.0323115694285	0.00170372091546	0.11815441317	1.06883334624	0.101137205991	0.352882647887
0.0337764077533	0.00140037505018	0.110305968398	1.07145168421	0.1036248661	0.360891132844
0.0350760656525	0.00114314108278	0.102293065707	1.07384226219	0.105682398273	0.368211522402
0.0362155881537	0.000927011503347	0.0946295716616	1.07601380151	0.107346222099	0.374882262418
0.0372015232104	0.000747338523721	0.0873491919615	1.07796978832	0.108658329076	0.380919456806
0.0380441993342	0.000599381868081	0.0804741379537	1.07971836178	0.109664403271	0.386348536394
0.0387563322152	0.000478574371253	0.0739550268353	1.08127109543	0.110410425597	0.391202127355
0.0393472510034	0.000381445177479	0.0667639355064	1.08264295194	0.110924582272	0.395521668006
0.039838269733	0.00030306624391	0.0601859465481	1.08387091793	0.111247762695	0.399418366687
0.0402424967315	0.000240275828377	0.0535016222778	1.08496573516	0.111417970952	0.40292081251
0.0405693531067	0.000190775584653	0.046567047335	1.08595137265	0.111446535478	0.406100462788
0.0408356335036	0.000151410778103	0.0400548054748	1.08685723191	0.111360368248	0.409048288018
0.0410529537372	0.000120022896799	0.0343956620831	1.08769814497	0.11118340118	0.411809524893
0.0412297133799	9.50595968106e-05	0.0293097129845	1.088478325	0.110939379123	0.414394955645
0.0413723927087	7.53394325894e-05	0.0247674949823	1.08920644554	0.110641101689	0.416830281934
0.0414881607006	5.96692647929e-05	0.0208837197944	1.08989162685	0.110302418432	0.419143355573
0.0415816735765	4.7264468356e-05	0.017519192169	1.09053699496	0.109935191032	0.421342272114
0.0416573387648	3.74213747778e-05	0.0146805478656	1.09114775195	0.109548139849	0.423442424727
0.0417184619955	2.96187768748e-05	0.0122925371962	1.09172591029	0.109149651852	0.425448532152
0.0417678135154	2.34326378583e-05	0.0102997673471	1.09227328484	0.108746541745	0.427364718612
0.0418076008633	1.85320030477e-05	0.00863024666513	1.09279081888	0.108344697015	0.429192136891
0.0418396480074	1.46505315713e-05	0.00724045655618	1.09327985751	0.107948368901	0.430933428439
0.0418654240079	1.15783844963e-05	0.00607616152879	1.09374113457	0.107561299523	0.432589159015
0.0418861248623	9.14864990971e-06	0.00510052926577	1.09417590916	0.107185847297	0.434161881254
0.0419027374779	7.22700143362e-06	0.00428293011361	1.09458546099	0.1068236941	0.435654376265
0.0419160503779	5.70823563437e-06	0.00359603752374	1.09497099698	0.106475984658	0.437069319585
0.0419267038926	4.50872881276e-06	0.00301528899258	1.09533388344	0.106143249724	0.438410136026
0.0419352236751	3.56134731591e-06	0.00252468191322	1.09567588737	0.10582526886	0.439681918704
0.0419420244293	2.81400809263e-06	0.00210842105181	1.09599866166	0.105521603098	0.440889537516
0.0419474528828	2.22413636202e-06	0.0017519964331	1.09630416692	0.105231299653	0.442039209258
0.0419517798287	1.75896644934e-06	0.00145174671648	1.09659484497	0.104952700345	0.443139177738
0.0419552201073	1.39288599712e-06	0.00118756286869	1.09687234628	0.104684773594	0.444194895017
0.0419579638295	1.10379651407e-06	0.000968319430197	1.09714102786	0.104423705835	0.445222340388
0.0419600232907	8.88837874887e-07	0.00067439854194	1.09740219328	0.104168239909	0.446226077561
0.0419616415004	7.2160187503e-07	0.000453736385578	1.09770399285	0.103870906528	0.447392236401
0.0419629702207	5.8589258672e-07	0.000305335023577	1.09806785581	0.103510698981	0.448807228334
0.0419640814516	4.74021264485e-07	0.000222419282266	1.09850642002	0.10307517976	0.450525988245
0.0419650871139	3.74508265638e-07	0.000186327047622	1.09899318854	0.102591153174	0.452450878056
0.0419658858033	2.96854577861e-07	0.000151909577591	1.09945244077	0.102134067323	0.454283793626
0.04196653491	2.34806930642e-07	0.000126579560689	1.09989902242	0.101689237566	0.456082037768
0.0419670565556	1.8575365504e-07	0.000104305733003	1.10032308181	0.101266579299	0.457804296619
0.0419674725805	1.47240836208e-07	8.4441299467e-05	1.10073028424	0.10086048918	0.459471749433
0.0419678092609	1.1654645928e-07	7.01156026081e-05	1.10112903709	0.100462632495	0.461117729751
0.041968081633	9.20815841613e-08	5.83330097964e-05	1.1015092501	0.100083141309	0.462699424789
0.0419682979481	7.2925289185e-08	4.78853879822e-05	1.10187042412	0.0997225381793	0.464213115106
0.0419684682788	5.8044690824e-08	3.87945371587e-05	1.10221892919	0.0993744808727	0.465684167443
0.0419686098286	4.58427425415e-08	3.24961793595e-05	1.10256135019	0.0990324305208	0.467139650043
0.0419687228899	3.62214016357e-08	2.6911481085e-05	1.10288429318	0.0987097824672	0.468521618547
0.0419688122188	2.87120559377e-08	2.19279588298e-05	1.10319247358	0.0984018342601	0.469848895994
0.0419688849059	2.26738196013e-08	1.8367684417e-05	1.10349231586	0.0981021802619	0.471148289488
0.0419689429754	1.79046314949e-08	1.53854725029e-05	1.10377506565	0.0978195803865	0.472380930234
0.0419689890517	1.41609625652e-08	1.26491690234e-05	1.10404168164	0.097553082983	0.473549800834
0.0419690256742	1.12158405641e-08	1.04251274524e-05	1.10429820325	0.097296655338	0.474680481471
0.0419690553138	8.85585671356e-09	8.73260999764e-06	1.10454475305	0.0970501813648	0.475772859007
0.0419690789435	6.99217438808e-09	7.31488798353e-06	1.10477720245	0.0968177922545	0.476807873158
0.0419690977711	5.52048323556e-09	6.12746214145e-06	1.10499634639	0.0965986962245	0.477788218258
0.0419691126825	4.36473319689e-09	5.04676345597e-06	1.10520293192	0.0963921485494	0.478716477032
0.0419691245078	3.4555329307e-09	4.16487687887e-06	1.10540126691	0.0961938435019	0.479611426075
0.0419691340443	2.72799029342e-09	3.48899026929e-06	1.10559155758	0.0960035769276	0.480473562971
0.0419691416299	2.15355211044e-09	2.92289269757e-06	1.10577091384	0.095824239798	0.481289304155
0.041969147661	1.70000852656e-09	2.44884732126e-06	1.10593995057	0.0956552182379	0.48206091907
0.0419691524541	1.34194786387e-09	2.05165705152e-06	1.10609924098	0.0954959398696	0.482790551643
0.0419691562591	1.05945986222e-09	1.7119060131e-06	1.10624934396	0.0953458464218	0.483480338859
0.0419691592666	8.3749355074e-10	1.41852433871e-06	1.10639138511	0.0952038127995	0.48413508752
0.0419691616574	6.62020436219e-10	1.17540636424e-06	1.10652690267	0.095068301211	0.484761594512
0.0419691635634	5.22880997915e-10	9.82235339419e-07	1.1066561953	0.0949390133398	0.485360995415
0.0419691650806	4.12688774324e-10	8.23207340115e-07	1.10677840983	0.094816802589	0.485929089647
0.0419691662831	3.25772188378e-10	6.87022503422e-07	1.10689351489	0.0947017005189	0.486465481492
0.0419691672213	2.5826907799e-10	5.56451881779e-07	1.10700239883	0.094592818906	0.486974087875
0.0419691679766	2.04160496813e-10	4.63288644218e-07	1.10710897989	0.094486239727	0.487473075922
0.04196916858	1.61116438725e-10	3.8845840401e-07	1.10721018203	0.0943850390738	0.487947927323
0.0419691690581	1.27143170565e-10	3.25785548621e-07	1.10730544042	0.0942897818704	0.488395823998
0.0419691694369	1.0032936097e-10	2.73252366303e-07	1.10739508113	0.0942001420978	0.488818136588
0.041969169737	7.91693130987e-11	2.29189978348e-07	1.10747942283	0.0941158011405	0.489216221345
0.0419691699746	6.24666920309e-11	1.92335044958e-07	1.10755877735	0.0940364472062	0.489591421023
0.0419691701626	4.92872718633e-11	1.61405101668e-07	1.1076333932	0.093961831813	0.489944795421
0.0419691703112	3.89049183427e-11	1.34066128106e-07	1.10770355285	0.0938916725313	0.490277579436
0.0419691704277	3.07876862331e-11	1.10493357334e-07	1.10777023013	0.0938249955447	0.490594308321
0.0419691705213	2.42871520425e-11	9.28428623709e-08	1.10783425524	0.0937609706561	0.490898864201
0.0419691705953	1.91589485978e-11	7.80113153678e-08	1.10789436749	0.09370085859	0.491185187199
0.0419691706538	1.51134133528e-11	6.5548627622e-08	1.10795080565	0.0936444205759	0.491454345552
0.0419691707001	1.19217743357e-11	5.5102172609e-08	1.10800379397	0.093591432371	0.491707347654
0.0419691707367	9.40220395784e-12	4.63744804186e-08	1.10805351894	0.0935417074849	0.49194502981
0.0419691707656	7.41506308954e-12	3.90289425311e-08	1.1081001176	0.0934951089019	0.492167998497
0.0419691707884	5.84785595628e-12	3.2846724437e-08	1.10814378626	0.0934514402929	0.492377149972
0.0419691708065	4.61173159008e-12	2.76604778217e-08	1.10818470897	0.0934105176307	0.492573327666
0.0419691708208	3.63590904727e-12	2.33298447128e-08	1.10822303387	0.0933721927649	0.49275720823
0.041969170832	2.86654728691e-12	1.9677138814e-08	1.10825885953	0.0933363671349	0.492929234529
0.0419691708409	2.25996913337e-12	1.65962556201e-08	1.10829234878	0.0933028779062	0.493090161767
0.041969170848	1.78169006002e-12	1.4006110787e-08	1.10832365387	0.0932715728352	0.493240698168
0.0419691708535	1.40413585268e-12	1.18460537135e-08	1.1083528988	0.0932423279175	0.493381419505
0.0419691708579	1.10658245498e-12	1.00190883435e-08	1.10838014993	0.0932150768005	0.493512626722
0.0419691708614	8.72079883171e-13	8.47385821309e-09	1.10840554309	0.0931896836472	0.493634957576
0.0419691708641	6.87260657765e-13	7.16888044359e-09	1.10842920488	0.0931660218628	0.493749007793
0.0419691708663	5.41373100069e-13	6.08345366408e-09	1.10845124699	0.0931439797518	0.493855303433
0.041969170868	4.26451857239e-13	5.16235417884e-09	1.10847170861	0.0931235181382	0.493954022463
0.0419691708693	3.35924460228e-13	4.38070700129e-09	1.108490703	0.0931045237525	0.494045701655
0.0419691708703	2.64613287715e-13	3.71740190764e-09	1.10850833532	0.093086891435	0.494130840206
0.0419691708712	2.08858756228e-13	3.10145183811e-09	1.1085247032	0.0930705235558	0.494209902305
0.0419691708718	1.64751858262e-13	2.62269987688e-09	1.10854018829	0.0930550384663	0.494284725923
0.0419691708723	1.29682561058e-13	2.23767210956e-09	1.1085546332	0.0930405935634	0.494354545898
0.0419691708728	1.020778497e-13	1.90916482624e-09	1.10856795998	0.0930272667789	0.494418980692
0.0419691708731	8.03489538452e-14	1.6288818736e-09	1.10858025517	0.0930149715928	0.494478444145
0.0419691708733	6.32452354493e-14	1.38974464467e-09	1.10859159859	0.0930036281755	0.494533318523
0.0419691708735	4.97822316401e-14	1.18571342835e-09	1.10860206389	0.0929931628717	0.494583956888
0.0419691708737	3.91673535744e-14	1.0157496811e-09	1.10861171904	0.0929835077226	0.494630685303
0.0419691708738	3.0809287755e-14	8.70908749124e-10	1.10862058666	0.0929746401026	0.494673610856
0.0419691708739	2.42347316575e-14	7.46720462761e-10	1.10862872215	0.0929665046194	0.494712999572
0.041969170874	1.90631195263e-14	6.40240198234e-10	1.10863618593	0.0929590408378	0.494749142263
0.0419691708741	1.49950870523e-14	5.48943128145e-10	1.10864303346	0.0929521933094	0.494782305923
0.0419691708741	1.17951464412e-14	4.70664383081e-10	1.1086493156	0.0929459111614	0.494812735666
0.0419691708741	9.27427912692e-15	4.05003868171e-10	1.10865507905	0.0929401477192	0.494840656508
0.0419691708742	7.29090546342e-15	3.48752338114e-10	1.10866034545	0.0929348813149	0.4948661725
0.0419691708742	5.73168376526e-15	3.00313421923e-10	1.10866515341	0.0929300733581	0.494889469823
0.0419691708742	4.50590957922e-15	2.58602098601e-10	1.10866954282	0.0929256839451	0.494910741172
0.0419691708742	3.54227492583e-15	2.22684024781e-10	1.10867355012	0.0929216766446	0.494930162541
0.0419691708742	2.78472067071e-15	1.91754612326e-10	1.10867720857	0.0929180181958	0.494947894669
0.0419691708742	2.18917559931e-15	1.65121148336e-10	1.10868054853	0.0929146782325	0.494964084352
0.0419691708743	1.7209932599e-15	1.4218688234e-10	1.10868359773	0.0929116290341	0.494978865641
0.0419691708743	1.3529365241e-15	1.22437982587e-10	1.10868638147	0.092908845291	0.494992360959
0.0419691708743	1.06359278322e-15	1.05432041888e-10	1.10868892287	0.0929063038948	0.49500468211
0.0419691708743	8.36128595845e-16	9.07880952768e-11	1.10869124302	0.0929039837486	0.495015931191
0.0419691708743	6.57310437951e-16	7.81780873646e-11	1.10869336117	0.092901865592	0.495026201432
0.0419691708743	5.16734858211e-16	6.73195245218e-11	1.10869529493	0.0928999318407	0.495035577961
0.0419691708743	4.06223260588e-16	5.7969147402e-11	1.10869706032	0.0928981664414	0.495044138514
0.0419691708743	3.1934608229e-16	4.991751615e-11	1.10869867203	0.0928965547381	0.495051954068
0.0419691708743	2.51048844354e-16	4.29842077351e-11	1.10870014341	0.0928950833515	0.495059089429
0.0419691708743	1.97357986859e-16	3.7013895124e-11	1.1087014867	0.0928937400661	0.495065603772
0.0419691708743	1.55149737785e-16	3.18728256009e-11	1.10870271304	0.0928925137295	0.49507155113
0.0419691708743	1.21968380436e-16	2.74458233014e-11	1.10870383261	0.0928913941603	0.495076980836
0.0419691708743	9.58833835365e-17	2.36337091622e-11	1.1087048547	0.0928903720633	0.495081937935
0.0419691708743	7.53770849598e-17	2.03510791844e-11	1.10870578781	0.0928894389526	0.495086463551
0.0419691708743	5.92563948602e-17	1.75243929748e-11	1.10870663968	0.0928885870811	0.495090595235
0.0419691708743	4.65833809197e-17	1.5090324413e-11	1.10870741739	0.0928878093759	0.495094367269
0.0419691708743	3.66207052659e-17	1.2994336791e-11	1.10870812739	0.0928870993804	0.495097810952
0.0419691708743	2.87887181711e-17	1.11894725431e-11	1.10870877557	0.0928864511996	0.495100954862
0.0419691708743	2.26317368407e-17	9.63529617987e-12	1.10870936731	0.0928858594518	0.49510382509
0.0419691708743	1.77915333483e-17	8.29698843172e-12	1.10870990754	0.0928853192238	0.495106445458
0.0419691708743	1.39864925042e-17	7.14456620557e-12	1.10871040074	0.0928848260302	0.495108837712
0.0419691708743	1.09952270832e-17	6.15221087942e-12	1.10871085099	0.0928843757759	0.49511102171
0.0419691708743	8.64369710291e-18	5.29769043362e-12	1.10871126204	0.0928839647226	0.495113015579
0.0419691708743	6.79508393676e-18	4.56185991225e-12	1.10871163731	0.0928835894574	0.495114835868
0.0419691708743	5.34183011999e-18	3.92823343499e-12	1.1087119799	0.0928832468644	0.495116497688
0.0419691708743	4.19938104381e-18	3.38261529835e-12	1.10871229267	0.0928829340991	0.495118014832
0.0419691708743	3.30126556366e-18	2.9127815111e-12	1.1087125782	0.0928826485646	0.495119399897
0.0419691708743	2.59522854875e-18	2.50820593543e-12	1.10871283888	0.09288238789	0.495120664378
0.0419691708743	2.04019054731e-18	2.15982446503e-12	1.10871307685	0.092882149911	0.495121818775
0.0419691708743	1.60385767668e-18	1.85983195702e-12	1.10871329411	0.0928819326515	0.495122872669
0.0419691708743	1.26084266621e-18	1.60150748929e-12	1.10871349246	0.0928817343077	0.49512383481
0.0419691708743	9.9118779178e-19	1.37906340386e-12	1.10871367353	0.0928815532327	0.495124713187
0.0419691708743	7.79203640577e-19	1.18751603287e-12	1.10871383884	0.0928813879229	0.49512551509
0.0419691708743	6.12556262635e-19	1.02257393639e-12	1.10871398976	0.0928812370059	0.495126247179
0.0419691708743	4.8154954842e-19	8.80541738228e-13	1.10871412754	0.0928810992284	0.49512691553
0.0419691708743	3.7856107925e-19	7.58237335383e-13	1.10871425332	0.0928809734465	0.495127525693
0.0419691708743	2.97598631022e-19	6.52920606689e-13	1.10871436815	0.0928808586159	0.495128082733
0.0419691708743	2.33951527403e-19	5.62232027722e-13	1.10871447298	0.0928807537829	0.495128591276
0.0419691708743	1.839165567e-19	4.84139810946e-13	1.10871456869	0.0928806580773	0.495129055544
0.0419691708743	1.44582509991e-19	4.16894345441e-13	1.10871465606	0.0928805707043	0.495129479391
0.0419691708743	1.13660793407e-19	3.5898905452e-13	1.10871473583	0.0928804909384	0.495129866336
0.0419691708743	8.93522716573e-20	3.09126619573e-13	1.10871480865	0.0928804181174	0.495130219593
0.0419691708743	7.0242588239e-20	2.66189914939e-13	1.10871487513	0.0928803516366	0.495130542093
0.0419691708743	5.52198733389e-20	2.29216979785e-13	1.10871493582	0.0928802909439	0.495130836516
0.0419691708743	4.34100514149e-20	1.97379466297e-13	1.10871499123	0.0928802355354	0.495131105304
0.0419691708743	3.41259844306e-20	1.69964083107e-13	1.10871504181	0.0928801849511	0.495131350691
0.0419691708743	2.68274917542e-20	1.46356610322e-13	1.10871508799	0.0928801387709	0.495131574714
0.0419691708743	2.10899207106e-20	1.26028139859e-13	1.10871513015	0.0928800966114	0.495131779232
0.0419691708743	1.65794385526e-20	1.0852322899e-13	1.10871516864	0.0928800581226	0.495131965944
0.0419691708743	1.303360899e-20	9.34496944538e-14	1.10871520378	0.0928800229848	0.495132136399
0.0419691708743	1.02461227095e-20	8.04698259428e-14	1.10871523586	0.0928799909062	0.495132292015
0.0419691708743	8.05479356081e-21	6.92928199928e-14	1.10871526515	0.0928799616206	0.495132434081
0.0419691708743	6.332121983e-21	5.96682647841e-14	1.10871529188	0.0928799348848	0.495132563779
0.0419691708743	4.97787661618e-21	5.13805303028e-14	1.10871531629	0.0928799104767	0.495132682184
0.0419691708743	3.91326249135e-21	4.42439360358e-14	1.10871533857	0.0928798881937	0.495132790281
0.0419691708743	3.07633644318e-21	3.80985921685e-14	1.10871535891	0.0928798678508	0.495132888966
0.0419691708743	2.41840302973e-21	3.28068171789e-14	1.10871537749	0.0928798492791	0.495132979059
0.0419691708743	1.90118125766e-21	2.82500530638e-14	1.10871539444	0.0928798323243	0.495133061308
0.0419691708743	1.4945772542e-21	2.43262091451e-14	1.10871540992	0.0928798168457	0.495133136396
0.0419691708743	1.17493329552e-21	2.09473748125e-14	1.10871542405	0.0928798027147	0.495133204947
0.0419691708743	9.23651313644e-22	1.80378499653e-14	1.10871543695	0.0928797898141	0.495133267529
0.0419691708743	7.26110792179e-22	1.55324490641e-14	1.10871544873	0.0928797780367	0.495133324662
0.0419691708743	5.70818092535e-22	1.33750404825e-14	1.10871545948	0.0928797672846	0.495133376821
0.0419691708743	4.4873770977e-22	1.15172891849e-14	1.1087154693	0.0928797574687	0.495133424439
0.0419691708743	3.527665544e-22	9.91757371851e-15	1.10871547826	0.0928797485074	0.495133467911
0.0419691708743	2.77320668456e-22	8.54005371847e-15	1.10871548644	0.0928797403264	0.495133507598
0.0419691708743	2.1801033018e-22	7.35386693308e-15	1.10871549391	0.0928797328576	0.49513354383
