0.0	4.17840335937	4.1870369077	0.0	0.0	0.0
1.75386191853e-17	4.17840335904	4.18703690746	4.01384227836e-11	1.75386372089e-11	1e-06
1.96338643988e-17	4.17840335901	4.18703690744	4.2874983248e-11	1.89090965105e-11	1.03833333333e-06
2.19794173735e-17	4.17840335899	4.18703690743	4.5825367905e-11	2.03864702893e-11	1.07813611111e-06
2.46051810417e-17	4.17840335896	4.18703690741	4.90062841452e-11	2.19794182849e-11	1.11946466203e-06
2.7544630679e-17	4.17840335893	4.18703690739	5.24357448103e-11	2.36968222816e-11	1.16237747408e-06
3.08352406737e-17	4.1784033589	4.18703690736	5.61331701949e-11	2.5548452242e-11	1.20693527725e-06
3.45189622794e-17	4.17840335887	4.18703690734	6.01194980201e-11	2.75446332402e-11	1.25320112954e-06
3.86427584417e-17	4.17840335883	4.18703690731	6.44173019992e-11	2.96969115956e-11	1.30124050617e-06
4.32592025187e-17	4.1784033588	4.18703690729	6.90509196674e-11	3.20172777169e-11	1.35112139224e-06
4.84271485271e-17	4.17840335875	4.18703690726	7.40465902006e-11	3.45189432582e-11	1.40291437894e-06
5.42124814587e-17	4.17840335871	4.18703690722	7.94326030016e-11	3.7216119074e-11	1.45669276346e-06
6.06889572337e-17	4.17840335866	4.18703690719	8.52394578972e-11	4.01241262422e-11	1.51253265272e-06
6.79391429982e-17	4.17840335861	4.18703690715	9.1500037852e-11	4.32592850411e-11	1.57051307107e-06
7.60554697545e-17	4.17840335855	4.18703690711	9.82497951777e-11	4.66393590393e-11	1.63071607213e-06
8.51414107436e-17	4.17840335849	4.18703690707	1.05526952292e-10	5.0283555095e-11	1.69322685489e-06
9.5312800602e-17	4.17840335843	4.18703690702	1.13372718162e-10	5.42125233564e-11	1.75813388432e-06
1.06699312112e-16	4.17840335835	4.18703690697	1.21831521667e-10	5.84484682841e-11	1.82552901655e-06
1.19446109371e-16	4.17840335828	4.18703690691	1.30951263181e-10	6.30153706953e-11	1.89550762884e-06
1.33715698456e-16	4.1784033582	4.18703690685	1.40783585832e-10	6.79392098089e-11	1.96816875461e-06
1.49689999178e-16	4.17840335811	4.18703690679	1.51384167938e-10	7.32476301781e-11	2.04361522352e-06
1.67572664336e-16	4.17840335801	4.18703690672	1.62813038304e-10	7.89709408915e-11	2.12195380708e-06
1.87591676044e-16	4.17840335791	4.18703690665	1.75134916155e-10	8.5141449439e-11	2.20329536968e-06
2.10002252218e-16	4.1784033578	4.18703690657	1.88419577623e-10	9.17940168237e-11	2.28775502551e-06
2.35090100299e-16	4.17840335768	4.18703690648	2.02742250875e-10	9.89665016506e-11	2.37545230147e-06
2.63175059672e-16	4.17840335755	4.18703690639	2.18184042115e-10	1.06699316038e-10	2.46651130635e-06
2.94615179223e-16	4.17840335741	4.18703690629	2.3483239487e-10	1.15036424817e-10	2.56106090641e-06
3.29811282028e-16	4.17840335726	4.18703690618	2.52781585165e-10	1.24024901445e-10	2.6592349078e-06
3.69212075358e-16	4.1784033571	4.18703690606	2.72133255387e-10	1.33715705157e-10	2.76117224592e-06
4.13319871144e-16	4.17840335692	4.18703690594	2.92996989863e-10	1.44163791994e-10	2.86701718199e-06
4.62696989843e-16	4.17840335673	4.1870369058	3.15490935413e-10	1.55428114799e-10	2.97691950728e-06
5.17972929336e-16	4.17840335653	4.18703690566	3.3974247039e-10	1.67572733439e-10	3.09103475503e-06
5.79852390254e-16	4.17840335631	4.1870369055	3.65888925998e-10	1.80666148675e-10	3.20952442061e-06
6.49124260051e-16	4.17840335608	4.18703690533	3.94078363964e-10	1.94782745451e-10	3.33255619003e-06
7.26671670355e-16	4.17840335582	4.18703690515	4.24470414986e-10	2.10002237777e-10	3.46030417728e-06
8.13483255814e-16	4.17840335555	4.18703690495	4.57237182681e-10	2.26411001007e-10	3.5929491707e-06
9.10665757981e-16	4.17840335525	4.18703690474	4.92564218174e-10	2.44101960807e-10	3.73067888886e-06
1.01945813491e-15	4.17840335493	4.18703690451	5.30651570835e-10	2.63175037249e-10	3.87368824621e-06
1.14124735637e-15	4.17840335459	4.18703690426	5.71714921113e-10	2.837385881e-10	4.02217962892e-06
1.27758608599e-15	4.17840335422	4.18703690399	6.15986801886e-10	3.05908742688e-10	4.1763631813e-06
1.43021247584e-15	4.17840335382	4.18703690371	6.63717915249e-10	3.29811289281e-10	4.33645710318e-06
1.60107232575e-15	4.17840335339	4.1870369034	7.15178552184e-10	3.55581453044e-10	4.50268795871e-06
1.79234388985e-15	4.17840335293	4.18703690306	7.70660123158e-10	3.83365228304e-10	4.67529099704e-06
2.00646564667e-15	4.17840335243	4.1870369027	8.30476808319e-10	4.13319933663e-10	4.85451048515e-06
2.24616738676e-15	4.17840335189	4.18703690231	8.9496733663e-10	4.45615100177e-10	5.04060005363e-06
2.51450501416e-15	4.17840335131	4.18703690189	9.64496904016e-10	4.80433692598e-10	5.23382305556e-06
2.81489950545e-15	4.17840335068	4.18703690144	1.03945924139e-09	5.17972997558e-10	5.43445293921e-06
3.15118052305e-15	4.17840335	4.18703690096	1.12027884428e-09	5.58445400721e-10	5.64277363505e-06
3.52763523866e-15	4.17840334927	4.18703690043	1.20741337662e-09	6.02080052118e-10	5.85907995754e-06
3.94906298951e-15	4.17840334849	4.18703689986	1.30135626244e-09	6.49124309438e-10	6.08367802238e-06
4.42083646405e-15	4.17840334764	4.18703689925	1.40263948001e-09	6.99844293138e-10	6.31688567967e-06
4.9489701971e-15	4.17840334673	4.1870368986	1.5118365743e-09	7.54527439958e-10	6.5590329638e-06
5.54019724786e-15	4.17840334574	4.18703689789	1.62956590484e-09	8.13483280075e-10	6.81046256046e-06
6.20205503817e-15	4.17840334468	4.18703689712	1.75649414741e-09	8.77045657551e-10	7.07153029162e-06
6.9429814454e-15	4.17840334353	4.1870368963	1.8933400692e-09	9.45574617711e-10	7.34260561911e-06
7.77242237508e-15	4.1784033423	4.18703689541	2.0408785991e-09	1.0194581835e-09	7.62407216744e-06
8.70095218464e-15	4.17840334097	4.18703689445	2.19994521591e-09	1.09911468694e-09	7.91632826674e-06
9.74040849354e-15	4.17840333954	4.18703689342	2.37144067951e-09	1.18499521166e-09	8.21978751646e-06
1.09040430984e-14	4.17840333799	4.18703689231	2.55633613163e-09	1.27758614635e-09	8.53487937069e-06
1.22066909173e-14	4.17840333632	4.1870368911	2.75567859526e-09	1.37741173832e-09	8.86204974593e-06
1.36649591166e-14	4.17840333452	4.18703688981	2.97059690368e-09	1.48503731314e-09	9.20176165215e-06
1.52974388324e-14	4.17840333258	4.18703688841	3.20230809282e-09	1.60107238322e-09	9.55449584802e-06
1.71249421842e-14	4.17840333049	4.18703688691	3.45212429305e-09	1.72617386753e-09	9.92075152131e-06
1.91707676046e-14	4.17840332824	4.18703688529	3.72146015951e-09	1.86105042141e-09	1.03010469953e-05
2.14609968654e-14	4.17840332581	4.18703688354	4.01184088298e-09	2.00646565626e-09	1.06959204623e-05
2.40248275883e-14	4.17840332319	4.18703688165	4.32491082672e-09	2.16324313549e-09	1.11059307455e-05
2.68949454791e-14	4.17840332037	4.18703687962	4.66244283813e-09	2.33227048241e-09	1.15316580893e-05
3.010794103e-14	4.17840331733	4.18703687743	5.02634828802e-09	2.5145050423e-09	1.19737049812e-05
3.37047760041e-14	4.17840331404	4.18703687506	5.41868789425e-09	2.71097865643e-09	1.24326970037e-05
3.77313056475e-14	4.17840331051	4.18703687252	5.84168339118e-09	2.92280399029e-09	1.29092837202e-05
4.22388632875e-14	4.17840330669	4.18703686977	6.29773011082e-09	3.1511805288e-09	1.3404139594e-05
4.72849147699e-14	4.17840330258	4.18703686681	6.78941054713e-09	3.39740145972e-09	1.39179649426e-05
5.2933791078e-14	4.17840329814	4.18703686362	7.31950898005e-09	3.66286122313e-09	1.44514869293e-05
5.92575084737e-14	4.17840329336	4.18703686017	7.89102724235e-09	3.94906294993e-09	1.50054605919e-05
6.63366866174e-14	4.17840328821	4.18703685646	8.50720171831e-09	4.25762734365e-09	1.55806699111e-05
7.42615763692e-14	4.17840328265	4.18703685246	9.17152167067e-09	4.59030178426e-09	1.61779289205e-05
8.3133210377e-14	4.17840327666	4.18703684815	9.88774899958e-09	4.94897009811e-09	1.67980828582e-05
9.30646911193e-14	4.1784032702	4.1870368435	1.06599395454e-08	5.33566343814e-09	1.74420093629e-05
1.04182632823e-13	4.17840326323	4.18703683848	1.14924660561e-08	5.75257138612e-09	1.81106197164e-05
1.16628775641e-13	4.17840325573	4.18703683307	1.2390042949e-08	6.20205494223e-09	1.88048601328e-05
1.30561792661e-13	4.17840324763	4.18703682725	1.33577530079e-08	6.68665940365e-09	1.95257130978e-05
1.46159312801e-13	4.1784032389	4.18703682096	1.44010761651e-08	7.20912890849e-09	2.0274198759e-05
1.63620185351e-13	4.17840322949	4.18703681419	1.55259205339e-08	7.77242231197e-09	2.10513763696e-05
1.83167015066e-13	4.17840321935	4.18703680688	1.67386558643e-08	8.37972906259e-09	2.18583457875e-05
2.05049000097e-13	4.17840320841	4.18703679901	1.80461496136e-08	9.03448852006e-09	2.26962490321e-05
2.29545108967e-13	4.17840319662	4.18703679052	1.94558058356e-08	9.74040838491e-09	2.35662718997e-05
2.56967637075e-13	4.1784031839	4.18703678136	2.09756071081e-08	1.05014859038e-08	2.44696456425e-05
2.87666188078e-13	4.1784031702	4.18703677149	2.26141597361e-08	1.13220311843e-08	2.54076487106e-05
3.22032130913e-13	4.17840315542	4.18703676085	2.43807424878e-08	1.22066906203e-08	2.63816085611e-05
3.60503589266e-13	4.17840313948	4.18703674938	2.62853591382e-08	1.31604739817e-08	2.73929035372e-05
4.03571027114e-13	4.17840312231	4.18703673701	2.83387951181e-08	1.41887821699e-08	2.84429648185e-05
4.51783501536e-13	4.17840310379	4.18703672368	3.05526785896e-08	1.52974384151e-08	2.95332784464e-05
5.0575566252e-13	4.17840308382	4.1870367093	3.29395462943e-08	1.64927206947e-08	3.06653874273e-05
5.6617558899e-13	4.17840306229	4.1870366938	3.55129145455e-08	1.77813977045e-08	3.1840893916e-05
6.33813560972e-13	4.17840303908	4.18703667709	3.82873557683e-08	1.91707669394e-08	3.30614614832e-05
7.09531879712e-13	4.17840301406	4.18703665907	4.12785810202e-08	2.06686961049e-08	3.43288174698e-05
7.94295860958e-13	4.17840298708	4.18703663965	4.45035289593e-08	2.22836675254e-08	3.56447554316e-05
8.89186141549e-13	4.178402958	4.1870366187	4.79804617637e-08	2.40248265505e-08	3.7011137677e-05
9.95412456201e-13	4.17840292664	4.18703659613	5.1729068547e-08	2.59020329582e-08	3.84298979029e-05
1.11432906013e-12	4.17840289283	4.18703657178	5.57705768525e-08	2.79259170206e-08	3.99030439314e-05
1.24745199416e-12	4.17840285638	4.18703654554	6.01278728607e-08	3.01079393456e-08	4.14326605506e-05
1.39647841233e-12	4.17840281708	4.18703651724	6.48256309882e-08	3.24604564904e-08	4.30209124659e-05
1.56330821854e-12	4.17840277471	4.18703648674	6.98904536136e-08	3.4996790129e-08	4.46700473626e-05
1.750068288e-12	4.17840272903	4.18703645385	7.53510217206e-08	3.77313029906e-08	4.63823990873e-05
1.95913958219e-12	4.17840267978	4.18703641839	8.12382573121e-08	4.06794800173e-08	4.81603909506e-05
2.19318750327e-12	4.17840262668	4.18703638015	8.75854985145e-08	4.38580160716e-08	5.00065391565e-05
2.45519587454e-12	4.17840256944	4.18703633894	9.44286883636e-08	4.72849105272e-08	5.19234563633e-05
2.7485049806e-12	4.17840250772	4.1870362945	1.01806578342e-07	5.09795691873e-08	5.39138553812e-05
3.07685415175e-12	4.17840244117	4.18703624659	1.09760947821e-07	5.49629139745e-08	5.59805530111e-05
3.44442943584e-12	4.17840236943	4.18703619493	1.18336840645e-07	5.92575018356e-08	5.8126474031e-05
3.85591696516e-12	4.17840229209	4.18703613924	1.27582820206e-07	6.38876519727e-08	6.03546553353e-05
4.3165626988e-12	4.1784022087	4.1870360792	1.37551244447e-07	6.8879583844e-08	6.26682502324e-05
4.83223930205e-12	4.17840211879	4.18703601446	1.48298562354e-07	7.42615658219e-08	6.50705329071e-05
5.40952101559e-12	4.17840202186	4.18703594467	1.59885633608e-07	8.00640747324e-08	6.75649030543e-05
6.05576746878e-12	4.17840191736	4.18703586943	1.72378073225e-07	8.63199690489e-08	7.01548906903e-05
6.77921750574e-12	4.17840180468	4.1870357883	1.85846623117e-07	9.306467441e-08	7.28441611482e-05
7.58909422021e-12	4.17840168321	4.18703570084	2.00367552682e-07	1.0033638457e-07	7.56365202648e-05
8.49572253845e-12	4.17840155225	4.18703560654	2.16023090706e-07	1.08176277558e-07	7.85359197672e-05
9.51066084894e-12	4.17840141105	4.18703550488	2.32901890997e-07	1.16628749156e-07	8.15464628645e-05
1.06468483573e-11	4.17840125882	4.18703539527	2.51099534418e-07	1.2574166348e-07	8.46724100549e-05
1.19187700445e-11	4.17840109469	4.1870352771	2.70719070129e-07	1.3556662531e-07	8.79181851548e-05
1.33426413324e-11	4.17840091774	4.18703514969	2.91871599134e-07	1.46159270751e-07	9.12883815597e-05
1.49366148092e-11	4.17840072696	4.18703501233	3.14676903419e-07	1.57579583975e-07	9.47877687439e-05
1.67210116521e-11	4.17840052128	4.18703486423	3.3926412424e-07	1.69892235282e-07	9.8421299011e-05
1.87185806957e-11	4.17840029953	4.18703470457	3.65772493423e-07	1.83166948698e-07	0.000102194114501
2.09547884509e-11	4.17840006045	4.18703453242	3.94352121794e-07	1.97478895651e-07	0.000106111554469
2.34581437694e-11	4.17839980268	4.18703434683	4.25164849214e-07	2.12909121522e-07	0.000110179162839
2.62605612949e-11	4.17839952478	4.18703414674	4.58385161041e-07	2.29545004049e-07	0.000114402696051
2.93977683329e-11	4.17839922516	4.18703393101	4.94201176185e-07	2.47480748376e-07	0.000118788131207
3.29097603269e-11	4.17839890214	4.18703369843	5.32815712377e-07	2.66817920509e-07	0.000123341674528
3.68413107475e-11	4.17839855387	4.18703344767	5.74447434669e-07	2.87666022296e-07	0.000128069770139
4.12425418948e-11	4.17839817839	4.18703317732	6.19332093664e-07	3.10143111483e-07	0.000132979109186
4.61695638908e-11	4.17839777357	4.18703288584	6.67723860508e-07	3.34376470615e-07	0.000138076639308
5.16851900077e-11	4.17839733712	4.18703257159	7.19896766182e-07	3.60503327346e-07	0.000143369574464
5.78597374524e-11	4.17839686657	4.18703223279	7.76146253253e-07	3.88671631804e-07	0.000148865405148
6.47719238146e-11	4.17839635925	4.18703186751	8.36790848874e-07	4.19040894137e-07	0.000154571908982
7.25098706081e-11	4.1783958123	4.18703147369	9.02173968497e-07	4.51783088113e-07	0.000160497161729
8.11722266975e-11	4.1783952226	4.1870310491	9.72665860522e-07	4.8708362466e-07	0.000166649548714
9.08694259331e-11	4.17839458683	4.18703059134	1.04866570288e-06	5.25142401791e-07	0.000173037776696
1.01725095027e-10	4.17839390138	4.1870300978	1.13060386346e-06	5.6617493679e-07	0.000179670886188
1.13877629614e-10	4.17839316238	4.18702956571	1.21894433708e-06	6.10413586219e-07	0.000186558264246
1.27481958602e-10	4.17839236563	4.18702899204	1.31418737296e-06	6.58108862396e-07	0.000193709657757
1.42711519282e-10	4.17839150663	4.18702837354	1.41687230743e-06	7.09530850903e-07	0.000201135187228
1.597604684e-10	4.17839058051	4.18702770672	1.52758061795e-06	7.64970740881e-07	0.00020884536111
1.78846157364e-10	4.17838958202	4.1870269878	1.64693921579e-06	8.24742473349e-07	0.000216851090667
2.00211903144e-10	4.17838850552	4.1870262127	1.77562399597e-06	8.89184519399e-07	0.000225163705415
2.24130090182e-10	4.17838734491	4.18702537704	1.91436366455e-06	9.58661796067e-07	0.000233794969152
2.50905642871e-10	4.17838609361	4.18702447608	2.06394386491e-06	1.03356773384e-06	0.000242757096609
2.80879912852e-10	4.17838474453	4.18702350473	2.22521162654e-06	1.11432650302e-06	0.000252062770729
3.14435030686e-10	4.17838329005	4.18702245748	2.39908016125e-06	1.20139541687e-06	0.000261725160615
3.51998777392e-10	4.17838172193	4.1870213284	2.58653403429e-06	1.29526752051e-06	0.000271757940163
3.94050037921e-10	4.17838003127	4.1870201111	2.78863473933e-06	1.39647438265e-06	0.00028217530741
4.41124906118e-10	4.17837820852	4.18701879869	3.00652670912e-06	1.50558910588e-06	0.000292992004625
4.93823518959e-10	4.17837624334	4.18701738373	3.24144379571e-06	1.62322957177e-06	0.000304223339163
5.52817707216e-10	4.17837412462	4.18701585822	3.49471625693e-06	1.75006193931e-06	0.000315885205128
6.18859560044e-10	4.17837184035	4.18701421351	3.7677782888e-06	1.88680441705e-06	0.000327994105861
6.92791012682e-10	4.1783693776	4.18701244028	4.06217614631e-06	2.03423132997e-06	0.000340567177282
7.7555457947e-10	4.17836672242	4.18701052851	4.37957689875e-06	2.1931775035e-06	0.000353622212145
8.68205369002e-10	4.17836385978	4.18700846736	4.72177786895e-06	2.36454299075e-06	0.0003671776852
9.71924534559e-10	4.17836077347	4.18700624517	5.0907168101e-06	2.54929816899e-06	0.000381252779337
1.08803433127e-09	4.17835744601	4.18700384934	5.48848287745e-06	2.7484892334e-06	0.000395867412721
1.21801497191e-09	4.17835385857	4.18700126631	5.91732845729e-06	2.96324412133e-06	0.00041104226697
1.36352349624e-09	4.17834999082	4.18699848147	6.37968191998e-06	3.19477889808e-06	0.00042679881641
1.52641489424e-09	4.17834582087	4.18699547903	6.87816136924e-06	3.44440464295e-06	0.000443159358454
1.70876575268e-09	4.1783413251	4.18699224199	7.41558946556e-06	3.71353487176e-06	0.000460147045143
1.91290072625e-09	4.17833647806	4.18698875204	7.99500940755e-06	4.00369353994e-06	0.00047778591589
2.14142217063e-09	4.1783312523	4.1869849894	8.61970216175e-06	4.31652367139e-06	0.000496100931483
2.39724331527e-09	4.17832561824	4.18698093277	9.29320503834e-06	4.65379665993e-06	0.000515118009392
2.68362539854e-09	4.17831954397	4.18697655918	1.00193317178e-05	5.01742229855e-06	0.000534864060419
3.00421923856e-09	4.17831299511	4.18697184386	1.0802193842e-05	5.40945959161e-06	0.000555367026757
3.36311176946e-09	4.17830593456	4.18696676013	1.16462242918e-05	5.8321284117e-06	0.000576655921504
3.7648781361e-09	4.17829832235	4.18696127919	1.25562022825e-05	6.28782206652e-06	0.00059876086969
4.21464001103e-09	4.17829011538	4.18695537	1.35372804198e-05	6.77912084812e-06	0.000621713150872
4.71813087692e-09	4.17828126719	4.18694899912	1.45950138688e-05	7.3088066397e-06	0.000645545243358
5.28176910615e-09	4.17827172767	4.18694213047	1.5735391801e-05	7.87987866365e-06	0.000670290870126
5.91273976871e-09	4.17826144283	4.18693472515	1.69648712973e-05	8.49557045915e-06	0.000695985046493
6.6190862108e-09	4.17825035442	4.18692674125	1.82904138986e-05	9.15936818548e-06	0.000722664129614
7.40981257074e-09	4.17823839966	4.18691813356	1.97195250113e-05	9.87503035612e-06	0.000750365869867
8.29499853831e-09	4.17822551089	4.18690885333	2.12602963887e-05	1.0646609111e-05	0.000779129464205
9.28592781922e-09	4.17821161512	4.18689884804	2.29214519309e-05	1.14784731529e-05	0.000808995611544
1.03952319413e-08	4.17819663369	4.18688806104	2.47123970598e-05	1.23753324726e-05	0.00084000657027
1.16370512341e-08	4.17818048178	4.18687643126	2.66432719496e-05	1.33422650057e-05	0.000872206217938
1.30272150315e-08	4.17816306796	4.18686389285	2.87250089132e-05	1.43847453695e-05	0.000905640113258
1.45834433939e-08	4.17814429366	4.18685037484	3.09693942679e-05	1.55086758441e-05	0.000940355560433
1.63255729163e-08	4.17812405258	4.18683580069	3.33891350317e-05	1.6720419772e-05	0.000976401675966
1.82758095001e-08	4.17810223016	4.18682008791	3.59979308239e-05	1.80268375641e-05	0.00101382945801
2.04590113047e-08	4.17807870286	4.18680314754	3.88105513792e-05	1.9435325516e-05	0.00105269185834
2.29030054824e-08	4.17805333752	4.1867848837	4.184292011e-05	2.09538576543e-05	0.00109304385713
2.56389427277e-08	4.17802599057	4.186765193	4.51122041901e-05	2.25910308473e-05	0.00113494254049
2.87016941536e-08	4.17799650721	4.18674396398	4.86369116672e-05	2.43561134372e-05	0.00117844718103
3.21302955456e-08	4.1779647206	4.18672107648	5.24369961517e-05	2.6259097664e-05	0.00122361932145
3.59684446462e-08	4.17793045082	4.18669640096	5.65339696732e-05	2.83107561815e-05	0.00127052286131
4.02650577958e-08	4.17789350395	4.18666979778	6.09510243387e-05	3.05227029801e-05	0.00131922414712
4.50748930115e-08	4.1778536709	4.18664111635	6.57131634791e-05	3.29074590605e-05	0.00136979206584
5.04592474268e-08	4.17781072627	4.18661019438	7.0847343023e-05	3.54785232304e-05	0.00142229814189
5.64867379612e-08	4.17776442707	4.18657685687	7.63826238915e-05	3.82504484185e-05	0.00147681663791
6.32341751444e-08	4.17771451134	4.18654091519	8.23503362731e-05	4.12389239383e-05	0.00153342465929
7.07875411998e-08	4.17766069669	4.18650216595	8.87842567022e-05	4.4460864164e-05	0.00159220226266
7.92430848179e-08	4.17760267866	4.18646038993	9.57207989349e-05	4.79345041144e-05	0.0016532325685
8.87085465247e-08	4.17754012908	4.18641535076	0.000103199219696	5.16795024848e-05	0.00171660187795
9.93045302098e-08	4.17747269415	4.18636679365	0.00011126184045	5.57170527031e-05	0.00178239979415
1.11166038226e-07	4.17739999247	4.18631444393	0.000119954286441	6.00700026324e-05	0.00185071934796
1.24444189543e-07	4.1773216129	4.18625800549	0.000129325744345	6.47629835938e-05	0.00192165712863
1.3930814276e-07	4.17723711225	4.18619715914	0.000139429239966	6.98225494288e-05	0.00199531341917
1.55947248358e-07	4.17714601274	4.18613156076	0.000150321937541	7.52773263805e-05	0.00207179233698
1.74573457484e-07	4.17704779937	4.18606083942	0.000162065462327	8.11581746322e-05	0.00215120197961
1.95424017796e-07	4.176941917	4.18598459528	0.000174726248261	8.74983624029e-05	0.00223365457602
2.18764490498e-07	4.1768277672	4.18590239728	0.000188375912638	9.43337535744e-05	0.00231926664351
2.44892126786e-07	4.17670470493	4.18581378082	0.000203091659901	0.000101703009891	0.00240815915044
2.74139646398e-07	4.17657203491	4.18571824503	0.00021895671678	0.00010964780886	0.00250045768502
3.06879466079e-07	4.1764290077	4.18561525007	0.000236060801195	0.000118213078561	0.00259629263033
3.4352843137e-07	4.1762748155	4.18550421401	0.00025450062754	0.00012744725067	0.00269579934584
3.84553111497e-07	4.17610858765	4.1853845096	0.000274380451132	0.000137402533095	0.00279911835558
4.30475724169e-07	4.17592938573	4.18525546078	0.000295812654838	0.000148135203734	0.00290639554321
4.81880764993e-07	4.17573619832	4.18511633882	0.000318918381123	0.000159705926976	0.00301778235429
5.39422425024e-07	4.17552793535	4.18496635833	0.000343828212997	0.000172180094682	0.0031334360058
6.03832889814e-07	4.17530342202	4.18480467278	0.000370682907595	0.000185628193532	0.00325351970337
6.75931624303e-07	4.17506139222	4.18463036984	0.00039963418643	0.000200126200737	0.00337820286632
7.56635760188e-07	4.17480048154	4.18444246623	0.000430845586616	0.000215756010288	0.00350766136077
8.46971716057e-07	4.17451921962	4.1842399023	0.000464493377724	0.000232605892067	0.00364207774109
9.48088195913e-07	4.17421602202	4.18402153605	0.000500767549242	0.000250770986306	0.00378164149995
1.0612707287e-06	4.17388918142	4.18378613685	0.000539872873993	0.000270353836084	0.00392654932717
1.18795793053e-06	4.17353685818	4.18353237858	0.000582030053253	0.000291464960724	0.0040770053777
1.32975969239e-06	4.17315707016	4.18325883225	0.000627476949728	0.00031422347319	0.00423322154885
1.4884775199e-06	4.17274768182	4.18296395812	0.000676469914996	0.000338757744767	0.00439541776719
1.66612727788e-06	4.17230639242	4.18264609719	0.000729285218483	0.000365206120592	0.00456382228515
1.86496462188e-06	4.17183072343	4.18230346203	0.000786220585571	0.000393717689811	0.0047386719878
2.08751343144e-06	4.17131800493	4.18193412694	0.000847596852941	0.000424453114437	0.00492021270985
2.33659759617e-06	4.17076536102	4.18153601742	0.000913759749853	0.000457585521251	0.00510869956308
2.61537654623e-06	4.17016969418	4.18110689873	0.000985081814636	0.000493301461405	0.00530439727464
2.92738496362e-06	4.16952766844	4.18064436374	0.00106196445634	0.00053180194268	0.00550758053616
3.27657716057e-06	4.16883569129	4.18014581978	0.00114484017211	0.00057330353972	0.00571853436391
3.66737666699e-06	4.16808989435	4.17960847457	0.00123417493169	0.000618039587891	0.00593755447029
4.10473162996e-06	4.16728611257	4.17902932109	0.00133047074095	0.00066626146681	0.00616494764662
4.59417669706e-06	4.16641986194	4.17840512138	0.00143426839746	0.000718239979952	0.00640103215744
5.14190213029e-06	4.16548631564	4.1777323891	0.00154615045169	0.000774266837194	0.00664613814631
5.75483098136e-06	4.16448027843	4.1770073709	0.00166674438832	0.000834656247533	0.00690060805317
6.44070525137e-06	4.16339615931	4.17622602642	0.00179672604312	0.000899746629704	0.0071647970433
7.20818206033e-06	4.16222794217	4.17538400687	0.00193682327178	0.000969902448849	0.00743907344764
8.06694096434e-06	4.16096915453	4.17447663206	0.00208781988782	0.00104551618788	0.00772381921451
9.02780368291e-06	4.15961283401	4.17349886593	0.00225055988797	0.00112701046266	0.00801943037244
1.01028676353e-05	4.15815149264	4.17244529024	0.00242595198422	0.00121484029061	0.00832631750383
1.13056548354e-05	4.15657707869	4.17131007656	0.0026149744627	0.00130949552282	0.00864490622902
1.26512778589e-05	4.15488093606	4.17008695634	0.00281868039073	0.00141150345034	0.00897563770041
1.41566247779e-05	4.15305376098	4.16876918891	0.00303820319425	0.00152143159571	0.00931896910591
1.58405651549e-05	4.151085556	4.16734952745	0.00327476262868	0.0016398907012	0.00967537418105
1.77241794028e-05	4.14896558101	4.1658201827	0.00352967116755	0.00176753792594	0.0100453437289
1.98310140528e-05	4.14668230144	4.16417278439	0.00380434083367	0.00190508026434	0.0104293861468
2.21873657244e-05	4.14422333315	4.16239834015	0.00410029049865	0.00205327819844	0.0108280279583
2.48225968667e-05	4.14157538428	4.16048719207	0.00441915367722	0.00221294959765	0.0112418143499
2.7769486637e-05	4.13872419379	4.15842897044	0.00476268684324	0.0023849738789	0.0116713097092
3.10646205964e-05	4.13565446661	4.15621254501	0.00513277829456	0.00257029644101	0.012117098165
3.47488232452e-05	4.13234980548	4.15382597333	0.00553145759422	0.00276993338654	0.0125797841243
3.88676377781e-05	4.12879263938	4.1512564463	0.00596090561506	0.00298497654485	0.0130599928065
4.34718578185e-05	4.1249641486	4.14849023095	0.00642346521437	0.00321659880912	0.0135583707698
4.86181162935e-05	4.12084418647	4.14551261021	0.00692165256431	0.00346605980022	0.0140755864284
5.43695370202e-05	4.11641119802	4.1423078199	0.00745816916231	0.00373471186908	0.014612330555
6.07964550061e-05	4.11164213553	4.13885898291	0.00803591454378	0.00402400644829	0.0151693167664
6.79772118933e-05	4.10651237138	4.13514804059	0.00865799971664	0.00433550076239	0.0157472819868
7.59990334175e-05	4.10099560854	4.13115568158	0.00932776133374	0.00467086490413	0.0163469868839
8.49589961703e-05	4.09506378896	4.12686126829	0.0100487766151	0.00503188928202	0.0169692162719
9.49650913666e-05	4.08868700068	4.12224276112	0.0108248790257	0.00542049244127	0.017614779476
0.000106137393689	4.08183338401	4.11727664102	0.0116601747095	0.00583872925709	0.0182845106516
0.000118609343605	4.07446903795	4.11193783056	0.0125590596701	0.00628879949474	0.0189792690493
0.000132529151812	4.06655792751	4.10619961423	0.013526237681	0.00677305672589	0.0196999392194
0.000148061334625	4.05806179336	4.10003355852	0.0145667388963	0.00729401758488	0.0204474311464
0.00016538838915	4.04894006508	4.09340943259	0.0156859391188	0.00785437134135	0.0212226803031
0.000184712616996	4.03914977964	4.08629513048	0.0168895796691	0.00845698975775	0.0220266476148
0.000206258104936	4.02864550703	4.07865659587	0.0181837877796	0.00910493719073	0.0228603193219
0.000230272870386	4.01737928516	4.07045775082	0.0195750974183	0.00980148088477	0.0237247067296
0.000257031178737	4.00530056655	4.06166042983	0.0210704704242	0.010550101394	0.0246208458306
0.000286836038356	3.9923561796	4.052224321	0.0226773178118	0.0113545030543	0.0255497967891
0.000320021877487	3.97849030748	4.04210691621	0.0244035210695	0.012218624413	0.0265126432705
0.000356957405163	3.96364448829	4.03126347244	0.0262574532512	0.0131466485046	0.0275104916034
0.000398048655614	3.94775764025	4.01964698688	0.0282479996189	0.0141430128433	0.0285444697571
0.000443742212351	3.93076611614	4.00720818827	0.0303845775623	0.0152124189818	0.0296157261215
0.000494528604094	3.91260379167	3.99389554773	0.0326771554754	0.016359841463	0.030725428072
0.000550945859936	3.89320219248	3.97965531217	0.0351362702319	0.0175905359662	0.0318747603052
0.000613583205422	3.8724906652	3.96443156387	0.0377730428506	0.0189100464246	0.0330649229294
0.00068308487466	3.85039659779	3.94816631009	0.0405991918999	0.0203242108636	0.0342971292978
0.000760154005952	3.82684569478	3.93079960642	0.0436270441411	0.0218391656791	0.0355726035695
0.000845556579884	3.80176231293	3.91226971829	0.0468695418609	0.0234613480513	0.0368925779878
0.000940129194746	3.77506930797	3.89291086906	0.0503402474958	0.0251976018655	0.0382582898679
0.00104477547037	3.74669087179	3.87241717947	0.0540529909991	0.0270550542012	0.0396708438936
0.00116047128273	3.71655077345	3.85060014621	0.0580223950227	0.0290410270007	0.041131423559
0.00128827272932	3.68457275117	3.82739451152	0.0622637762094	0.0311631697681	0.0426412462658
0.00142931701971	3.65068194938	3.80273466151	0.0667930217717	0.0334294096659	0.0442015175175
0.00158482522543	3.6148057107	3.77655507611	0.0716265623283	0.0358479355225	0.0458134263146
0.00175610447516	3.57687445139	3.74879083939	0.0767813366337	0.0384271772238	0.0474781402766
0.00194454946133	3.53682261826	3.71937821129	0.0822747475248	0.0411757800436	0.0491968005146
0.00215164311391	3.49458972245	3.68825526065	0.0881246084567	0.0441025734832	0.0509705162882
0.00237895628896	3.45012144284	3.65536255828	0.0943490800798	0.0472165342095	0.052800359484
0.00262814631417	3.40337078893	3.62064392667	0.10096659641	0.0505267427213	0.0546873589642
0.00290095423233	3.35429930972	3.58404724163	0.107995780277	0.0540423334228	0.0566324948414
0.00319920058639	3.30287833151	3.54552527884	0.115455347886	0.0577724378494	0.0586366927432
0.00352477959866	3.24909020441	3.50503659612	0.123364002541	0.0617261208749	0.0607008181377
0.00387966178572	3.19292871352	3.4631246778	0.131740317749	0.0659124945919	0.0628256707996
0.00426592006372	3.13440147819	3.41987607142	0.140601292588	0.0703416327426	0.0650116466516
0.00468557572214	3.07353897132	3.37462617867	0.149963170014	0.0750216723997	0.0672590002805
0.00514072823295	3.0103787388	3.32736303171	0.159843039398	0.0799608392581	0.0695682625896
0.00563349434191	2.94497467937	3.27808436757	0.170257276212	0.0851668935739	0.0719398745002
0.00616599079586	2.87739774651	3.2267983956	0.181221384444	0.0906470283944	0.0743741832886
0.00674031521522	2.80773644858	3.17352448829	0.19274983551	0.0964077628896	0.0768714395905
0.00735852527347	2.73609711663	3.11829377497	0.204855905728	0.102454831686	0.0794317951578
0.00802272779048	2.662597295	3.06246632162	0.21755153594	0.108794758583	0.0820553014434
0.00873485889836	2.58738953829	3.00525756475	0.230842310388	0.11543319561	0.0847409093837
0.00949666305507	2.51063888586	2.94628588858	0.244734941347	0.122372702406	0.0874880780801
0.0103098167175	2.43251800623	2.88562489245	0.259235900902	0.129615181682	0.0902964920713
0.0111758364749	2.35321442777	2.82336028412	0.274349695509	0.137161210731	0.0931657305459
0.0120960670582	2.27292849792	2.75981236869	0.290078746814	0.145010107515	0.0960952705375
0.0130720013791	2.19185812523	2.69675723754	0.306422267394	0.153164897697	0.0990842853577
0.0141043053094	2.1102557965	2.63242581594	0.323368546674	0.161621639728	0.102130270107
0.0151936359141	2.02834766423	2.56693688004	0.340912744097	0.170375216976	0.10523234372
0.0163403786043	1.94636514728	2.50041808993	0.359047619071	0.179418721886	0.108389532813
0.017544725162	1.86453897853	2.43412140848	0.37776350696	0.188744606155	0.111600779186
0.0188069913703	1.78309675921	2.36824460518	0.397041290659	0.198351463875	0.114863705803
0.0201263087027	1.70229498615	2.3017285765	0.416858577384	0.208225101751	0.118175717617
0.0215018588337	1.62235658411	2.23471373149	0.437198141754	0.218351612526	0.121535447353
0.0229326197869	1.54349404429	2.16841027571	0.458040448844	0.228716545566	0.124941462934
0.0244178511452	1.46590392834	2.10316871674	0.479355620961	0.239314221327	0.128390896291
0.025955280307	1.38980966906	2.0378025777	0.501109368783	0.250122870769	0.131880431248
0.0275428158015	1.31538957387	1.9724473739	0.523275612118	0.261121199737	0.135408375328
0.029178708753	1.24279084531	1.90907039221	0.545826507123	0.272293869256	0.138972994074
0.0308603364335	1.1721812607	1.84639881322	0.568715492708	0.283623599899	0.142569746721
0.0325844611339	1.10370199954	1.78404985381	0.591906656104	0.295082485156	0.146195968199
0.034348003116	1.03746130638	1.72299054962	0.615367366461	0.306643970814	0.149849706979
0.0361485709739	0.973538476797	1.66380527081	0.63905502698	0.318295191106	0.15352754777
0.0379817638421	0.912039375339	1.60518815279	0.662919985764	0.330002850858	0.157225031912
0.0398437493181	0.853019353466	1.5475417511	0.686926746497	0.34173495734	0.160940016949
0.0417317146357	0.79649770159	1.49236968246	0.711035770875	0.353474372386	0.16466976965
0.0436406952993	0.742530066226	1.43794359995	0.735189044433	0.365187286957	0.16840862916
0.0455663590498	0.69112249032	1.38441590554	0.759350148172	0.37683783851	0.172154289022
0.0475056122542	0.642246019849	1.33354039102	0.783481850373	0.38840597735	0.175904287342
0.0494531707241	0.595909319315	1.283526845	0.807523358585	0.39985761335	0.179652326032
0.0514044815504	0.55207761127	1.23447635324	0.831439289618	0.411155080906	0.183395968871
0.0533563337981	0.51068686332	1.18797863665	0.855194401692	0.422277348584	0.187132698489
0.0553033801357	0.47170732398	1.1424069932	0.878730170439	0.433190706612	0.190856071396
0.0572411285439	0.435074258685	1.09791930221	0.902014122676	0.443858215787	0.194563568129
0.0591664257909	0.400701307414	1.05572682041	0.92501321136	0.454260259841	0.198252395017
0.0610741196872	0.368531165642	1.01448384991	0.947675331968	0.464364783584	0.201916366771
0.0629600418751	0.338480251411	0.974449158406	0.96997260595	0.474138415391	0.205552941418
0.0648212714854	0.310450986144	0.936382353661	0.991874841195	0.483565598215	0.209158939058
0.0666530976653	0.284369342278	0.899258388941	1.01333940049	0.49261776817	0.2127287439
0.0684519018638	0.260142798945	0.863440841394	1.03434437376	0.501267963776	0.216259865641
0.0702151583227	0.237671397369	0.829253741854	1.05486334918	0.509507224276	0.219748731036
0.0719388142869	0.216873753868	0.79598161134	1.07486500408	0.517312554451	0.223190515925
0.0736199801499	0.197656316126	0.764075101377	1.09433433668	0.524665841244	0.226582867468
0.0752566563643	0.179923241494	0.733486266382	1.11324965245	0.531566590168	0.229921898941
0.0768456224406	0.16359299838	0.703770371508	1.13159162407	0.537999219364	0.233203724646
0.0783850385916	0.14857510304	0.67543603962	1.14935260732	0.543958496122	0.236426225386
0.0798731090788	0.134785413556	0.648151352681	1.16651620454	0.549448080015	0.239585326356
0.081307777009	0.122145518894	0.621688694458	1.18307479468	0.55446348959	0.242678188492
0.0826882595286	0.110572383415	0.59658904927	1.19902792216	0.559011940902	0.245703031738
0.0840131193676	0.0999944064609	0.572316333507	1.21436480094	0.563102189091	0.248655786317
0.0852814822708	0.0903399130774	0.54888016044	1.22908832638	0.566740383669	0.251534704303
0.0864933889773	0.0815369676235	0.526624247768	1.24320296203	0.569943552742	0.254338135154
0.0876481433034	0.0735242891169	0.505083562223	1.25670658569	0.572726026321	0.257062868623
0.0887458506616	0.0662398947518	0.484410996873	1.26960920251	0.575102446507	0.259707935857
0.089787210686	0.0596238822837	0.464680019303	1.28191865138	0.577096759199	0.262271793725
0.0907723996852	0.0536243290844	0.445607130346	1.29364186001	0.578727504699	0.264752562944
0.0917023559398	0.0481894293154	0.427403488719	1.30479340343	0.5800155905	0.267149903575
0.0925782348459	0.0432710854143	0.409951302318	1.31538384025	0.580987628124	0.269462571345
0.09340101309	0.038826219242	0.393100016603	1.32542687244	0.58166474949	0.271689972753
0.0941723323838	0.0348123815152	0.377097940129	1.3349402706	0.582071430848	0.273832457251
0.0948936084345	0.0311922099616	0.36169524698	1.3439364686	0.582233354947	0.275889222767
0.0955664808062	0.0279305614123	0.346863655839	1.35243376342	0.582172387367	0.277860872271
0.0961930068235	0.0249937211458	0.332794871281	1.36045118678	0.581913231799	0.279748315681
0.0967748738619	0.0223527085134	0.319227667853	1.36800338862	0.58147909067	0.281551560357
0.097314102523	0.0199796889927	0.306226564694	1.37511068041	0.580890329915	0.283272112473
0.0978128985468	0.0178486546582	0.293844451705	1.38179170117	0.580169505334	0.284911268773
0.0982731752228	0.0159370803164	0.28191228485	1.38806347235	0.579335990866	0.286470113358
0.0986970747869	0.0142235186827	0.270523977158	1.39394618535	0.578407298833	0.287950721812
0.0990867761106	0.0126882880816	0.25963685395	1.39945756583	0.57740229243	0.289354769705
0.0994442483854	0.0113141411851	0.249151270375	1.40461547743	0.57633606621	0.290684177374
0.0997716056556	0.0100847500407	0.239169874676	1.40943913504	0.575222720158	0.291941438035
0.100070834205	0.00898559114345	0.229595664758	1.41394502124	0.574076395942	0.293128554506
0.100343838655	0.00800356512897	0.2203787268	1.41815066361	0.572908227172	0.29424801428
0.100592559293	0.0071264685986	0.211608744413	1.42207369045	0.57172857959	0.295302548879
0.100818751184	0.00634364126091	0.203174520971	1.42572925478	0.570547299689	0.29629442853
0.101024136363	0.00564529592749	0.195064170431	1.42913363263	0.569371921965	0.297226418786
0.101210385098	0.00502250131829	0.187312642029	1.43230239605	0.568209326864	0.298101283155
0.101379022009	0.0044673950491	0.179854917062	1.43524963627	0.567065611174	0.298921551705
0.101531512794	0.00397280635738	0.172681260046	1.43798963502	0.565945438445	0.299689970013
0.101669232539	0.00353229194055	0.16578190586	1.44053592768	0.564852701092	0.300409229301
0.101793467178	0.00314006486241	0.159148399586	1.44290132081	0.56379059109	0.301081957144
0.101905410156	0.00279094675143	0.152741790064	1.44509789304	0.562761631558	0.301710703988
0.102006157883	0.00248032986341	0.146550222904	1.44713742658	0.561767263066	0.302298054841
0.10209676017	0.00220398216581	0.140602909615	1.44903106749	0.560808747009	0.302846521377
0.102178147471	0.00195823031272	0.134802240094	1.45078876598	0.559887029403	0.303358366618
0.102251190861	0.00173974295802	0.129193146562	1.45242096246	0.559001720014	0.303836084968
0.102316714028	0.0015454731755	0.12381284414	1.45393680763	0.558153015281	0.30428187503
0.10237540416	0.00137289366259	0.118468199845	1.45534429576	0.557340706981	0.304697664584
0.102427977126	0.00121949137153	0.11334221684	1.45665304079	0.556563105483	0.305085924116
0.102475037763	0.00108316351124	0.108347361307	1.45786985598	0.555820061941	0.305448352306
0.102517103456	0.000962126664119	0.103418666335	1.45900193759	0.555110063331	0.30578680933
0.102554725116	0.000854560749543	0.0987117171799	1.46005668325	0.554431632229	0.306103260905
0.102588320679	0.000759074614491	0.0939993622727	1.46103924784	0.553784125618	0.306399038586
0.10261833325	0.000674245346151	0.0894819732971	1.46195667526	0.553165197702	0.306676075791
0.102645136452	0.000598882174937	0.085100218766	1.46281348813	0.552574271734	0.306935575934
0.102669053363	0.000531963489599	0.0808692699807	1.46361437704	0.55201005775	0.307178816951
0.102690402981	0.000472502990084	0.0768559980577	1.46436356	0.551471656584	0.307406954905
0.102709457361	0.000419664878029	0.0730609710496	1.46506424084	0.550958686237	0.307620854887
0.102726453958	0.000372725099399	0.0694384281321	1.46571931836	0.550470702245	0.307821303283
0.102741464409	0.000331426895754	0.0647220702608	1.46633184398	0.550005465544	0.30800914646
0.102754856622	0.000294711246507	0.0601908786687	1.46691643995	0.549552049402	0.308188803309
0.102766777516	0.000262139726957	0.0557757037161	1.46747562268	0.549109439455	0.308361000595
0.1027774266	0.000233137978133	0.0517891037589	1.46801255898	0.548676470501	0.308526673351
0.102786930617	0.000207336205777	0.0480825318079	1.46852702099	0.548254650445	0.308685714528
0.102795404621	0.000184400429763	0.0446008511694	1.46901996946	0.54784417827	0.308838385841
0.102802959967	0.000164010703879	0.0413135377721	1.46949274773	0.547444827417	0.308985070848
0.102809696724	0.000145881123136	0.0382363871029	1.46994682873	0.547056125847	0.309126197157
0.102815701446	0.000129765241826	0.0353492153168	1.47038332686	0.546677823418	0.309262084496
0.102821055076	0.000115434282652	0.0326482430135	1.47080341193	0.546309555563	0.309393072803
0.102825828699	0.000102688107554	0.030136929497	1.47120810428	0.545951007751	0.309519458204
0.102830084253	9.13528960928e-05	0.0278034216028	1.47159818704	0.545602010887	0.309641465045
0.102833878147	8.12711541119e-05	0.0256350176199	1.47197440532	0.545262377599	0.309759307707
0.102837260971	7.23022334125e-05	0.0236286776472	1.47233747821	0.544931887991	0.309873194178
0.102840276685	6.43242494801e-05	0.0217735213312	1.4726879672	0.544610413732	0.309983284593
0.102842965033	5.72274616223e-05	0.0200574467301	1.47302640229	0.544297815641	0.31008973052
0.102845361656	5.09138370624e-05	0.0184726393992	1.47335330745	0.543993919536	0.310192682867
0.102847498049	4.52970012036e-05	0.0170101942807	1.47366914242	0.543698574332	0.310292273461
0.1028494023	4.03001819543e-05	0.0156607872825	1.4739743329	0.543411629122	0.310388624421
0.102851099562	3.58548483545e-05	0.0144153377416	1.47426929003	0.543132918444	0.310481854219
0.102852612345	3.18998776098e-05	0.0132670759452	1.47455441852	0.542862257092	0.310572080175
0.102853960548	2.83813681513e-05	0.0122086295217	1.47483008313	0.542599474098	0.310659407815
0.102855162002	2.52511745287e-05	0.0112325115	1.47509663458	0.542344392109	0.31074393897
0.102856232668	2.24663209948e-05	0.0103326267828	1.47535442372	0.54209681526	0.310825776227
0.102857186745	1.99886808927e-05	0.00950342746026	1.47560378232	0.541856549436	0.310905016803
0.102858036851	1.77844547962e-05	0.00873947223091	1.47584502178	0.541623405426	0.310981752072
0.102858794268	1.58235011728e-05	0.00803487131213	1.4760784425	0.541397191944	0.311056070484
0.102859469125	1.40788274477e-05	0.00738569364138	1.47630435771	0.541177693583	0.311128065143
0.10286007037	1.25266414184e-05	0.00678766469617	1.47652304985	0.540964714239	0.31119781986
0.10286060599	1.11457559818e-05	0.00623662153964	1.47673479176	0.540758058011	0.311265415878
0.102861083129	9.91726428189e-06	0.005728371826	1.47693985406	0.540557523051	0.311330934176
0.102861508193	8.82424865531e-06	0.00526008888288	1.4771385175	0.54036289019	0.311394459415
0.102861886819	7.85185024081e-06	0.00482867282307	1.47733103584	0.540173959799	0.311456068043
0.102862224055	6.98679259867e-06	0.00443091219895	1.47751765687	0.539990532527	0.311515834967
0.10286252442	6.21720988949e-06	0.004063785491	1.47769863603	0.539812396235	0.311573837919
0.102862791968	5.53248612712e-06	0.00372532381319	1.47787424019	0.539639322874	0.311630158632
0.102863030243	4.92334877903e-06	0.00341329753065	1.47804471148	0.539471104209	0.311684871254
0.102863242428	4.38148480162e-06	0.00312535913997	1.47821029041	0.539307530161	0.311738049714
0.102863431374	3.8994681566e-06	0.00285897829858	1.47837122983	0.539148375102	0.311789772197
0.102863599653	3.47060531841e-06	0.00261299671204	1.47852781712	0.538993376171	0.311840128296
0.102863749502	3.08908618345e-06	0.002385778006	1.47868030948	0.53884229751	0.311889198177
0.102863882914	2.74973992839e-06	0.00217580291519	1.47882897152	0.538694893477	0.311937064671
0.102864001676	2.44793520443e-06	0.0019810674571	1.47897407881	0.538550905536	0.311983814391
0.102864107407	2.17948957185e-06	0.00180023776634	1.47911596277	0.538410017652	0.312029552216
0.102864201548	1.94068180637e-06	0.00163247019907	1.47925498085	0.538271886053	0.312074391716
0.102864285361	1.7282551141e-06	0.00147659096981	1.47939149179	0.538136164002	0.312118447157
0.102864359948	1.53937310865e-06	0.00133153853451	1.47952589701	0.538002460526	0.312161846877
0.102864426313	1.37145319197e-06	0.00119627002839	1.47965865681	0.537870324851	0.312204738538
0.102864485351	1.22219259875e-06	0.00106981302582	1.47979031067	0.537739225994	0.312247295737
0.102864537862	1.08954167974e-06	0.000951295430001	1.47992150526	0.537608524845	0.312289727129
0.102864584557	9.71674597878e-07	0.000839992300475	1.48005303114	0.537477437589	0.312332288388
0.102864626074	8.66962513172e-07	0.00073539349055	1.48018586915	0.537344989412	0.312375297356
0.102864662962	7.74000874303e-07	0.000637327510049	1.48032124638	0.537209958411	0.312419152366
0.102864695702	6.91556099909e-07	0.000545528785164	1.48046069845	0.537070813533	0.312464352677
0.102864724759	6.1844581599e-07	0.000459471158775	1.48060625359	0.53692553093	0.312511558539
0.102864750534	5.53649068462e-07	0.000379890385549	1.48076078592	0.536771240256	0.312561706485
0.102864773299	4.96465910175e-07	0.000304024991548	1.48092808465	0.536604154885	0.312616032918
0.102864793268	4.46349201078e-07	0.000236060180618	1.48111549891	0.536416927728	0.312676935417
0.102864811996	3.99395909812e-07	0.000201067067551	1.48133243739	0.536200164654	0.312747490304
0.10286482933	3.55995944064e-07	0.000180312771183	1.4815603121	0.535972452188	0.312821669249
0.102864844916	3.17030984696e-07	0.000163603464419	1.48178680702	0.535746103036	0.312895467424
0.102864858842	2.82262335894e-07	0.000148703329265	1.48200912195	0.53552391826	0.312967970037
0.10286487125	2.51327683541e-07	0.000134962342815	1.48222689938	0.535306256721	0.313039056704
0.1028648823	2.23818296305e-07	0.000122225385254	1.48244056151	0.535092697713	0.313108861553
0.102864892145	1.99339571782e-07	0.000110525316751	1.48265067338	0.534882677669	0.313177565974
0.102864900923	1.77542167774e-07	9.99050335807e-05	1.48285762219	0.534675810681	0.313245293823
0.102864908753	1.58125470615e-07	9.03359207949e-05	1.48306154202	0.534471963783	0.313312086474
0.102864915737	1.40827614756e-07	8.17378977547e-05	1.48326240547	0.534271165342	0.313377932526
0.102864921968	1.25416757258e-07	7.40190442199e-05	1.48346012002	0.534073508754	0.3134427992
0.102864927525	1.11685818054e-07	6.70864508235e-05	1.48365456717	0.533879113266	0.31350664513
0.102864932483	9.94521715779e-08	6.08538088509e-05	1.48384562663	0.533688099879	0.313569428256
0.102864936906	8.85535338315e-08	5.52436757375e-05	1.48403319004	0.533500577526	0.31363111038
0.10286494085	7.88450254268e-08	5.01940187305e-05	1.48421716626	0.533316637904	0.313691658891
0.102864944366	7.01986598525e-08	4.56338816111e-05	1.48439745886	0.533136377924	0.313751039393
0.102864947501	6.24986580408e-08	4.15104323475e-05	1.48457402781	0.532959838029	0.313809236048
0.102864950297	5.56414155398e-08	3.77773147205e-05	1.48474685173	0.532787040004	0.313866239175
0.102864952788	4.95349489524e-08	3.43940550656e-05	1.48491592502	0.532617989784	0.313922044339
0.10286495501	4.40974024823e-08	3.1326339351e-05	1.48508125581	0.532452679554	0.313976651686
0.10286495699	3.92559248593e-08	2.85422833238e-05	1.4852428576	0.532291096078	0.314030063199
0.102864958754	3.49455192846e-08	2.60123187778e-05	1.48540075558	0.532133214404	0.314082284795
0.102864960327	3.1107955772e-08	2.37119086335e-05	1.48555499295	0.531978991564	0.314133328418
0.102864961728	2.76913716646e-08	2.16191303186e-05	1.48570561862	0.531828378833	0.314183207999
0.102864962977	2.4649685249e-08	1.97147032147e-05	1.48585268619	0.531681322796	0.314231939107
0.10286496409	2.19418602476e-08	1.79812030518e-05	1.48599625104	0.531537768207	0.314279538002
0.102864965081	1.95313634272e-08	1.64021380804e-05	1.48613637029	0.531397658105	0.314326021599
0.102864965965	1.73855519675e-08	1.49633701536e-05	1.48627310884	0.531260927697	0.314371409498
0.102864966752	1.54753597751e-08	1.36521186161e-05	1.48640653267	0.531127511114	0.314415721744
0.102864967453	1.37749411941e-08	1.24569562653e-05	1.48653670846	0.530997341782	0.314458978704
0.102864968078	1.22612883978e-08	1.13674648194e-05	1.48666370217	0.530870353829	0.314501200597
0.102864968634	1.09139188917e-08	1.03739578484e-05	1.48678757938	0.530746481739	0.314542407606
0.10286496913	9.71456469041e-09	9.46786400008e-06	1.48690840789	0.530625657792	0.314582620725
0.102864969572	8.64696536961e-09	8.64139794907e-06	1.48702625486	0.530507814881	0.314621860827
0.102864969965	7.69665332006e-09	7.88756363389e-06	1.48714118671	0.530392886641	0.31466014861
0.102864970316	6.85075421967e-09	7.19991548429e-06	1.48725326799	0.530280808585	0.314697504223
0.102864970628	6.09780540919e-09	6.57253023032e-06	1.48736256242	0.530171517023	0.314733947616
0.102864970906	5.42759123582e-09	6.00008765646e-06	1.48746913383	0.530064948164	0.314769498842
0.102864971154	4.83102083166e-09	5.47774510992e-06	1.48757304488	0.529961039391	0.314804177629
0.102864971374	4.30000357763e-09	5.00115185482e-06	1.487674357	0.529859729294	0.314838003362
0.102864971571	3.82734229439e-09	4.56625283174e-06	1.48777312925	0.529760958843	0.314870994693
0.102864971746	3.40662721788e-09	4.1693594784e-06	1.48786942012	0.529664669575	0.31490317014
0.102864971902	3.03214714339e-09	3.80713253415e-06	1.48796328743	0.529570803695	0.314934548054
0.10286497204	2.69882144037e-09	3.47653105029e-06	1.48805478771	0.529479304686	0.31496514641
0.102864972164	2.40212759777e-09	3.17483627889e-06	1.48814397624	0.529390117292	0.314994982813
0.102864972274	2.13804437391e-09	2.89946677603e-06	1.48823090555	0.529303188988	0.315024074
0.102864972372	1.90298813848e-09	2.64811250457e-06	1.48831562837	0.529218467067	0.315052436816
0.10286497246	1.69376651146e-09	2.41866780424e-06	1.48839819633	0.529135899911	0.315080087785
0.102864972537	1.50754055994e-09	2.20922503633e-06	1.48847865985	0.529055437102	0.31510704307
0.102864972607	1.3417835396e-09	2.01805879239e-06	1.48855706785	0.528977029737	0.315133318367
0.102864972668	1.19424815963e-09	1.84353766226e-06	1.48863346714	0.528900631006	0.315158928706
0.102864972723	1.06293096835e-09	1.68420504598e-06	1.48870790475	0.528826193896	0.315183889226
0.102864972772	9.46048446863e-10	1.53873165854e-06	1.48878042661	0.528753672486	0.315208214729
0.102864972816	8.42014081936e-10	1.4059253303e-06	1.48885107757	0.528683021927	0.315231919695
0.102864972855	7.49416768835e-10	1.28467590654e-06	1.48891990051	0.528614199344	0.315255017969
0.102864972889	6.67000237072e-10	1.17395978652e-06	1.48898693746	0.528547162704	0.315277523146
0.10286497292	5.93644421682e-10	1.07285562178e-06	1.48905223027	0.528481870174	0.315299448782
0.102864972947	5.28353187834e-10	9.80523950698e-07	1.48911581981	0.528418280886	0.315320808135
0.102864972972	4.70239923783e-10	8.9622435006e-07	1.48917774601	0.528356354904	0.315341614177
0.102864972993	4.18516896436e-10	8.19233418418e-07	1.48923804621	0.528296054911	0.315361879025
0.102864973013	3.72481471812e-10	7.48912358126e-07	1.48929675845	0.528237342842	0.315381615069
0.10286497303	3.315077121e-10	6.84678551225e-07	1.48935392004	0.528180181412	0.315400834462
0.102864973045	2.95039173167e-10	6.26010360193e-07	1.4894095674	0.528124534188	0.315419549091
0.102864973059	2.62580928689e-10	5.72425563451e-07	1.4894637354	0.528070366319	0.31543777033
0.102864973071	2.33692579741e-10	5.23471106529e-07	1.48951645784	0.528017643989	0.315455509227
0.102864973082	2.07981188329e-10	4.78743254819e-07	1.4895677688	0.527966333126	0.315472776932
0.102864973091	1.85097317947e-10	4.37874017494e-07	1.48961770158	0.52791640043	0.315489584355
0.1028649731	1.64730021369e-10	4.00542406832e-07	1.48966628875	0.527867813336	0.315505942175
0.102864973108	1.46603185472e-10	3.66427709572e-07	1.48971356044	0.527820541721	0.315521860264
0.102864973114	1.30470347787e-10	3.35249576056e-07	1.48975954774	0.527774554481	0.315537348841
0.10286497312	1.16111947765e-10	3.06752490367e-07	1.48980428118	0.527729821099	0.315552417941
0.102864973126	1.0333284721e-10	2.80710544e-07	1.48984779059	0.527686311735	0.315567077385
0.102864973131	9.19595925265e-11	2.56909592242e-07	1.48989010416	0.527643998209	0.315581336449
0.102864973135	8.18377466352e-11	2.35150470916e-07	1.48993124964	0.527602852763	0.315595204278
0.102864973139	7.28294210402e-11	2.15255795249e-07	1.48997125504	0.527562847399	0.315608690112
0.102864973142	6.4812127712e-11	1.97066390038e-07	1.49001014773	0.527523954739	0.315621802991
0.102864973145	5.76769122332e-11	1.80439460873e-07	1.49004795409	0.527486148413	0.315634551627
0.102864973148	5.13269648472e-11	1.65233461611e-07	1.49008469894	0.527449403584	0.315646944227
0.10286497315	4.56757784229e-11	1.5132535039e-07	1.490120408	0.527413694543	0.315658989301
0.102864973152	4.06464279822e-11	1.3860294778e-07	1.49015510644	0.527378996129	0.315670695183
0.102864973154	3.61704835492e-11	1.26970910252e-07	1.49018881887	0.52734528371	0.315682070038
0.102864973156	3.21872571198e-11	1.16328749218e-07	1.49022156763	0.527312534971	0.315693121258
0.102864973157	2.86424787946e-11	1.06591035022e-07	1.49025337634	0.527280726277	0.315703856689
0.102864973159	2.54878378478e-11	9.76797895666e-08	1.49028426814	0.527249834482	0.315714284019
0.10286497316	2.26803969976e-11	8.95284347038e-08	1.4903142657	0.527219836938	0.315724410775
0.102864973161	2.01820613922e-11	8.20683181062e-08	1.49034338972	0.527190712928	0.315734243842
0.102864973162	1.79588060402e-11	7.52392138873e-08	1.49037166166	0.527162440995	0.315743790357
0.102864973163	1.59802983624e-11	6.89868667935e-08	1.49039910284	0.527134999825	0.315753057418
0.102864973163	1.42195968053e-11	6.32650420608e-08	1.4904257341	0.527108368568	0.315762051973
0.102864973164	1.26527975107e-11	5.80262997025e-08	1.49045157457	0.527082528099	0.315770780392
0.102864973165	1.12585605269e-11	5.32283790076e-08	1.49047664388	0.527057458799	0.315779249216
0.102864973165	1.00178465388e-11	4.88335216153e-08	1.49050096165	0.527033141034	0.315787465
0.102864973166	8.91375166628e-12	4.48098035065e-08	1.49052454709	0.527009555603	0.315795434153
0.102864973166	7.93128271541e-12	4.11240119393e-08	1.49054741773	0.526986684963	0.315803162532
0.102864973166	7.05704913292e-12	3.77466179945e-08	1.49056959163	0.526964511065	0.315810656169
0.102864973167	6.27910537957e-12	3.46513159036e-08	1.49059108688	0.526943015822	0.315817921113
0.102864973167	5.5868458348e-12	3.18162514968e-08	1.49061192115	0.526922181547	0.31582496328
0.102864973167	4.97087114008e-12	2.92177505785e-08	1.49063211045	0.526901992256	0.315831788016
0.102864973168	4.42277327214e-12	2.68353394431e-08	1.49065167149	0.526882431211	0.315838400926
0.102864973168	3.9350612706e-12	2.46506811265e-08	1.49067062095	0.526863481754	0.31584480759
0.102864973168	3.50108087302e-12	2.26490320416e-08	1.49068897512	0.526845127593	0.315851013468
0.102864973168	3.11494383491e-12	2.0813078525e-08	1.49070674838	0.526827354329	0.315857023383
0.102864973168	2.77136613546e-12	1.91287928636e-08	1.49072395642	0.526810146295	0.315862842591
0.102864973168	2.46565196984e-12	1.75837728171e-08	1.49074061455	0.526793488165	0.315868476235
0.102864973169	2.19363350275e-12	1.61671082427e-08	1.49075673741	0.526777365303	0.315873929225
0.102864973169	1.95161357889e-12	1.48669121703e-08	1.49077233856	0.526761764154	0.31587920611
0.102864973169	1.73627332488e-12	1.3673360743e-08	1.49078743242	0.526746670295	0.315884311736
0.102864973169	1.54467093067e-12	1.25782348339e-08	1.49080203308	0.526732069639	0.315889250836
0.102864973169	1.37419831262e-12	1.15731549902e-08	1.49081615351	0.526717949205	0.31589402777
0.102864973169	1.22252970545e-12	1.06500930386e-08	1.49082980662	0.526704296094	0.315898646875
0.102864973169	1.08758530592e-12	9.80218028038e-09	1.49084300566	0.526691097061	0.315903112606
0.102864973169	9.67520495487e-13	9.02410929103e-09	1.49085576355	0.526678339172	0.315907429312
0.102864973169	8.60704967546e-13	8.30921213484e-09	1.49086809164	0.526666011076	0.315911600812
0.102864973169	7.65672970186e-13	7.65218397364e-09	1.49088000232	0.526654100395	0.315915631273
0.102864973169	6.81122984788e-13	7.04857688655e-09	1.49089150773	0.526642594989	0.315919524781
0.102864973169	6.05902075282e-13	6.49407863403e-09	1.49090261916	0.526631483559	0.315923285141
0.102864973169	5.38984251459e-13	5.98420544548e-09	1.4909133475	0.526620755218	0.315926916019
0.102864973169	4.79449854759e-13	5.51525584644e-09	1.49092370414	0.526610398576	0.315930421254
0.102864973169	4.26483882957e-13	5.08449375749e-09	1.4909337002	0.526600402522	0.315933804589
0.102864973169	3.79366983045e-13	4.68819929709e-09	1.49094334532	0.526590757402	0.315937069277
0.102864973169	3.37450937607e-13	4.32351329101e-09	1.49095265014	0.526581452586	0.315940218902
0.102864973169	3.00161012053e-13	3.98815885962e-09	1.49096162504	0.526572477684	0.315943256969
0.102864973169	2.66988938891e-13	3.67964503404e-09	1.49097027948	0.526563823239	0.315946186665
0.102864973169	2.37480503035e-13	3.39558000161e-09	1.49097862294	0.52655547978	0.315949011186
0.102864973169	2.11229877322e-13	3.13408554894e-09	1.49098666513	0.526547437592	0.31595173381
0.102864973169	1.87878083576e-13	2.89351347514e-09	1.49099441521	0.526539687514	0.315954357629
0.102864973169	1.67106738678e-13	2.6718781435e-09	1.49100188165	0.526532221074	0.315956885499
0.102864973169	1.48629367786e-13	2.46764320003e-09	1.49100907351	0.526525029209	0.315959320483
0.102864973169	1.3219253545e-13	2.27973268611e-09	1.4910159996	0.526518103126	0.315961665548
0.102864973169	1.1757287798e-13	2.10650867253e-09	1.4910226675	0.526511435217	0.315963923263
0.102864973169	1.04568387207e-13	1.94677777139e-09	1.49102908568	0.52650501704	0.31596609648
0.102864973169	9.30004689723e-14	1.7996979604e-09	1.49103526233	0.52649884039	0.315968187969
0.102864973169	8.27116681028e-14	1.66407005976e-09	1.49104120465	0.526492898076	0.315970200159
0.102864973169	7.35600814076e-14	1.53892795235e-09	1.4910469203	0.526487182418	0.315972135646
0.102864973169	6.54197774787e-14	1.42360364341e-09	1.49105241693	0.526481685793	0.315973997004
0.102864973169	5.81797688594e-14	1.31721958014e-09	1.4910577013	0.526476401425	0.315975786526
0.102864973169	5.17403286795e-14	1.21899668245e-09	1.49106278041	0.526471322312	0.315977506575
0.102864973169	4.60126990331e-14	1.12841409243e-09	1.49106766133	0.526466441392	0.31597915954
0.102864973169	4.09186995256e-14	1.04481365586e-09	1.49107235038	0.526461752339	0.31598074756
0.102864973169	3.63881855493e-14	9.67574686697e-10	1.49107685398	0.52645724874	0.315982272801
0.102864973169	3.23586309053e-14	8.96299182992e-10	1.49108117866	0.526452924064	0.315983737473
0.102864973169	2.87750044469e-14	8.30477698735e-10	1.49108533026	0.526448772464	0.315985143553
0.102864973169	2.55879213738e-14	7.69622670104e-10	1.49108931469	0.52644478803	0.31598649304
0.102864973169	2.27533581768e-14	7.13437997194e-10	1.49109313798	0.526440964741	0.315987787969
0.102864973169	2.02326102556e-14	6.61513887246e-10	1.49109680548	0.526437297242	0.315989030151
0.102864973169	1.79908710635e-14	6.13473288941e-10	1.49110032266	0.526433780064	0.315990221438
0.102864973169	1.59971646404e-14	5.69103020169e-10	1.49110369505	0.526430407668	0.315991363703
0.102864973169	1.42242921555e-14	5.28060227833e-10	1.49110692753	0.526427175195	0.31599245859
0.102864973169	1.26476922231e-14	4.90059243046e-10	1.49111002516	0.526424077558	0.315993507819
0.102864973169	1.12455828232e-14	4.54954825683e-10	1.49111299305	0.526421109676	0.31599451311
0.102864973169	9.99886876633e-15	4.22447492389e-10	1.49111583553	0.52641826719	0.315995475939
0.102864973169	8.89019582474e-15	3.92334899778e-10	1.49111855738	0.526415545346	0.315996397913
0.102864973169	7.90428161106e-15	3.64501016408e-10	1.49112116317	0.526412939553	0.315997280587
0.102864973169	7.02766726886e-15	3.38699879591e-10	1.4911236569	0.52641044582	0.315998125311
0.102864973169	6.2481417272e-15	3.14799432726e-10	1.49112604297	0.526408059752	0.315998933573
0.102864973169	5.55499178436e-15	2.92678499626e-10	1.49112832544	0.526405777287	0.315999706748
0.102864973169	4.93868973058e-15	2.72156826946e-10	1.49113050807	0.526403594657	0.316000446111
0.102864973169	4.39066428198e-15	2.53150903167e-10	1.49113259486	0.526401507858	0.316001153017
0.102864973169	3.90341341435e-15	2.35532803779e-10	1.49113458939	0.526399513334	0.316001828671
0.102864973169	3.47018112143e-15	2.19175169833e-10	1.49113649521	0.526397607513	0.316002474282
0.102864973169	3.08495627043e-15	2.04032711019e-10	1.49113831596	0.526395786764	0.316003091079
0.102864973169	2.74248522899e-15	1.89970269058e-10	1.49114005472	0.526394048007	0.316003680104
0.102864973169	2.43798034364e-15	1.76917432201e-10	1.49114171487	0.526392387851	0.316004242506
0.102864973169	2.16724777522e-15	1.64816548861e-10	1.49114329958	0.526390803141	0.316004779354
0.102864973169	1.92656077278e-15	1.5356694734e-10	1.49114481174	0.526389290978	0.316005291628
0.102864973169	1.71256234142e-15	1.4313329266e-10	1.49114625444	0.526387848278	0.316005780373
0.102864973169	1.52232495161e-15	1.33439631041e-10	1.49114763038	0.526386472345	0.316006246502
0.102864973169	1.35319311951e-15	1.24425389767e-10	1.49114894232	0.526385160405	0.316006690955
0.102864973169	1.20282577019e-15	1.16064250358e-10	1.49115019299	0.526383909735	0.316007114653
0.102864973169	1.06916031565e-15	1.0828090393e-10	1.49115138477	0.526382717953	0.316007518403
0.102864973169	9.5032559481e-16	1.01051659417e-10	1.49115252026	0.526381582463	0.316007903085
0.102864973169	8.44692504944e-16	9.43288626004e-11	1.49115360175	0.526380500975	0.316008269474
0.102864973169	7.50786892753e-16	8.80688087421e-11	1.49115463153	0.526379471189	0.316008618348
0.102864973169	6.67305946102e-16	8.22563036919e-11	1.4911556119	0.526378490824	0.316008950481
0.102864973169	5.93103572608e-16	7.6837942947e-11	1.49115654483	0.526377557893	0.316009266545
0.102864973169	5.27139058403e-16	7.18008612483e-11	1.49115743249	0.526376670229	0.316009567274
0.102864973169	4.68508658386e-16	6.71095451571e-11	1.49115827678	0.526375825944	0.316009853308
0.102864973169	4.16390139721e-16	6.27377210764e-11	1.49115907962	0.526375023106	0.316010125301
0.102864973169	3.70062599232e-16	5.86717145623e-11	1.49115984286	0.526374259858	0.316010383883
0.102864973169	3.28886275761e-16	5.48759484311e-11	1.4911605682	0.526373534519	0.316010629622
0.102864973169	2.92283734658e-16	5.13465588465e-11	1.49116125742	0.526372845299	0.316010863125
0.102864973169	2.59753909365e-16	4.80520012605e-11	1.49116191204	0.52637219068	0.316011084905
0.102864973169	2.30838840463e-16	4.49816618515e-11	1.49116253369	0.526371569031	0.316011295517
0.102864973169	2.0514051573e-16	4.21192993228e-11	1.49116312385	0.526370978873	0.31601149546
0.102864973169	1.82299743685e-16	3.94458204344e-11	1.49116368395	0.526370418773	0.31601168522
0.102864973169	1.61998641532e-16	3.69564658156e-11	1.49116421542	0.526369887301	0.316011865281
0.102864973169	1.43957186845e-16	3.46278487959e-11	1.49116471952	0.526369383201	0.316012036069
0.102864973169	1.27921443402e-16	3.24594565764e-11	1.4911651976	0.526368905118	0.316012198043
0.102864973169	1.13671622608e-16	3.04312571985e-11	1.49116565081	0.52636845191	0.316012351589
0.102864973169	1.01006571869e-16	2.85387818951e-11	1.49116608038	0.526368022345	0.316012497125
0.102864973169	8.97521575379e-17	2.67705176615e-11	1.49116648739	0.526367615331	0.316012635022
0.102864973169	7.97498647986e-17	2.51173302077e-11	1.49116687294	0.526367229778	0.316012765648
0.102864973169	7.08612155972e-17	2.3574084229e-11	1.49116723808	0.526366864643	0.316012889356
0.102864973169	6.29623709716e-17	2.21285919235e-11	1.49116758376	0.526366518967	0.316013006472
0.102864973169	5.59426776392e-17	2.07804136255e-11	1.49116791096	0.526366191759	0.316013117331
0.102864973169	4.97053137472e-17	1.95158910387e-11	1.49116822055	0.52636588217	0.31601322222
0.102864973169	4.41621178858e-17	1.8336463823e-11	1.49116851345	0.526365589276	0.316013321454
0.102864973169	3.9237024071e-17	1.72300587872e-11	1.49116879042	0.526365312307	0.316013415292
0.102864973169	3.48602364556e-17	1.61964450266e-11	1.4911690523	0.526365050425	0.316013504019
0.102864973169	3.09715602335e-17	1.52274165573e-11	1.49116929982	0.526364802906	0.316013587879
0.102864973169	2.75159474166e-17	1.4320760822e-11	1.49116953372	0.526364569005	0.316013667126
0.102864973169	2.44457741895e-17	1.3471201124e-11	1.49116975468	0.526364348044	0.316013741989
0.102864973169	2.1717620355e-17	1.2675179329e-11	1.49116996337	0.526364139357	0.316013812693
0.102864973169	1.92937572384e-17	1.19295900011e-11	1.49117016041	0.526363942317	0.316013879451
0.102864973169	1.71400559919e-17	1.12300662206e-11	1.49117034639	0.526363756328	0.316013942466
0.102864973169	1.52265562182e-17	1.05750595884e-11	1.49117052191	0.526363580808	0.316014001933
0.102864973169	1.35264562477e-17	9.95977947745e-12	1.4911706875	0.526363415224	0.316014058033
0.102864973169	1.20159641304e-17	9.38376818777e-12	1.49117084368	0.526363259042	0.316014110949
0.102864973169	1.06740154093e-17	8.84209379813e-12	1.49117099094	0.526363111784	0.316014160841
0.102864973169	9.48173523673e-18	8.33503810151e-12	1.49117112976	0.526362972959	0.316014207876
0.102864973169	8.42255432131e-18	7.85773559373e-12	1.49117126058	0.526362842138	0.316014252199
0.102864973169	7.48151427003e-18	7.41092716042e-12	1.49117138385	0.526362718872	0.316014293963
0.102864973169	6.64557003423e-18	6.98996939222e-12	1.49117149995	0.526362602776	0.316014333297
0.102864973169	5.90287948617e-18	6.59584750327e-12	1.49117160928	0.526362493443	0.31601437034
0.102864973169	5.24316258849e-18	6.22425113147e-12	1.4911717122	0.526362390525	0.316014405209
0.102864973169	4.65705447506e-18	5.87624433142e-12	1.49117180907	0.526362293652	0.316014438031
0.102864973169	4.13644602881e-18	5.54792730629e-12	1.49117190021	0.526362202512	0.31601446891
0.102864973169	3.67393937614e-18	5.24032725814e-12	1.49117198595	0.52636211677	0.31601449796
0.102864973169	3.26313163267e-18	4.94999616124e-12	1.49117206658	0.526362036144	0.316014525276
0.102864973169	2.89818557679e-18	4.67783085365e-12	1.49117214239	0.526361960334	0.316014550961
0.102864973169	2.57404012228e-18	4.4208651122e-12	1.49117221364	0.526361889085	0.316014575101
0.102864973169	2.28609488703e-18	4.17980183839e-12	1.4911722806	0.526361822127	0.316014597787
0.102864973169	2.03034504537e-18	3.95216712103e-12	1.49117234349	0.526361759229	0.316014619098
0.102864973169	1.80316930419e-18	3.73843081232e-12	1.49117240257	0.52636170015	0.316014639114
0.102864973169	1.60139521627e-18	3.53660554858e-12	1.49117245804	0.526361644682	0.316014657907
0.102864973169	1.42217579975e-18	3.34690179042e-12	1.49117251011	0.526361592609	0.31601467555
0.102864973169	1.26299514469e-18	3.16780648271e-12	1.49117255898	0.526361543743	0.316014692106
0.102864973169	1.12161793962e-18	2.99925701085e-12	1.49117260483	0.526361497893	0.316014707641
0.102864973169	9.96046664227e-19	2.84019566321e-12	1.49117264784	0.526361454887	0.316014722211
0.102864973169	8.84528602444e-19	2.69028546118e-12	1.49117268817	0.526361414557	0.316014735876
0.102864973169	7.85475983841e-19	2.54889889197e-12	1.49117272598	0.526361376746	0.316014748686
0.102864973169	6.97512767566e-19	2.41542159038e-12	1.49117276141	0.526361341308	0.316014760693
0.102864973169	6.19383238661e-19	2.28964085433e-12	1.49117279462	0.526361308098	0.316014771945
0.102864973169	5.50003763275e-19	2.17066957649e-12	1.49117282573	0.526361276989	0.316014782485
0.102864973169	4.88381457994e-19	2.05868021641e-12	1.49117285487	0.526361247851	0.316014792357
0.102864973169	4.33663033445e-19	1.95252684521e-12	1.49117288215	0.526361220569	0.316014801601
0.102864973169	3.85063271886e-19	1.85273540388e-12	1.4911729077	0.526361195027	0.316014810254
0.102864973169	3.41909989669e-19	1.75804419002e-12	1.4911729316	0.526361171126	0.316014818352
0.102864973169	3.03585368917e-19	1.66892969229e-12	1.49117295396	0.526361148761	0.31601482593
0.102864973169	2.69554561714e-19	1.58444115175e-12	1.49117297488	0.526361127842	0.316014833017
0.102864973169	2.39335389239e-19	1.50473255225e-12	1.49117299445	0.526361108277	0.316014839646
0.102864973169	2.12499979859e-19	1.42928728592e-12	1.49117301274	0.526361089986	0.316014845843
0.102864973169	1.88672650291e-19	1.35791402016e-12	1.49117302983	0.526361072888	0.316014851636
0.102864973169	1.6751242306e-19	1.29049110823e-12	1.49117304581	0.52636105691	0.31601485705
0.102864973169	1.48725143224e-19	1.22651050987e-12	1.49117306074	0.526361041982	0.316014862108
0.102864973169	1.32040920264e-19	1.16621024649e-12	1.49117307469	0.526361028037	0.316014866832
0.102864973169	1.17228359924e-19	1.10887459009e-12	1.49117308771	0.526361015017	0.316014871244
0.102864973169	1.04074918214e-19	1.05482765084e-12	1.49117309986	0.526361002859	0.316014875363
0.102864973169	9.23966593292e-20	1.00348383988e-12	1.49117311121	0.526360991513	0.316014879207
0.102864973169	8.20281522851e-20	9.54916657653e-13	1.4911731218	0.526360980924	0.316014882795
0.102864973169	7.2821421148e-20	9.08903616481e-13	1.49117313168	0.526360971045	0.316014886142
0.102864973169	6.4647882726e-20	8.65209956868e-13	1.49117314089	0.526360961831	0.316014889263
0.102864973169	5.73900413604e-20	8.23943867815e-13	1.49117314948	0.526360953239	0.316014892175
0.102864973169	5.09470180292e-20	7.84645960063e-13	1.49117315749	0.526360945229	0.316014894889
0.102864973169	4.52261973166e-20	7.47558495189e-13	1.49117316496	0.526360937762	0.316014897418
0.102864973169	4.01474805616e-20	7.12271088529e-13	1.49117317192	0.526360930804	0.316014899776
0.102864973169	3.56388931259e-20	6.78823451028e-13	1.4911731784	0.526360924322	0.316014901972
0.102864973169	3.16357698054e-20	6.47114594057e-13	1.49117318444	0.526360918285	0.316014904017
0.102864973169	2.80822704412e-20	6.16913402441e-13	1.49117319006	0.526360912663	0.316014905922
0.102864973169	2.49271368462e-20	5.88400003306e-13	1.49117319529	0.526360907428	0.316014907696
0.102864973169	2.21264926775e-20	5.61204477818e-13	1.49117320017	0.526360902556	0.316014909346
0.102864973169	1.96402508321e-20	5.35447169552e-13	1.4911732047	0.526360898022	0.316014910883
0.102864973169	1.743304143e-20	5.10963191034e-13	1.49117320892	0.526360893804	0.316014912312
0.102864973169	1.54738504966e-20	4.87647218386e-13	1.49117321284	0.52636088988	0.316014913641
0.102864973169	1.37344248187e-20	4.65589622418e-13	1.49117321649	0.526360886231	0.316014914878
0.102864973169	1.21905291205e-20	4.44529750862e-13	1.49117321988	0.526360882839	0.316014916027
0.102864973169	1.0820009839e-20	4.24577523167e-13	1.49117322304	0.526360879685	0.316014917095
0.102864973169	9.60341478686e-21	4.05582292359e-13	1.49117322597	0.526360876754	0.316014918088
0.102864973169	8.52359553069e-21	3.87474820415e-13	1.49117322869	0.526360874031	0.316014919011
0.102864973169	7.56496301368e-21	3.70330931776e-13	1.49117323122	0.526360871501	0.316014919868
0.102864973169	6.71414606538e-21	3.53945577369e-13	1.49117323357	0.526360869152	0.316014920664
0.102864973169	5.95894242709e-21	3.38398541198e-13	1.49117323575	0.526360866971	0.316014921403
0.102864973169	5.28858037405e-21	3.23593265479e-13	1.49117323778	0.526360864946	0.316014922089
0.102864973169	4.6936283767e-21	3.09446899483e-13	1.49117323966	0.526360863066	0.316014922726
0.102864973169	4.16547535298e-21	2.96061198793e-13	1.4911732414	0.526360861322	0.316014923317
0.102864973169	3.69675302837e-21	2.83254521458e-13	1.49117324302	0.526360859704	0.316014923865
0.102864973169	3.28075725613e-21	2.71067935881e-13	1.49117324452	0.526360858203	0.316014924374
0.102864973169	2.9114941093e-21	2.59476371748e-13	1.49117324591	0.526360856811	0.316014924845
0.102864973169	2.58379309606e-21	2.48380492793e-13	1.4911732472	0.526360855521	0.316014925282
0.102864973169	2.29292325356e-21	2.3786139935e-13	1.4911732484	0.526360854325	0.316014925688
0.102864973169	2.03477921993e-21	2.27807374853e-13	1.49117324951	0.526360853216	0.316014926063
0.102864973169	1.80569454352e-21	2.18197161454e-13	1.49117325053	0.526360852189	0.316014926411
0.102864973169	1.60235236737e-21	2.09082110501e-13	1.49117325149	0.526360851237	0.316014926734
0.102864973169	1.42190888175e-21	2.00347835142e-13	1.49117325237	0.526360850356	0.316014927032
0.102864973169	1.26177900161e-21	1.92025296865e-13	1.49117325318	0.52636084954	0.316014927309
0.102864973169	1.11965188034e-21	1.84098377234e-13	1.49117325394	0.526360848784	0.316014927565
0.102864973169	9.9353399568e-22	1.76498685607e-13	1.49117325464	0.526360848085	0.316014927802
0.102864973169	8.81606306193e-22	1.69277148889e-13	1.49117325529	0.526360847437	0.316014928021
0.102864973169	7.82276705109e-22	1.6237281457e-13	1.49117325588	0.526360846838	0.316014928224
0.102864973169	6.94138459594e-22	1.55750088446e-13	1.49117325644	0.526360846284	0.316014928412
0.102864973169	6.15911771773e-22	1.49472103634e-13	1.49117325695	0.526360845772	0.316014928586
0.102864973169	5.46500067913e-22	1.43449266572e-13	1.49117325742	0.526360845298	0.316014928746
0.102864973169	4.8490998094e-22	1.37681428586e-13	1.49117325786	0.52636084486	0.316014928895
0.102864973169	4.30248003823e-22	1.3220150473e-13	1.49117325827	0.526360844455	0.316014929032
0.102864973169	3.81747854382e-22	1.26939689923e-13	1.49117325864	0.52636084408	0.316014929159
0.102864973169	3.38713693817e-22	1.21908655314e-13	1.49117325899	0.526360843735	0.316014929276
0.102864973169	3.00522187261e-22	1.17116494028e-13	1.49117325931	0.526360843415	0.316014929384
0.102864973169	2.66636946436e-22	1.12512709929e-13	1.4911732596	0.52636084312	0.316014929484
0.102864973169	2.36571224092e-22	1.08116037511e-13	1.49117325987	0.526360842847	0.316014929576
0.102864973169	2.09890009534e-22	1.03919198038e-13	1.49117326013	0.526360842596	0.316014929662
0.102864973169	1.86217982644e-22	9.98852711344e-14	1.49117326036	0.526360842364	0.31601492974
0.102864973169	1.652144152e-22	9.60355981706e-14	1.49117326057	0.526360842149	0.316014929813
0.102864973169	1.46576342531e-22	9.23548177753e-14	1.49117326077	0.526360841951	0.31601492988
0.102864973169	1.30040857292e-22	8.88151115708e-14	1.49117326095	0.526360841769	0.316014929942
0.102864973169	1.15369491255e-22	8.54379504261e-14	1.49117326112	0.5263608416	0.316014929999
0.102864973169	1.02351223424e-22	8.22052100975e-14	1.49117326128	0.526360841445	0.316014930051
0.102864973169	9.0801934051e-23	7.90947878953e-14	1.49117326142	0.526360841302	0.3160149301
0.102864973169	8.05549117629e-23	7.61265275537e-14	1.49117326155	0.52636084117	0.316014930145
0.102864973169	7.14628333768e-23	7.32833454841e-14	1.49117326167	0.526360841048	0.316014930186
0.102864973169	6.33969604393e-23	7.05463508965e-14	1.49117326179	0.526360840936	0.316014930224
0.102864973169	5.62408787588e-23	6.79325199121e-14	1.49117326189	0.526360840833	0.316014930259
0.102864973169	4.98914904702e-23	6.54285351683e-14	1.49117326198	0.526360840738	0.316014930291
0.102864973169	4.42589247585e-23	6.30168470094e-14	1.49117326207	0.52636084065	0.316014930321
0.102864973169	3.92619836741e-23	6.07107194017e-14	1.49117326215	0.526360840569	0.316014930348
0.102864973169	3.48283450578e-23	5.85024843749e-14	1.49117326223	0.526360840495	0.316014930373
0.102864973169	3.08953727232e-23	5.63745696272e-14	1.4911732623	0.526360840426	0.316014930397
0.102864973169	2.74064030466e-23	5.43359799475e-14	1.49117326236	0.526360840363	0.316014930418
0.102864973169	2.43107793576e-23	5.23860333705e-14	1.49117326242	0.526360840305	0.316014930438
0.102864973169	2.15648143233e-23	5.05060642127e-14	1.49117326247	0.526360840252	0.316014930456
0.102864973169	1.91289559844e-23	4.87004903949e-14	1.49117326252	0.526360840203	0.316014930472
0.102864973169	1.69677551691e-23	4.69764041105e-14	1.49117326256	0.526360840158	0.316014930488
0.102864973169	1.50507281062e-23	4.53133536287e-14	1.49117326261	0.526360840116	0.316014930502
0.102864973169	1.33502757581e-23	4.37110681096e-14	1.49117326264	0.526360840078	0.316014930515
0.102864973169	1.18415808321e-23	4.21847517759e-14	1.49117326268	0.526360840043	0.316014930527
0.102864973169	1.05033812892e-23	4.07117318188e-14	1.49117326271	0.52636084001	0.316014930538
0.102864973169	9.31640969824e-24	3.92901472194e-14	1.49117326274	0.526360839981	0.316014930548
0.102864973169	8.26338410116e-24	3.79342713199e-14	1.49117326277	0.526360839954	0.316014930557
0.102864973169	7.32932115219e-24	3.66279681039e-14	1.49117326279	0.526360839928	0.316014930565
0.102864973169	6.50084128902e-24	3.5366648699e-14	1.49117326282	0.526360839905	0.316014930573
0.102864973169	5.76596338162e-24	3.41583920054e-14	1.49117326284	0.526360839884	0.31601493058
0.102864973169	5.11403974844e-24	3.29985432396e-14	1.49117326286	0.526360839865	0.316014930587
0.102864973169	4.53582529365e-24	3.18780771579e-14	1.49117326288	0.526360839847	0.316014930593
0.102864973169	4.02297648156e-24	3.07991782317e-14	1.49117326289	0.526360839831	0.316014930598
0.102864973169	3.56801086062e-24	2.97681578771e-14	1.49117326291	0.526360839816	0.316014930604
0.102864973169	3.16449811722e-24	2.87716515268e-14	1.49117326292	0.526360839802	0.316014930608
0.102864973169	2.80661935321e-24	2.78085038046e-14	1.49117326293	0.526360839789	0.316014930612
0.102864973169	2.48915646291e-24	2.6888872307e-14	1.49117326294	0.526360839778	0.316014930616
0.102864973169	2.20758467844e-24	2.6001603207e-14	1.49117326296	0.526360839767	0.31601493062
0.102864973169	1.95786411384e-24	2.51436118857e-14	1.49117326297	0.526360839757	0.316014930623
0.102864973169	1.73638422529e-24	2.43189619878e-14	1.49117326297	0.526360839748	0.316014930626
0.102864973169	1.53991786679e-24	2.35280774214e-14	1.49117326298	0.52636083974	0.316014930629
0.102864973169	1.36568105257e-24	2.27629134593e-14	1.49117326299	0.526360839733	0.316014930632
0.102864973169	1.21115858033e-24	2.20226336337e-14	1.491173263	0.526360839726	0.316014930634
0.102864973169	1.07409045461e-24	2.13161898855e-14	1.491173263	0.526360839719	0.316014930636
0.102864973169	9.52531144933e-25	2.06330779192e-14	1.49117326301	0.526360839714	0.316014930638
0.102864973169	8.44729210813e-25	1.99718573866e-14	1.49117326301	0.526360839708	0.31601493064
0.102864973169	7.49124570683e-25	1.93356295073e-14	1.49117326302	0.526360839703	0.316014930642
0.102864973169	6.64322598112e-25	1.87251313345e-14	1.49117326302	0.526360839699	0.316014930643
0.102864973169	5.89120330094e-25	1.81339088734e-14	1.49117326303	0.526360839695	0.316014930644
0.102864973169	5.22431066347e-25	1.75613535176e-14	1.49117326303	0.526360839691	0.316014930646
0.102864973169	4.63281511057e-25	1.70135914839e-14	1.49117326303	0.526360839688	0.316014930647
0.102864973169	4.10824812529e-25	1.64844225419e-14	1.49117326304	0.526360839685	0.316014930648
0.102864973169	3.64307710454e-25	1.59717121924e-14	1.49117326304	0.526360839682	0.316014930649
0.102864973169	3.23057119607e-25	1.54762055939e-14	1.49117326304	0.526360839679	0.31601493065
0.102864973169	2.86469098589e-25	1.50021155183e-14	1.49117326305	0.526360839677	0.316014930651
0.102864973169	2.54024875063e-25	1.45425484728e-14	1.49117326305	0.526360839674	0.316014930651
0.102864973169	2.25255140847e-25	1.40970595664e-14	1.49117326305	0.526360839672	0.316014930652
0.102864973169	1.99742785233e-25	1.36683154612e-14	1.49117326305	0.526360839671	0.316014930653
0.102864973169	1.77115429506e-25	1.32559926163e-14	1.49117326305	0.526360839669	0.316014930653
0.102864973169	1.57051356485e-25	1.28561080363e-14	1.49117326306	0.526360839667	0.316014930654
0.102864973169	1.39260191179e-25	1.24682865044e-14	1.49117326306	0.526360839666	0.316014930654
0.102864973169	1.23482574542e-25	1.20962820105e-14	1.49117326306	0.526360839665	0.316014930655
0.102864973169	1.09490858486e-25	1.17370085757e-14	1.49117326306	0.526360839664	0.316014930655
0.102864973169	9.70845330719e-26	1.13884059736e-14	1.49117326306	0.526360839662	0.316014930655
0.102864973169	8.60839588997e-26	1.10501572682e-14	1.49117326306	0.526360839661	0.316014930656
0.102864973169	7.63279910629e-26	1.07265079652e-14	1.49117326306	0.526360839661	0.316014930656
0.102864973169	6.76772911314e-26	1.04128868478e-14	1.49117326306	0.52636083966	0.316014930656
0.102864973169	6.00070258775e-26	1.01084353694e-14	1.49117326306	0.526360839659	0.316014930657
0.102864973169	5.32060721752e-26	9.8129255944e-15	1.49117326306	0.526360839658	0.316014930657
0.102864973169	4.7174505179e-26	9.53053835436e-15	1.49117326306	0.526360839658	0.316014930657
0.102864973169	4.18266909753e-26	9.2562773915e-15	1.49117326307	0.526360839657	0.316014930657
0.102864973169	3.708511772e-26	8.98990885538e-15	1.49117326307	0.526360839657	0.316014930657
0.102864973169	3.28810387091e-26	8.73147898606e-15	1.49117326307	0.526360839656	0.316014930658
0.102864973169	2.91526988432e-26	8.48421797506e-15	1.49117326307	0.526360839656	0.316014930658
0.102864973169	2.58471107728e-26	8.24395898601e-15	1.49117326307	0.526360839655	0.316014930658
0.102864973169	2.29163392006e-26	8.01050373326e-15	1.49117326307	0.526360839655	0.316014930658
0.102864973169	2.03178723281e-26	7.78387342626e-15	1.49117326307	0.526360839655	0.316014930658
0.102864973169	1.80135212404e-26	7.56700010337e-15	1.49117326307	0.526360839654	0.316014930658
0.102864973169	1.59705180857e-26	7.35616927829e-15	1.49117326307	0.526360839654	0.316014930658
0.102864973169	1.41592220933e-26	7.1512125957e-15	1.49117326307	0.526360839654	0.316014930658
0.102864973169	1.25533541999e-26	6.95196639096e-15	1.49117326307	0.526360839654	0.316014930658
0.102864973169	1.1129297347e-26	6.76137769323e-15	1.49117326307	0.526360839653	0.316014930659
0.102864973169	9.86677794921e-27	6.57606378124e-15	1.49117326307	0.526360839653	0.316014930659
0.102864973169	8.74748010262e-27	6.39582890011e-15	1.49117326307	0.526360839653	0.316014930659
0.102864973169	7.75515660124e-27	6.22053384522e-15	1.49117326307	0.526360839653	0.316014930659
0.102864973169	6.87525645355e-27	6.05240890576e-15	1.49117326307	0.526360839653	0.316014930659
0.102864973169	6.09514176245e-27	5.88925855951e-15	1.49117326307	0.526360839653	0.316014930659
0.102864973169	5.40354434127e-27	5.73050613743e-15	1.49117326307	0.526360839652	0.316014930659
0.102864973169	4.79042040137e-27	5.57603308792e-15	1.49117326307	0.526360839652	0.316014930659
0.102864973169	4.24682012301e-27	5.42730540756e-15	1.49117326307	0.526360839652	0.316014930659
0.102864973169	3.76483667076e-27	5.28344384472e-15	1.49117326307	0.526360839652	0.316014930659
0.102864973169	3.33755486387e-27	5.14339561974e-15	1.49117326307	0.526360839652	0.316014930659
0.102864973169	2.95876646014e-27	5.00705965251e-15	1.49117326307	0.526360839652	0.316014930659
0.102864973169	2.6229590182e-27	4.87510965157e-15	1.49117326307	0.526360839652	0.316014930659
0.102864973169	2.32520483404e-27	4.74806324292e-15	1.49117326307	0.526360839652	0.316014930659
0.102864973169	2.06125123677e-27	4.62432769106e-15	1.49117326307	0.526360839652	0.316014930659
0.102864973169	1.8272612369e-27	4.50381671437e-15	1.49117326307	0.526360839652	0.316014930659
