0.0	0.923206190298	3.06962033392	0.0	0.0	0.0
1.28579955864e-17	0.923206190234	3.06962033372	1.59799220768e-11	1.28580479595e-11	1e-06
1.43940716836e-17	0.92320619023	3.06962033371	1.69355012343e-11	1.38626887745e-11	1.03833333333e-06
1.61136545925e-17	0.923206190226	3.0696203337	1.7965745631e-11	1.49458223573e-11	1.07813611111e-06
1.80386668925e-17	0.923206190222	3.06962033369	1.90764893184e-11	1.61136659568e-11	1.11946466203e-06
2.01936501363e-17	0.923206190217	3.06962033367	2.02740221979e-11	1.7372769889e-11	1.16237747408e-06
2.2606077725e-17	0.923206190212	3.06962033366	2.15651256396e-11	1.87301285589e-11	1.20693527725e-06
2.53067051602e-17	0.923206190206	3.06962033364	2.29571108832e-11	2.01936245499e-11	1.25320112954e-06
2.83299621393e-17	0.9232061902	3.06962033362	2.44578604405e-11	2.17715845347e-11	1.30124050617e-06
3.17143914916e-17	0.923206190194	3.0696203336	2.60758727319e-11	2.3472668253e-11	1.35112139224e-06
3.55031405526e-17	0.923206190187	3.06962033358	2.78203102115e-11	2.53067566896e-11	1.40291437894e-06
3.97445112396e-17	0.923206190179	3.06962033356	2.97010512519e-11	2.72840638963e-11	1.45669276347e-06
4.44925758423e-17	0.923206190171	3.06962033354	3.17287460831e-11	2.94160251704e-11	1.51253265273e-06
4.9807866378e-17	0.923206190162	3.06962033351	3.39148771029e-11	3.17144088758e-11	1.57051307108e-06
5.57581463011e-17	0.923206190153	3.06962033348	3.6271823899e-11	3.41924266666e-11	1.63071607214e-06
6.24192744041e-17	0.923206190143	3.06962033345	3.88129333518e-11	3.68640673529e-11	1.6932268549e-06
6.98761719246e-17	0.923206190132	3.06962033342	4.15525952151e-11	3.97445409901e-11	1.75813388434e-06
7.8223905187e-17	0.92320619012	3.06962033338	4.45063236021e-11	4.28500568343e-11	1.82552901656e-06
8.75688975822e-17	0.923206190107	3.06962033334	4.76908448386e-11	4.61981564094e-11	1.89550762886e-06
9.80302863354e-17	0.923206190094	3.0696203333	5.11241921802e-11	4.98079355513e-11	1.96816875463e-06
1.0974144136e-16	0.923206190079	3.06962033326	5.48258079311e-11	5.36997113414e-11	2.04361522355e-06
1.22851665562e-16	0.923206190063	3.06962033321	5.88166535415e-11	5.78955772179e-11	2.12195380712e-06
1.37528098266e-16	0.923206190046	3.06962033316	6.31193283079e-11	6.24192919535e-11	2.20329536972e-06
1.53957846043e-16	0.923206190027	3.0696203331	6.77581973479e-11	6.72965017e-11	2.28775502555e-06
1.72350368085e-16	0.923206190007	3.06962033304	7.27595295745e-11	7.25547399885e-11	2.37545230152e-06
1.92940146556e-16	0.923206189986	3.06962033298	7.81516464516e-11	7.82239828406e-11	2.46651130641e-06
2.15989675952e-16	0.923206189963	3.06962033291	8.3965082372e-11	8.43360936571e-11	2.56106090647e-06
2.41792809587e-16	0.923206189938	3.06962033283	9.02327575673e-11	9.09257113963e-11	2.65923490788e-06
2.70678505859e-16	0.923206189911	3.06962033275	9.69901645278e-11	9.80303615964e-11	2.761172246e-06
3.03015022073e-16	0.923206189882	3.06962033267	1.04275568989e-10	1.05690012286e-10	2.86701718209e-06
3.39214609266e-16	0.92320618985	3.06962033257	1.12130226623e-10	1.13948184209e-10	2.97691950739e-06
3.79738767907e-16	0.923206189816	3.06962033247	1.20598616658e-10	1.22851728775e-10	3.09103475515e-06
4.25104131461e-16	0.92320618978	3.06962033236	1.29728693758e-10	1.32450828066e-10	3.20952442075e-06
4.75889052836e-16	0.923206189741	3.06962033224	1.39572159576e-10	1.42799994031e-10	3.33255619019e-06
5.32740977677e-16	0.923206189698	3.06962033212	1.50184755532e-10	1.53957846448e-10	3.46030417746e-06
5.963846985e-16	0.923206189653	3.06962033198	1.61626578465e-10	1.65987557005e-10	3.5929491709e-06
6.67631594915e-16	0.923206189603	3.06962033183	1.73962420945e-10	1.78957182374e-10	3.73067888909e-06
7.47389977725e-16	0.92320618955	3.06962033167	1.87262138183e-10	1.9294021932e-10	3.87368824647e-06
8.36676668773e-16	0.923206189493	3.0696203315	2.01601043604e-10	2.0801571572e-10	4.02217962922e-06
9.36629964181e-16	0.923206189431	3.06962033132	2.17060335332e-10	2.24269269771e-10	4.17636318163e-06
1.04852414623e-15	0.923206189365	3.06962033112	2.33727555995e-10	2.41792807939e-10	4.33645710355e-06
1.17378572891e-15	0.923206189293	3.0696203309	2.51697088462e-10	2.60685584162e-10	4.50268795913e-06
1.31401164421e-15	0.923206189216	3.06962033067	2.71070690314e-10	2.81054512917e-10	4.67529099751e-06
1.47098960107e-15	0.923206189132	3.06962033042	2.91958070071e-10	3.03015057398e-10	4.85451048568e-06
1.64672087647e-15	0.923206189042	3.06962033015	3.14477508451e-10	3.26691451562e-10	5.04060005423e-06
1.84344582925e-15	0.923206188945	3.06962032986	3.38756528169e-10	3.52217810349e-10	5.23382305623e-06
2.063672462e-15	0.923206188841	3.06962032954	3.64932616067e-10	3.79738795819e-10	5.43445293996e-06
2.31020839495e-15	0.923206188728	3.06962032921	3.93154001675e-10	4.09410061241e-10	5.6427736359e-06
2.58619665976e-15	0.923206188607	3.06962032884	4.235804966e-10	4.413998054e-10	5.85907995849e-06
2.89515576928e-15	0.923206188476	3.06962032845	4.5638439951e-10	4.75889105673e-10	6.08367802345e-06
3.24102457432e-15	0.923206188334	3.06962032802	4.91751471819e-10	5.13073250289e-10	6.31688568087e-06
3.62821247916e-15	0.923206188182	3.06962032757	5.29881989614e-10	5.53162737531e-10	6.55903296515e-06
4.06165565608e-15	0.923206188018	3.06962032708	5.70991877777e-10	5.96384719031e-10	6.81046256197e-06
4.54687997549e-15	0.923206187841	3.06962032654	6.15313932724e-10	6.42983887941e-10	7.07153029332e-06
5.09007145406e-15	0.92320618765	3.06962032597	6.63099140672e-10	6.93224144274e-10	7.34260562101e-06
5.69815511883e-15	0.923206187445	3.06962032536	7.14618098928e-10	7.47390038188e-10	7.62407216957e-06
6.37888329284e-15	0.923206187223	3.06962032469	7.70162548221e-10	8.0578810226e-10	7.91632826913e-06
7.14093442779e-15	0.923206186984	3.06962032397	8.30047024762e-10	8.6874929397e-10	8.21978751914e-06
7.99402374366e-15	0.923206186726	3.0696203232	8.94610641401e-10	9.36629994907e-10	8.53487937369e-06
8.94902708589e-15	0.923206186448	3.06962032237	9.64219007946e-10	1.00981456428e-09	8.8620497493e-06
1.00181195791e-14	0.923206186148	3.06962032147	1.03926630153e-09	1.08871755936e-09	9.20176165592e-06
1.1214930845e-14	0.923206185825	3.0696203205	1.12017749877e-09	1.1737857339e-09	9.55449585225e-06
1.25547187636e-14	0.923206185477	3.06962031945	1.20741078227e-09	1.26550081365e-09	9.92075152605e-06
1.40545639921e-14	0.923206185101	3.06962031833	1.30146013528e-09	1.36438216094e-09	1.03010470006e-05
1.57335877227e-14	0.923206184696	3.06962031711	1.40285813895e-09	1.47098966125e-09	1.06959204683e-05
1.76131954545e-14	0.92320618426	3.0696203158	1.51217898825e-09	1.58592705383e-09	1.11059307521e-05
1.97173498871e-14	0.923206183789	3.06962031439	1.63004174354e-09	1.70984515143e-09	1.15316580968e-05
2.20728764158e-14	0.923206183282	3.06962031287	1.75711383611e-09	1.84344583702e-09	1.19737049896e-05
2.47098051228e-14	0.923206182735	3.06962031123	1.89411484775e-09	1.98748550555e-09	1.24326970131e-05
2.76617536235e-14	0.923206182145	3.06962030946	2.04182058559e-09	2.14277994888e-09	1.29092837307e-05
3.09663556507e-14	0.923206181509	3.06962030755	2.20106747528e-09	2.31020835261e-09	1.34041396057e-05
3.4665740838e-14	0.923206180824	3.06962030549	2.37275729754e-09	2.49071906923e-09	1.39179649558e-05
3.88070718211e-14	0.923206180085	3.06962030328	2.5578622947e-09	2.68533417003e-09	1.44514869441e-05
4.34431455044e-14	0.923206179288	3.06962030088	2.75743067634e-09	2.8951557734e-09	1.50054606084e-05
4.86330661557e-14	0.923206178429	3.06962029831	2.97259255507e-09	3.12137192895e-09	1.55806699297e-05
5.44429989146e-14	0.923206177503	3.06962029553	3.20456634606e-09	3.36526383404e-09	1.61779289413e-05
6.0947013316e-14	0.923206176504	3.06962029253	3.45466566675e-09	3.62821249505e-09	1.67980828814e-05
6.82280275864e-14	0.923206175427	3.0696202893	3.72430677548e-09	3.91170683202e-09	1.74420093889e-05
7.63788657498e-14	0.923206174267	3.06962028582	4.01501659155e-09	4.21735244946e-09	1.81106197455e-05
8.55034410204e-14	0.923206173015	3.06962028207	4.32844134175e-09	4.54687996296e-09	1.88048601654e-05
9.57180805686e-14	0.923206171666	3.06962027802	4.66635588266e-09	4.90215543531e-09	1.95257131343e-05
1.0715300855e-13	0.923206170211	3.06962027365	5.03067375122e-09	5.2851908126e-09	2.02741987999e-05
1.19954006304e-13	0.923206168643	3.06962026895	5.42345800068e-09	5.69815502644e-09	2.10513764153e-05
1.34284270887e-13	0.923206166952	3.06962026388	5.84693288327e-09	6.14338676153e-09	2.18583458388e-05
1.50326495636e-13	0.923206165129	3.06962025841	6.3034964456e-09	6.6234071122e-09	2.26962490895e-05
1.68285199284e-13	0.923206163164	3.06962025251	6.7957341083e-09	7.14093434836e-09	2.3566271964e-05
1.8838933332e-13	0.923206161045	3.06962024615	7.32643330671e-09	7.69889912557e-09	2.44696457145e-05
2.10895200848e-13	0.92320615876	3.0696202393	7.89859927549e-09	8.30046113836e-09	2.54076487912e-05
2.36089724129e-13	0.923206156297	3.06962023191	8.51547206664e-09	8.94902688383e-09	2.63816086513e-05
2.64294102491e-13	0.923206153642	3.06962022394	9.18054489716e-09	9.6482690905e-09	2.73929036382e-05
2.95867907229e-13	0.923206150779	3.06962021535	9.89758393045e-09	1.04021472575e-08	2.84429649316e-05
3.31213665695e-13	0.923206147692	3.06962020609	1.06706496032e-08	1.12149306361e-08	2.95332785731e-05
3.70781993026e-13	0.923206144364	3.06962019611	1.15041196188e-08	1.20912216554e-08	3.06653875691e-05
4.1507733694e-13	0.923206140776	3.06962018535	1.24027137372e-08	1.30359826788e-08	3.18408940747e-05
4.64664408819e-13	0.923206136908	3.06962017374	1.33715205023e-08	1.40545636485e-08	3.30614616609e-05
5.20175383089e-13	0.923206132737	3.06962016123	1.44160260565e-08	1.51527325056e-08	3.43288176688e-05
5.82317956665e-13	0.923206128241	3.06962014774	1.55421452082e-08	1.63367080526e-08	3.56447556544e-05
6.51884371219e-13	0.923206123393	3.0696201332	1.67562549259e-08	1.76131948144e-08	3.70111379264e-05
7.29761513287e-13	0.923206118167	3.06962011752	1.80652304493e-08	1.89894212301e-08	3.84298981821e-05
8.16942220979e-13	0.923206112532	3.06962010061	1.94764842225e-08	2.04731807312e-08	3.99030442439e-05
9.14537941446e-13	0.923206106456	3.06962008238	2.09980078692e-08	2.20728753732e-08	4.14326609005e-05
1.02379290046e-12	0.923206099907	3.06962006273	2.26384174471e-08	2.37975639082e-08	4.30209128576e-05
1.14609996476e-12	0.923206092845	3.06962004155	2.4407002239e-08	2.56570129665e-08	4.46700478011e-05
1.2830183994e-12	0.923206085232	3.06962001871	2.63137773557e-08	2.76617520121e-08	4.63823995783e-05
1.43629374643e-12	0.923206077023	3.06961999408	2.83695404499e-08	2.98231336281e-08	4.81603915002e-05
1.6078800784e-12	0.923206068174	3.06961996753	3.05859328601e-08	3.21533971324e-08	5.00065397718e-05
1.79996491043e-12	0.923206058632	3.06961993891	3.29755055338e-08	3.46657382995e-08	5.19234570522e-05
2.01499708825e-12	0.923206048346	3.06961990805	3.55517900999e-08	3.73743840785e-08	5.39138561525e-05
2.25571800799e-12	0.923206037255	3.06961987478	3.83293754957e-08	4.02946727513e-08	5.59805538745e-05
2.52519656559e-12	0.923206025298	3.0696198389	4.13239905809e-08	4.34431414176e-08	5.81264749976e-05
2.8268682814e-12	0.923206012407	3.06961980023	4.45525932061e-08	4.68376192542e-08	6.03546564174e-05
3.16457909882e-12	0.923205998509	3.06961975853	4.80334662418e-08	5.04973281003e-08	6.26682514438e-05
3.5426344153e-12	0.923205983524	3.06961971358	5.17863211099e-08	5.44429924812e-08	6.50705342632e-05
3.9658539708e-12	0.923205967369	3.06961966511	5.58324094048e-08	5.86969556257e-08	6.75649045725e-05
4.43963329346e-12	0.923205949951	3.06961961286	6.0194643237e-08	6.3283306698e-08	7.01548923899e-05
4.97001248589e-12	0.923205931173	3.06961955652	6.4897724978e-08	6.82280173548e-08	7.28441630508e-05
5.5637532289e-12	0.923205910927	3.06961949578	6.99682871454e-08	7.35590884052e-08	7.56365223948e-05
6.22842498451e-12	0.923205889099	3.0696194303	7.54350432158e-08	7.93067084613e-08	7.85359221517e-05
6.97250149705e-12	0.923205865566	3.06961935969	8.13289502228e-08	8.55034249125e-08	8.15464655339e-05
7.80546882285e-12	0.923205840193	3.06961928358	8.76833840593e-08	9.21843285548e-08	8.46724130432e-05
8.73794626544e-12	0.923205812839	3.06961920151	9.45343284778e-08	9.9387251765e-08	8.79181885002e-05
9.78182175834e-12	0.923205783347	3.06961911303	1.01920578857e-07	1.07152983107e-07	9.12883853047e-05
1.09504034212e-11	0.92320575155	3.06961901764	1.09883961892e-07	1.15525498144e-07	9.47877729365e-05
1.22585892214e-11	0.92320571727	3.06961891479	1.18469572447e-07	1.24552208577e-07	9.84213037044e-05
1.37230569042e-11	0.92320568031	3.06961880391	1.27726028919e-07	1.34284230577e-07	0.000102194119755
1.53624766131e-11	0.923205640463	3.06961868437	1.37705748549e-07	1.44776674561e-07	0.000106111560351
1.71977489096e-11	0.923205597502	3.06961855548	1.4846524425e-07	1.56088956599e-07	0.000110179169424
1.92522712294e-11	0.923205551185	3.06961841653	1.60065444626e-07	1.68285135706e-07	0.000114402703423
2.15522361689e-11	0.923205501248	3.06961826671	1.72572038993e-07	1.81434275992e-07	0.000118788139459
2.41269654074e-11	0.923205447409	3.06961810519	1.86055849362e-07	1.95610838011e-07	0.000123341683766
2.70092835205e-11	0.923205389364	3.06961793105	2.00593231487e-07	2.10895100426e-07	0.00012806978048
3.02359364503e-11	0.923205326784	3.06961774331	2.16266507246e-07	2.27373614419e-07	0.000132979120763
3.38480599684e-11	0.923205259313	3.06961754089	2.3316443081e-07	2.45139693847e-07	0.000138076652268
3.78917041029e-11	0.923205186571	3.06961732266	2.51382691229e-07	2.64293943934e-07	0.000143369588973
4.24184202151e-11	0.923205108145	3.06961708737	2.71024454301e-07	2.84944830805e-07	0.00014886542139
4.74859182109e-11	0.923205023591	3.06961683371	2.92200946765e-07	3.07209295216e-07	0.000154571927165
5.31588022648e-11	0.92320493243	3.06961656022	3.15032086149e-07	3.31213415571e-07	0.000160497182083
5.95093944362e-11	0.923204834147	3.06961626536	3.39647159829e-07	3.57093121566e-07	0.0001666495715
6.66186566773e-11	0.923204728184	3.06961594746	3.66185557144e-07	3.84994963459e-07	0.000173037802205
7.45772229869e-11	0.923204613941	3.06961560472	3.94797558718e-07	4.15076942501e-07	0.000179670914744
8.34865548694e-11	0.923204490772	3.06961523521	4.25645187452e-07	4.47509405552e-07	0.000186558296214
9.34602348276e-11	0.923204357979	3.06961483682	4.58903126011e-07	4.82476009397e-07	0.000193709693544
1.0462541438e-10	0.92320421481	3.0696144073	4.94759705994e-07	5.20174761133e-07	0.00020113522729
1.1712443506e-10	0.923204060455	3.06961394422	5.33417974396e-07	5.60819138914e-07	0.000208845405959
1.31116643073e-10	0.923203894039	3.06961344496	5.75096843395e-07	6.04639301523e-07	0.000216851140873
1.46780420719e-10	0.923203714619	3.06961290669	6.20032329975e-07	6.51883390753e-07	0.000225163761619
1.64315460514e-10	0.923203521181	3.06961232636	6.68478892405e-07	7.02818937365e-07	0.000233795032071
1.83945310967e-10	0.923203312629	3.06961170069	7.20710871148e-07	7.57734375402e-07	0.000242757167044
2.05920226488e-10	0.92320308778	3.06961102613	7.77024042342e-07	8.16940675959e-07	0.000252062849579
2.30520357749e-10	0.923202845364	3.06961029886	8.3773729267e-07	8.8077310751e-07	0.000261725248885
2.58059323168e-10	0.923202584006	3.06960951476	9.0319442508e-07	9.4959313512e-07	0.000271758038978
2.88888207046e-10	0.923202302226	3.0696086694	9.73766105605e-07	1.02379046631e-06	0.00028217541803
3.23400035333e-10	0.92320199843	3.06960775799	1.04985196228e-06	1.10378525865e-06	0.00029299212846
3.62034786055e-10	0.923201670896	3.06960677536	1.13188284804e-06	1.19003049828e-06	0.000304223477792
4.05284998308e-10	0.923201317771	3.06960571596	1.22032328048e-06	1.28301456537e-06	0.000315885360319
4.5370205128e-10	0.923200937053	3.06960457378	1.31567407214e-06	1.38326399917e-06	0.000327994279591
5.07903193381e-10	0.923200526589	3.06960334235	1.41847516638e-06	1.4913464793e-06	0.000340567371768
5.68579411056e-10	0.923200084052	3.06960201471	1.5293086948e-06	1.60787404091e-06	0.000353622429864
6.36504237592e-10	0.923199606938	3.06960058333	1.64880227348e-06	1.73350653953e-06	0.000367177928929
7.12543614222e-10	0.923199092545	3.06959904011	1.77763255686e-06	1.86895538766e-06	0.000381253052184
7.97666929199e-10	0.923198537959	3.06959737631	1.91652906918e-06	2.01498758269e-06	0.000395867718163
8.92959375576e-10	0.923197940041	3.06959558251	2.06627833532e-06	2.17243005017e-06	0.000411042608901
9.99635785198e-10	0.923197295405	3.06959364855	2.22772833434e-06	2.34217432564e-06	0.00042679919919
1.11905611525e-09	0.9231966004	3.06959156348	2.401793301e-06	2.52518160261e-06	0.000443159786963
1.25274278473e-09	0.923195851091	3.06958931549	2.58945890238e-06	2.72248817535e-06	0.000460147524843
1.40240008191e-09	0.923195043236	3.06958689186	2.7917878189e-06	2.93521130564e-06	0.000477786452896
1.56993588998e-09	0.923194172259	3.06958427886	3.00992576142e-06	3.16455554927e-06	0.000496101532643
1.75748600797e-09	0.923193233229	3.06958146169	3.24510795835e-06	3.41181957545e-06	0.000515118682369
1.96744137685e-09	0.923192220829	3.06957842441	3.49866614963e-06	3.67840352027e-06	0.000534864813792
2.20247855771e-09	0.923191129326	3.06957514981	3.77203612695e-06	3.96581691309e-06	0.00055536787013
2.46559385069e-09	0.923189952539	3.06957161936	4.06676586323e-06	4.27568722365e-06	0.000576656865629
2.76014148926e-09	0.923188683807	3.06956781306	4.38452427696e-06	4.60976907554e-06	0.000598761926604
3.08987639681e-09	0.923187315943	3.06956370936	4.7271106813e-06	4.96995418014e-06	0.000621714334048
3.45900205017e-09	0.923185841205	3.06955928502	5.09646497133e-06	5.35828204603e-06	0.000645546567879
3.87222406041e-09	0.92318425124	3.069554515	5.494678607e-06	5.77695152493e-06	0.000670292352878
4.33481015326e-09	0.923182537048	3.06954937227	5.92400645406e-06	6.22833326015e-06	0.000695986706378
4.85265731379e-09	0.923180688922	3.06954382774	6.38687954988e-06	6.71498310607e-06	0.000722665987793
5.43236695083e-09	0.923178696397	3.06953785	6.8859188664e-06	7.23965659674e-06	0.000750367950028
6.08132903874e-09	0.923176548193	3.0695314052	7.42395014811e-06	7.80532454367e-06	0.000779131792866
6.80781630878e-09	0.923174232146	3.06952445686	8.00401990886e-06	8.41518985238e-06	0.00080899821839
7.62108968998e-09	0.923171735145	3.06951696564	8.62941267825e-06	9.07270565165e-06	0.000840009488533
8.5315163429e-09	0.92316904305	3.06950888912	9.30366959474e-06	9.78159483868e-06	0.000872209484821
9.55070178994e-09	0.923166140622	3.06950018158	1.0030608451e-05	1.05458711503e-05	0.000905643770404
1.06916378253e-08	0.923163011427	3.06949079372	1.08143453049e-05	1.13698618794e-05	0.000940359654463
1.19688680885e-08	0.92315963775	3.06948067238	1.16593177773e-05	1.22582323649e-05	0.000976406259069
1.33986734108e-08	0.923156000492	3.06946976027	1.25703101703e-05	1.32160123942e-05	0.0010138345886
1.49992792946e-08	0.923152079061	3.06945799562	1.35524805461e-05	1.42486246654e-05	0.00105269760184
1.67910881678e-08	0.923147851258	3.06944531181	1.46113899201e-05	1.53619154728e-05	0.00109305028674
1.87969393716e-08	0.923143293149	3.06943163705	1.57530337337e-05	1.65621877865e-05	0.00113494973817
2.10424001913e-08	0.923138378932	3.06941689392	1.69838757839e-05	1.78562369139e-05	0.00117845523853
2.3556091635e-08	0.923133080789	3.06940099897	1.83108848021e-05	1.92513889446e-05	0.00122362834148
2.63700531085e-08	0.92312736873	3.06938386222	1.97415738874e-05	2.07555421947e-05	0.00127053295884
2.95201506269e-08	0.923121210424	3.06936538667	2.12840430187e-05	2.23772118853e-05	0.00131923545086
3.30465337594e-08	0.923114571013	3.06934546775	2.29470248845e-05	2.41255783056e-05	0.00136980471987
3.69941471208e-08	0.92310741292	3.06932399271	2.47399342893e-05	2.60105387346e-05	0.0014223123075
4.14133029186e-08	0.923099695631	3.06930084	2.66729214154e-05	2.80427634107e-05	0.00147683249565
4.63603218388e-08	0.923091375472	3.0692758786	2.87569292401e-05	3.02337558672e-05	0.00153344241129
5.18982504222e-08	0.923082405357	3.06924896723	3.10037554336e-05	3.25959179721e-05	0.00159222213518
5.80976640539e-08	0.923072734525	3.0692199536	3.3426119084e-05	3.51426200375e-05	0.00165325481481
6.50375657757e-08	0.923062308254	3.06918867353	3.6037732628e-05	3.78882763951e-05	0.00171662678159
7.28063923469e-08	0.923051067549	3.06915495003	3.88533793899e-05	4.08484268605e-05	0.00178242767249
8.15031403392e-08	0.923038948811	3.06911859227	4.18889971687e-05	4.40398245448e-05	0.00185075055631
9.12386265746e-08	0.923025883478	3.06907939456	4.51617683398e-05	4.74805305064e-05	0.00192169206469
1.02136898915e-07	0.923011797639	3.06903713513	4.86902169816e-05	5.1190015775e-05	0.00199535252817
1.14336815322e-07	0.922996611615	3.06899157492	5.2494313571e-05	5.51892713177e-05	0.0020718361173
1.27993811227e-07	0.922980239511	3.06894245623	5.6595587837e-05	5.95009265659e-05	0.00215125098911
1.4328187765e-07	0.922962588732	3.06888950123	6.10172504058e-05	6.41493771635e-05	0.00223370943921
1.60395775154e-07	0.922943559461	3.06883241044	6.57843239201e-05	6.91609226544e-05	0.00231932805945
1.79553511711e-07	0.922923044097	3.06877086101	7.09237843677e-05	7.45639148749e-05	0.00240822790164
2.00999115897e-07	0.922900926649	3.06870450492	7.64647134122e-05	8.03889178818e-05	0.00250053464741
2.25005740539e-07	0.922877082085	3.068632967	8.24384625775e-05	8.66688803066e-05	0.00259637878442
2.51879136138e-07	0.922851375624	3.06855584287	8.88788302056e-05	9.34393210959e-05	0.00269589578918
2.81961538015e-07	0.922823661984	3.06847269659	9.58222521759e-05	0.00010073852967	0.00279922631673
3.15636016365e-07	0.922793784564	3.06838305828	0.000103308007451	0.000108607781611	0.00290651639737
3.53331344211e-07	0.922761574562	3.06828642144	0.000111378439596	0.00011709157108	0.00301791764076
3.95527444765e-07	0.922726850032	3.06818224011	0.000120079195504	0.000126237861243	0.00313358744761
4.42761486966e-07	0.922689414861	3.06806992582	0.000129459482656	0.000136098354091	0.00325368922914
4.95634706108e-07	0.922649057672	3.0679488443	0.000139572346343	0.000146728781147	0.00337839263479
5.54820035517e-07	0.92260555064	3.06781831189	0.000150474968394	0.000158189216656	0.00350787378824
6.21070645409e-07	0.922558648218	3.06767759175	0.000162228989055	0.000170544414971	0.0036423155321
6.95229496363e-07	0.922508085766	3.06752588973	0.000174900853802	0.00018386417399	0.00378190768165
7.78240027472e-07	0.922453578071	3.06736234994	0.000188562187005	0.000198223726635	0.00392684728774
8.71158113399e-07	0.922394817763	3.06718604994	0.000203290194497	0.000213704162481	0.00407733890936
9.75165440239e-07	0.922331473598	3.06699599566	0.000219168097251	0.000230392881849	0.004233594896
1.09158446773e-06	0.922263188618	3.0667911158	0.000236285598566	0.000248384084806	0.0043958356802
1.22189516493e-06	0.92218957817	3.06657025593	0.000254739387278	0.000267779297714	0.00456429008066
1.3677537283e-06	0.922110227773	3.06633217206	0.00027463367978	0.000288687940138	0.00473919561605
1.53101351566e-06	0.922024690823	3.06607552375	0.000296080803762	0.000311227935172	0.00492079883005
1.71374845635e-06	0.921932486131	3.06579886668	0.000319201826846	0.000335526366403	0.00510935562778
1.91827922851e-06	0.92183309526	3.0655006447	0.000344127233516	0.000361720185002	0.00530513162401
2.14720252799e-06	0.921725959685	3.06517918123	0.000370997653965	0.000389956970661	0.00550840250345
2.40342379066e-06	0.921610477716	3.06483267008	0.000399964648772	0.000420395750361	0.00571945439346
2.69019377207e-06	0.92148600121	3.06445916549	0.000431191553582	0.000453207879222	0.00593858424944
3.01114943448e-06	0.921351832032	3.06405657151	0.000464854388272	0.000488577987979	0.00616610025324
3.37035964295e-06	0.921207218248	3.06362263057	0.0005011428354	0.000526705001945	0.00640232222486
3.77237622963e-06	0.921051350047	3.06315491117	0.000540261293057	0.000567803236632	0.00664758204772
4.22229104875e-06	0.920883355362	3.06265079474	0.000582430007617	0.000612103575535	0.00690222410778
4.72579971556e-06	0.920702295165	3.0621074614	0.000627886292236	0.000659854735962	0.00716660574675
5.28927280072e-06	0.920507158426	3.06152187488	0.000676885837372	0.000711324629137	0.00744109772953
5.91983533801e-06	0.920296856713	3.06089076616	0.000729704119983	0.000766801821202	0.00772608472617
6.62545559943e-06	0.920070218394	3.06021061602	0.000786637918538	0.000826597102145	0.00802196580848
7.41504419745e-06	0.919825982435	3.05947763638	0.000848006941398	0.000891045170083	0.00832915496135
8.29856469137e-06	0.919562791763	3.05868775022	0.000914155576646	0.000960506438757	0.00864808160885
9.28715700357e-06	0.919279186157	3.05783657017	0.000985454771906	0.00103536897652	0.00897919115521
1.03932750939e-05	0.918973594657	3.05691937555	0.00106230405325	0.00111605058558	0.00932294554051
1.16308404963e-05	0.918644327445	3.0559310879	0.0011451336928	0.00120300103055	0.00967982381101
1.30154134944e-05	0.918289567183	3.05486624473	0.00123440703521	0.00129670442606	0.0100503227039
1.45643838988e-05	0.917907359773	3.05371897162	0.00133062299378	0.00139768179328	0.0104349572464
1.62971835983e-05	0.917495604506	3.05248295239	0.00143431872752	0.00150649379586	0.0108342613677
1.8235523278e-05	0.917052043578	3.05115139734	0.00154607251099	0.00162374366607	0.0112487885257
2.04036559449e-05	0.916574250935	3.04971700942	0.00166650680954	0.00175008033228	0.0116791123444
2.2828670166e-05	0.916059620432	3.04817194832	0.00179629157291	0.00188620175913	0.0121258272643
2.55408162128e-05	0.915505353262	3.04650779227	0.00193614776075	0.00203285851218	0.0125895492026
2.85738686151e-05	0.914908444642	3.04471549757	0.00208685111431	0.00219085755869	0.0130709162238
3.19655289633e-05	0.914265669738	3.04278535569	0.00224923618879	0.00236106631647	0.0135705892173
3.57578731537e-05	0.913573568789	3.04070694798	0.00242420066151	0.00254441696249	0.0140892525821
3.9997847653e-05	0.912828431452	3.03846909782	0.00261270993123	0.00274191101275	0.0146276149157
4.47378197617e-05	0.912026280317	3.03605982019	0.00281580202429	0.00295462418449	0.015186409705
5.00361872782e-05	0.911162853635	3.03346626879	0.00303459282346	0.00318371155117	0.0157663960175
5.59580534094e-05	0.910233587232	3.03067468045	0.00327028163527	0.00343041299967	0.0163683591884
6.25759741664e-05	0.909233595549	3.0276727929	0.00352415711142	0.00369605905338	0.0169931115012
6.99707863554e-05	0.908157651822	3.02444562068	0.0037976033301	0.00398207724843	0.0176414923392
7.82325043571e-05	0.907000169159	3.02097345758	0.00409210659738	0.00428999768741	0.0183143692087
8.74613377783e-05	0.905755177764	3.01723829854	0.00440926282487	0.00462146044652	0.0190126390934
9.77687918278e-05	0.904416304207	3.01322091001	0.00475078477817	0.00497822246782	0.0197372284818
0.000109278882269	0.902976749518	3.00890076133	0.00511850997826	0.00536216493055	0.0204890939459
0.00012212946926	0.901429266981	3.00425595485	0.00551440903168	0.00577530093023	0.0212692226809
0.000136473719312	0.899766139816	2.99926315521	0.00594059439485	0.00621978345044	0.0220786330011
0.000152481704768	0.897979158961	2.99389751835	0.00639932957492	0.00669791360551	0.0229183747808
0.000170342150327	0.896059601209	2.98813262099	0.00689303876473	0.00721214912474	0.0237895298328
0.000190264335982	0.893998208004	2.98194039136	0.00742431690469	0.00776511303973	0.0246932122151
0.000212480187982	0.891785163509	2.97529946078	0.0079959401671	0.00835960341804	0.0256305684531
0.000237246486182	0.889410079815	2.96817434771	0.00861087520088	0.00899860169377	0.02660277503
0.00026484727235	0.88686197907	2.96052805736	0.00927229261207	0.00968527993611	0.0276110422556
0.000295596512992	0.884129275611	2.95232534969	0.00998357851065	0.0104230117015	0.0286566140225
0.000329840883474	0.881199767002	2.94352905227	0.0107483456666	0.0112153802284	0.0297407664421
0.000367962768707	0.878060626665	2.9341000262	0.0115704455497	0.0120661868461	0.0308648074481
0.000410383534747	0.874698396483	2.9240108864	0.0124539805294	0.0129794613661	0.0320300762318
0.000457566776352	0.871099001299	2.91321100674	0.0134033119378	0.0139594670033	0.0332379370707
0.000510021885467	0.86724775249	2.90165037479	0.0144230782904	0.0150107039886	0.0344897866943
0.000568307908576	0.863129359113	2.88928200041	0.0155182066015	0.0161379190838	0.0357870520377
0.000633037453227	0.858727954667	2.87607112056	0.0166939225262	0.0173461107725	0.0371311868822
0.000704880721992	0.854027136099	2.86196546418	0.0179557556247	0.0186405354365	0.0385236635587
0.00078456913635	0.849010029348	2.84690178846	0.0193095556145	0.0200266922091	0.0399659783268
0.000872900073993	0.843659316755	2.83083667255	0.0207615055232	0.0215103360515	0.0414596531798
0.000970741136658	0.837957313746	2.81372710838	0.0223181201911	0.0230974814903	0.0430062227542
0.00107903291305	0.831886116571	2.79549615101	0.0239862510531	0.0247943650385	0.0446072304665
0.00119879447514	0.825427623501	2.77611327578	0.0257731078989	0.0266074657674	0.0462642422962
0.0013311259279	0.818563727941	2.75550845069	0.0276862339843	0.0285434795827	0.0479788167694
0.00147721143135	0.811276450873	2.73363210045	0.0297335292687	0.0306092841645	0.049752523642
0.00163832348441	0.803548057394	2.71043411172	0.0319232327155	0.0328119568175	0.0515869261965
0.00181582204447	0.795361353927	2.68585869538	0.034263916299	0.0351586816908	0.0534835779037
0.00201115940161	0.78669976095	2.65985465857	0.0367644765939	0.0376567890287	0.0554440195657
0.00222587702937	0.777547666507	2.63238691895	0.0394341189563	0.0403136431106	0.0574697734162
0.00246160603026	0.767890639215	2.60339080957	0.0422823199411	0.0431366316252	0.059562324719
0.00272006643107	0.757715626644	2.57284865548	0.0453188345364	0.0461331188586	0.0617231405442
0.00300305925644	0.747011405599	2.54072033773	0.0485536175412	0.0493103321516	0.063953629233
0.00331246389964	0.735768769958	2.5069698943	0.0519968104504	0.0526753315172	0.0662551531054
0.00365023175809	0.723980812955	2.47157931571	0.0556586996809	0.0562349446665	0.0686290231849
0.00401837347992	0.711643345936	2.43453835239	0.0595496492948	0.0599956329015	0.0710764821297
0.0044189482767	0.698755185185	2.39584645286	0.0636800361261	0.0639634185748	0.0735986946757
0.00485404946248	0.685318470698	2.35551044803	0.0680601769387	0.0681437808641	0.0761967377698
0.00532578793622	0.671338957455	2.3135430909	0.0727002530373	0.0725415475497	0.0788715939325
0.00583627443414	0.656826255449	2.26998000047	0.0776102332301	0.0771607940191	0.0816241478078
0.00638759603918	0.641794133478	2.22485810112	0.0827997581458	0.0820047054865	0.0844551649817
0.0069817946314	0.626260659865	2.1782289329	0.0882780603615	0.0870754728769	0.0873652956397
0.00762084328954	0.610248316599	2.13015600994	0.0940538556819	0.0923741955595	0.0903550649052
0.00830662169967	0.593784041027	2.08072024419	0.100135237584	0.0979007862253	0.0934248677126
0.00904088351957	0.576899339686	2.03004118561	0.106529553052	0.103653796838	0.0965749572905
0.00982522346676	0.559630328552	1.97818918957	0.11324320441	0.109630307673	0.0998054000473
0.0106610733681	0.54201705723	1.92531817753	0.120281715931	0.115826032394	0.103116160607
0.0115496411166	0.524103958763	1.87152866735	0.127649397972	0.122234945158	0.106506990816
0.0124919242246	0.505938761527	1.81700345374	0.135349444923	0.128849581388	0.109977526405
0.0134886461323	0.487572822985	1.76185986774	0.143383568702	0.135660669518	0.113527163999
0.0145402663836	0.469060013465	1.70626888147	0.151752175532	0.142657322415	0.117155186049
0.0156469621309	0.45045627378	1.65042335378	0.160454097188	0.149827131555	0.120860677485
0.0168085899591	0.431819332757	1.59447148535	0.169486420115	0.15715598529	0.12464248604
0.0180247017319	0.413207591104	1.53859142756	0.178844638292	0.164628284866	0.128499315955
0.0192945324461	0.394679581622	1.48296086678	0.188522464985	0.17222703314	0.132429667796
0.0206170003909	0.376293244742	1.42775491257	0.198511786861	0.179933964196	0.136431832633
0.0219907116953	0.358105213889	1.37314398616	0.208802633995	0.187729697648	0.140503885089
0.0234139690571	0.340170128642	1.31929189167	0.219383166675	0.195593915548	0.144643675056
0.0248847842235	0.322539993674	1.26635402691	0.230239678753	0.203505558768	0.148848817577
0.0264008936729	0.305263599305	1.21447575626	0.241356617489	0.211443038936	0.153116680644
0.0279597769577	0.288386015961	1.1637911209	0.252716619753	0.219384462431	0.157444370749
0.0295586768601	0.271948174394	1.11442169169	0.264300563086	0.227307860938	0.161828715696
0.0311946254292	0.255986500939	1.06648932814	0.276087631859	0.23519146946	0.166266244896
0.0328644733673	0.240532655343	1.02009087525	0.288055266806	0.243014120966	0.170753115483
0.0345648680941	0.225613687124	0.975293151883	0.300179342803	0.25075500034	0.175285119682
0.0362923180612	0.211251623577	0.932161789135	0.312434441937	0.258394156672	0.179857723083
0.038043198714	0.197463653989	0.890748464914	0.324793843349	0.265912652231	0.184465988714
0.039813770002	0.184262251462	0.851091354966	0.337229649791	0.273292736245	0.189104547761
0.0416001923703	0.171655361787	0.813216920649	0.349712924303	0.280517999644	0.193767570287
0.0433985652634	0.159646516509	0.777158196848	0.362213824438	0.287573735543	0.198448731165
0.0452048605471	0.148235595827	0.742890720979	0.374701487286	0.294446540163	0.203141079797
0.0470150044622	0.137418654411	0.710403473013	0.387144841181	0.301124557244	0.207837264466
0.0488248650804	0.127188469132	0.679675165487	0.39951247367	0.307597542205	0.212529403999
0.0506302599523	0.117534911699	0.650674819214	0.411772844987	0.313856849104	0.217209092054
0.0524269636961	0.108445325958	0.62336214427	0.423894523935	0.319895379587	0.221867416908
0.0542107206854	0.0999048841002	0.597696705492	0.435846450581	0.325707528476	0.226495001039
0.0559773257913	0.0918966847498	0.573660909514	0.447598081936	0.331289770475	0.231082002278
0.057722452372	0.0844028617751	0.551162183465	0.459119111832	0.33663943305	0.235617955738
0.0594418125613	0.0774042123238	0.530126446134	0.470381001826	0.341754781923	0.24009235457
0.0611311647207	0.0708806298758	0.510513684468	0.481356877814	0.346635036448	0.244494614214
0.0627865315155	0.0648107977558	0.492306114191	0.492021149293	0.351282345633	0.248813917368
0.0644036268776	0.0591744064647	0.475328705425	0.502349207126	0.355697234202	0.253039101518
0.0659788197326	0.0539492498141	0.459675285878	0.512320785601	0.359883386803	0.257160091027
0.0675080316285	0.049115187376	0.445136701682	0.521914904623	0.363842807759	0.261165861232
0.0689880728045	0.0446501643231	0.431696365659	0.531116105068	0.367580963852	0.265047098023
0.0704156700276	0.0405335390476	0.419367799502	0.539910686165	0.371101895485	0.268794731192
0.0717876884656	0.0367455602357	0.407999091028	0.548286506228	0.374409955466	0.272399925466
0.0731017126193	0.0332659703546	0.397545837536	0.556236289538	0.377511120302	0.27585560339
0.0743557409208	0.0300751178805	0.387960673999	0.563755542549	0.380412063686	0.279155669388
0.0755480718434	0.0271543368116	0.379192540678	0.570842646579	0.383118910165	0.282295157802
0.0766774645714	0.0244856416327	0.371183081838	0.577498988496	0.385638081436	0.285270398616
0.0777433257221	0.0220513874017	0.363861756799	0.583729033787	0.387977387881	0.288079147256
0.0787455351711	0.0198347088429	0.357141469393	0.589540289261	0.390144496707	0.290720660847
0.0796844918694	0.0178194316692	0.351125178495	0.594943305154	0.392147069807	0.293195789537
0.0805606153997	0.015991076662	0.345697755053	0.599948742043	0.393991652286	0.295505689293
0.0813752044701	0.0143349875088	0.340617821483	0.604570611904	0.395687001437	0.297653346728
0.0821303323199	0.0128365570704	0.336233335975	0.608827048006	0.397242410362	0.299644001684
0.0828273053561	0.0114841535591	0.332103375406	0.61273258205	0.398663617055	0.301481553949
0.083469141006	0.0102641845512	0.328545001558	0.616307866984	0.399961916585	0.303173123906
0.0840577445547	0.00916638314482	0.32506445013	0.619570052658	0.401142549496	0.304724519869
0.0845965794212	0.00817869075844	0.322337074055	0.622541504929	0.40221603588	0.306144364264
0.0850878708507	0.00729229257957	0.319615966323	0.625237914298	0.403189233954	0.307438392533
0.0855346939303	0.00649764556303	0.31711422173	0.62768139918	0.404068057539	0.308615705588
0.0859405229348	0.00578529271288	0.315234252079	0.629891401826	0.404863035506	0.309684386225
0.0863078165099	0.00514817836868	0.31335652077	0.631883767679	0.405580085699	0.310650997361
0.0866395324354	0.00457889995804	0.311481869837	0.633677909043	0.40622461962	0.311524034405
0.086938572944	0.00407062496176	0.309828979148	0.635291872636	0.406802391008	0.312311517263
0.0872079858824	0.00361667799201	0.308824997143	0.636741350313	0.407322023842	0.313020469764
0.0874499765076	0.00321211362314	0.307821005753	0.638039085333	0.40778855955	0.31365659505
0.0876670094568	0.00285180713082	0.306817334433	0.639200015027	0.408206411567	0.314226779751
0.0878613940046	0.00253111741538	0.305814285408	0.640237790433	0.408579842757	0.314737376345
0.0880352796808	0.00224585052405	0.304812134556	0.641164851657	0.408912916564	0.315194221149
0.088190655808	0.00199222420752	0.303811132582	0.641992505848	0.409209464265	0.315602656968
0.0883293541119	0.00176683382536	0.302811506373	0.642731006057	0.409473065278	0.315967559021
