0.0	0.003263078204	0.126446493128	0.0	0.0	0.0
5.2965783184e-19	0.00326307820394	0.126446493127	4.39814975238e-13	5.29687405048e-13	1e-06
5.92933225716e-19	0.00326307820394	0.126446493127	4.62109666089e-13	5.71098723867e-13	1.03833333333e-06
6.63767793136e-19	0.00326307820394	0.126446493127	4.86146377382e-13	6.15729689457e-13	1.07813611111e-06
7.43064588213e-19	0.00326307820393	0.126446493127	5.12061223819e-13	6.63802346423e-13	1.11946466204e-06
8.31834548115e-19	0.00326307820393	0.126446493127	5.40000955576e-13	7.15649761673e-13	1.16237747408e-06
9.31209381275e-19	0.00326307820393	0.126446493127	5.70123789319e-13	7.71605002114e-13	1.20693527725e-06
1.04245599529e-18	0.00326307820392	0.126446493127	6.02600304146e-13	8.31890112351e-13	1.25320112955e-06
1.16699264846e-18	0.00326307820392	0.126446493127	6.37614407544e-13	8.96838159291e-13	1.30124050618e-06
1.3064070308e-18	0.00326307820391	0.126446493127	6.75364376816e-13	9.66893232145e-13	1.35112139225e-06
1.46247650522e-18	0.00326307820391	0.126446493126	7.1606398188e-13	1.04249942012e-12	1.40291437895e-06
1.63719076665e-18	0.0032630782039	0.126446493126	7.59943695809e-13	1.12398979013e-12	1.45669276348e-06
1.83277720827e-18	0.0032630782039	0.126446493126	8.0725199994e-13	1.21180843138e-12	1.51253265274e-06
2.05172931805e-18	0.00326307820389	0.126446493126	8.58256790979e-13	1.30639943307e-12	1.5705130711e-06
2.29683846761e-18	0.00326307820388	0.126446493126	9.13246898038e-13	1.40853995134e-12	1.63071607216e-06
2.57122949889e-18	0.00326307820387	0.126446493126	9.72533718212e-13	1.51856305308e-12	1.69322685492e-06
2.87840056199e-18	0.00326307820387	0.126446493126	1.03645297995e-12	1.63724589441e-12	1.75813388436e-06
3.22226771233e-18	0.00326307820386	0.126446493126	1.10536664423e-12	1.76514358685e-12	1.82552901659e-06
3.60721483557e-18	0.00326307820385	0.126446493125	1.17966495424e-12	1.90303328651e-12	1.89550762889e-06
4.03814953678e-18	0.00326307820384	0.126446493125	1.25976864526e-12	2.05180317181e-12	1.96816875466e-06
4.52056570643e-18	0.00326307820383	0.126446493125	1.34613132717e-12	2.21211937656e-12	2.04361522359e-06
5.06061356075e-18	0.00326307820381	0.126446493125	1.4392420532e-12	2.38487007919e-12	2.12195380716e-06
5.66517804946e-18	0.0032630782038	0.126446493125	1.53962808926e-12	2.57127652503e-12	2.20329536977e-06
6.34196663049e-18	0.00326307820379	0.126446493124	1.64785789978e-12	2.77211587018e-12	2.28775502561e-06
7.09960753062e-18	0.00326307820377	0.126446493124	1.76454436681e-12	2.98872038228e-12	2.37545230158e-06
7.94775974483e-18	0.00326307820376	0.126446493124	1.89034826059e-12	3.22231130666e-12	2.46651130648e-06
8.89723617665e-18	0.00326307820374	0.126446493123	2.02598198139e-12	3.47410988864e-12	2.56106090655e-06
9.9601414895e-18	0.00326307820372	0.126446493123	2.17221359367e-12	3.74555941816e-12	2.65923490797e-06
1.11500264263e-17	0.0032630782037	0.126446493123	2.32987117545e-12	4.03821420745e-12	2.7611722461e-06
1.2482060565e-17	0.00326307820368	0.126446493122	2.49984750756e-12	4.35373959105e-12	2.8670171822e-06
1.39732257118e-17	0.00326307820365	0.126446493122	2.68310512924e-12	4.69391192579e-12	2.97691950751e-06
1.56425323989e-17	0.00326307820363	0.126446493121	2.8806817888e-12	5.06061859082e-12	3.0910347553e-06
1.75112622452e-17	0.0032630782036	0.126446493121	3.09369632019e-12	5.45608003219e-12	3.20952442091e-06
1.9603239271e-17	0.00326307820357	0.12644649312	3.32335497867e-12	5.88240567364e-12	3.33255619037e-06
2.19451336251e-17	0.00326307820354	0.12644649312	3.57095827161e-12	6.34203800583e-12	3.46030417766e-06
2.45668015967e-17	0.0032630782035	0.126446493119	3.83790832295e-12	6.83753054171e-12	3.59294917113e-06
2.75016662465e-17	0.00326307820347	0.126446493119	4.12571681315e-12	7.37176986115e-12	3.73067888934e-06
3.07871435097e-17	0.00326307820343	0.126446493118	4.43601353953e-12	7.94775356632e-12	3.87368824676e-06
3.44651192038e-17	0.00326307820338	0.126446493117	4.77055564538e-12	8.56881232629e-12	4.02217962954e-06
3.8582483021e-17	0.00326307820334	0.126446493116	5.13123757039e-12	9.23827681012e-12	4.17636318199e-06
4.3191726315e-17	0.00326307820328	0.126446493115	5.52010177836e-12	9.96014382072e-12	4.33645710395e-06
4.83516113013e-17	0.00326307820323	0.126446493115	5.93935032328e-12	1.0738410161e-11	4.50268795959e-06
5.41279202034e-17	0.00326307820317	0.126446493113	6.39135731908e-12	1.1577516723e-11	4.67529099802e-06
6.05942938961e-17	0.00326307820311	0.126446493112	6.87868238372e-12	1.24821264434e-11	4.85451048625e-06
6.78331707364e-17	0.00326307820304	0.126446493111	7.40408513374e-12	1.34573463482e-11	5.04060005487e-06
7.59368375517e-17	0.00326307820297	0.12644649311	7.97054081141e-12	1.45088385748e-11	5.23382305694e-06
8.5008606184e-17	0.00326307820289	0.126446493109	8.58125713282e-12	1.56425983275e-11	5.43445294076e-06
9.51641305896e-17	0.0032630782028	0.126446493107	9.23969245257e-12	1.68648428553e-11	5.64277363679e-06
1.06532881286e-16	0.00326307820271	0.126446493105	9.94957534759e-12	1.81825665632e-11	5.8590799595e-06
1.19259795941e-16	0.00326307820261	0.126446493104	1.07149257314e-11	1.96033189677e-11	6.08367802457e-06
1.33507127153e-16	0.0032630782025	0.126446493102	1.15400776177e-11	2.11349826524e-11	6.31688568213e-06
1.49456510973e-16	0.00326307820239	0.1264464931	1.24297036635e-11	2.27864394015e-11	6.55903296656e-06
1.6731128254e-16	0.00326307820226	0.126446493098	1.33888416288e-11	2.45667930437e-11	6.81046256355e-06
1.87299068356e-16	0.00326307820213	0.126446493095	1.44229229047e-11	2.64863686532e-11	7.07153029509e-06
2.09674688248e-16	0.00326307820199	0.126446493093	1.553780327e-11	2.85559353933e-11	7.34260562299e-06
2.34723404006e-16	0.00326307820183	0.12644649309	1.67397960514e-11	3.07871506057e-11	7.62407217179e-06
2.62764556125e-16	0.00326307820166	0.126446493087	1.80357078742e-11	3.31927818553e-11	7.91632827161e-06
2.94155635002e-16	0.00326307820148	0.126446493084	1.94328772071e-11	3.57862628407e-11	8.21978752192e-06
3.29296838505e-16	0.00326307820128	0.12644649308	2.09392159181e-11	3.85824705503e-11	8.53487937681e-06
3.68636174004e-16	0.00326307820107	0.126446493077	2.25632540779e-11	4.15971701511e-11	8.86204975279e-06
4.12675169919e-16	0.00326307820085	0.126446493073	2.43141882637e-11	4.48474590777e-11	9.20176165983e-06
4.61975269591e-16	0.0032630782006	0.126446493068	2.62019336374e-11	4.835165601e-11	9.55449585663e-06
5.17164989002e-16	0.00326307820034	0.126446493064	2.82371800932e-11	5.21296339401e-11	9.92075153095e-06
5.78947929582e-16	0.00326307820005	0.126446493059	3.0431452792e-11	5.62028201724e-11	1.03010470061e-05
6.48111748268e-16	0.00326307819975	0.126446493053	3.27971774259e-11	6.05943073458e-11	1.06959204744e-05
7.25538199166e-16	0.00326307819942	0.126446493048	3.53477505824e-11	6.53289644561e-11	1.1105930759e-05
8.12214374839e-16	0.00326307819906	0.126446493041	3.80976156062e-11	7.04334368557e-11	1.15316581045e-05
9.09245290528e-16	0.00326307819867	0.126446493035	4.10623443885e-11	7.59368123879e-11	1.19737049982e-05
1.01786797175e-15	0.00326307819826	0.126446493027	4.4258725548e-11	8.18702883198e-11	1.24326970228e-05
1.13946722484e-15	0.00326307819781	0.126446493019	4.77048595004e-11	8.82672823643e-11	1.29092837416e-05
1.27559329158e-15	0.00326307819733	0.126446493011	5.14202609576e-11	9.51642098366e-11	1.34041396179e-05
1.42798161283e-15	0.00326307819681	0.126446493002	5.54259694352e-11	1.02599928543e-10	1.39179649694e-05
1.59857495334e-15	0.00326307819625	0.126446492992	5.97446683946e-11	1.10616626957e-10	1.44514869593e-05
1.78954816957e-15	0.00326307819565	0.126446492981	6.44008136949e-11	1.19259824224e-10	1.50054606254e-05
2.00333593646e-15	0.003263078195	0.12644649297	6.94207720805e-11	1.28578370157e-10	1.55806699487e-05
2.24266378659e-15	0.00326307819429	0.126446492958	7.48329704911e-11	1.38624889326e-10	1.61779289626e-05
2.51058285736e-15	0.00326307819354	0.126446492944	8.06680570365e-11	1.49456558218e-10	1.67980829053e-05
2.81050878925e-15	0.00326307819272	0.12644649293	8.69590745508e-11	1.61134439099e-10	1.74420094156e-05
3.1462652711e-15	0.00326307819184	0.126446492915	9.37416477066e-11	1.73724923306e-10	1.81106197754e-05
3.52213278741e-15	0.00326307819089	0.126446492898	1.0105418475e-10	1.87299065111e-10	1.88048601989e-05
3.94290318932e-15	0.00326307818987	0.12644649288	1.08938094997e-10	2.01933913994e-10	1.95257131718e-05
4.41394078484e-15	0.00326307818877	0.126446492861	1.17438023328e-10	2.17712292591e-10	2.02741988418e-05
4.94125072723e-15	0.00326307818758	0.12644649284	1.26602103001e-10	2.34723462833e-10	2.10513764623e-05
5.53155557331e-15	0.0032630781863	0.126446492817	1.36482228216e-10	2.5306379208e-10	2.18583458914e-05
6.1923809879e-15	0.00326307818492	0.126446492793	1.47134347988e-10	2.72837197205e-10	2.26962491484e-05
6.93215168679e-15	0.00326307818343	0.126446492767	1.58618782968e-10	2.94155699712e-10	2.35662720299e-05
7.76029884157e-15	0.00326307818182	0.126446492739	1.71000567029e-10	3.1713986982e-10	2.44696457883e-05
8.68738031556e-15	0.00326307818009	0.126446492708	1.84349815537e-10	3.41919936691e-10	2.54076488738e-05
9.72521526361e-15	0.00326307817822	0.126446492676	1.98742122401e-10	3.68636232515e-10	2.63816087438e-05
1.08870348119e-14	0.00326307817621	0.12644649264	2.14258988143e-10	3.97439969666e-10	2.73929037418e-05
1.21876507385e-14	0.00326307817404	0.126446492602	2.30988281418e-10	4.28494461951e-10	2.84429650475e-05
1.36436443056e-14	0.0032630781717	0.126446492561	2.49024736597e-10	4.61975346653e-10	2.95332787028e-05
1.52735776502e-14	0.00326307816918	0.126446492517	2.68470490225e-10	4.98072249862e-10	3.06653877143e-05
1.70982304286e-14	0.00326307816646	0.126446492469	2.894356594e-10	5.3698967466e-10	3.18408942373e-05
1.91408647316e-14	0.00326307816353	0.126446492418	3.12038965341e-10	5.78948000316e-10	3.30614618429e-05
2.1427521648e-14	0.00326307816037	0.126446492362	3.3640840568e-10	6.24184703534e-10	3.43288178726e-05
2.39873532559e-14	0.00326307815696	0.126446492302	3.62681979286e-10	6.72956023786e-10	3.56447558825e-05
2.68529942767e-14	0.00326307815328	0.126446492238	3.91008467724e-10	7.2553818456e-10	3.70111381818e-05
3.00609781277e-14	0.00326307814932	0.126446492168	4.21548277769e-10	7.8222894767e-10	3.84298984681e-05
3.36522026779e-14	0.00326307814505	0.126446492093	4.54474349757e-10	8.43349278589e-10	3.9903044564e-05
3.76724516466e-14	0.00326307814045	0.126446492012	4.89973136909e-10	9.09245344855e-10	4.14326612589e-05
4.21729782891e-14	0.00326307813548	0.126446491925	5.28245661174e-10	9.80290181401e-10	4.30209132588e-05
4.72111588131e-14	0.00326307813013	0.126446491831	5.69508651572e-10	1.05688624407e-09	4.46700482503e-05
5.28512238554e-14	0.00326307812436	0.12644649173	6.13995771486e-10	1.13946718597e-09	4.6382400081e-05
5.91650773432e-14	0.00326307811814	0.126446491621	6.61958941844e-10	1.22850074407e-09	4.81603920631e-05
6.62332131818e-14	0.00326307811143	0.126446491503	7.13669767692e-10	1.32449107062e-09	5.00065404019e-05
7.41457414524e-14	0.0032630781042	0.126446491376	7.69421076237e-10	1.4279816198e-09	5.19234577576e-05
8.30035372061e-14	0.0032630780964	0.126446491239	8.29528575062e-10	1.53955858935e-09	5.39138569421e-05
9.29195264966e-14	0.003263078088	0.126446491092	8.9433263991e-10	1.65985369618e-09	5.59805547585e-05
1.04020126049e-13	0.00326307807893	0.126446490933	9.64200242154e-10	1.78954817311e-09	5.81264759872e-05
1.16446854918e-13	0.00326307806916	0.126446490761	1.03952702688e-09	1.92937643267e-09	6.03546575252e-05
1.30358138682e-13	0.00326307805863	0.126446490576	1.12073955334e-09	2.08013039693e-09	6.2668252684e-05
1.45931329175e-13	0.00326307804727	0.126446490377	1.20829771045e-09	2.24266371637e-09	6.50705356516e-05
1.63364965508e-13	0.00326307803503	0.126446490162	1.30269732106e-09	2.41789676584e-09	6.75649061267e-05
1.8288130519e-13	0.00326307802183	0.12644648993	1.40447294968e-09	2.60682175166e-09	7.01548941298e-05
2.04729157651e-13	0.00326307800759	0.12644648968	1.5142009296e-09	2.81050870675e-09	7.28441649986e-05
2.29187056244e-13	0.00326307799225	0.126446489411	1.63250262653e-09	3.03011093076e-09	7.56365245753e-05
2.56566809213e-13	0.00326307797571	0.12644648912	1.76004795728e-09	3.26687198447e-09	7.85359245927e-05
2.87217474858e-13	0.00326307795787	0.126446488807	1.89755918334e-09	3.52213257318e-09	8.15464682665e-05
3.21529811604e-13	0.00326307793864	0.12644648847	2.04581500086e-09	3.79733831825e-09	8.46724161022e-05
3.59941259687e-13	0.00326307791791	0.126446488106	2.2056549503e-09	4.09404752866e-09	8.79181919247e-05
4.02941517979e-13	0.00326307789555	0.126446487713	2.37798417048e-09	4.41394052692e-09	9.12883891384e-05
4.51078787047e-13	0.00326307787145	0.12644648729	2.56377852423e-09	4.75882864182e-09	9.47877772281e-05
5.04966758034e-13	0.00326307784547	0.126446486834	2.76409012449e-09	5.13066497764e-09	9.84213085088e-05
5.65292436464e-13	0.00326307781746	0.126446486342	2.98005329215e-09	5.53155518328e-09	0.000102194125134
6.32824900716e-13	0.00326307778726	0.126446485812	3.21289097949e-09	5.96376933167e-09	0.000106111566372
7.08425106823e-13	0.0032630777547	0.126446485241	3.46392169546e-09	6.42975502037e-09	0.000110179176164
7.93056864598e-13	0.00326307771959	0.126446484624	3.73456697213e-09	6.93215102733e-09	0.000114402710968
8.87799125019e-13	0.00326307768174	0.12644648396	4.02635941447e-09	7.47380229892e-09	0.000118788147906
9.93859735516e-13	0.00326307764094	0.126446483244	4.34095137915e-09	8.05777604809e-09	0.000123341693222
1.11259083853e-12	0.00326307759694	0.126446482471	4.68012433147e-09	8.68737929596e-09	0.000128069791066
1.24550610966e-12	0.00326307754951	0.126446481639	5.0457989334e-09	9.36617719048e-09	0.000132979132613
1.39430005514e-12	0.00326307749837	0.126446480741	5.44004591982e-09	1.00980137676e-08	0.000138076665534
1.56086961469e-12	0.00326307744324	0.126446479773	5.86509782463e-09	1.08870331564e-08	0.000143369603824
1.74733834514e-12	0.0032630773838	0.12644647873	6.32336162306e-09	1.17377034491e-08	0.000148865438015
1.95608349313e-12	0.00326307731971	0.126446477605	6.81743236182e-09	1.2654841792e-08	0.000154571945776
2.18976630205e-12	0.00326307725062	0.126446476392	7.35010785425e-09	1.36436416968e-08	0.000160497202918
2.45136593954e-12	0.00326307717613	0.126446475084	7.92440452363e-09	1.47097025728e-08	0.000166649594823
2.7442174782e-12	0.00326307709582	0.126446473674	8.54357448451e-09	1.5859061257e-08	0.000173037828315
3.07205441354e-12	0.00326307700923	0.126446472154	9.21112395866e-09	1.709822632e-08	0.000179670943973
3.43905626137e-12	0.00326307691588	0.126446470516	9.9308331299e-09	1.84342149256e-08	0.000186558328935
3.84990184137e-12	0.00326307681523	0.126446468749	1.07067775504e-08	1.98745923543e-08	0.000193709730173
4.30982892615e-12	0.00326307670672	0.126446466844	1.15433512196e-08	2.14275151916e-08	0.000201135268296
4.8247010162e-12	0.00326307658973	0.12644646479	1.24452914662e-08	2.31017774014e-08	0.000208845451863
5.40108209212e-12	0.0032630764636	0.126446462576	1.34177057745e-08	2.49068597316e-08	0.000216851192262
6.04632029702e-12	0.00326307632761	0.126446460189	1.44661007069e-08	2.68529841147e-08	0.000225163819146
6.76864161593e-12	0.003263076181	0.126446457615	1.55964130861e-08	2.89511709551e-08	0.000233795096471
7.57725474669e-12	0.00326307602293	0.12644645484	1.68150436135e-08	3.1213301857e-08	0.000242757239138
8.48246849891e-12	0.00326307585251	0.126446451849	1.81288931153e-08	3.36521866817e-08	0.000252062930285
9.49582321812e-12	0.00326307566878	0.126446448623	1.95454016195e-08	3.62816362668e-08	0.000261725339233
1.06302379102e-11	0.00326307547068	0.126446445146	2.1072590487e-08	3.91165405864e-08	0.000271758140119
1.19001749418e-11	0.00326307525712	0.126446441397	2.27191078343e-08	4.21729531275e-08	0.000282175531254
1.3321824417e-11	0.00326307502686	0.126446437355	2.44942775053e-08	4.54681814842e-08	0.00029299225521
1.49133105796e-11	0.00326307477861	0.126446432997	2.64081518699e-08	4.90208857235e-08	0.000304223619684
1.66949228734e-11	0.00326307451097	0.126446428298	2.84715687472e-08	5.28511841891e-08	0.000315885519163
1.86893746057e-11	0.00326307422241	0.126446423233	3.06962127771e-08	5.69807667445e-08	0.000327994457411
2.09220925119e-11	0.00326307391131	0.126446417772	3.30946815871e-08	6.14330182288e-08	0.000340567570831
2.34215409119e-11	0.00326307357589	0.126446411884	3.56805571285e-08	6.62331507958e-08	0.000353622652708
2.6219584592e-11	0.00326307321427	0.126446405536	3.84684825865e-08	7.14083461329e-08	0.000367178178395
2.93518950376e-11	0.0032630728244	0.126446398691	4.14742453005e-08	7.69879103372e-08	0.000381253331452
3.28584051953e-11	0.00326307240406	0.126446391313	4.47148661618e-08	8.30034390047e-08	0.000395868030794
3.67838185631e-11	0.00326307195087	0.126446383357	4.8208695998e-08	8.94889964207e-08	0.00041104295888
4.11781790975e-11	0.00326307146228	0.12644637478	5.19755194862e-08	9.64813086263e-08	0.000426799590979
4.60975092032e-11	0.00326307093551	0.126446365533	5.60366671876e-08	1.04019971363e-07	0.000443160225557
5.16045239392e-11	0.00326307036758	0.126446355563	6.04151363336e-08	1.12147674116e-07	0.000460148015833
5.77694305454e-11	0.00326306975528	0.126446344814	6.51357210512e-08	1.20910441694e-07	0.000477787002543
6.46708234823e-11	0.00326306909513	0.126446333226	7.02251527613e-08	1.30357895471e-07	0.000496102147952
7.23966863952e-11	0.0032630683834	0.126446320732	7.57122515485e-08	1.40543533376e-07	0.000515119371185
8.10455137731e-11	0.00326306761606	0.126446307261	8.16280893568e-08	1.51525034208e-07	0.000534865584897
9.0727566605e-11	0.00326306678877	0.126446292739	8.80061659359e-08	1.63364582819e-07	0.000555368733355
1.01566278037e-10	0.00326306589683	0.126446277081	9.48825985353e-08	1.76129223049e-07	0.000576657831978
1.13699826952e-10	0.0032630649352	0.1264462602	1.02296326419e-07	1.89891237314e-07	0.000598763008397
1.27282899532e-10	0.00326306389843	0.126446242	1.10289331357e-07	2.04728555717e-07	0.000621715545075
1.42488661253e-10	0.00326306278066	0.126446222378	1.18906875351e-07	2.20725197139e-07	0.000645547923581
1.59510964464e-10	0.00326306157554	0.126446201223	1.28197756922e-07	2.37971745633e-07	0.000670293870536
1.78566819673e-10	0.00326306027627	0.126446178414	1.38214587435e-07	2.56565862454e-07	0.000695988405341
1.99899162061e-10	0.00326305887547	0.126446153824	1.49014088999e-07	2.76612839946e-07	0.00072266788972
2.23779948476e-10	0.00326305736523	0.126446127312	1.60657415654e-07	2.98226197172e-07	0.000750370079166
2.50513624395e-10	0.00326305573698	0.126446098729	1.73210499642e-07	3.21528322726e-07	0.000779134176357
2.80441005042e-10	0.0032630539815	0.126446067912	1.86744424738e-07	3.46651167952e-07	0.00080900088662
3.13943620134e-10	0.00326305208887	0.126446034688	2.01335828744e-07	3.73736993895e-07	0.000840012475518
3.51448577643e-10	0.00326305004835	0.126445998867	2.17067337428e-07	4.02939176868e-07	0.000872212828639
3.9343400857e-10	0.00326304784839	0.126445960248	2.34028032368e-07	4.34423076859e-07	0.000905647513683
4.40435162122e-10	0.00326304547654	0.126445918611	2.52313955343e-07	4.68366973884e-07	0.000940363844923
4.93051229005e-10	0.00326304291937	0.12644587372	2.72028652131e-07	5.04963077161e-07	0.000976410950131
5.51952979782e-10	0.00326304016239	0.126445825323	2.93283758784e-07	5.44418613673e-07	0.00101383984007
6.17891315672e-10	0.00326303719	0.126445773143	3.16199633712e-07	5.86957001431e-07	0.00105270348065
6.91706840769e-10	0.00326303398536	0.126445716887	3.40906039137e-07	6.32819113885e-07	0.00109305686785
7.74340577682e-10	0.00326303053033	0.126445656235	3.67542875792e-07	6.82264644367e-07	0.00113495710547
8.66845963182e-10	0.00326302680535	0.126445590844	3.96260974995e-07	7.35573576214e-07	0.00117846348593
9.70402276728e-10	0.00326302278931	0.126445520344	4.27222952618e-07	7.93047767472e-07	0.00122363757412
1.08632967303e-09	0.00326301845949	0.126445444335	4.60604129748e-07	8.55012660041e-07	0.00127054329442
1.21610601021e-09	0.00326301379136	0.126445362387	4.96593525266e-07	9.21819122382e-07	0.00131924702113
1.36138568807e-09	0.0032630087585	0.126445274036	5.35394925963e-07	9.93845435429e-07	0.00136981767232
1.52402073643e-09	0.0032630033324	0.126445178783	5.77228040234e-07	1.07149943437e-06	0.00142232680724
1.70608442247e-09	0.00326299748234	0.126445076086	6.22329741888e-07	1.15522081685e-06	0.00147684872753
1.90989767764e-09	0.0032629911752	0.126444965366	6.70955411102e-07	1.24548363253e-06	0.0015334605822
2.13805868114e-09	0.00326298437527	0.126444845994	7.23380380109e-07	1.34279896647e-06	0.00159224247675
2.39347597675e-09	0.00326297704404	0.126444717296	7.79901491787e-07	1.44771783127e-06	0.00165327758634
2.67940554505e-09	0.00326296914001	0.126444578541	8.40838779979e-07	1.560834287e-06	0.00171665227334
2.99949230335e-09	0.00326296061843	0.126444428946	9.06537281018e-07	1.68278880292e-06	0.0017824562094
3.35781656201e-09	0.00326295143104	0.126444267662	9.77368986731e-07	1.8142718824e-06	0.00185078250211
3.75894602912e-09	0.00326294152583	0.126444093777	1.05373494993e-06	1.95602797115e-06	0.00192172782659
4.20799402582e-09	0.00326293084672	0.126443906305	1.13606755433e-06	2.10885967004e-06	0.00199539256199
4.71068465402e-09	0.00326291933325	0.126443704186	1.22483296163e-06	2.27363227713e-06	0.0020718809333
5.2734257465e-09	0.00326290692023	0.126443486276	1.32053374978e-06	2.45127868423e-06	0.00215130115851
5.90339052845e-09	0.0032628935374	0.126443251339	1.42371175703e-06	2.64280465521e-06	0.00223376560143
6.60860903064e-09	0.00326287910898	0.126442998046	1.53495114818e-06	2.849294517e-06	0.00231939093029
7.39807041812e-09	0.0032628635533	0.126442724964	1.65488172002e-06	3.07191729474e-06	0.00240829828239
8.28183753758e-09	0.00326284678229	0.126442430545	1.78418246487e-06	3.31193332422e-06	0.00250061343504
9.27117514175e-09	0.00326282870101	0.126442113124	1.92358541222e-06	3.57070138266e-06	0.00259646698302
1.03786934233e-08	0.00326280920712	0.126441770903	2.07387977006e-06	3.84968637381e-06	0.00269599452275
1.16185086852e-08	0.00326278819026	0.126441401944	2.23591638951e-06	4.15046761328e-06	0.00279933684348
1.30064231931e-08	0.00326276553147	0.126441004159	2.41061257771e-06	4.47474776055e-06	0.00290664012576
1.45601264972e-08	0.00326274110249	0.126440575296	2.59895728613e-06	4.82436244703e-06	0.00301805614742
1.6299420788e-08	0.00326271476506	0.126440112927	2.8020167037e-06	5.20129065469e-06	0.00313374249742
1.82464731493e-08	0.00326268637011	0.126439614435	3.02094028606e-06	5.60766590477e-06	0.0032538627977
2.04260979215e-08	0.00326265575694	0.126439076998	3.25696725502e-06	6.04578831781e-06	0.00337858693357
2.28660727628e-08	0.00326262275229	0.126438497573	3.5114336048e-06	6.5181376137e-06	0.00350809129271
2.55974924296e-08	0.00326258716939	0.126437872882	3.78577965442e-06	7.02738712553e-06	0.00364255901324
2.86551647734e-08	0.00326254880688	0.126437199388	4.08155818872e-06	7.57641890392e-06	0.00378218024122
3.20780539871e-08	0.0032625074477	0.126436473279	4.40044323386e-06	8.16833999888e-06	0.00392715239774
3.59097767342e-08	0.00326246285781	0.126435690446	4.74423951644e-06	8.80650000918e-06	0.00407768045617
4.01991574632e-08	0.00326241478495	0.126434846458	5.11489265948e-06	9.49450999703e-06	0.00423397722983
4.5000849962e-08	0.00326236295714	0.126433936539	5.51450017237e-06	1.02362628764e-05	0.00439626367041
5.03760330421e-08	0.0032623070812	0.12643295554	5.94532329646e-06	1.1035955386e-05	0.00456476917764
5.63931891857e-08	0.00326224684106	0.126431897909	6.40979977254e-06	1.18981117723e-05	0.0047397319205
6.31289760345e-08	0.003262181896	0.126430757663	6.91055760182e-06	1.28276093127e-05	0.00492139917053
7.06692017755e-08	0.00326211187873	0.12642952835	7.45042987718e-06	1.38297058237e-05	0.00511002764741
7.91099167908e-08	0.0032620363933	0.126428203014	8.03247076768e-06	1.49100693034e-05	0.00530588387759
8.85586354075e-08	0.00326195501289	0.126426774158	8.65997274541e-06	1.60748098794e-05	0.00550924456603
9.91357032248e-08	0.00326186727741	0.1264252337	9.33648515069e-06	1.7330514232e-05	0.00572039698191
1.10975827332e-07	0.00326177269089	0.126423572926	1.00658341991e-05	1.868428269e-05	0.00593963935839
1.24229788782e-07	0.0032616707187	0.126421782443	1.08521445414e-05	2.01437692016e-05	0.00616728130724
1.39066358979e-07	0.00326156078458	0.126419852126	1.16998624958e-05	2.1717224402e-05	0.00640364424855
1.55674444208e-07	0.00326144226733	0.126417771059	1.26137810823e-05	2.34135420142e-05	0.00664906185625
1.74265485385e-07	0.00326131449739	0.126415527476	1.35990669957e-05	2.52423088414e-05	0.00690388051982
1.9507614333e-07	0.00326117675307	0.126413108693	1.46612896684e-05	2.72138586221e-05	0.00716845982268
2.18371303425e-07	0.00326102825647	0.126410501039	1.5806452582e-05	2.93393300466e-05	0.00744317303798
2.44447437518e-07	0.00326086816915	0.126407689774	1.70410269992e-05	3.16307292488e-05	0.00772840764206
2.73636365407e-07	0.00326069558745	0.126404659013	1.83719883027e-05	3.41009971164e-05	0.00802456584631
3.06309463211e-07	0.00326050953741	0.126401391632	1.9806855139e-05	3.67640817846e-05	0.00833206514796
3.42882371509e-07	0.00326030896935	0.126397869174	2.13537315802e-05	3.96350167056e-05	0.00865133890024
3.83820262327e-07	0.003260092752	0.126394071744	2.30213525346e-05	4.27300047153e-05	0.00898283690253
4.29643731004e-07	0.00325985966621	0.126389977899	2.48191326512e-05	4.60665085511e-05	0.00932702601104
4.80935386677e-07	0.00325960839815	0.126385564527	2.67572189828e-05	4.96633483022e-05	0.00968439077058
5.38347223776e-07	0.00325933753202	0.126380806718	2.88465476911e-05	5.35408063146e-05	0.0100554340678
6.02608866525e-07	0.00325904554219	0.126375677626	3.1098905099e-05	5.77207401065e-05	0.0104406778068
6.74536789162e-07	0.00325873078473	0.126370148316	3.35269934137e-05	6.22267038893e-05	0.010840663607
7.55044626558e-07	0.00325839148834	0.126364187606	3.61445014725e-05	6.70840793318e-05	0.0112559535241
8.45154703199e-07	0.00325802574456	0.126357761892	3.89661808833e-05	7.23202162501e-05	0.0116871307951
9.46010923347e-07	0.00325763149725	0.12635083496	4.20079279609e-05	7.79645839507e-05	0.0121348006065
1.05889318164e-06	0.00325720653129	0.126343367788	4.52868718872e-05	8.40489340033e-05	0.0125995908875
1.1852334718e-06	0.00325674846044	0.126335318325	4.88214695522e-05	9.06074752772e-05	0.0130821531273
1.32663389143e-06	0.00325625471425	0.126326641263	5.2631607565e-05	9.76770621195e-05	0.0135831632173
1.48488676372e-06	0.00325572252407	0.126317287783	5.67387119566e-05	0.000105297396622	0.0141033223191
1.66199712173e-06	0.00325514890797	0.126307205288	6.11658661289e-05	0.000113511245974	0.0146433577569
1.86020782934e-06	0.00325453065455	0.12629633711	6.59379376447e-05	0.000122364675972	0.0152040239357
2.08202764339e-06	0.00325386430564	0.126284622205	7.10817144861e-05	0.000131907301801	0.0157861032838
2.33026255633e-06	0.00325314613762	0.126271994813	7.66260514536e-05	0.0001421925573	0.0163904072216
2.60805079647e-06	0.00325237214147	0.126258384099	8.26020274146e-05	0.000153277983966	0.0170177771535
2.91890190494e-06	0.00325153800139	0.126243713771	8.90431141568e-05	0.000165225541026	0.0176690854848
3.26674035514e-06	0.00325063907183	0.126227901662	9.59853576422e-05	0.000178101937998	0.0183452366616
3.65595423141e-06	0.00324967035295	0.126210859286	0.000103467572505	0.000191978991207	0.0190471682331
4.09144954059e-06	0.00324862646433	0.12619249136	0.000111531550682	0.000206934005804	0.0197758519347
4.57871079182e-06	0.00324750161687	0.126172695295	0.000120222285108	0.000223050184914	0.0205322947919
5.12386854889e-06	0.00324628958268	0.126151360642	0.000129588209456	0.000240417067596	0.0213175402408
5.733774734e-06	0.00324498366305	0.126128368508	0.000139681454955	0.000259130997362	0.0221326692657
6.4160865442e-06	0.00324357665414	0.126103590922	0.000150558125347	0.000279295623064	0.0229788015491
7.17935993164e-06	0.00324206081045	0.126076890163	0.000162278591098	0.000301022434017	0.0238570966325
8.03315369656e-06	0.00324042780588	0.126048118038	0.000174907804023	0.000324431331244	0.0247687550839
8.98814534847e-06	0.00323866869231	0.126017115107	0.000188515633501	0.000349651236779	0.0257150196686
1.00562600068e-05	0.00323677385552	0.125983709859	0.000203177225502	0.000376820742965	0.0266971765169
1.12508137368e-05	0.00323473296846	0.125947717833	0.000218973385674	0.000406088803691	0.0277165562863
1.25866728512e-05	0.00323253494157	0.125908940676	0.00023599098772	0.000437615469447	0.0287745353091
1.40804308524e-05	0.00323016787034	0.125867165139	0.000254323408345	0.000471572668059	0.0298725367195
1.57506048448e-05	0.00322761897974	0.125822162013	0.000274070990001	0.000508145032838	0.0310120315534
1.76178534077e-05	0.00322487456562	0.125773684992	0.000295341532634	0.000547530779743	0.0321945398093
1.97052180961e-05	0.00322191993307	0.125721469465	0.000318250815623	0.00058994263498	0.0334216314626
2.20383909127e-05	0.00321873933153	0.125665231236	0.000342923150968	0.000635608814202	0.0346949274197
2.46460102849e-05	0.00321531588687	0.125604665166	0.000369491968726	0.000684774054142	0.0360161004005
2.75599882703e-05	0.00321163153037	0.125539443738	0.00039810043554	0.000737700697148	0.0373868757328
3.08158719106e-05	0.00320766692469	0.125469215536	0.000428902106917	0.000794669828542	0.0388090320449
3.44532418449e-05	0.00320340138708	0.125393603646	0.000462061613695	0.000855982466158	0.0402844018352
3.85161514827e-05	0.00319881280989	0.125312203972	0.00049775538286	0.000921960800673	0.0418148719007
4.30536102106e-05	0.00319387757877	0.125224583463	0.000536172392495	0.000992949484439	0.0434023836011
4.81201142685e-05	0.00318857048895	0.125130278266	0.000577514960282	0.00106931696552	0.0450489329329
5.3776229059e-05	0.00318286465996	0.125028791783	0.000621999564404	0.00115145686239	0.0467565703866
6.00892267495e-05	0.00317673144952	0.124919592662	0.000669857695143	0.00123978937325	0.0485274005567
6.71337830691e-05	0.00317014036729	0.124802112702	0.000721336734748	0.00133476271237	0.0503635814702
7.49927371818e-05	0.00316305898927	0.124675744694	0.000776700862298	0.00143685456377	0.0522673235975
8.37579184095e-05	0.00315545287412	0.124539840197	0.000836231979347	0.0015465735404	0.0542408885053
9.35310433684e-05	0.00314728548244	0.124393707266	0.000900230650998	0.00166446063431	0.0562865871086
0.00010442468674	0.0031385181007	0.124236608133	0.000969017055771	0.00179109064068	0.0584067774732
0.000116563328396	0.00312910977139	0.124067756879	0.00104293193619	0.00192707353472	0.060603862119
0.000130084478897	0.0031190172316	0.123886317086	0.00112233754028	0.00207305577748	0.0628802847674
0.000145139884475	0.0031081948621	0.123691399523	0.00120761854241	0.0022297215217	0.0652385264762
0.000161896811383	0.00309659464983	0.123482059874	0.00129918292969	0.00239779368502	0.067681101097
0.000180539408011	0.0030841661666	0.123257296545	0.00139746283786	0.00257803485223	0.0702105499897
0.000201270141259	0.00307085656751	0.123016048595	0.00150291531811	0.00277124796315	0.0728294359256
0.000224311301346	0.00305661061271	0.122757193832	0.0016160230133	0.00297827673671	0.0755403361034
0.000249906566481	0.00304137071686	0.12247954712	0.00173729471924	0.00320000577562	0.0783458342058
0.00027832261545	0.00302507703064	0.122181858964	0.00186726580322	0.00343736028942	0.0812485114182
0.000309850772316	0.00300766755946	0.121862814434	0.00200649844875	0.0036913053669	0.0842509363321
0.000344808662871	0.0029890783245	0.121521032503	0.00215558169187	0.00396284472208	0.0873556536557
0.000383541857264	0.00296924357196	0.121155065884	0.00231513121068	0.00425301883137	0.0905651716577
0.000426425467343	0.00294809603616	0.120763401449	0.00248578882631	0.00456290237274	0.0938819482703
0.000473865660652	0.00292556726277	0.120344461345	0.00266822166986	0.00489360087253	0.0973083757882
0.00052630104576	0.00290158799817	0.119896604891	0.00286312096696	0.00524624646043	0.100846764104
0.000584203875769	0.00287608865083	0.119418131395	0.00307120038833	0.00562199262993	0.104499322438
0.000648081008491	0.00284899983055	0.118907283987	0.00329319391318	0.00602200790044	0.10826813952
0.000718474553193	0.00282025297048	0.118362254615	0.00352985315044	0.00644746827807	0.112155162227
0.000795962125106	0.00278978103608	0.117781190319	0.00378194406314	0.00689954841684	0.116162172671
0.000881156620514	0.00275751932417	0.117162200903	0.00405024304226	0.00737941139001	0.120290763777
0.000974705417533	0.00272340635331	0.116503368149	0.00433553227971	0.00788819699446	0.124542313416
0.00107729753304	0.00268738181025	0.115822437611	0.00463859516853	0.0084270766229	0.128917957205
0.00118963740422	0.00264939563981	0.115099332316	0.00496015939395	0.00899709457313	0.133417824387
0.00131246333729	0.00260940155537	0.114331701184	0.00530098419757	0.00959924094309	0.138042404519
0.0014465372239	0.00256736075355	0.113517648359	0.00566180873536	0.0102344220464	0.142791864011
0.00159263893076	0.00252324331272	0.112655315809	0.00604334225838	0.0109034395181	0.147665998739
0.00175155979038	0.00247702952625	0.111742902613	0.00644625458398	0.0116069695311	0.152664202639
0.00192409481319	0.00242871125816	0.11077868609	0.00687116580601	0.0123455408673	0.157785436559
0.00211103356897	0.00237829329447	0.109761044658	0.00731863532046	0.0131195121103	0.163028197865
0.0023131497168	0.00232579465904	0.108688482276	0.00778915027369	0.0139290483011	0.168390491307
0.00253118920176	0.00227124985815	0.10755965423	0.00828311357443	0.0147740974757	0.173869801761
0.00276585718305	0.00221471001401	0.10637339398	0.00880083164585	0.0156543675867	0.179463069445
0.0030178038129	0.00215624384433	0.105128740681	0.00934250212997	0.0165693043845	0.185166668301
0.00328760904527	0.00209593844315	0.103824966936	0.00990820179123	0.0175180709065	0.19097638822
0.0035757667183	0.00203389981756	0.102461606262	0.0104978748982	0.0184995292814	0.1968874218
0.00388268456973	0.00197024978649	0.101055992893	0.0111113229592	0.0195123093782	0.202894356317
0.00420864856007	0.00190512941369	0.0996016003712	0.0117480916664	0.0205547945593	0.208990129039
0.00455376878893	0.00183870545496	0.0980886644478	0.0124075991125	0.0216248023575	0.215167420695
0.00491802876605	0.00177115741675	0.0965179006917	0.0130891539234	0.0227198851312	0.221418901291
0.00530124694553	0.00170268156687	0.094890388075	0.0137918909563	0.0238372613627	0.227736656347
0.00570306482585	0.00163348931317	0.0932075819776	0.0145147692913	0.0249738263633	0.23411221389
0.00612293757292	0.00156380517735	0.0914713224735	0.0152565729268	0.0261261699073	0.240536579381
0.00656012769153	0.00149386438786	0.0896838373423	0.0160159143844	0.0272906010044	0.247000278502
0.0070137022151	0.00142391013211	0.0878477393523	0.016791241356	0.0284631797937	0.253493407576
0.00748259975464	0.00135418075644	0.0859948544676	0.0175808485422	0.029640025458	0.260005691178
0.00796547268206	0.00128492981159	0.0841066247457	0.018382629875	0.0308169413578	0.266524360478
0.00846078364587	0.00121640893869	0.0821795765913	0.0191945374967	0.0319894172857	0.273037953373
0.00896685856535	0.00114886032886	0.0802175365661	0.0200144771968	0.0331529477897	0.279535364065
0.00948187399674	0.001082518019	0.0782246160767	0.0208402664514	0.0343030226145	0.286005401101
0.0100038793084	0.00101760462913	0.0762051755096	0.0216696574203	0.0354351877231	0.29243687129
0.0105308222872	0.000954328327188	0.0741637838531	0.0225003614317	0.0365451068051	0.298818664882
0.0110612395232	0.000892805557735	0.0726407341173	0.0233300743985	0.0376309606433	0.305139840631
0.0115956689835	0.000832890280662	0.0716552557506	0.0241506722591	0.0387040496275	0.311343592895
0.0121281699346	0.000775106002209	0.0706493090534	0.0249536799126	0.0397539198515	0.317369975579
0.0126561214518	0.000719570883835	0.0696240362398	0.0257371033848	0.0407761106679	0.323208915091
0.0131769543288	0.000666387889386	0.0685807528733	0.0264990450513	0.0417665148439	0.328851260175
0.0136881990363	0.00061564242091	0.06752093234	0.0272377413925	0.0427214409414	0.334288938702
0.0141875309831	0.000567400529658	0.066446187723	0.0279515964212	0.0436376660737	0.339515089336
0.0146728113436	0.000521707739148	0.0653582514085	0.0286392098744	0.0445124769592	0.344524164872
0.015142121943	0.000478588492221	0.064258952861	0.0292993994557	0.0453436977731	0.349312004924
0.0155937930155	0.000438046207913	0.063150195098	0.0299312166567	0.0461297039698	0.353875876768
0.0160264230354	0.000400063908829	0.0620339304572	0.0305339559583	0.0468694219498	0.358214484235
0.0164388902536	0.000364605357496	0.0609121362742	0.0311071574914	0.0475623151375	0.362327945754
0.0168303559939	0.000331616622406	0.0597867910918	0.0316506035017	0.0482083576527	0.366217743717
0.0171989018129	0.000301138940605	0.057511848165	0.0321643070141	0.0488039483772	0.369886648284
0.0175406607853	0.000273387240477	0.0543229066764	0.0326581084739	0.0493297943716	0.373408482317
0.0178616774794	0.000247797289039	0.0512529717258	0.0331405145209	0.0497970168744	0.376847823313
0.0181623326129	0.000224276703602	0.0482800395508	0.0336109500646	0.0502085986148	0.38020374342
0.018443247884	0.000202714757363	0.0454046866587	0.0340692136346	0.0505677675791	0.383477468154
0.0187051727623	0.000182993154649	0.042640983371	0.0345152516397	0.0508778744635	0.386670815668
0.018948846561	0.000164997398012	0.0399944559873	0.0349489971825	0.0511421535679	0.389785088673
0.0191750670515	0.000148612106878	0.0374625474687	0.0353704334504	0.0513638610179	0.392821567829
0.0193847147416	0.000133719917668	0.0350453567882	0.0357796545403	0.0515462822593	0.395781990563
0.0195786750095	0.000120207573586	0.0327533219302	0.0361768123421	0.0516925653195	0.398668214241
0.0197577850615	0.000107969622736	0.0305758341511	0.0365619796726	0.0518057154182	0.401481254496
0.019922968378	9.68992356795e-05	0.0285183302421	0.0369353805771	0.0518887439068	0.404222994649
0.020075041447	8.69013251263e-05	0.0265776037496	0.0372971702713	0.0519443567335	0.406894612699
0.0202148716034	7.78817863844e-05	0.0247493849709	0.0376475417341	0.0519752894407	0.409497385827
0.0203432557743	6.97553318768e-05	0.0230322844529	0.0379867125696	0.0519839928652	0.412032622425
0.0204609970586	6.24403079962e-05	0.0214219110422	0.0383148878709	0.0519728842195	0.414501408699
0.0205688271803	5.58633147762e-05	0.0199124903435	0.0386322810992	0.0519441223392	0.416904783467
0.0206674826266	4.99542206578e-05	0.0185033783719	0.0389391405901	0.051899790755	0.419243961592
0.0207576285854	4.46504964162e-05	0.0171836612573	0.0392356543952	0.0518417947047	0.42151962466
0.0208399216583	3.98931748719e-05	0.0159533989909	0.0395221179855	0.051771865022	0.423733222577
0.0209149693407	3.56289752681e-05	0.0148074492067	0.0397987499966	0.0516916392124	0.425885575542
0.0209833280469	3.18100701645e-05	0.0137348334483	0.0400657754587	0.0516025784185	0.427977520383
0.0210455472982	2.83913632142e-05	0.0127368289596	0.0403235419809	0.0515059700244	0.430010844511
0.0211021288656	2.53325387017e-05	0.0118090115302	0.0405722902416	0.0514030540998	0.431986498111
0.0211535366486	2.25972343168e-05	0.0109436610556	0.0408122581424	0.0512949490135	0.433905409206
0.0212001555245	2.01549611586e-05	0.0101193698412	0.0410437540419	0.0511824767525	0.43576908495
0.0212424510312	1.797257526e-05	0.00935571493609	0.0412674992642	0.0510662300438	0.437582425097
0.0212807964257	1.60231795459e-05	0.00864846242304	0.041483700846	0.0509470601382	0.439346242176
0.0213155365204	1.42825191142e-05	0.00799363834933	0.0416925667544	0.0508257284569	0.441061371836
0.0213469893185	1.27287483597e-05	0.007387518538	0.0418943049225	0.0507029137991	0.442728669908
0.0213750568046	1.13611861579e-05	0.00663348277735	0.0420891211666	0.0505782459792	0.444349009613
0.0214004489949	1.0140771632e-05	0.00594731286757	0.0422829872967	0.0504475941769	0.445971743071
0.0214234494157	9.05043516476e-06	0.00533154416275	0.0424761851241	0.0503114323861	0.447599396212
0.0214442813024	8.07650938174e-06	0.00477906291992	0.0426686978505	0.0501703757541	0.449231998445
0.0214631474146	7.20672462792e-06	0.00428345331245	0.0428605107227	0.0500249804343	0.450869577452
0.0214802318493	6.43007356011e-06	0.00383893299554	0.0430516108264	0.049875749027	0.452512159282
0.0214957377653	5.73508041995e-06	0.00346940085172	0.0432419869707	0.0497232232548	0.454159768457
0.0215098364872	5.11204318726e-06	0.00315162583094	0.0434299950354	0.0495694947028	0.455798127173
0.0215225885616	4.55637326552e-06	0.00286279056805	0.0436145921305	0.049415781818	0.457417837555
0.0215341194262	4.06084542988e-06	0.00260028790149	0.0437958285454	0.0492623644264	0.459018929321
0.0215445432222	3.6189982539e-06	0.00236174063353	0.0439737551078	0.0491094905205	0.460601437723
0.021553963762	3.22505548029e-06	0.00214498210783	0.0441484230153	0.0489573792849	0.462165403462
0.0215624754212	2.87385507927e-06	0.00194803827371	0.0443198836873	0.0488062238571	0.463710872579
0.0215701639593	2.56078532296e-06	0.00176911115167	0.0444881886339	0.0486561938447	0.465237896351
0.0215771072739	2.28172724635e-06	0.00160656361407	0.0446533893411	0.0485074376172	0.466746531182
0.0215833760928	2.03300290873e-06	0.00145890539531	0.04481553717	0.0483600843912	0.468236838478
0.0215890346098	1.81132891282e-06	0.00132478024802	0.0449746832685	0.0482142461269	0.469708884531
0.0215941410656	1.61377468128e-06	0.00120295416399	0.0451308784949	0.0480700192499	0.471162740392
0.021598748282	1.43772503098e-06	0.00109230458233	0.0452841733507	0.0479274862148	0.472598481736
0.0216029041486	1.2808466245e-06	0.000991810510587	0.0454346179229	0.0477867169232	0.474016188732
0.0216066520691	1.14105791503e-06	0.000900543488893	0.0455822618344	0.0476477700089	0.475415945909
0.0216100313684	1.01650223549e-06	0.000817659330874	0.0457271542008	0.0475106940029	0.476797842012
0.0216130776647	9.05523714415e-07	0.000742390579516	0.0458693435947	0.0473755283871	0.478161969869
0.0216158232091	8.06645731368e-07	0.000674039619971	0.0460088780143	0.0472423045483	0.479508426243
0.0216182971947	7.18551651581e-07	0.000611972395395	0.0461458048581	0.0471110466407	0.480837311695
0.0216205260392	6.40067604978e-07	0.000555612675705	0.0462801709033	0.0469817723657	0.482148730439
0.0216225165421	5.70738681881e-07	0.000478514639538	0.0464120222885	0.0468544548299	0.483442790198
0.0216242166089	5.12168758397e-07	0.000383803928151	0.046548525254	0.0467218131088	0.48479008242
0.0216257600048	4.59622549344e-07	0.000307856975523	0.0467011822749	0.0465726507224	0.48630605881
0.0216271345266	4.13439870368e-07	0.0002337903071	0.0468718882869	0.0464050463967	0.488012972713
0.0216283782964	3.72285358797e-07	0.000183776414742	0.0470739040169	0.0462058264301	0.490049134257
0.0216296253129	3.31774921244e-07	0.000166190556718	0.0473051161373	0.0459774037485	0.492401406925
0.021630758615	2.9566945667e-07	0.000150286100577	0.0475330005843	0.0457520411004	0.494742970554
0.0216317883722	2.63490460156e-07	0.000135902479919	0.0477576038941	0.0455297173024	0.497073649906
0.0216327238645	2.34811330326e-07	0.000122894433178	0.0479789720648	0.0453104093415	0.499393273519
0.0216335737186	2.09246974636e-07	0.000111260072779	0.0481971505517	0.0450940929477	0.501701673754
0.0216343464078	1.86436204741e-07	0.000100893789744	0.048411930727	0.0448809972638	0.50399596551
0.0216350478203	1.6611039356e-07	9.14925448144e-05	0.0486229844552	0.0446714650305	0.506271875624
0.021635684375	1.47999075086e-07	8.2966598621e-05	0.0488303753171	0.0444654481907	0.508529273951
0.0216362619286	1.31861185924e-07	7.52345434677e-05	0.049034165885	0.0442628982439	0.510768038062
0.0216367866798	1.17458520511e-07	6.85536504121e-05	0.049234417734	0.0440637681924	0.512988053196
0.0216372633581	1.04603719401e-07	6.26016813136e-05	0.0494302081816	0.0438689919589	0.515178163935
0.0216376953117	9.31545737922e-08	5.71659025176e-05	0.0496211777206	0.0436789372157	0.517333228012
0.0216380865939	8.29575369825e-08	5.2201611218e-05	0.0498074437811	0.0434934960559	0.519453414841
0.0216384409072	7.38758129365e-08	4.76679684463e-05	0.0499891210095	0.0433125624699	0.521538909979
0.021638761631	6.57875320456e-08	4.35276660181e-05	0.0501663213285	0.0431360323645	0.523589914427
0.021639051849	5.85841251017e-08	3.97466220712e-05	0.0503391539972	0.0429638035765	0.525606643949
0.021639314373	5.2168874014e-08	3.62937027557e-05	0.050507725669	0.0427957758802	0.527589328382
0.0216395517658	4.64556201193e-08	3.31404678435e-05	0.0506721404498	0.0426318509908	0.529538210958
0.0216397663625	4.13676129961e-08	3.02609382145e-05	0.050832499955	0.0424719325625	0.531453547631
0.0216399602891	3.68364845432e-08	2.76313833462e-05	0.0509889033651	0.0423159261837	0.533335606408
0.0216401354806	3.28013347259e-08	2.52301270961e-05	0.0511414474809	0.0421637393676	0.535184666691
0.0216402936974	2.92079168665e-08	2.30373702095e-05	0.0512902267775	0.0420152815407	0.537001018627
0.0216404363641	2.60118404309e-08	2.09829036811e-05	0.0514353334569	0.0418704636725	0.53878496247
0.021640565147	2.31653477766e-08	1.91111722764e-05	0.0515772287725	0.041728828125	0.540541419355
0.0216406813689	2.06301812858e-08	1.74062904863e-05	0.0517159861024	0.0415903043996	0.542270619613
0.0216407862278	1.83723121188e-08	1.58533973813e-05	0.0518516743487	0.0414548261896	0.543972764931
0.0216408808109	1.63614280915e-08	1.4438954295e-05	0.0519843609242	0.0413223284245	0.545648064185
0.0216409661038	1.45705281109e-08	1.31506273304e-05	0.0521141117838	0.0411927472634	0.547296733063
0.0216410430002	1.29755608148e-08	1.19771802891e-05	0.0522409914539	0.0410660200865	0.548918993692
0.02164111231	1.15551026058e-08	1.09083770987e-05	0.0523650630629	0.0409420854856	0.550515074275
0.0216411747667	1.02900707907e-08	9.9348928991e-06	0.0524863883695	0.0408208832526	0.55208520873
0.0216412310348	9.16346800248e-09	9.04823302176e-06	0.052605027792	0.0407023543674	0.553629636335
0.0216412817159	8.16015449923e-09	8.24065916088e-06	0.0527210404362	0.0405864409843	0.555148601387
0.0216413273544	7.26664530161e-09	7.50512210118e-06	0.0528344841227	0.040473086418	0.55664235286
0.0216413684951	6.46992053747e-09	6.86240481249e-06	0.0529454154146	0.04036223523	0.558111144076
0.0216414055828	5.75930556031e-09	6.28703321299e-06	0.0530534443939	0.0402542782575	0.559549288967
0.0216414389445	5.12669719066e-09	5.75986686519e-06	0.0531584189873	0.0401493682569	0.560954187761
0.0216414689496	4.56347333813e-09	5.27811177149e-06	0.0532604250894	0.0400474200917	0.562326416009
0.0216414959252	4.06209065113e-09	4.83665015055e-06	0.0533595215789	0.0399483755521	0.563666215551
0.0216415201711	3.61575634299e-09	4.43267360847e-06	0.053455790397	0.0398521533073	0.564974166957
0.021641541961	3.21837075397e-09	4.06346800962e-06	0.0535492992306	0.0397586862248	0.566250685955
0.021641561535	2.86463772649e-09	3.72499320076e-06	0.0536401014304	0.0396679214391	0.567496017107
0.0216415790512	2.55088500114e-09	3.37896027916e-06	0.0537282749688	0.0395797813023	0.568710766807
0.0216415947231	2.27259101551e-09	3.05105767232e-06	0.0538148362847	0.0394932498022	0.569908583332
0.0216416088205	2.02438749986e-09	2.77328465017e-06	0.0539002450015	0.0394078678448	0.571095609773
0.0216416215665	1.80186409015e-09	2.54194098391e-06	0.0539839505064	0.0393241864798	0.572263969521
0.0216416330062	1.60378979258e-09	2.32988378237e-06	0.0540652420807	0.0392429165234	0.573403408188
0.0216416432709	1.42747978484e-09	2.13550645866e-06	0.0541441890392	0.0391639889212	0.574514512378
0.0216416524794	1.27054388017e-09	1.95733612169e-06	0.0542208587219	0.0390873365667	0.575597863737
0.0216416607385	1.1308541746e-09	1.79402597537e-06	0.0542953165502	0.0390128942486	0.576654038574
0.0216416681446	1.00651560765e-09	1.64435344423e-06	0.0543676259361	0.0389405987435	0.577683605472
0.0216416747843	8.95842807344e-10	1.50716106127e-06	0.0544378477469	0.0388703893534	0.578687116502
0.0216416807358	7.973345161e-10	1.38140891915e-06	0.0545060420229	0.0388022061898	0.579665130714
0.0216416860693	7.09654302738e-10	1.26614368348e-06	0.0545722670901	0.0387359910631	0.580618200587
0.0216416908481	6.3161247835e-10	1.16049139379e-06	0.054636579608	0.0386716874361	0.581546871793
0.0216416951295	5.6214377691e-10	1.06387006399e-06	0.0546990346167	0.038609240379	0.582451682976
0.0216416989642	5.00311102321e-10	9.75324614837e-07	0.0547596724433	0.0385486096627	0.583332974289
0.0216417023982	4.45277367776e-10	8.94145308252e-07	0.0548185434416	0.0384897450213	0.584191244874
0.0216417054727	3.96295289851e-10	8.19719722277e-07	0.0548756989256	0.0384325952197	0.585027021953
0.021641708225	3.5269967935e-10	7.514863121e-07	0.0549311887282	0.0383771104961	0.58584082475
0.0216417106884	3.13898247636e-10	6.88945075645e-07	0.0549850612432	0.0383232425203	0.586633164374
0.0216417128928	2.79363661958e-10	6.31617180814e-07	0.0550373623083	0.0382709455114	0.587404526615
0.0216417148653	2.48627387424e-10	5.7905764462e-07	0.0550881366838	0.0382201747599	0.58815539294
0.0216417165971	2.21778453785e-10	5.09659938304e-07	0.0551374288081	0.0381708858134	0.588886251128
0.0216417181454	1.97896078282e-10	4.49776528871e-07	0.0551873837506	0.0381209337081	0.589628866213
0.0216417195646	1.76120337971e-10	4.12450904285e-07	0.0552378929943	0.0380704270613	0.590381703714
0.0216417208341	1.56740020249e-10	3.7822157125e-07	0.0552869148345	0.038021407541	0.591114285141
0.0216417219696	1.39491623657e-10	3.46842776009e-07	0.0553344929518	0.037973831496	0.591827101132
0.0216417229852	1.24140399716e-10	3.1807603739e-07	0.0553806682648	0.037927658034	0.592520611135
0.0216417238933	1.10478142554e-10	2.91694288235e-07	0.0554254805126	0.0378828474391	0.593195266434
0.0216417247052	9.83190902866e-11	2.67499890236e-07	0.05546896983	0.0378393595979	0.593851533405
0.021641725431	8.74979039783e-11	2.45311572565e-07	0.0555111751754	0.0377971555705	0.594489869493
0.0216417260798	7.78673270178e-11	2.24976938564e-07	0.0555521343654	0.0377561975572	0.595110723224
0.0216417266597	6.92951076493e-11	2.06385978341e-07	0.0555918816131	0.0377164513601	0.595714496304
0.0216417271778	6.16663589306e-11	1.89330773804e-07	0.0556304409811	0.03767789293	0.596301443013
0.0216417276408	5.48772713041e-11	1.7368451471e-07	0.0556678478915	0.0376404868567	0.596871996837
0.0216417280544	4.88354532609e-11	1.59330855855e-07	0.0557041367144	0.0376041987807	0.597426582122
0.0216417284239	4.34586760107e-11	1.46163054079e-07	0.0557393407994	0.0375689953623	0.597965614148
0.0216417287524	3.86959056301e-11	1.32637400347e-07	0.0557734925052	0.0375348442486	0.598489499209
0.0216417290453	3.44626739252e-11	1.20112450352e-07	0.055807003092	0.0375013341894	0.599004477456
0.0216417293075	3.06877894889e-11	1.09547423296e-07	0.0558399604304	0.0374683773227	0.599511852476
0.0216417295431	2.7307749132e-11	1.00556995873e-07	0.0558721389664	0.0374361992101	0.600008100236
0.0216417297534	2.42999220142e-11	9.23041958838e-08	0.0559033344182	0.037405004136	0.60049000263
0.0216417299411	2.16233297185e-11	8.47285264542e-08	0.0559335767651	0.0373747621261	0.600957949928
0.0216417301087	1.92415039394e-11	7.77744499632e-08	0.0559628950754	0.0373454441163	0.60141232322
0.0216417302583	1.7121990281e-11	7.13909817704e-08	0.0559913175339	0.0373170219258	0.601853494542
0.0216417303919	1.5235906623e-11	6.55313171949e-08	0.0560188714685	0.0372894682301	0.602281827015
0.021641730511	1.35575500563e-11	6.01524890311e-08	0.0560455833762	0.0372627565355	0.602697674977
0.0216417306173	1.20639578898e-11	5.52353921603e-08	0.0560714789482	0.0372368611536	0.603101384124
0.0216417307123	1.07344258055e-11	5.07426085236e-08	0.056096573673	0.0372117665984	0.60349314448
0.0216417307969	9.55139377155e-12	4.6615178964e-08	0.0561208804896	0.0371874599328	0.60387310892
0.0216417308725	8.49872230553e-12	4.28234019488e-08	0.0561444241008	0.0371639164564	0.604241617001
0.0216417309398	7.5620495217e-12	3.93399895446e-08	0.0561672284365	0.0371411122408	0.604598999456
0.0216417309999	6.72859540771e-12	3.6139871391e-08	0.0561893166789	0.0371190241055	0.604945578363
0.0216417310535	5.98698764315e-12	3.32000145844e-08	0.0562107112846	0.0370976295951	0.605281667314
0.0216417311013	5.32710659033e-12	3.04992581803e-08	0.0562314340082	0.0370769069566	0.605607571593
0.0216417311439	4.73991296031e-12	2.80282731407e-08	0.0562515059234	0.0370568351172	0.60592358834
0.021641731182	4.21715844139e-12	2.57786480362e-08	0.0562709402946	0.0370374008136	0.606229893973
0.0216417312159	3.75204980514e-12	2.37095497433e-08	0.056289740646	0.0370186005223	0.606526512993
0.0216417312461	3.33823129409e-12	2.18064951736e-08	0.0563079276384	0.0370004135836	0.606813741826
0.021641731273	2.97004776137e-12	2.00561627627e-08	0.0563255212606	0.0369828200092	0.607091868457
0.021641731297	2.6424674607e-12	1.84462993621e-08	0.0563425408515	0.0369658004609	0.607361172626
0.0216417313184	2.35101334237e-12	1.69656345892e-08	0.0563590051208	0.0369493362296	0.60762192603
0.0216417313375	2.0917019187e-12	1.56038020401e-08	0.0563749321697	0.0369334092144	0.607874392513
0.0216417313545	1.86098664658e-12	1.43521020828e-08	0.0563903395107	0.0369180019035	0.608118828267
0.0216417313697	1.65557071444e-12	1.32191523845e-08	0.0564052432015	0.0369030982396	0.608355467963
0.0216417313832	1.47282621573e-12	1.21756233606e-08	0.0564196384132	0.0368887030518	0.608584215688
0.0216417313952	1.31025127639e-12	1.12144588085e-08	0.0564335424788	0.0368747990074	0.608805328472
0.021641731406	1.16562006609e-12	1.03291591642e-08	0.0564469721415	0.0368613693638	0.609019055386
0.0216417314155	1.03695234758e-12	9.51373760987e-09	0.0564599435744	0.0368483979477	0.609225637758
0.021641731424	9.22486384142e-13	8.7626796393e-09	0.0564724724004	0.0368358691367	0.609425309387
0.0216417314316	8.20654835002e-13	8.0709058113e-09	0.0564845737105	0.03682376784	0.609618296759
0.0216417314383	7.30063309214e-13	7.43373743815e-09	0.0564962620818	0.0368120794806	0.609804819248
0.0216417314444	6.49445134303e-13	6.85420377837e-09	0.0565075515953	0.0368007899778	0.609985089319
0.0216417314497	5.77693034296e-13	6.32349379688e-09	0.0565184437432	0.0367898978394	0.610159119199
0.0216417314545	5.13867612597e-13	5.8338707679e-09	0.0565289457949	0.0367793957961	0.610327013946
0.0216417314588	4.57093276316e-13	5.38215434437e-09	0.0565390717125	0.036769269886	0.610488986352
0.0216417314625	4.06591138841e-13	4.96541029371e-09	0.0565488349591	0.036759506646	0.610645242072
0.0216417314659	3.61668340807e-13	4.58093145868e-09	0.0565582485163	0.0367500930947	0.610795979846
0.0216417314689	3.21708550051e-13	4.2262201904e-09	0.0565673249018	0.0367410167146	0.610941391718
0.0216417314716	2.86163510451e-13	3.89897213968e-09	0.0565760761855	0.0367322654356	0.611081663243
0.021641731474	2.54549010005e-13	3.59464777092e-09	0.0565845140058	0.0367238276195	0.611216973696
0.0216417314761	2.26562334716e-13	3.28358421189e-09	0.0565926551571	0.0367156864719	0.611347585689
0.021641731478	2.0165255105e-13	2.99943704326e-09	0.0566005877203	0.0367077539119	0.611474906966
0.0216417314796	1.79453181653e-13	2.75861253256e-09	0.0566083170373	0.036700024598	0.611599019013
0.0216417314811	1.59597448951e-13	2.55212565158e-09	0.0566157960022	0.0366925456357	0.611719160877
0.0216417314825	1.41938534723e-13	2.36109318835e-09	0.05662298568	0.0366853559602	0.611834701844
0.0216417314836	1.26233404562e-13	2.18435862711e-09	0.0566298972555	0.0366784443868	0.611945816318
0.0216417314847	1.12265908192e-13	2.02085198077e-09	0.0566365414813	0.0366718001629	0.612052672226
0.0216417314856	9.98438059913e-14	1.86958331903e-09	0.0566429286946	0.0366654129512	0.612155431251
0.0216417314865	8.87961243279e-14	1.7296367802e-09	0.0566490688334	0.0366592728139	0.612254249053
0.0216417314872	7.8970803366e-14	1.60016503086e-09	0.0566549714514	0.0366533701972	0.612349275483
0.0216417314879	7.02326049978e-14	1.48038413966e-09	0.0566606457335	0.0366476959163	0.612440654796
0.0216417314885	6.24612521452e-14	1.36956883452e-09	0.0566661005094	0.0366422411414	0.612528525848
0.021641731489	5.55497738472e-14	1.26704811438e-09	0.0566713442678	0.036636997384	0.612613022294
0.0216417314895	4.94030333781e-14	1.17220118923e-09	0.0566763851692	0.0366319564834	0.612694272775
0.0216417314899	4.39332045297e-14	1.08636573102e-09	0.0566812310587	0.0366271105945	0.612772401101
0.0216417314903	3.90656299309e-14	1.00762003484e-09	0.0566858809408	0.0366224607131	0.612847388724
0.0216417314906	3.47373357933e-14	9.34581876805e-10	0.056690338798	0.0366180028565	0.612919297493
0.0216417314909	3.08885782584e-14	8.66837612726e-10	0.0566946125581	0.036613729097	0.612988253077
0.0216417314911	2.74662316789e-14	8.04003571967e-10	0.0566987098217	0.0366096318338	0.613054376078
0.0216417314914	2.44230555471e-14	7.45723885993e-10	0.056702637876	0.0366057037798	0.613117782226
0.0216417314916	2.17170426122e-14	6.91668474195e-10	0.0567064037073	0.0366019379489	0.613178582575
0.0216417314918	1.93108391958e-14	6.41531175573e-10	0.0567100140136	0.036598327643	0.613236883684
0.0216417314919	1.71712297121e-14	5.95028015743e-10	0.0567134752165	0.0365948664404	0.613292787799
0.0216417314921	1.52686782809e-14	5.51895599449e-10	0.0567167934725	0.0365915481846	0.613346393022
0.0216417314922	1.35769211124e-14	5.11889619519e-10	0.0567199746842	0.0365883669732	0.613397793475
0.0216417314923	1.20726040401e-14	4.74783473817e-10	0.0567230245103	0.0365853171473	0.613447079462
0.0216417314924	1.07347454814e-14	4.40801511866e-10	0.0567259483761	0.0365823932817	0.613494337617
0.0216417314925	9.54404383455e-15	4.09740331371e-10	0.0567287486639	0.0365795929939	0.613539605479
0.0216417314926	8.48541180444e-15	3.80867788796e-10	0.0567314270898	0.0365769145683	0.613582909877
0.0216417314927	7.54420107399e-15	3.54029678546e-10	0.0567339889558	0.0365743527024	0.613624335691
0.0216417314927	6.70738794733e-15	3.29082658769e-10	0.0567364393336	0.0365719023247	0.613663964155
0.0216417314928	5.96339317719e-15	3.05893486144e-10	0.0567387830744	0.036569558584	0.613701873013
0.0216417314928	5.30192177181e-15	2.8433830454e-10	0.056741024818	0.0365673168404	0.613738136667
0.0216417314929	4.71382056631e-15	2.64301983783e-10	0.0567431690028	0.0365651726557	0.613772826319
0.0216417314929	4.19095158866e-15	2.45677504981e-10	0.0567452198739	0.0365631217847	0.613806010104
0.021641731493	3.72607946889e-15	2.28365389139e-10	0.0567471814916	0.0365611601671	0.613837753225
0.021641731493	3.31277133442e-15	2.12273166015e-10	0.0567490577398	0.036559283919	0.613868118076
0.021641731493	2.9453078069e-15	1.9731488039e-10	0.0567508523333	0.0365574893255	0.61389716436
0.021641731493	2.61860386955e-15	1.834106331e-10	0.0567525688254	0.0365557728334	0.613924949208
0.0216417314931	2.32795355356e-15	1.70739841064e-10	0.0567542106147	0.0365541310442	0.613951527285
0.0216417314931	2.06950057915e-15	1.58989450622e-10	0.0567557784943	0.0365525631646	0.613976911107
0.0216417314931	1.83974101673e-15	1.48047706038e-10	0.0567572753214	0.0365510663375	0.614001146628
0.0216417314931	1.63548939343e-15	1.37858959751e-10	0.0567587043156	0.0365496373433	0.614024285701
0.0216417314931	1.4539138699e-15	1.28371393371e-10	0.0567600685507	0.0365482731083	0.614046377847
0.0216417314931	1.29249698342e-15	1.1953675421e-10	0.0567613709611	0.0365469706979	0.614067470357
0.0216417314932	1.1490007486e-15	1.11310109956e-10	0.0567626143484	0.0365457273106	0.614087608392
0.0216417314932	1.02143563222e-15	1.03649620206e-10	0.0567638013873	0.0365445402717	0.614106835082
0.0216417314932	9.0803297191e-16	9.65163237267e-11	0.0567649346312	0.0365434070279	0.614125191609
0.0216417314932	8.0722045669e-16	8.98739403489e-11	0.0567660165178	0.0365423251413	0.614142717303
0.0216417314932	7.17600329289e-16	8.36886864878e-11	0.0567670493744	0.0365412922847	0.614159449719
0.0216417314932	6.37930008228e-16	7.79291033582e-11	0.0567680354229	0.0365403062362	0.61417542472
0.0216417314932	5.67104861042e-16	7.25658970071e-11	0.0567689767844	0.0365393648747	0.614190676552
0.0216417314932	5.04101032002e-16	6.76687275712e-11	0.056769875484	0.0365384661751	0.614205237914
0.0216417314932	4.48090410308e-16	6.31103240622e-11	0.0567707321549	0.0365376095042	0.614219118963
0.0216417314932	3.98303070661e-16	5.88589859886e-11	0.0567715486438	0.0365367930153	0.614232349531
0.0216417314932	3.54047558785e-16	5.48940291739e-11	0.0567723268354	0.0365360148238	0.614244960071
0.0216417314932	3.14709245025e-16	5.11961626871e-11	0.0567730685259	0.0365352731333	0.614256979614
0.0216417314932	2.79741788872e-16	4.77473950024e-11	0.0567737754273	0.0365345662319	0.614268435834
0.0216417314932	2.48659551776e-16	4.45309464798e-11	0.0567744491713	0.0365338924878	0.614279355109
0.0216417314932	2.21030852905e-16	4.15311677384e-11	0.0567750913132	0.0365332503459	0.614289762588
0.0216417314932	1.96471974193e-16	3.87334635283e-11	0.0567757033352	0.036532638324	0.614299682241
0.0216417314932	1.74641831439e-16	3.61242217288e-11	0.05677628665	0.0365320550092	0.614309136917
0.0216417314932	1.55237237456e-16	3.36907471289e-11	0.056776842604	0.0365314990551	0.614318148397
0.0216417314932	1.37988691501e-16	3.14211996676e-11	0.0567773724807	0.0365309691785	0.614326737443
0.0216417314932	1.22656636509e-16	2.93045368338e-11	0.0567778775031	0.036530464156	0.614334923845
0.0216417314932	1.09023370111e-16	2.73572615182e-11	0.0567783588371	0.0365299828221	0.614342726469
0.0216417314932	9.69014697806e-17	2.55491490446e-11	0.0567788171242	0.036529524535	0.614350155685
0.0216417314932	8.61273518088e-17	2.38605383998e-11	0.0567792532833	0.0365290883759	0.614357226361
0.0216417314932	7.65511630068e-17	2.22835315785e-11	0.0567796683827	0.0365286732764	0.614363955791
0.0216417314932	6.80397114625e-17	2.08107525505e-11	0.0567800634394	0.0365282782197	0.614370360438
0.0216417314932	6.04746140967e-17	1.94353127651e-11	0.0567804394211	0.0365279022381	0.614376455969
0.0216417314932	5.37506501743e-17	1.8150778935e-11	0.0567807972486	0.0365275444105	0.614382257297
0.0216417314932	4.77742978749e-17	1.69511429488e-11	0.0567811377987	0.0365272038605	0.614387778617
0.0216417314932	4.24624335688e-17	1.58307937726e-11	0.0567814619054	0.0365268797537	0.614393033438
0.0216417314932	3.77411757096e-17	1.47844912075e-11	0.0567817703628	0.0365265712963	0.614398034619
0.0216417314932	3.35448572654e-17	1.38073413821e-11	0.0567820639265	0.0365262777327	0.614402794399
0.0216417314932	2.98151123969e-17	1.2894773864e-11	0.0567823433155	0.0365259983436	0.614407324425
0.0216417314932	2.65000646811e-17	1.20425202842e-11	0.0567826092143	0.0365257324448	0.614411635784
