0.0	0.0056490297631	0.162894638085	0.0	0.0	0.0
6.82331464419e-19	0.005649029763	0.162894638084	5.7567297681e-13	6.82343070934e-13	1e-06
7.63845962212e-19	0.005649029763	0.162894638084	6.05103697908e-13	7.35633776116e-13	1.03833333333e-06
8.55098561935e-19	0.00564902976299	0.162894638084	6.368340211e-13	7.93143328792e-13	1.07813611111e-06
9.57252622644e-19	0.00564902976299	0.162894638084	6.7104362835e-13	8.55093773566e-13	1.11946466204e-06
1.07161048369e-18	0.00564902976298	0.162894638084	7.07926241273e-13	9.21929199648e-13	1.16237747408e-06
1.19963006796e-18	0.00564902976297	0.162894638084	7.47690718138e-13	9.93982673946e-13	1.20693527725e-06
1.3429434686e-18	0.00564902976297	0.162894638084	7.90562236585e-13	1.07158726337e-12	1.25320112955e-06
1.50337775621e-18	0.00564902976296	0.162894638083	8.36783568762e-13	1.15540910173e-12	1.30124050618e-06
1.68297827176e-18	0.00564902976295	0.162894638083	8.86616456084e-13	1.24567023363e-12	1.35112139225e-06
1.88403470221e-18	0.00564902976294	0.162894638083	9.40343091428e-13	1.34292577058e-12	1.40291437895e-06
2.10911027117e-18	0.00564902976293	0.162894638083	9.9826771712e-13	1.44795286871e-12	1.45669276348e-06
2.36107441691e-18	0.00564902976292	0.162894638083	1.0607183478e-12	1.56108459492e-12	1.51253265274e-06
2.64313937417e-18	0.00564902976291	0.162894638083	1.1280486279e-12	1.68298708303e-12	1.5705130711e-06
2.95890112621e-18	0.0056490297629	0.162894638083	1.20063983425e-12	1.81454851144e-12	1.63071607216e-06
3.31238524925e-18	0.00564902976288	0.162894638082	1.27890303516e-12	1.95632399169e-12	1.69322685492e-06
3.70809823358e-18	0.00564902976287	0.162894638082	1.36328141823e-12	2.10909067988e-12	1.75813388436e-06
4.15108493584e-18	0.00564902976285	0.162894638082	1.45425280002e-12	2.27395879903e-12	1.82552901659e-06
4.64699289478e-18	0.00564902976284	0.162894638082	1.5523323318e-12	2.45159448297e-12	1.89550762889e-06
5.20214433043e-18	0.00564902976282	0.162894638082	1.65807541677e-12	2.64321897702e-12	1.96816875467e-06
5.82361674471e-18	0.0056490297628	0.162894638081	1.77208085518e-12	2.8497204596e-12	2.04361522359e-06
6.51933315093e-18	0.00564902976278	0.162894638081	1.8949942352e-12	3.07232017604e-12	2.12195380716e-06
7.29816308248e-18	0.00564902976276	0.162894638081	2.02751158873e-12	3.31246141626e-12	2.20329536977e-06
8.17003566859e-18	0.00564902976273	0.16289463808	2.17038333292e-12	3.5712544033e-12	2.28775502561e-06
9.14606621853e-18	0.00564902976271	0.16289463808	2.32441851959e-12	3.85025344939e-12	2.37545230159e-06
1.02386979282e-17	0.00564902976268	0.16289463808	2.49048941671e-12	4.15112388906e-12	2.46651130648e-06
1.14618605159e-17	0.00564902976265	0.162894638079	2.66953644791e-12	4.47542003455e-12	2.56106090656e-06
1.28311478087e-17	0.00564902976262	0.162894638079	2.86257351783e-12	4.8251402873e-12	2.65923490797e-06
1.43640165451e-17	0.00564902976258	0.162894638078	3.07069375369e-12	5.20217202646e-12	2.7611722461e-06
1.6080008927e-17	0.00564902976254	0.162894638078	3.29507569542e-12	5.60862467577e-12	2.8670171822e-06
1.80010017589e-17	0.0056490297625	0.162894638077	3.53698996949e-12	6.04682970358e-12	2.97691950751e-06
2.01514853502e-17	0.00564902976246	0.162894638077	3.79780648414e-12	6.51934062286e-12	3.0910347553e-06
2.2558875737e-17	0.00564902976241	0.162894638076	4.07900218697e-12	7.02871094655e-12	3.20952442091e-06
2.52538642026e-17	0.00564902976236	0.162894638075	4.38216942847e-12	7.57793827682e-12	3.33255619037e-06
2.82708085544e-17	0.0056490297623	0.162894638075	4.70902497923e-12	8.17002021585e-12	3.46030417766e-06
3.16481711436e-17	0.00564902976225	0.162894638074	5.06141975162e-12	8.808398455e-12	3.59294917113e-06
3.54290092129e-17	0.00564902976218	0.162894638073	5.4413492811e-12	9.49673673025e-12	3.73067888935e-06
3.96615238244e-17	0.00564902976211	0.162894638072	5.8509650265e-12	1.02386987776e-11	3.87368824676e-06
4.43996743634e-17	0.00564902976204	0.162894638071	6.29258655329e-12	1.10387254891e-11	4.02217962954e-06
4.97038664551e-17	0.00564902976196	0.16289463807	6.76871466877e-12	1.19012577569e-11	4.17636318199e-06
5.56417220623e-17	0.00564902976187	0.162894638069	7.28204558356e-12	1.28311805623e-11	4.33645710396e-06
6.22889415826e-17	0.00564902976178	0.162894638068	7.83548617974e-12	1.38337119535e-11	4.50268795959e-06
6.97302689362e-17	0.00564902976168	0.162894638066	8.43217047183e-12	1.49146250903e-11	4.67529099802e-06
7.8060571947e-17	0.00564902976157	0.162894638065	9.07547735404e-12	1.60800261992e-11	4.85451048626e-06
8.73860517913e-17	0.00564902976145	0.162894638063	9.76904973427e-12	1.73364655961e-11	5.04060005488e-06
9.78255969332e-17	0.00564902976133	0.162894638061	1.0516815163e-11	1.86910487084e-11	5.23382305695e-06
1.09512298807e-16	0.00564902976119	0.16289463806	1.13230080744e-11	2.01515470973e-11	5.43445294077e-06
1.2259514857e-16	0.00564902976104	0.162894638058	1.21921937647e-11	2.17260653907e-11	5.6427736368e-06
1.37240936557e-16	0.00564902976089	0.162894638055	1.31292942446e-11	2.34237074176e-11	5.85907995951e-06
1.53636378656e-16	0.00564902976072	0.162894638053	1.41396161117e-11	2.52539100736e-11	6.08367802458e-06
1.71990496704e-16	0.00564902976053	0.162894638051	1.52288806004e-11	2.72271094552e-11	6.31688568214e-06
1.92537283259e-16	0.00564902976033	0.162894638048	1.64032559802e-11	2.93545188148e-11	6.55903296657e-06
2.15538684726e-16	0.00564902976012	0.162894638045	1.76693924851e-11	3.16482395836e-11	6.81046256357e-06
2.41287940843e-16	0.00564902975989	0.162894638042	1.90344599725e-11	3.41210393262e-11	7.07153029511e-06
2.70113323138e-16	0.00564902975964	0.162894638039	2.05061885248e-11	3.67871288973e-11	7.34260562301e-06
3.02382319985e-16	0.00564902975937	0.162894638035	2.20929122227e-11	3.96614963078e-11	7.62407217181e-06
3.38506321631e-16	0.00564902975909	0.162894638031	2.38036163396e-11	4.27605728585e-11	7.91632827164e-06
3.78945864922e-16	0.00564902975878	0.162894638027	2.56479882234e-11	4.61016780285e-11	8.21978752195e-06
4.24216504581e-16	0.00564902975844	0.162894638022	2.76364721535e-11	4.97039076539e-11	8.53487937685e-06
4.74895385902e-16	0.00564902975808	0.162894638018	2.97803284847e-11	5.35875788159e-11	8.86204975283e-06
5.31628602647e-16	0.00564902975769	0.162894638012	3.20916974123e-11	5.77746739305e-11	9.20176165988e-06
5.95139433949e-16	0.00564902975727	0.162894638007	3.4583667719e-11	6.22889517704e-11	9.55449585668e-06
6.66237565239e-16	0.00564902975682	0.162894638001	3.72703508943e-11	6.71559474651e-11	9.920751531e-06
7.45829410745e-16	0.00564902975633	0.162894637994	4.01669610444e-11	7.2403305568e-11	1.03010470062e-05
8.34929669162e-16	0.0056490297558	0.162894637987	4.32899010467e-11	7.80605580114e-11	1.06959204745e-05
9.34674259823e-16	0.00564902975523	0.162894637979	4.66568554356e-11	8.41599012631e-11	1.11059307591e-05
1.04633480428e-15	0.00564902975462	0.162894637971	5.02868905464e-11	9.07358632591e-11	1.15316581046e-05
1.17133483792e-15	0.00564902975396	0.162894637962	5.42005624834e-11	9.78256364707e-11	1.19737049983e-05
1.3112679583e-15	0.00564902975325	0.162894637952	5.84200335252e-11	1.05469299949e-10	1.24326970229e-05
1.46791814159e-15	0.00564902975249	0.162894637942	6.29691976244e-11	1.13710263415e-10	1.29092837417e-05
1.64328248604e-15	0.00564902975166	0.162894637931	6.78738157143e-11	1.22595156234e-10	1.3404139618e-05
1.83959667259e-15	0.00564902975077	0.162894637919	7.31616615874e-11	1.3217427151e-10	1.39179649695e-05
2.05936346703e-15	0.00564902974981	0.162894637906	7.88626791721e-11	1.42501899149e-10	1.44514869595e-05
2.30538462722e-15	0.00564902974877	0.162894637892	8.50091520991e-11	1.53636436882e-10	1.50054606256e-05
2.58079662209e-15	0.00564902974765	0.162894637877	9.16358865161e-11	1.65640945377e-10	1.55806699489e-05
2.88911061774e-15	0.00564902974645	0.16289463786	9.87804081882e-11	1.78583481304e-10	1.61779289628e-05
3.23425724057e-15	0.00564902974515	0.162894637843	1.06483174998e-10	1.92537319384e-10	1.67980829055e-05
3.62063668789e-15	0.00564902974375	0.162894637824	1.14787806048e-10	2.07581396473e-10	1.74420094159e-05
4.05317482513e-15	0.00564902974224	0.162894637804	1.2374132867e-10	2.238009777e-10	1.81106197758e-05
4.53738598453e-15	0.00564902974062	0.162894637782	1.33394444728e-10	2.4128798953e-10	1.88048601993e-05
5.07944326619e-15	0.00564902973886	0.162894637758	1.43801817731e-10	2.60141241814e-10	1.95257131722e-05
5.6862572375e-15	0.00564902973697	0.162894637732	1.55022382383e-10	2.80467649027e-10	2.02741988423e-05
6.36556403442e-15	0.00564902973493	0.162894637705	1.67119678317e-10	3.02382341297e-10	2.10513764629e-05
7.12602398781e-15	0.00564902973273	0.162894637675	1.80162209905e-10	3.26009330536e-10	2.1858345892e-05
7.97733203196e-15	0.00564902973036	0.162894637643	1.94223834183e-10	3.51482398618e-10	2.2696249149e-05
8.93034130324e-15	0.00564902972781	0.162894637609	2.09384179091e-10	3.78945874536e-10	2.35662720307e-05
9.99720150422e-15	0.00564902972505	0.162894637571	2.25729094385e-10	4.08555300535e-10	2.44696457892e-05
1.11915137976e-14	0.00564902972208	0.162894637531	2.43351137785e-10	4.40478209268e-10	2.54076488747e-05
1.25285042043e-14	0.00564902971888	0.162894637488	2.62350099116e-10	4.74895456067e-10	2.63816087449e-05
1.40252177166e-14	0.00564902971543	0.162894637441	2.82833565386e-10	5.12001885071e-10	2.73929037429e-05
1.57007356012e-14	0.00564902971171	0.162894637391	3.04917530036e-10	5.5200777252e-10	2.84429650489e-05
1.75764186616e-14	0.00564902970769	0.162894637337	3.28727049784e-10	5.95139492888e-10	2.95332787043e-05
1.96761795623e-14	0.00564902970337	0.162894637278	3.54396952791e-10	6.41641295239e-10	3.0665387716e-05
2.20267876864e-14	0.0056490296987	0.162894637215	3.82072602167e-10	6.91776746519e-10	3.18408942391e-05
2.46582104121e-14	0.00564902969367	0.162894637147	4.11910719128e-10	7.45829397685e-10	3.3061461845e-05
2.76039951599e-14	0.00564902968825	0.162894637074	4.44080270477e-10	8.04105670291e-10	3.43288178749e-05
3.09016970819e-14	0.00564902968241	0.162894636995	4.78763425426e-10	8.66935300573e-10	3.56447558851e-05
3.45933578431e-14	0.0056490296761	0.16289463691	5.16156587179e-10	9.34674226031e-10	3.70111381847e-05
3.87260416018e-14	0.00564902966931	0.162894636818	5.5647150512e-10	1.00770613974e-09	3.84298984713e-05
4.33524350198e-14	0.00564902966198	0.162894636719	5.99936473907e-10	1.0864442667e-09	3.99030445676e-05
4.85315189527e-14	0.00564902965408	0.162894636612	6.46797626253e-10	1.17133480555e-09	4.1432661263e-05
5.43293203839e-14	0.00564902964557	0.162894636497	6.97320326722e-10	1.26285837183e-09	4.30209132633e-05
6.08197541873e-14	0.00564902963639	0.162894636373	7.51790674432e-10	1.36153321765e-09	4.46700482553e-05
6.80855654519e-14	0.00564902962649	0.16289463624	8.10517123171e-10	1.46791811824e-09	4.63824000867e-05
7.621938438e-14	0.00564902961582	0.162894636095	8.73832228103e-10	1.58261559163e-09	4.81603920694e-05
8.53249072087e-14	0.00564902960431	0.16289463594	9.42094528957e-10	1.70627500726e-09	5.0006540409e-05
9.55182182103e-14	0.00564902959191	0.162894635772	1.01569058036e-09	1.83959669381e-09	5.19234577656e-05
1.06929269624e-13	0.00564902957854	0.162894635592	1.0950371408e-09	1.98333560293e-09	5.3913856951e-05
1.19703538388e-13	0.00564902956412	0.162894635397	1.18058353268e-09	2.13830575011e-09	5.59805547685e-05
1.34003880792e-13	0.00564902954857	0.162894635187	1.27281418665e-09	2.30538454461e-09	5.81264759984e-05
1.50012608695e-13	0.00564902953181	0.16289463496	1.37225138493e-09	2.48551834052e-09	6.03546575378e-05
1.67933813778e-13	0.00564902951375	0.162894634716	1.47945821881e-09	2.6797270997e-09	6.2668252698e-05
1.87995969463e-13	0.00564902949426	0.162894634453	1.59504177733e-09	2.88911049804e-09	6.50705356673e-05
2.10454843668e-13	0.00564902947326	0.162894634169	1.71965658512e-09	3.11485436473e-09	6.75649061443e-05
2.35596759534e-13	0.00564902945062	0.162894633863	1.8540083088e-09	3.35823701052e-09	7.01548941495e-05
2.63742245694e-13	0.0056490294262	0.162894633533	1.99885775299e-09	3.62063655523e-09	7.28441650206e-05
2.95250122619e-13	0.00564902939988	0.162894633178	2.15502516866e-09	3.90353903232e-09	7.56365245999e-05
3.3052207714e-13	0.00564902937151	0.162894632794	2.32339489795e-09	4.20854638255e-09	7.85359246203e-05
3.70007783456e-13	0.00564902934091	0.162894632381	2.50492038204e-09	4.53738577983e-09	8.15464682974e-05
4.14210635935e-13	0.00564902930792	0.162894631935	2.70062956027e-09	4.89191940117e-09	8.46724161368e-05
4.63694166765e-13	0.00564902927236	0.162894631455	2.91163069115e-09	5.27415497381e-09	8.79181919634e-05
5.19089230303e-13	0.00564902923402	0.162894630937	3.13911862815e-09	5.68625687744e-09	9.12883891817e-05
5.81102045684e-13	0.00564902919268	0.162894630378	3.38438158591e-09	6.1305589118e-09	9.47877772766e-05
6.50523200251e-13	0.00564902914811	0.162894629776	3.64880843512e-09	6.60957684212e-09	9.8421308563e-05
7.28237728567e-13	0.00564902910007	0.162894629127	3.93389656734e-09	7.12602349824e-09	0.000102194125194
8.15236395513e-13	0.00564902904826	0.162894628427	4.24126037446e-09	7.68282320744e-09	0.00010611156644
9.12628327317e-13	0.00564902899241	0.162894627672	4.57264039059e-09	8.28312900292e-09	0.00011017917624
1.02165515155e-12	0.00564902893219	0.162894626858	4.92991314832e-09	8.93034049839e-09	0.000114402711053
1.14370682632e-12	0.00564902886727	0.162894625981	5.31510180511e-09	9.62812242878e-09	0.000118788148001
1.28033936056e-12	0.00564902879728	0.162894625035	5.73038759997e-09	1.03804264106e-08	0.000123341693328
1.43329465117e-12	0.00564902872182	0.162894624016	6.17812220531e-09	1.11915124803e-08	0.000128069791185
1.60452269008e-12	0.00564902864046	0.162894622917	6.66084104392e-09	1.20659736301e-08	0.000132979132747
1.79620642419e-12	0.00564902855274	0.162894621731	7.18127764652e-09	1.30087617873e-08	0.000138076665684
2.01078958528e-12	0.00564902845817	0.162894620454	7.74237913106e-09	1.40252156809e-08	0.000143369603991
2.25100784449e-12	0.00564902835621	0.162894619076	8.34732289162e-09	1.51210912614e-08	0.000148865438203
2.51992368877e-12	0.00564902824628	0.162894617591	8.99953459121e-09	1.63025943418e-08	0.000154571945986
2.82096546377e-12	0.00564902812777	0.162894615989	9.70270756052e-09	1.75764154583e-08	0.000160497203153
3.15797108091e-12	0.00564902799999	0.162894614263	1.04608237124e-08	1.894976784e-08	0.000166649595087
3.53523694602e-12	0.00564902786223	0.162894612401	1.12781760903e-08	2.04304287088e-08	0.00017303782861
3.95757273306e-12	0.00564902771371	0.162894610395	1.21593931792e-08	2.2026782579e-08	0.000179670944304
4.43036270148e-12	0.00564902755358	0.162894608231	1.3109465115e-08	2.37478692178e-08	0.000186558329304
4.95963433874e-12	0.00564902738094	0.162894605898	1.4133771943e-08	2.56034348273e-08	0.000193709730587
5.55213520315e-12	0.00564902719481	0.162894603383	1.52381140833e-08	2.76039871113e-08	0.000201135268759
6.21541894671e-12	0.00564902699414	0.162894600672	1.64287451777e-08	2.9760854561e-08	0.000208845452382
6.95794161466e-12	0.00564902677778	0.162894597749	1.77124075018e-08	3.20862511812e-08	0.000216851192842
7.78916944922e-12	0.00564902654453	0.162894594597	1.90963701455e-08	3.45933451019e-08	0.000225163819796
8.7196995722e-12	0.00564902629304	0.162894591199	2.05884701756e-08	3.72963334073e-08	0.000233795097198
9.76139508467e-12	0.00564902602191	0.162894587535	2.21971570151e-08	4.02105226267e-08	0.000242757239953
1.09275363064e-11	0.00564902572959	0.162894583586	2.39315402902e-08	4.33524148881e-08	0.000252062931197
1.22329900826e-11	0.00564902541443	0.162894579327	2.58014414157e-08	4.67398022866e-08	0.000261725340254
1.36943993174e-11	0.00564902507464	0.162894574736	2.78174492108e-08	5.03918665826e-08	0.000271758141262
1.53303951489e-11	0.00564902470831	0.162894569786	2.99909798611e-08	5.43292887804e-08	0.000282175532534
1.71618344718e-11	0.00564902431335	0.16289456445	3.23343415649e-08	5.85743653688e-08	0.000292992256642
1.9212065836e-11	0.00564902388753	0.162894558696	3.48608042311e-08	6.31511352188e-08	0.000304223621288
2.15072271094e-11	0.00564902342844	0.162894552493	3.75846746231e-08	6.80855156971e-08	0.000315885520958
2.40765787012e-11	0.00564902293348	0.162894545805	4.05213773738e-08	7.34054487712e-08	0.00032799445942
2.69528765934e-11	0.00564902239984	0.162894538595	4.36875423303e-08	7.91410599926e-08	0.00034056757308
3.01727899351e-11	0.00564902182451	0.162894530821	4.71010987238e-08	8.53248288051e-08	0.000353622655226
3.37773685253e-11	0.00564902120422	0.16289452244	5.07813766978e-08	9.1991772286e-08	0.000367178181214
3.78125661413e-11	0.00564902053547	0.162894513404	5.47492167674e-08	9.91796437644e-08	0.000381253334607
4.23298263871e-11	0.00564901981446	0.162894503662	5.90270878332e-08	1.06929146206e-07	0.000395868034327
4.73867385278e-11	0.00564901903712	0.162894493159	6.36392144149e-08	1.15284163137e-07	0.000411042962835
5.30477716722e-11	0.00564901819903	0.162894481835	6.86117138259e-08	1.24292006892e-07	0.000426799595406
5.93850966639e-11	0.00564901729547	0.162894469626	7.39727440669e-08	1.34003686509e-07	0.000443160230513
6.64795061561e-11	0.0056490163213	0.162894456463	7.97526632739e-08	1.44474196717e-07	0.000460148021381
7.44214446021e-11	0.00564901527101	0.162894442272	8.5984201625e-08	1.55762829131e-07	0.000477787008753
8.33121612904e-11	0.00564901413866	0.162894426972	9.27026466783e-08	1.67933508209e-07	0.000496102154905
9.3265001124e-11	0.00564901291784	0.162894410476	9.99460431912e-08	1.81055153063e-07	0.000515119378969
1.04406849599e-10	0.00564901160162	0.162894392692	1.07755408552e-07	1.95202068042e-07	0.00053486559361
1.16879750401e-10	0.00564901018256	0.162894373518	1.16174965042e-07	2.10454362832e-07	0.000555368743109
1.30842716247e-10	0.00564900865262	0.162894352846	1.25252390248e-07	2.26898406983e-07	0.000576657842897
1.46473756046e-10	0.00564900700314	0.162894330558	1.35039087038e-07	2.44627318067e-07	0.00059876302062
1.63972144231e-10	0.00564900522477	0.162894306529	1.45590474629e-07	2.63741489477e-07	0.000621715558759
1.83560961187e-10	0.00564900330745	0.162894280623	1.56966302396e-07	2.84349158855e-07	0.000645547938899
2.05489937159e-10	0.00564900124032	0.162894252692	1.69230988203e-07	3.06567020711e-07	0.000670293887685
2.30038635889e-10	0.00564899901168	0.162894222579	1.82453983167e-07	3.30520887661e-07	0.000695988424538
2.57520018578e-10	0.00564899660889	0.162894190113	1.96710164911e-07	3.56346402524e-07	0.000722667911211
2.88284433593e-10	0.00564899401837	0.162894155111	2.12080261559e-07	3.84189805915e-07	0.000750370103224
3.22724082776e-10	0.00564899122543	0.162894117373	2.28651308839e-07	4.1420876547e-07	0.000779134203289
3.61278021296e-10	0.00564898821427	0.162894076687	2.46517142909e-07	4.46573267334e-07	0.00080900091677
4.04437754778e-10	0.00564898496783	0.162894032822	2.65778931686e-07	4.81466579387e-07	0.000840012509269
4.5275350504e-10	0.00564898146773	0.162893985529	2.86545747679e-07	5.19086288953e-07	0.000872212866422
5.06841224323e-10	0.00564897769415	0.162893934541	3.08935185579e-07	5.59645421218e-07	0.00090564755598
5.6739044742e-10	0.00564897362572	0.162893879569	3.33074028101e-07	6.03373645474e-07	0.000940363892273
6.35173081774e-10	0.0056489692394	0.162893820302	3.59098963834e-07	6.50518575605e-07	0.000976411003138
7.11053247612e-10	0.00564896451036	0.162893756404	3.87157361185e-07	7.01347172057e-07	0.00101383989941
7.9599829351e-10	0.00564895941182	0.162893687513	4.17408102771e-07	7.5614725304e-07	0.00105270354708
8.9109112782e-10	0.00564895391491	0.16289361324	4.50022485002e-07	8.15229124743e-07	0.00109305694221
9.97544023107e-10	0.0056489479885	0.162893533163	4.85185187939e-07	8.78927337335e-07	0.00113495718871
1.11671406956e-09	0.00564894159903	0.16289344683	5.23095320909e-07	9.47602579845e-07	0.00117846357912
1.25012047429e-09	0.00564893471033	0.162893353751	5.63967549808e-07	1.02164372147e-06	0.00122363767844
1.39946392709e-09	0.00564892728339	0.162893253399	6.08033312453e-07	1.10147001377e-06	0.00127054341121
1.56664827933e-09	0.00564891927615	0.162893145206	6.55542128878e-07	1.18753346376e-06	0.00131924715187
1.75380481235e-09	0.00564891064328	0.162893028559	7.06763013973e-07	1.28032139304e-06	0.00136981781868
1.96331940465e-09	0.00564890133589	0.162892902799	7.61986000468e-07	1.38035919636e-06	0.00142232697109
2.19786294399e-09	0.00564889130129	0.162892767212	8.21523780867e-07	1.48821331592e-06	0.00147684891095
2.46042537204e-09	0.00564888048266	0.162892621031	8.8571347763e-07	1.60449444795e-06	0.00153346078753
2.7543537953e-09	0.00564886881874	0.162892463429	9.54918551613e-07	1.72986099952e-06	0.00159224270661
3.08339514799e-09	0.00564885624349	0.162892293513	1.02953085955e-06	1.86502281542e-06	0.00165327784366
3.45174395047e-09	0.00564884268571	0.16289211032	1.10997287221e-06	2.01074519601e-06	0.0017166525614
3.86409577164e-09	0.00564882806863	0.162891912815	1.19670006582e-06	2.16785322913e-06	0.00178245653187
4.32570707655e-09	0.0056488123095	0.162891699877	1.29020350018e-06	2.33723645976e-06	0.00185078286311
4.84246222158e-09	0.0056487953191	0.162891470302	1.39101259813e-06	2.51985392443e-06	0.00192172823071
5.42094845063e-09	0.00564877700122	0.16289122279	1.49969814204e-06	2.71673957904e-06	0.00199539301439
6.06853984781e-09	0.00564875725217	0.162890955939	1.61687550428e-06	2.92900814994e-06	0.00207188143974
6.79349131574e-09	0.00564873596012	0.162890668239	1.74320812986e-06	3.15786144192e-06	0.00215130172545
7.60504377658e-09	0.00564871300455	0.16289035806	1.87941129101e-06	3.4045951388e-06	0.0022337662361
8.51354193561e-09	0.00564868825548	0.162890023646	2.02625613484e-06	3.67060613477e-06	0.00231939164078
9.53056610691e-09	0.00564866157281	0.162889663105	2.18457404696e-06	3.95740043721e-06	0.00240829907775
1.06690797799e-08	0.00564863280549	0.162889274394	2.3552613557e-06	4.26660168756e-06	0.00250061432542
1.19435948055e-08	0.00564860179068	0.162888855313	2.53928440346e-06	4.59996034567e-06	0.00259646797977
1.33703563048e-08	0.00564856835279	0.16288840349	2.73768501387e-06	4.95936359175e-06	0.00269599563857
1.49675496546e-08	0.00564853230256	0.162887916366	2.95158638548e-06	5.34684600033e-06	0.00279933809259
1.67555321834e-08	0.00564849343592	0.162887391185	3.18219944543e-06	5.76460104684e-06	0.00290664152409
1.8757092528e-08	0.00564845153287	0.162886824971	3.43082969868e-06	6.21499351185e-06	0.0030180577128
2.09977409488e-08	0.00564840635625	0.162886214522	3.69888461158e-06	6.70057285222e-06	0.0031337442498
2.35060343e-08	0.00564835765036	0.16288555638	3.98788157134e-06	7.22408761523e-06	0.00325386475942
2.6313939787e-08	0.00564830513954	0.16288484682	4.29945646619e-06	7.78850097602e-06	0.00337858912963
2.94572421376e-08	0.00564824852662	0.162884081827	4.63537293455e-06	8.39700748636e-06	0.00350809375111
3.29759993655e-08	0.00564818749121	0.162883257069	4.9975323353e-06	9.0530511284e-06	0.00364256176532
3.69150529205e-08	0.00564812168793	0.162882367878	5.38798449522e-06	9.76034477491e-06	0.00378218332205
4.1324598709e-08	0.00564805074443	0.162881409222	5.80893929389e-06	1.05228911658e-05	0.00392715584659
4.62608262433e-08	0.0056479742593	0.162880375675	6.26277915137e-06	1.13450055174e-05	0.00407768431701
5.17866340382e-08	0.00564789179979	0.162879261388	6.75207248855e-06	1.22313398928e-05	0.00423398155187
5.7972430343e-08	0.0056478028994	0.162878060055	7.27958823586e-06	1.31869094684e-05	0.00439626850874
6.48970293761e-08	0.00564770705522	0.162876764877	7.84831147157e-06	1.42171208444e-05	0.00456477459392
7.26486544389e-08	0.00564760372511	0.162875368526	8.46146027735e-06	1.53278025573e-05	0.00473973798378
8.1326060639e-08	0.0056474923246	0.162873863101	9.12250390553e-06	1.65252379649e-05	0.00492140595808
9.10397914627e-08	0.00564737222369	0.162872240083	9.83518235944e-06	1.7816200687e-05	0.00511003524575
1.01913585133e-07	0.00564724274318	0.162870490292	1.06035274965e-05	1.92079928001e-05	0.00530589238354
1.14085948578e-07	0.00564710315096	0.162868603827	1.14318857717e-05	2.07084859981e-05	0.00550925408801
1.27711918943e-07	0.00564695265781	0.162866570018	1.2324942748e-05	2.23261659467e-05	0.00572040764127
1.4296503497e-07	0.00564679041298	0.162864377362	1.32877495112e-05	2.40701800808e-05	0.00593965129098
1.60039543169e-07	0.00564661549944	0.162862013457	1.43257511343e-05	2.59503891063e-05	0.00616729466512
1.79152866713e-07	0.00564642692865	0.162859464934	1.54448173514e-05	2.79774224931e-05	0.00640365920194
2.00548368243e-07	0.00564622363511	0.162856717384	1.66512756096e-05	3.01627382659e-05	0.00664907859571
2.24498441501e-07	0.00564600447028	0.162853755271	1.79519466833e-05	3.25186874205e-05	0.00690389925864
2.51307970808e-07	0.00564576819619	0.162850561851	1.93541830463e-05	3.50585833229e-05	0.00716848079964
2.81318202029e-07	0.00564551347851	0.162847119072	2.08659102138e-05	3.77967764677e-05	0.00744319652035
3.14911073809e-07	0.00564523887902	0.162843407476	2.24956712826e-05	4.07487350094e-05	0.00772843392901
3.52514063617e-07	0.00564494284763	0.162839406092	2.42526749126e-05	4.39311315029e-05	0.00802459527276
3.9460560956e-07	0.00564462371367	0.16283509231	2.6146847013e-05	4.73619363258e-05	0.00833209808879
4.41721176102e-07	0.00564427967655	0.162830441764	2.81888864166e-05	5.10605182902e-05	0.00865137577507
4.94460039809e-07	0.00564390879575	0.162825428188	3.03903248427e-05	5.50477529869e-05	0.00898287818107
5.53492880212e-07	0.00564350897998	0.162820023271	3.27635914772e-05	5.93461394451e-05	0.00932707221907
6.19570270807e-07	0.00564307797555	0.162814196503	3.53220825174e-05	6.39799257344e-05	0.00968444249661
6.93532176351e-07	0.00564261335383	0.162807914996	3.80802360565e-05	6.89752441779e-05	0.0100554919706
7.76318575011e-07	0.00564211249777	0.162801143306	4.10536127107e-05	7.43602568965e-05	0.0104407426237
8.68981337727e-07	0.00564157258743	0.162793843236	4.42589824197e-05	8.0165312453e-05	0.0108407361633
9.72697512568e-07	0.00564099058432	0.162785973619	4.77144178817e-05	8.6423114418e-05	0.0112560347436
1.08878417901e-06	0.00564036321468	0.162777490089	5.14393951185e-05	9.31689027419e-05	0.0116872217118
1.21871505614e-06	0.0056396869514	0.16276834484	5.54549017003e-05	0.000100440648868	0.0121349023777
1.36413907013e-06	0.00563895799464	0.162758486353	5.97835531953e-05	0.0001082792656	0.0125997048085
1.52690110988e-06	0.00563817225096	0.162747859116	6.44497184516e-05	0.000116728832787	0.0130822806477
1.70906522605e-06	0.00563732531096	0.162736403312	6.94796543571e-05	0.000125836839978	0.0135833059598
1.91294055807e-06	0.00563641242516	0.162724054494	7.49016507676e-05	0.000135654447261	0.0141034820998
2.14111030591e-06	0.00563542847819	0.162710743225	8.07461863409e-05	0.000146236765579	0.0146435366082
2.39646409968e-06	0.00563436796105	0.162696394698	8.70460960607e-05	0.000157643157905	0.0152042241322
2.68223415994e-06	0.00563322494127	0.162680928324	9.38367512857e-05	0.000169937562742	0.0157863273712
3.00203568598e-06	0.00563199303102	0.162664257292	0.000101156253212	0.000183188841479	0.0163906580486
3.35991195816e-06	0.00563066535281	0.162646288094	0.000109045640692	0.00019747115127	0.0170180579082
3.76038469503e-06	0.00562923450276	0.162626920017	0.000117549113411	0.000212864345143	0.0176693997349
4.20851026535e-06	0.00562769251124	0.162606044592	0.000126714271473	0.000229454401177	0.0183455883994
4.70994242194e-06	0.00562603080072	0.162583545012	0.00013659237253	0.000247333882662	0.0190475619257
5.27100229654e-06	0.00562424014065	0.162559295501	0.000147238607617	0.000266602431265	0.0197762925808
5.8987564758e-06	0.0056223105992	0.162533160634	0.000158712396949	0.000287367295291	0.0205327879844
6.6011040664e-06	0.00562023149166	0.162504994619	0.000171077706978	0.00030974389526	0.0213180922376
7.38687375429e-06	0.00561799132535	0.162474640516	0.000184403390081	0.000333856429064	0.0221332870682
8.26593196934e-06	0.00561557774076	0.162441929408	0.0001987635483	0.000359838519084	0.02297949299
9.24930338252e-06	0.00561297744884	0.162406679509	0.000214237922638	0.000387833903681	0.0238578704747
1.03493050895e-05	0.00561017616414	0.162368695214	0.000230912309417	0.000417997175581	0.0247696211299
1.15796959719e-05	0.00560715853363	0.162327766078	0.00024887900533	0.000450494569662	0.0257159888832
1.29558428779e-05	0.00560390806108	0.16228366573	0.000268237282783	0.000485504802718	0.0266982611648
1.44949054237e-05	0.00560040702671	0.162236150709	0.000289093897215	0.000523219967762	0.027717770085
1.62160413934e-05	0.00559663640192	0.162184959227	0.000311563628072	0.000563846485384	0.0287758935995
1.81406349008e-05	0.00559257575916	0.162129809846	0.000335769855135	0.00060760611463	0.0298740566576
2.02925496754e-05	0.00558820317641	0.16207040007	0.000361845171886	0.000654737025762	0.0310137323226
2.26984100493e-05	0.00558349513658	0.162006404851	0.000389932037561	0.000705494937067	0.0321964428589
2.53879124432e-05	0.00557842642142	0.161937474999	0.000420183469486	0.000760154317684	0.0334237607726
2.83941703853e-05	0.00557297000008	0.161863235489	0.0004527637772	0.000819009658102	0.0346973097969
3.17540963403e-05	0.00556709691224	0.161783283679	0.000487849339736	0.000882376809596	0.0360187658084
3.55088238758e-05	0.00556077614599	0.161697187417	0.000525629427271	0.000950594393377	0.0373898576595
3.97041739478e-05	0.00555397451047	0.161604483037	0.00056630706811	0.0010240252796	0.0388123679128
4.43911693374e-05	0.00554665650367	0.16150467326	0.000610099961709	0.00110305813569	0.0402881334575
4.96266015193e-05	0.00553878417558	0.161397224971	0.000657241438055	0.00118810904237	0.0418190459901
5.54736544749e-05	0.00553031698734	0.161281566892	0.00070798146331	0.00127962317501	0.0434070523353
6.20025901709e-05	0.00552121166694	0.161157087148	0.000762587691061	0.00137807654608	0.045054154584
6.92915006038e-05	0.00551142206219	0.161023130724	0.000821346557903	0.00148397780365	0.0467624100215
7.74271314381e-05	0.00550089899217	0.160878996812	0.000884564421278	0.00159787007826	0.0485339308151
8.6505782334e-05	0.00548959009824	0.160723936069	0.000952568736625	0.00172033286922	0.0503708834286
9.66343279473e-05	0.00547743964984	0.16055838039	0.00102570927887	0.00185198470509	0.0522754877288
0.000107931179829	0.0054643885212	0.160380344218	0.00110435883258	0.00199348348601	0.0542500013591
0.000120527544994	0.00545037393215	0.160188911608	0.00118891548277	0.00214552944721	0.056296745537
0.000134568652238	0.00543532935671	0.159983116602	0.00127980340982	0.00230886687332	0.0584180898528
0.000150215106932	0.0054191844017	0.159761930249	0.00137747416904	0.00248428593703	0.0606164495768
0.00016764434841	0.00540186469878	0.159524257561	0.0014824079664	0.00267262446076	0.062894282538
0.00018705221108	0.0053832918144	0.159268934488	0.00159511491142	0.00287476955986	0.0652540854012
0.000208654589347	0.00536338318227	0.158994724966	0.00171613622936	0.00309165912568	0.0676983892794
0.000232689204503	0.00534205206339	0.158700318068	0.00184604541209	0.00332428310052	0.0702297546182
0.000259417469372	0.00531920753949	0.158384325326	0.00198544928363	0.00357368448932	0.0728507652802
0.000289126443523	0.00529475454617	0.158045278259	0.00213498895252	0.00384096004558	0.0755640217602
0.000322130868337	0.00526859395309	0.157681626201	0.00229534061941	0.00412726056054	0.0783721334543
0.00035877526697	0.00524062269883	0.157291734484	0.00246721620382	0.00443379067644	0.0812777099085
0.000399436089268	0.00521073398904	0.156873883081	0.00265136374951	0.00476180813555	0.0842833509677
0.000444523875863	0.00517881756699	0.156426265791	0.00284856756326	0.00511262236777	0.0873916357497
0.000494485409029	0.00514476006626	0.155946990091	0.00305964803703	0.0054875923104	0.0906051103679
0.000549805810301	0.00510844545565	0.155434077759	0.00328546109838	0.0058881233454	0.093926274331
0.000611010536367	0.00506975558691	0.154885466414	0.00352689722972	0.00631566323107	0.0973575655543
0.000678667215444	0.00502857085572	0.1542990121	0.00378487999215	0.00677169689867	0.100901343923
0.000753387256196	0.00498477098635	0.153672493075	0.00406036398605	0.00725773997928	0.104559873362
0.000835827150523	0.00493823594975	0.153003614958	0.00435433217723	0.00777533092345	0.108335302377
0.000926689380359	0.00488884702412	0.152290017404	0.00466779251562	0.00832602157658	0.112229643048
0.0010267228274	0.0048364880051	0.151529282467	0.0050017737728	0.00891136607724	0.116244748497
0.00113672257366	0.00478104657131	0.150718944824	0.00535732052587	0.00953290795464	0.120382288836
0.00125752897078	0.00472241580769	0.149856504015	0.00573548721879	0.0101921653167	0.124643725676
0.00139002584739	0.00466049588599	0.148939438862	0.0061373312385	0.0108906140414	0.129030285301
0.00153513771748	0.00459519589756	0.147965224179	0.00656390495255	0.0116296689147	0.133542930615
0.00169382585007	0.00452643582839	0.146931349904	0.00701624666826	0.0124106626959	0.138182332086
0.00186708314877	0.0044541486259	0.145835762693	0.0074953704903	0.0132348237676	0.142948837873
0.00205593480848	0.00437827949088	0.14468684684	0.00800225429933	0.0141033030555	0.147842429591
0.00226140907781	0.00429879624217	0.143471618126	0.00853779137835	0.0150170320391	0.152862344098
0.00248454727209	0.00421568364782	0.142187860398	0.00910284859072	0.015976771432	0.158007750356
0.00272638606478	0.00412894856508	0.140833500815	0.00969821689858	0.0169830673997	0.163277369847
0.00298794423867	0.00403862219822	0.139406642722	0.010324596221	0.0180362210847	0.168669447898
0.00327020772176	0.00394476223545	0.137905600202	0.0109825796643	0.0191362578129	0.174181726755
0.00357411298501	0.00384745479689	0.13632893391	0.0116726373453	0.0202828966056	0.179811421009
0.00390052894737	0.00374681612046	0.13467548763	0.0123951000777	0.021475520727	0.18555519601
0.00425023760916	0.00364299390905	0.132944424957	0.0131501432335	0.0227131500845	0.191409149924
0.00462391371634	0.00353616826172	0.131135265364	0.0139377711393	0.0239944163882	0.197368800104
0.00502214977364	0.00342653955486	0.129277654368	0.0147578048292	0.0253177795394	0.203429074408
0.00544530203624	0.00331436347406	0.127342944115	0.0156096821365	0.026680991556	0.209582921467
0.00589359447579	0.0031999157881	0.125331776228	0.0164928014932	0.0280814190803	0.215823995088
0.00636706035444	0.00308350304901	0.123245290462	0.0174063399165	0.0295159857347	0.222145360448
0.00686552408576	0.00296546056225	0.121085114714	0.0183492460804	0.0309811749578	0.228539509677
0.00738858557221	0.00284614963181	0.118853380057	0.0193202366631	0.0324730413747	0.234998386216
0.00793560763693	0.00272595411697	0.116552729208	0.0203177961317	0.0339872310387	0.24151341662
0.0085058671875	0.00260524272024	0.114251500932	0.0213401865502	0.0355197032288	0.248075549748
0.00909808629424	0.00248445919641	0.111890228227	0.0223848775894	0.0370652908714	0.254671562833
0.00971085687799	0.00236402664495	0.10947089614	0.0234496567766	0.0386185984877	0.26129129627
0.0103425296587	0.00224437060595	0.10699778946	0.0245321302577	0.0401740023312	0.26792436293
0.0109912178252	0.00212591490883	0.104475632793	0.0256297263549	0.0417256967678	0.274560112551
0.0116548143297	0.00200907570512	0.101910148851	0.0267397188114	0.043267767437	0.281187704617
0.0123311806162	0.0018942275371	0.0993553701373	0.0278592522199	0.0447949063681	0.287796146658
0.0130176682657	0.00178178108794	0.0967671743503	0.0289848344739	0.0463010736372	0.294371172471
0.0137116391927	0.00167209471104	0.0941513830525	0.0301134377345	0.0477804509752	0.300901729533
0.0144103480737	0.00156549861805	0.0915140323897	0.0312419989332	0.0492274178802	0.307376893938
0.0151109809157	0.00146229076322	0.0888613129181	0.0323674538317	0.0506366295125	0.313785952958
0.0158107289804	0.00136272885299	0.0862240324739	0.03348677102	0.0520032059415	0.320118484998
0.0165069001892	0.00126701751638	0.0836087100838	0.0345966826343	0.053323334548	0.326362660024
0.0171965259664	0.00117536468252	0.0809951261067	0.0356939896757	0.0545925802467	0.332506892007
0.0178768999826	0.0010879133911	0.0783892817682	0.0367759588435	0.0558073000191	0.338542029028
0.018545445402	0.00100476644719	0.0757970495973	0.0378400112119	0.0569644072307	0.344459496096
0.0191997486321	0.000925987140952	0.0732241191679	0.0388837457938	0.0580613979777	0.350251348797
0.0198431453738	0.000850957092869	0.0719582551702	0.0399050570656	0.0591139368948	0.355910318546
0.0204679728448	0.000780296041315	0.0707420783234	0.0408841361076	0.0601202445524	0.361328645814
0.0210714304017	0.000714004359288	0.0695177994029	0.0418193707675	0.0610768584019	0.366498912092
0.0216514897894	0.000652006525354	0.0682871741055	0.0427102598022	0.0619816225821	0.371419826262
0.022206465872	0.000594205278006	0.0670520224899	0.0435565651354	0.0628330730227	0.376091462835
0.0227350286082	0.000540482880418	0.065814202806	0.0443583173913	0.0636304148435	0.38051524747
0.0232362049834	0.000490702983202	0.0645755860931	0.045115813293	0.0643734859087	0.384693912535
0.0237093715058	0.0004447129497	0.0633380320856	0.0458296057919	0.0650627084198	0.388631425954
0.024154238276	0.000402346504758	0.0621033669158	0.0465004879891	0.0656990308997	0.392332897319
0.0245708259458	0.00036342657127	0.0608733630211	0.0471294720386	0.0662838631977	0.395804465802
0.0249594370781	0.000327768168441	0.0596497215713	0.0477177642912	0.0668190072331	0.399053174636
0.0253174299129	0.000295467746817	0.0568704912945	0.0482667197047	0.0672974991802	0.402086837001
0.0256456567606	0.000266329141338	0.0534906076128	0.0487921535143	0.0677077710885	0.404994051563
0.0259494900836	0.000239790609115	0.050254190177	0.0493012605391	0.0680591963499	0.407816241262
0.0262300955878	0.000215677556289	0.0471486118975	0.049794087958	0.0683560666848	0.410554969278
0.026488780105	0.000193808614188	0.0441783043977	0.0502709176066	0.0686027288248	0.413212785785
0.0267268446711	0.000174008971236	0.04133729445	0.0507320652631	0.0688033721602	0.415792156916
0.0269456242842	0.000156107316328	0.0386330654406	0.0511779667488	0.0689620578949	0.418295987956
0.0271463834249	0.000139944490705	0.0360699101936	0.0516090079372	0.069082605399	0.420726707429
0.0273303190075	0.000125372849411	0.033643541194	0.0520255389833	0.0691685961097	0.423086371393
0.0274986345404	0.000112250103655	0.0313470745844	0.0524279583702	0.0692234992407	0.425377163082
0.0276524865535	0.000100443400396	0.0291891180773	0.0528167223611	0.0692505214879	0.427601477177
0.0277929228625	8.98335927334e-05	0.0271545990049	0.053192140262	0.0692526528137	0.429760768169
0.0279210095748	8.03051707972e-05	0.0252491956737	0.0535546694856	0.0692327203591	0.431857258589
0.0280376807068	7.1757179195e-05	0.0234614490591	0.0539046218503	0.0691932847597	0.43389226563
0.0281438735122	6.40927194216e-05	0.0217923957784	0.0542424023168	0.0691367693153	0.435867593834
0.0282404175208	5.72266678366e-05	0.0202301901652	0.0545683131736	0.0690653663623	0.437784408028
0.028328127986	5.1078532701e-05	0.0187757204269	0.0548827517898	0.0689810921705	0.439644402488
0.0284077358072	4.55770638709e-05	0.0174179686468	0.0551860046692	0.0688858129769	0.441448597994
0.0284799318153	4.0656755533e-05	0.016154098604	0.0554784403857	0.0687811732383	0.443198491278
0.0285453587325	3.62580945495e-05	0.014979341007	0.0557603776667	0.0686687101845	0.444895281046
0.0286045975577	3.23281358554e-05	0.0138828448266	0.0560321134965	0.0685497946556	0.446540037267
0.0286581988876	2.88181216199e-05	0.0128635355871	0.0562940444198	0.0684255942048	0.448134445372
0.028706670108	2.56840855011e-05	0.0119174900151	0.0565464887274	0.0682972206454	0.449679736791
0.0287504731259	2.28867322525e-05	0.0110394581466	0.0567897358896	0.0681656780152	0.451176985106
0.0287899865902	2.03935670945e-05	0.0102012386121	0.0570240782733	0.0680317380264	0.452627303206
0.0288256556662	1.81692772316e-05	0.00942569939791	0.0572503546642	0.0678957788397	0.454035240253
0.0288578367635	1.61853810467e-05	0.00870830732445	0.0574688068143	0.0677585355018	0.45540169954
0.0288868557119	1.44163158693e-05	0.00804483230534	0.0576796737278	0.0676206565097	0.45672758788
0.0289130100327	1.28391576273e-05	0.00743133114002	0.0578831910566	0.0674827117788	0.458013813692
0.0289362896715	1.14500981602e-05	0.00668335633531	0.0580795899386	0.0673444989024	0.459261285228
0.0289572173416	1.0214327148e-05	0.00598875689026	0.0582744826409	0.0672017568369	0.460505387917
0.0289760939648	9.11127883785e-06	0.00536597918252	0.0584686284133	0.0670545096536	0.461751004651
0.0289931192997	8.12682607064e-06	0.00480766756965	0.0586620177148	0.0669032925214	0.462998136468
0.02900847386	7.24832033244e-06	0.0043072060684	0.0588546423691	0.0667485872251	0.464246783403
0.029022320731	6.46444195854e-06	0.00385864663965	0.0590464954228	0.0665908273476	0.465496944565
0.029034829935	5.7637992777e-06	0.00348390705939	0.0592375710416	0.0664304585448	0.466748618204
0.029046163872	5.1357172006e-06	0.003163812842	0.0594263409194	0.0662694264737	0.467991738692
0.0290563736658	4.57587520083e-06	0.00287302221824	0.0596116338101	0.0661090456175	0.469218388537
0.0290655688713	4.07689701373e-06	0.0026088707655	0.0597935062601	0.0659495435631	0.470428674482
0.029073848607	3.63219647661e-06	0.00236893312826	0.0599720147354	0.0657911198991	0.471622706159
0.0290813025187	3.23589428807e-06	0.00215100213535	0.0601472155141	0.0656339490303	0.472800595976
0.0290880116576	2.88274326661e-06	0.00195306963916	0.0603191645932	0.0654781827269	0.473962459005
0.0290940492812	2.56806129389e-06	0.00177330895339	0.0604879176074	0.0653239524327	0.47510841286
0.0290994815824	2.28767119579e-06	0.00161005877161	0.060653529759	0.0651713713522	0.476238577588
0.0291043683531	2.03784687771e-06	0.00146180845438	0.0608160557583	0.0650205363375	0.477353075548
0.0291087635877	1.81526509156e-06	0.00132718457875	0.0609755497716	0.0648715295931	0.478452031297
0.029112716032	1.61696226791e-06	0.00120493865033	0.0611320653779	0.064724420215	0.479535571475
0.0291162696813	1.44029589939e-06	0.0010939358844	0.0612856555318	0.0645792655791	0.480603824688
0.0291194642334	1.28291001016e-06	0.00099314496866	0.0614363725326	0.0644361125945	0.481656921399
0.0291223354991	1.14270429056e-06	0.000901628726555	0.061584267999	0.064294998832	0.482694993807
0.0291249157753	1.01780651762e-06	0.000818535605557	0.0617293928478	0.0641559535417	0.483718175745
0.0291272341822	9.06547918976e-07	0.000743091920829	0.0618717972777	0.0640189985687	0.48472660256
0.0291293169705	8.07441172291e-07	0.000674594789712	0.0620115307559	0.0638841491781	0.485720411016
0.0291311877981	7.19160763203e-07	0.000612405697647	0.0621486420083	0.0637514147965	0.486699739176
0.029132867982	6.40525452855e-07	0.000555944640824	0.0622831790128	0.0636207996789	0.487664726308
0.0291343640457	5.71068227924e-07	0.000479077607356	0.0624151889944	0.0634922740443	0.488615512772
0.0291356376905	5.12407636138e-07	0.000384168645627	0.0625517581722	0.0633586649109	0.489603261132
0.0291367902057	4.59782813584e-07	0.000308075672288	0.0627045168723	0.0632085786651	0.490713116289
0.0291378130559	4.13525786519e-07	0.000233927373372	0.0628753713009	0.0630400900999	0.49196077526
0.0291387345374	3.7231375912e-07	0.000183788655277	0.0630775921067	0.0628399946733	0.493446212144
0.0291396539833	3.31740634563e-07	0.000166175561373	0.0633091643558	0.0626105354368	0.495158997467
0.0291404850378	2.95586712935e-07	0.000150249379062	0.0635373924572	0.0623842097178	0.496859451816
0.0291412360776	2.63370989678e-07	0.000135848677602	0.0637623237696	0.0621609909521	0.498547527206
0.0291419146982	2.34664763103e-07	0.000122827455108	0.0639840050563	0.0619408511402	0.500223178934
0.0291425279033	2.0908108647e-07	0.000111185330594	0.0642024824842	0.061723761309	0.501886365547
0.0291430824698	1.86257459207e-07	0.000100811821596	0.0644175430364	0.0615099509487	0.503535059455
0.0291435832289	1.65924037002e-07	9.14055657499e-05	0.0646288618189	0.0612997568722	0.505166319217
0.029144035313	1.47809294761e-07	8.28764452549e-05	0.064836503155	0.0610931272073	0.506780168938
0.0291444433744	1.31671288937e-07	7.51427292156e-05	0.0650405303139	0.0608900099162	0.508376637555
0.029144812259	1.17269979803e-07	6.84674075192e-05	0.0652410055248	0.0606903542948	0.509955758726
0.0291451456253	1.04419769976e-07	6.2515400021e-05	0.0654369842155	0.0604951136838	0.511509570449
0.0291454462063	9.29767864228e-08	5.70803918733e-05	0.0656281255124	0.0603046355951	0.513034751601
0.0291457171506	8.27870411502e-08	5.21175230051e-05	0.0658145478336	0.0601188090843	0.514531616274
0.0291459613136	7.37133804663e-08	4.75858203943e-05	0.0659963667556	0.0599375253169	0.516000484572
0.0291461812834	6.5633646886e-08	4.34478619219e-05	0.0661736950777	0.0597606775741	0.517441682111
0.029146379405	5.84390414014e-08	3.96694692121e-05	0.066346642885	0.0595881612534	0.518855539525
0.0291465578022	5.20326643271e-08	3.62194269686e-05	0.0665153176097	0.059419873864	0.520242391989
0.029146718398	4.63282152916e-08	3.30692265322e-05	0.0666798240926	0.0592557150184	0.52160257876
0.0291468629327	4.12488350531e-08	3.01928315774e-05	0.0668402646423	0.0590955864199	0.522936442722
0.0291469929809	3.67260736963e-08	2.75664640449e-05	0.0669967390938	0.0589393918468	0.524244329956
0.0291471099665	3.26989714463e-08	2.51684085668e-05	0.0671493448657	0.0587870371338	0.52552658932
0.0291472151759	2.91132714739e-08	2.29776292156e-05	0.0672981770168	0.0586384301491	0.52678357204
0.0291473096565	2.59245352988e-08	2.09261070337e-05	0.067443336039	0.0584934727894	0.528015697171
0.0291473946017	2.30849157737e-08	1.90576578729e-05	0.0675852795362	0.058351710126	0.529226459424
0.0291474709589	2.05562082907e-08	1.73559549755e-05	0.067724078331	0.0582130734645	0.530416110452
0.0291475395832	1.83043866853e-08	1.58061264948e-05	0.0678598017052	0.0580774954366	0.531584903718
0.029147601246	1.62991465547e-08	1.43946259753e-05	0.0679925174327	0.0579449099883	0.532733094256
0.0291476566433	1.45134984447e-08	1.31091143461e-05	0.068122291811	0.0578152523682	0.533860938441
0.0291477064027	1.29234054685e-08	1.19383524088e-05	0.0682491896925	0.0576884591132	0.534968693772
0.0291477510899	1.15074605074e-08	1.08721028866e-05	0.068373274515	0.0575644680338	0.536056618654
0.0291477912149	1.02465986761e-08	9.90104118606e-06	0.0684946083319	0.0574432181979	0.537124972195
0.0291478272372	9.12384120247e-09	9.01667409827e-06	0.0686132518413	0.0573246499143	0.538174014005
0.0291478595708	8.12406729393e-09	8.21126573392e-06	0.0687292644153	0.0572087047154	0.539204004006
0.0291478885887	7.23381093439e-09	7.47777004927e-06	0.068842704128	0.057095325339	0.540215202246
0.0291479146648	6.43991984932e-09	6.83844122719e-06	0.0689536277833	0.0569844557892	0.541207868728
0.02914793809	5.73206495843e-09	6.26463875627e-06	0.0690616180765	0.0568765140013	0.542178007098
0.0291479590943	5.10198374344e-09	5.73897995158e-06	0.0691665506221	0.056771624861	0.543124214527
0.0291479779265	4.54106863168e-09	5.25865232899e-06	0.0692685112193	0.0566697031044	0.544046982603
0.0291479948056	4.04179733393e-09	4.81850498791e-06	0.0693675588052	0.0565706902647	0.544946575178
0.0291480099315	3.59738761363e-09	4.41584197606e-06	0.0694637762728	0.056474503877	0.545823487662
0.0291480234858	3.20175699255e-09	4.04778917471e-06	0.0695572298969	0.0563810780533	0.546678078743
0.0291480356272	2.84962115879e-09	3.71039780395e-06	0.0696479749785	0.0562903578307	0.547510619348
0.029148046456	2.53749418205e-09	3.3632813824e-06	0.0697360897296	0.0562022652135	0.548321603078
0.0291480561247	2.26048992122e-09	3.03669709704e-06	0.0698226544201	0.0561157202529	0.549120802853
0.0291480648	2.01342794716e-09	2.76204615251e-06	0.069908065154	0.056030327193	0.549911771426
0.029148072622	1.7919747811e-09	2.53149791582e-06	0.0699917093949	0.0559466988619	0.550688723796
0.0291480796242	1.59487099068e-09	2.32018502594e-06	0.0700729386152	0.0558654838614	0.551445472492
0.0291480858914	1.41944034321e-09	2.12650353804e-06	0.0701518223108	0.0557866128737	0.552182481026
0.0291480914999	1.26330061048e-09	1.948983154e-06	0.0702284279905	0.0557100185492	0.552900205654
0.0291480965181	1.12433122858e-09	1.78628085216e-06	0.070302821232	0.0556356354531	0.553599095294
0.0291481010076	1.00064395742e-09	1.63717383414e-06	0.0703750655407	0.055563400208	0.554279589613
0.0291481050234	8.90559646563e-10	1.50050846433e-06	0.0704452219712	0.0554932518736	0.55494211487
0.0291481086149	7.92582773169e-10	1.3752471195e-06	0.0705133506884	0.0554251303877	0.555587098107
0.0291481118266	7.0538216527e-10	1.2604386573e-06	0.070579510133	0.0553589774011	0.556214958826
0.0291481146983	6.27772949468e-10	1.15521121449e-06	0.0706437570704	0.0552947362307	0.55682610897
0.0291481172657	5.58693564281e-10	1.05899692485e-06	0.0707061466383	0.0552323518125	0.557420952916
0.0291481195608	4.97212451829e-10	9.70816380268e-07	0.070766718432	0.0551717846167	0.557999753927
0.029148121612	4.42495360632e-10	8.89976003863e-07	0.0708255237356	0.0551129834177	0.55856289337
0.029148123445	3.9379834665e-10	8.15865063379e-07	0.0708826139391	0.0550558968781	0.559110760425
0.0291481250829	3.50459259506e-10	7.47923613426e-07	0.0709380389445	0.0550004751431	0.559643736534
0.0291481265462	3.11888506237e-10	6.85654500689e-07	0.0709918472082	0.054946669798	0.560162195438
0.0291481278535	2.77561407846e-10	6.2857742531e-07	0.0710440845076	0.0548944351033	0.560666490901
0.0291481290212	2.47011626664e-10	5.76250329702e-07	0.0710947957764	0.0548437261588	0.561156974038
0.0291481300426	2.20383719569e-10	5.05939601301e-07	0.0711440254992	0.0547944984671	0.561633996873
0.0291481309568	1.96632833884e-10	4.47641091391e-07	0.0711940511039	0.0547444746787	0.562119611309
0.029148131793	1.74987728872e-10	4.10478093937e-07	0.0712444977519	0.0546940296903	0.562610213407
0.0291481325398	1.55724800474e-10	3.76399473822e-07	0.0712934576978	0.0546450712252	0.563087224096
0.0291481332067	1.3858181186e-10	3.45161425523e-07	0.0713409746643	0.0545975555798	0.56355099488
0.0291481338022	1.2332528698e-10	3.16523792953e-07	0.0713870894372	0.0545514419855	0.564001853383
0.0291481343339	1.09748040444e-10	2.90261565436e-07	0.0714318419664	0.0545066905077	0.564440123527
0.0291481348086	9.76652778637e-11	2.66177778215e-07	0.0714752724157	0.0544632609961	0.564866135615
0.0291481352323	8.69125345612e-11	2.44091791178e-07	0.0715174197694	0.0544211144789	0.565280212488
0.0291481356106	7.73433121129e-11	2.23856345711e-07	0.0715583218659	0.0543802131283	0.565682669621
0.0291481359482	6.8826146513e-11	2.05352174598e-07	0.0715980121058	0.0543405235537	0.566073782427
0.0291481362495	6.12467483347e-11	1.88377220266e-07	0.071636515435	0.0543020208179	0.566453746145
0.0291481365183	5.45018875088e-11	1.72805144226e-07	0.0716738672881	0.0542646694939	0.566822862472
0.0291481367582	4.84996947404e-11	1.58520041436e-07	0.0717101020453	0.0542284352083	0.567181425874
0.0291481369722	4.31584116085e-11	1.45415579122e-07	0.0717452530635	0.0541932846107	0.567529723701
0.0291481371621	3.84303193798e-11	1.31857623638e-07	0.0717793527066	0.0541591853405	0.567868036311
0.0291481373314	3.42250440742e-11	1.19403028213e-07	0.0718128393132	0.0541256990662	0.568200682062
0.0291481374829	3.04727683861e-11	1.08983637241e-07	0.0718457727792	0.0540927658972	0.568528235179
0.0291481376187	2.71155593462e-11	1.00037173239e-07	0.0718778996743	0.0540606392683	0.568848151139
0.0291481377398	2.41281652657e-11	9.18249806355e-08	0.0719090445615	0.0540294946184	0.569158651917
0.0291481378479	2.14698560139e-11	8.42868105643e-08	0.0719392374165	0.0539993019748	0.569460003603
0.0291481379442	1.91043863799e-11	7.73673560301e-08	0.0719685073024	0.0539700322773	0.569752465416
0.0291481380301	1.69995023541e-11	7.10158467384e-08	0.0719968823975	0.0539416573503	0.570036289845
0.0291481381067	1.51265017428e-11	6.51856771263e-08	0.0720243900216	0.0539141498758	0.57031172279
0.029148138175	1.34598431384e-11	5.98340648734e-08	0.0720510566627	0.0538874833681	0.570579003691
0.0291481382359	1.19766927676e-11	5.49448084365e-08	0.0720769080017	0.0538616321479	0.570838365673
0.0291481382902	1.06565138105e-11	5.04747516977e-08	0.0721019582017	0.0538365820539	0.571089927819
0.0291481383386	9.48184052055e-12	4.63683001134e-08	0.0721262215734	0.0538123187766	0.571333811888
0.0291481383817	8.43663800052e-12	4.25958835213e-08	0.0721497228046	0.0537888176295	0.571570245247
0.0291481384202	7.50663810974e-12	3.91303358568e-08	0.0721724858101	0.0537660546988	0.571799448954
0.0291481384545	6.67914484151e-12	3.59466997714e-08	0.072194533756	0.0537440068197	0.572021637913
0.029148138485	5.94286113412e-12	3.30220471226e-08	0.0722158890826	0.0537226515526	0.572237021014
0.0291481385122	5.28773475568e-12	3.03353140449e-08	0.0722365735274	0.0537019671607	0.572445801281
0.0291481385365	4.70477969341e-12	2.7879370452e-08	0.072256608147	0.0536819325883	0.572648176018
0.0291481385581	4.18581881725e-12	2.56413408632e-08	0.0722760046654	0.0536625361119	0.572844249241
0.0291481385774	3.72409672773e-12	2.35829465333e-08	0.0722947681984	0.0536437726163	0.573034058872
0.0291481385945	3.31330099595e-12	2.16897716433e-08	0.0723129193855	0.0536256214626	0.573217800603
0.0291481386098	2.94781524242e-12	1.99485569672e-08	0.0723304781943	0.0536080626835	0.573395664294
0.0291481386234	2.62264240004e-12	1.83471071087e-08	0.0723474639425	0.0535910769617	0.573567834125
0.0291481386356	2.3333364351e-12	1.68742051743e-08	0.0723638953187	0.053574645609	0.573734488752
0.0291481386464	2.07594159437e-12	1.55195342874e-08	0.0723797904029	0.0535587505458	0.573895801455
0.029148138656	1.84693256401e-12	1.42758150637e-08	0.0723951666864	0.053543374281	0.574051940287
0.0291481386646	1.64304330015e-12	1.31487488983e-08	0.0724100387427	0.0535285022413	0.574203044352
0.0291481386722	1.46166042485e-12	1.21106542424e-08	0.0724244032747	0.0535141377242	0.574349071647
0.029148138679	1.3002997941e-12	1.11545086704e-08	0.072438277591	0.0535002634211	0.574490190013
0.0291481386851	1.15675141895e-12	1.02738439135e-08	0.0724516784107	0.0534868626131	0.574626561926
0.0291481386905	1.02904921381e-12	9.46270214213e-09	0.0724646218834	0.0534739191508	0.574758344654
0.0291481386953	9.15444082129e-13	8.71559569631e-09	0.0724771236085	0.053461417435	0.57488569041
0.0291481386996	8.14379971586e-13	8.02746999187e-09	0.072489198654	0.0534493423978	0.575008746509
0.0291481387034	7.24472571076e-13	7.3936693518e-09	0.0725008615744	0.0534376794848	0.575127655513
0.0291481387068	6.44457171975e-13	6.81792315353e-09	0.0725121264283	0.0534264146375	0.575242555375
0.0291481387098	5.732498269e-13	6.28997454284e-09	0.0725229934446	0.053415547627	0.575353443322
0.0291481387125	5.09909877125e-13	5.80290435974e-09	0.0725334711945	0.0534050698823	0.575460401933
0.0291481387149	4.53568150929e-13	5.35354782034e-09	0.0725435736152	0.0533949674662	0.575563568909
0.029148138717	4.03451491715e-13	4.93898511428e-09	0.0725533141456	0.0533852269399	0.57566307723
0.0291481387189	3.58872152743e-13	4.55652244687e-09	0.0725627057435	0.0533758353456	0.575759055314
0.0291481387206	3.19218363079e-13	4.2036745479e-09	0.0725717609035	0.0533667801889	0.575851627165
0.0291481387221	2.83945935438e-13	3.87814853361e-09	0.072580491673	0.0533580494224	0.575940912517
0.0291481387234	2.52577724996e-13	3.57299654008e-09	0.0725889096682	0.0533496314297	0.576027026977
0.0291481387246	2.24805946209e-13	3.2637858312e-09	0.0725970372877	0.0533415038126	0.576110196763
0.0291481387257	2.00087676538e-13	2.98133345895e-09	0.0726049566374	0.0533335844648	0.576191259735
0.0291481387266	1.7804357696e-13	2.74421624659e-09	0.0726126730525	0.0533258680515	0.576270268637
0.0291481387274	1.58342601349e-13	2.53879408348e-09	0.0726201326747	0.053318408431	0.576346669978
0.0291481387282	1.40821497153e-13	2.34874806967e-09	0.0726273037219	0.0533112373852	0.576420135914
0.0291481387289	1.25239079484e-13	2.17292738999e-09	0.0726341973541	0.0533043437543	0.576490778442
0.0291481387295	1.11380846659e-13	2.01026734872e-09	0.0726408242999	0.0532977168097	0.576558705343
0.02914813873	9.90560284135e-14	1.85978292634e-09	0.0726471948731	0.0532913462375	0.576624020339
0.0291481387305	8.80949606133e-14	1.72056281817e-09	0.0726533189891	0.0532852221224	0.576686823242
0.0291481387309	7.83467503499e-14	1.59176391895e-09	0.0726592061798	0.0532793349325	0.576747210097
0.0291481387312	6.96771993135e-14	1.47260621998e-09	0.0726648656088	0.0532736755042	0.576805273319
0.0291481387316	6.19669568728e-14	1.36236808789e-09	0.0726703060855	0.0532682350282	0.576861101829
0.0291481387319	5.51098774576e-14	1.26038189663e-09	0.0726755360785	0.0532630050357	0.576914781182
0.0291481387321	4.90115596479e-14	1.16602998628e-09	0.0726805637293	0.0532579773854	0.576966393693
0.0291481387324	4.35840712225e-14	1.08082566678e-09	0.0726853968645	0.0532531442507	0.577016018554
0.0291481387326	3.87549935135e-14	1.0024784732e-09	0.0726900336245	0.0532485074911	0.577063635583
0.0291481387328	3.44609584816e-14	9.29810273743e-10	0.0726944788866	0.0532440622293	0.577109293825
0.0291481387329	3.06426877274e-14	8.62409455346e-10	0.072698740558	0.0532398005582	0.577153073533
0.0291481387331	2.72474700928e-14	7.99894235472e-10	0.0727028262197	0.0532357148969	0.577195051698
0.0291481387332	2.42284341484e-14	7.41910500558e-10	0.0727067431395	0.0532317979773	0.577235302179
0.0291481387333	2.15439012657e-14	6.88129801074e-10	0.0727104982854	0.0532280428316	0.577273895831
0.0291481387334	1.91568103515e-14	6.38247491824e-10	0.0727140983378	0.0532244427794	0.577310900621
0.0291481387335	1.70342063049e-14	5.91981006974e-10	0.0727175497013	0.0532209914161	0.577346381749
0.0291481387336	1.51467851409e-14	5.49068260062e-10	0.072720858516	0.0532176826016	0.577380401754
0.0291481387337	1.34684895022e-14	5.09266159912e-10	0.0727240306686	0.0532145104491	0.577413020626
0.0291481387337	1.19761489797e-14	4.72349234093e-10	0.0727270718028	0.053211469315	0.577444295907
0.0291481387338	1.06489009942e-14	4.38607305003e-10	0.0727299873293	0.0532085537887	0.577474282786
0.0291481387338	9.467693855e-15	4.07700006677e-10	0.0727327791878	0.0532057619302	0.577503000795
0.0291481387339	8.41750732104e-15	3.78970584633e-10	0.0727354495454	0.0532030915727	0.577530471827
0.0291481387339	7.48380881268e-15	3.52265582514e-10	0.0727380036891	0.0532005374291	0.577556749902
0.029148138734	6.65367762681e-15	3.27442355922e-10	0.0727404466759	0.0531980944423	0.577581886714
0.029148138734	5.91562616384e-15	3.04368310733e-10	0.0727427833429	0.0531957577754	0.577605931722
0.029148138734	5.25944098126e-15	2.82920195072e-10	0.0727450183166	0.0531935228017	0.577628932255
0.029148138734	4.67604147499e-15	2.62983441146e-10	0.0727471560224	0.053191385096	0.577650933596
0.0291481387341	4.15735423389e-15	2.44451553445e-10	0.0727492006931	0.0531893404254	0.577671979072
0.0291481387341	3.69620132897e-15	2.27225540037e-10	0.0727511563771	0.0531873847414	0.577692110138
0.0291481387341	3.28620099235e-15	2.11213383923e-10	0.0727530269471	0.0531855141714	0.57771136646
0.0291481387341	2.92167931161e-15	1.96329551625e-10	0.072754816107	0.0531837250116	0.577729785984
0.0291481387341	2.59759171813e-15	1.82494536402e-10	0.0727565273996	0.053182013719	0.57774740502
0.0291481387341	2.3092405341e-15	1.69906942589e-10	0.0727581642134	0.0531803769052	0.577764258305
0.0291481387342	2.0528617706e-15	1.58213716749e-10	0.0727597271351	0.0531788139835	0.577780351734
0.0291481387342	1.82494664525e-15	1.47325220067e-10	0.072761219227	0.0531773218916	0.577795716713
0.0291481387342	1.62233511777e-15	1.37186072597e-10	0.0727626436989	0.0531758974197	0.577810386172
0.0291481387342	1.44221796956e-15	1.27744705355e-10	0.0727640036151	0.0531745375036	0.577824391559
0.0291481387342	1.28209785722e-15	1.18953098095e-10	0.0727653019009	0.0531732392178	0.577837762902
0.0291481387342	1.13975468944e-15	1.10766535114e-10	0.0727665413493	0.0531719997694	0.577850528875
0.0291481387342	1.01321484758e-15	1.03143377862e-10	0.0727677246266	0.0531708164922	0.577862716856
0.0291481387342	9.00723823106e-16	9.60448532069e-11	0.0727688542782	0.0531696868405	0.57787435299
0.0291481387342	8.00721892614e-16	8.9434856249e-11	0.0727699327344	0.0531686083844	0.577885462239
0.0291481387342	7.11822493297e-16	8.32797667202e-11	0.0727709623151	0.0531675788036	0.577896068441
0.0291481387342	6.32792999021e-16	7.75482780062e-11	0.0727719452354	0.0531665958833	0.577906194355
0.0291481387342	5.6253763055e-16	7.22112379366e-11	0.0727728836098	0.053165657509	0.577915861712
0.0291481387342	5.0003513775e-16	6.73450252637e-11	0.0727737794569	0.0531647616618	0.577925091262
0.0291481387342	4.4447588136e-16	6.28083943596e-11	0.072774633309	0.0531639078098	0.577933888444
0.0291481387342	3.95089816761e-16	5.85773659129e-11	0.0727754471108	0.053163094008	0.577942273253
0.0291481387342	3.51191045849e-16	5.46313538857e-11	0.0727762227407	0.0531623183781	0.577950265008
0.0291481387342	3.12169879232e-16	5.09511589209e-11	0.0727769619893	0.0531615791295	0.577957882121
0.0291481387342	2.7748436896e-16	4.75188749384e-11	0.0727776665628	0.053160874556	0.577965142146
0.0291481387342	2.46652782019e-16	4.43178020245e-11	0.0727783380878	0.053160203031	0.577972061813
0.0291481387342	2.19246910038e-16	4.13323651859e-11	0.0727789781144	0.0531595630044	0.57797865707
0.0291481387342	1.94886122323e-16	3.85480385782e-11	0.0727795881199	0.0531589529989	0.577984943118
0.0291481387342	1.73232079633e-16	3.59512748362e-11	0.0727801695125	0.0531583716063	0.577990934448
0.0291481387342	1.53984035278e-16	3.35294391647e-11	0.0727807236343	0.0531578174845	0.57799664487
0.0291481387342	1.36874658295e-16	3.1270747869e-11	0.0727812517645	0.0531572893543	0.57800208755
0.0291481387342	1.21666320692e-16	2.91642110251e-11	0.072781755122	0.0531567859968	0.578007275035
0.0291481387342	1.08142015956e-16	2.72287433003e-11	0.072782234869	0.0531563062498	0.578012219286
0.0291481387342	9.61180642039e-17	2.54291178865e-11	0.0727826915987	0.0531558495201	0.578016926406
0.0291481387342	8.54310113975e-17	2.37484341573e-11	0.0727831262754	0.0531554148434	0.578021406319
0.0291481387342	7.59322133302e-17	2.21788310411e-11	0.0727835399639	0.0531550011549	0.57802566999
0.0291481387342	6.74895528214e-17	2.07129670099e-11	0.0727839336776	0.0531546074412	0.578029727853
0.0291481387342	5.99856021717e-17	1.93439857435e-11	0.072784308381	0.0531542327378	0.578033589838
0.0291481387342	5.3315989923e-17	1.80654840629e-11	0.0727846649919	0.0531538761269	0.5780372654
0.0291481387342	4.73879492072e-17	1.68714819817e-11	0.072785004384	0.0531535367348	0.578040763534
0.0291481387342	4.21190274933e-17	1.57563947383e-11	0.0727853273885	0.0531532137303	0.578044092802
0.0291481387342	3.74359397908e-17	1.47150066753e-11	0.0727856347969	0.0531529063219	0.578047261355
0.0291481387342	3.3273549357e-17	1.37424468452e-11	0.072785927362	0.0531526137568	0.578050276949
0.0291481387342	2.95739617335e-17	1.28341662291e-11	0.0727862058007	0.0531523353181	0.578053146966
0.0291481387342	2.62857195118e-17	1.19859164598e-11	0.072786470795	0.0531520703238	0.578055878433
