0.0	1.95238844411	2.5817060299	0.0	0.0	0.0
1.08142249293e-17	1.95238844402	2.58170602979	2.08284797885e-11	1.08142383935e-11	1e-06
1.21061426557e-17	1.95238844401	2.58170602978	2.22094833019e-11	1.16592291376e-11	1.03833333333e-06
1.35523988965e-17	1.95238844401	2.58170602978	2.36983930592e-11	1.25702781516e-11	1.07813611111e-06
1.51714316505e-17	1.952388444	2.58170602977	2.53036404348e-11	1.35523814391e-11	1.11946466203e-06
1.69838816051e-17	1.95238844399	2.58170602976	2.70343155977e-11	1.461131216e-11	1.16237747408e-06
1.90128552811e-17	1.95238844398	2.58170602975	2.89002189873e-11	1.57530655185e-11	1.20693527725e-06
2.12842196115e-17	1.95238844397	2.58170602974	3.09119168116e-11	1.69838587635e-11	1.25320112954e-06
2.3826931714e-17	1.95238844396	2.58170602973	3.30808008806e-11	1.83109083448e-11	1.30124050618e-06
2.66734080584e-17	1.95238844395	2.58170602971	3.54191531161e-11	1.97417637789e-11	1.35112139224e-06
2.98599377373e-17	1.95238844394	2.5817060297	3.79402151017e-11	2.12841966269e-11	1.40291437895e-06
3.34271451074e-17	1.95238844393	2.58170602969	4.06582630668e-11	2.29473107178e-11	1.45669276347e-06
3.74205077002e-17	1.95238844392	2.58170602967	4.35886887296e-11	2.47403209024e-11	1.51253265274e-06
4.18909360056e-17	1.9523884439	2.58170602966	4.67480864576e-11	2.66734412328e-11	1.57051307109e-06
4.68954225176e-17	1.95238844389	2.58170602964	5.01543472375e-11	2.87575518945e-11	1.63071607214e-06
5.24977683193e-17	1.95238844387	2.58170602962	5.38267599881e-11	3.10046432962e-11	1.69322685491e-06
5.87693964687e-17	1.95238844385	2.5817060296	5.77861207894e-11	3.34271499358e-11	1.75813388434e-06
6.57902625553e-17	1.95238844383	2.58170602958	6.20548506462e-11	3.60390606234e-11	1.82552901657e-06
7.36498740361e-17	1.95238844381	2.58170602955	6.66571224533e-11	3.88550303028e-11	1.89550762887e-06
8.24484313459e-17	1.95238844379	2.58170602953	7.16189978817e-11	4.18909351634e-11	1.96816875464e-06
9.2298105331e-17	1.95238844377	2.5817060295	7.69685749598e-11	4.51642057066e-11	2.04361522357e-06
1.0332446729e-16	1.95238844374	2.58170602947	8.27361471868e-11	4.86931606124e-11	2.12195380713e-06
1.15668089853e-16	1.95238844371	2.58170602944	8.89543750781e-11	5.24977838951e-11	2.20329536973e-06
1.29486339114e-16	1.95238844368	2.5817060294	9.56584711148e-11	5.65997249037e-11	2.28775502557e-06
1.44955380852e-16	1.95238844365	2.58170602936	1.02886399144e-10	6.10222983218e-11	2.37545230154e-06
1.62272426433e-16	1.95238844361	2.58170602932	1.10679089361e-10	6.57902621227e-11	2.46651130643e-06
1.81658247012e-16	1.95238844357	2.58170602928	1.19080670086e-10	7.09309277929e-11	2.5610609065e-06
2.03359988093e-16	1.95238844353	2.58170602923	1.28138717656e-10	7.64731611311e-11	2.65923490791e-06
2.27654320337e-16	1.95238844349	2.58170602918	1.37904525838e-10	8.24484924709e-11	2.76117224604e-06
2.54850966771e-16	1.95238844344	2.58170602913	1.48433396292e-10	8.88906725925e-11	2.86701718212e-06
2.85296651379e-16	1.95238844339	2.58170602907	1.59784951738e-10	9.58362278333e-11	2.97691950743e-06
3.19379519408e-16	1.95238844333	2.581706029	1.72023473581e-10	1.03324460088e-10	3.0910347552e-06
3.57534085745e-16	1.95238844327	2.58170602894	1.85218265926e-10	1.11397890899e-10	3.2095244208e-06
4.00246774452e-16	1.95238844321	2.58170602886	1.99444048032e-10	1.2010203941e-10	3.33255619024e-06
4.48062120078e-16	1.95238844314	2.58170602878	2.14781377428e-10	1.29486421568e-10	3.46030417752e-06
5.01589709806e-16	1.95238844307	2.5817060287	2.31317106098e-10	1.39603883989e-10	3.59294917097e-06
5.61511954946e-16	1.95238844298	2.5817060286	2.49144872299e-10	1.50512047247e-10	3.73067888917e-06
6.28592790846e-16	1.9523884429	2.5817060285	2.68365630821e-10	1.62272417699e-10	3.87368824656e-06
7.03687416131e-16	1.9523884428	2.5817060284	2.89088224665e-10	1.7495183077e-10	4.02217962931e-06
7.87753195439e-16	1.9523884427	2.58170602828	3.11430001404e-10	1.88621895845e-10	4.17636318174e-06
8.81861864652e-16	1.95238844259	2.58170602815	3.3551747769e-10	2.03359995468e-10	4.33645710367e-06
9.87213194219e-16	1.95238844247	2.58170602802	3.61487055699e-10	2.19249729435e-10	4.50268795927e-06
1.10515028475e-15	1.95238844235	2.58170602787	3.89485795539e-10	2.36381136831e-10	4.67529099766e-06
1.23717668994e-15	1.95238844221	2.58170602772	4.19672248024e-10	2.54851029104e-10	4.85451048585e-06
1.38497558498e-15	1.95238844206	2.58170602755	4.52217352513e-10	2.74764100285e-10	5.04060005442e-06
1.55043122505e-15	1.9523884419	2.58170602736	4.87305404899e-10	2.96233038012e-10	5.23382305644e-06
1.73565296721e-15	1.95238844173	2.58170602717	5.25135101243e-10	3.19379522726e-10	5.4344529402e-06
1.94300216217e-15	1.95238844155	2.58170602696	5.65920662939e-10	3.44334671768e-10	5.64277363616e-06
2.1751222586e-15	1.95238844135	2.58170602673	6.09893049812e-10	3.71239594483e-10	5.85907995879e-06
2.43497250385e-15	1.95238844113	2.58170602648	6.57301267987e-10	4.00246835514e-10	6.08367802377e-06
2.72586567077e-15	1.9523884409	2.58170602621	7.08413779959e-10	4.31520485824e-10	6.31688568124e-06
3.05151029151e-15	1.95238844065	2.58170602593	7.6352002484e-10	4.6523784803e-10	6.55903296556e-06
3.41605793673e-15	1.95238844038	2.58170602562	8.22932057386e-10	5.01589769468e-10	6.81046256243e-06
3.82415614309e-15	1.95238844009	2.58170602529	8.869863151e-10	5.40781974464e-10	7.07153029383e-06
4.28100766363e-15	1.95238843978	2.58170602493	9.56045523402e-10	5.83036618644e-10	7.34260562159e-06
4.79243679654e-15	1.95238843944	2.58170602454	1.03050074967e-09	6.28592844048e-10	7.62407217021e-06
5.36496363779e-15	1.95238843908	2.58170602412	1.11077361775e-09	6.77708666504e-10	7.91632826985e-06
6.00588720445e-15	1.95238843869	2.58170602367	1.19731869555e-09	7.30662085856e-10	8.21978751994e-06
6.72337848814e-15	1.95238843826	2.58170602319	1.29062606916e-09	7.87753195387e-10	8.5348793746e-06
7.52658462526e-15	1.95238843781	2.58170602266	1.39122411805e-09	8.49305181017e-10	8.86204975031e-06
8.42574551175e-15	1.95238843731	2.5817060221	1.49968250725e-09	9.15666541751e-10	9.20176165705e-06
9.43232434923e-15	1.95238843678	2.58170602149	1.61661541316e-09	9.87213199102e-10	9.55449585352e-06
1.05591537868e-14	1.95238843621	2.58170602083	1.74268500158e-09	1.06435027345e-09	9.92075152746e-06
1.18205995217e-14	1.9523884356	2.58170602013	1.87860517732e-09	1.1475144155e-09	1.03010470022e-05
1.32327434443e-14	1.95238843493	2.58170601936	2.02514562697e-09	1.23717669289e-09	1.06959204701e-05
1.48135886624e-14	1.95238843422	2.58170601854	2.18313617743e-09	1.33384492162e-09	1.11059307541e-05
1.65832890191e-14	1.95238843344	2.58170601766	2.35347149503e-09	1.43806633061e-09	1.1531658099e-05
1.85644060295e-14	1.95238843261	2.5817060167	2.53711615186e-09	1.55043122544e-09	1.1973704992e-05
2.07821965125e-14	1.95238843171	2.58170601567	2.73511008792e-09	1.67157587492e-09	1.24326970159e-05
2.3264934584e-14	1.95238843074	2.58170601456	2.94857450007e-09	1.80218639686e-09	1.29092837338e-05
2.60442721178e-14	1.9523884297	2.58170601336	3.17871819114e-09	1.9430021998e-09	1.34041396092e-05
2.9155642268e-14	1.95238842858	2.58170601207	3.4268444151e-09	2.09482075691e-09	1.39179649597e-05
3.26387111983e-14	1.95238842736	2.58170601068	3.69435825712e-09	2.25850193592e-09	1.44514869485e-05
3.65378837771e-14	1.95238842606	2.58170600918	3.98277459024e-09	2.43497255099e-09	1.50054606133e-05
4.09028696853e-14	1.95238842465	2.58170600756	4.29372665381e-09	2.62523180282e-09	1.55806699351e-05
4.57893171539e-14	1.95238842313	2.58170600582	4.62897530214e-09	2.83035716285e-09	1.61779289474e-05
5.12595224107e-14	1.95238842149	2.58170600394	4.99041897584e-09	3.05151025738e-09	1.67980828883e-05
5.73832238811e-14	1.95238841972	2.58170600191	5.38010445226e-09	3.28994341797e-09	1.74420093966e-05
6.42384912676e-14	1.95238841782	2.58170599973	5.80023843601e-09	3.54700678681e-09	1.81106197541e-05
7.19127208431e-14	1.95238841576	2.58170599737	6.25320005496e-09	3.82415608827e-09	1.8804860175e-05
8.05037496458e-14	1.95238841355	2.58170599483	6.7415543328e-09	4.12296084461e-09	1.95257131451e-05
9.01211027827e-14	1.95238841116	2.58170599209	7.26806671418e-09	4.44511292464e-09	2.02741988119e-05
1.0088738974e-13	1.95238840859	2.58170598914	7.83571872482e-09	4.79243675779e-09	2.10513764288e-05
1.12939867502e-13	1.95238840581	2.58170598595	8.44772485525e-09	5.16689910407e-09	2.18583458539e-05
1.26432190415e-13	1.95238840282	2.58170598252	9.10755076379e-09	5.57062060041e-09	2.26962491064e-05
1.41536369086e-13	1.95238839959	2.58170597882	9.81893290178e-09	6.00588719592e-09	2.35662719829e-05
1.5844496331e-13	1.95238839612	2.58170597483	1.05858996723e-08	6.47516380762e-09	2.44696457357e-05
1.77373536972e-13	1.95238839237	2.58170597053	1.14127942422e-08	6.98110786524e-09	2.54076488148e-05
1.9856340622e-13	1.95238838833	2.58170596589	1.23042991365e-08	7.52658452116e-09	2.63816086778e-05
2.22284715954e-13	1.95238838397	2.58170596089	1.32654627543e-08	8.11468252669e-09	2.73929036679e-05
2.48839883839e-13	1.95238837927	2.5817059555	1.43017279571e-08	8.74873232865e-09	2.84429649649e-05
2.78567455759e-13	1.9523883742	2.58170594969	1.54189628903e-08	9.43232416602e-09	2.95332786103e-05
3.11846421867e-13	1.95238836874	2.58170594342	1.66234942134e-08	1.01693292752e-08	3.06653876107e-05
3.49101048238e-13	1.95238836285	2.58170593667	1.79221429263e-08	1.09639210951e-08	3.18408941213e-05
3.90806285745e-13	1.95238835651	2.58170592938	1.93222629952e-08	1.18205992485e-08	3.3061461713e-05
4.374938251e-13	1.95238834966	2.58170592153	2.08317829967e-08	1.27442148542e-08	3.43288177272e-05
4.89758875257e-13	1.95238834228	2.58170591306	2.24592510152e-08	1.37399982835e-08	3.56447557197e-05
5.48267751594e-13	1.95238833433	2.58170590394	2.42138830491e-08	1.48135882476e-08	3.70111379995e-05
6.13766370618e-13	1.95238832575	2.58170589409	2.61056151993e-08	1.59710644379e-08	3.8429898264e-05
6.87089759485e-13	1.9523883165	2.58170588348	2.81451599342e-08	1.72189811664e-08	3.99030443356e-05
7.69172701567e-13	1.95238830653	2.58170587205	3.03440667531e-08	1.85644054458e-08	4.14326610032e-05
8.61061653792e-13	1.95238829578	2.58170585971	3.27147875878e-08	2.00149557363e-08	4.30209129725e-05
9.63928087685e-13	1.95238828419	2.58170584642	3.52707473154e-08	2.15788464659e-08	4.46700479298e-05
1.07908342418e-12	1.9523882717	2.58170583208	3.80264197805e-08	2.32649335491e-08	4.63823997223e-05
1.20799575265e-12	1.95238825823	2.58170581663	4.09974097572e-08	2.50827649021e-08	4.81603916614e-05
1.35230854719e-12	1.9523882437	2.58170579996	4.42005413154e-08	2.70426345109e-08	5.00065399523e-05
1.51386161893e-12	1.95238822805	2.581705782	4.76539530921e-08	2.91556407176e-08	5.19234572543e-05
1.69471457134e-12	1.95238821116	2.58170576263	5.13772010062e-08	3.14337489482e-08	5.39138563786e-05
1.89717305763e-12	1.95238819296	2.58170574175	5.53913689995e-08	3.3889859658e-08	5.59805541276e-05
2.123818175e-12	1.95238817334	2.58170571923	5.97191884301e-08	3.65378812734e-08	5.8126475281e-05
2.37753937043e-12	1.95238815219	2.58170569496	6.43851667953e-08	3.93928090173e-08	6.03546567347e-05
2.66157127752e-12	1.95238812938	2.58170566879	6.94157265118e-08	4.24708096195e-08	6.26682517989e-05
2.97953495414e-12	1.95238810479	2.58170564058	7.483935454e-08	4.57893131317e-08	6.50705346608e-05
3.33548404636e-12	1.95238807827	2.58170561016	8.06867636992e-08	4.93671116262e-08	6.75649050176e-05
3.73395646746e-12	1.95238804969	2.58170557736	8.69910665874e-08	5.32244653333e-08	7.01548928881e-05
4.18003225067e-12	1.95238801887	2.581705542	9.37879630904e-08	5.73832175489e-08	7.28441636086e-05
4.67939831327e-12	1.95238798564	2.58170550388	1.01115942542e-07	6.18669184243e-08	7.56365230192e-05
5.23842095772e-12	1.95238794982	2.58170546278	1.0901650168e-07	6.6700958193e-08	7.85359228507e-05
5.8642270341e-12	1.9523879112	2.58170541847	1.17534379634e-07	7.19127109438e-08	8.15464663163e-05
6.56479479853e-12	1.95238786956	2.5817053707	1.2671781127e-07	7.7531689497e-08	8.46724139191e-05
7.34905562595e-12	1.95238782467	2.58170531919	1.36618800337e-07	8.35897131584e-08	8.79181894807e-05
8.22700787403e-12	1.95238777627	2.58170526366	1.47293413948e-07	9.01210870202e-08	9.12883864024e-05
9.20984434962e-12	1.95238772409	2.58170520379	1.58802100079e-07	9.71627969156e-08	9.47877741653e-05
1.0310095003e-11	1.95238766783	2.58170513924	1.71210029868e-07	1.04754718251e-07	9.842130508e-05
1.1541786669e-11	1.95238760718	2.58170506965	1.84587466664e-07	1.12939842601e-07	0.000102194121295
1.29206218914e-11	1.95238754178	2.58170499462	1.99010163915e-07	1.21764520406e-07	0.000106111562075
1.44641791104e-11	1.95238747128	2.58170491373	2.14559794138e-07	1.31278723866e-07	0.000110179171354
1.61921367657e-11	1.95238739527	2.58170482652	2.3132441141e-07	1.41536329719e-07	0.000114402705583
1.81265241713e-11	1.95238731332	2.5817047325	2.4939895e-07	1.52595424437e-07	0.000118788141877
2.02920023612e-11	1.95238722496	2.58170463112	2.68885761954e-07	1.64518633406e-07	0.000123341686473
2.27161784862e-11	1.9523871297	2.58170452183	2.89895196693e-07	1.77373474755e-07	0.000128069783511
2.54299577695e-11	1.952387027	2.581704404	3.12546225892e-07	1.91232742709e-07	0.000132979124156
2.84679375081e-11	1.95238691627	2.58170427696	3.36967117182e-07	2.06174918929e-07	0.000138076656066
3.18688481442e-11	1.9523867969	2.58170413999	3.63296160504e-07	2.22284617818e-07	0.000143369593225
3.56760470274e-11	1.95238666819	2.58170399232	3.91682451202e-07	2.3965306458e-07	0.00014886542615
3.99380711647e-11	1.95238652943	2.58170383311	4.22286734314e-07	2.58378612692e-07	0.000154571932493
4.47092560033e-11	1.95238637982	2.58170366147	4.55282314825e-07	2.78567300787e-07	0.000160497188048
5.00504281359e-11	1.95238621853	2.58170347641	4.90856039045e-07	3.00333452502e-07	0.000166649578178
5.60296807591e-11	1.95238604463	2.58170327689	5.2920935267e-07	3.23800324401e-07	0.000173037809681
6.27232417707e-11	1.95238585715	2.58170306178	5.70559441509e-07	3.4910080374e-07	0.000179670923113
7.02164455728e-11	1.95238565501	2.58170282987	6.15140461346e-07	3.76378161086e-07	0.000186558305582
7.86048209701e-11	1.95238543708	2.58170257983	6.63204863891e-07	4.05786861651e-07	0.000193709704031
8.79953090315e-11	1.95238520213	2.58170231026	7.15024826341e-07	4.37493439478e-07	0.000201135239031
9.85076264419e-11	1.95238494881	2.58170201962	7.70893792636e-07	4.71677441225e-07	0.000208845419102
1.10275791724e-10	1.9523846757	2.58170170627	8.31128135133e-07	5.08532442455e-07	0.000216851155586
1.23449833786e-10	1.95238438126	2.58170136844	8.96068946125e-07	5.48267143737e-07	0.000225163778089
1.3819770458e-10	1.9523840638	2.58170100422	9.66083969333e-07	5.91106552352e-07	0.000233795050509
1.54707420247e-10	1.95238372154	2.58170061153	1.04156968231e-06	6.37293257143e-07	0.000242757187686
1.73189458052e-10	1.95238335254	2.58170018817	1.12295354154e-06	6.87088801274e-07	0.000252062872686
1.93879439663e-10	1.95238295471	2.58169973172	1.21069640302e-06	7.40775163801e-07	0.000261725274752
2.17041134974e-10	1.95238252579	2.58169923961	1.30529513183e-06	7.98656356242e-07	0.000271758067936
2.42969824781e-10	1.95238206336	2.58169870904	1.40728541576e-06	8.61060143946e-07	0.000282175450447
2.71996065159e-10	1.95238156479	2.58169813702	1.51724479867e-06	9.28339902557e-07	0.00029299216475
3.04489901539e-10	1.95238102727	2.5816975203	1.63579595088e-06	1.00087661814e-06	0.000304223518417
3.40865586211e-10	1.95238044775	2.5816968554	1.76361019506e-06	1.07908104573e-06	0.000315885405797
3.81586859374e-10	1.95237982295	2.58169613855	1.90141130769e-06	1.16339603405e-06	0.000327994330502
4.2717286107e-10	1.95237914933	2.58169536568	2.0499796174e-06	1.25429903389e-06	0.000340567428761
4.78204749358e-10	1.95237842308	2.58169453242	2.21015642364e-06	1.35230480128e-06	0.000353622493666
5.35333109093e-10	1.95237764008	2.58169363406	2.3828487605e-06	1.45796831259e-06	0.000367178000353
5.99286245762e-10	1.9523767959	2.5816926655	2.56903453279e-06	1.57188790669e-06	0.00038125313214
6.70879470081e-10	1.95237588576	2.58169162127	2.76976805336e-06	1.69470867306e-06	0.000395867807672
7.51025491739e-10	1.95237490451	2.58169049544	2.98618601306e-06	1.82712610479e-06	0.000411042709103
8.40746054738e-10	1.95237384658	2.58168928165	3.21951391714e-06	1.96989003618e-06	0.000426799311362
9.41184962688e-10	1.952372706	2.58168797302	3.47107302447e-06	2.12380888924e-06	0.000443159912535
1.05362266005e-09	1.9523714763	2.58168656213	3.74228782898e-06	2.28975425014e-06	0.000460147665417
1.17949255523e-09	1.95237015051	2.58168504101	4.03469412554e-06	2.46866580536e-06	0.000477786610264
1.32039929352e-09	1.95236872113	2.58168340104	4.349947706e-06	2.66155666139e-06	0.00049610170881
1.47813921291e-09	1.95236718007	2.58168163293	4.68983373469e-06	2.86951908205e-06	0.000515118879581
1.6547232434e-09	1.9523655186	2.58167972666	5.05627685625e-06	3.09373067169e-06	0.000534865034564
1.8524025417e-09	1.95236372731	2.58167767145	5.45135209322e-06	3.33546104414e-06	0.000555368117277
2.07369718815e-09	1.95236179606	2.58167545566	5.87729659499e-06	3.59607900986e-06	0.000576657142301
2.32142831146e-09	1.95235971392	2.58167306674	6.33652230451e-06	3.87706032701e-06	0.000598762236328
2.5987540509e-09	1.95235746909	2.58167049116	6.83162961461e-06	4.17999605623e-06	0.000621714680772
2.90920981406e-09	1.95235504886	2.58166771435	7.36542209114e-06	4.50660156882e-06	0.000645546956025
3.25675334345e-09	1.95235243953	2.58166472057	7.94092234621e-06	4.8587262587e-06	0.000670292787392
3.64581516618e-09	1.95234962632	2.58166149287	8.56138915144e-06	5.23836401306e-06	0.000695987192801
4.08135506966e-09	1.95234659331	2.58165801299	9.23033588803e-06	5.64766449987e-06	0.000722666532325
4.56892532308e-09	1.95234332333	2.58165426121	9.95155043795e-06	6.08894533832e-06	0.000750368559612
5.11474145028e-09	1.95233979785	2.5816502163	1.0729116629e-05	6.56470521952e-06	0.000779132475272
5.72576145584e-09	1.95233599691	2.58164585534	1.15674373548e-05	7.07763805137e-06	0.000808998982319
6.409774514e-09	1.952331899	2.58164115365	1.24712595009e-05	7.63064820897e-06	0.000840010343723
7.17550025038e-09	1.95232748092	2.58163608461	1.34457008171e-05	8.22686697558e-06	0.000872210442174
8.03269988158e-09	1.95232271764	2.58163061952	1.44962788899e-05	8.86967026758e-06	0.000905644842125
8.99230062856e-09	1.9523175822	2.58162472743	1.56289423761e-05	9.56269774441e-06	0.000940360854214
1.0066534989e-08	1.95231204553	2.58161837499	1.68501046768e-05	1.03098734093e-05	0.000976407602144
1.12690966426e-08	1.95230607628	2.58161152622	1.8166680241e-05	1.11154278206e-05	0.00101383609213
1.2615314976e-08	1.95229964065	2.58160414236	1.95861237039e-05	1.19839220351e-05	0.00105269928497
1.41223504494e-08	1.95229270221	2.58159618161	2.11164720819e-05	1.29202734235e-05	0.00109305217094
1.58094132944e-08	1.95228522167	2.58158759888	2.27663902618e-05	1.39297834992e-05	0.00113495184746
1.76980083279e-08	1.9522771567	2.5815783456	2.45452200425e-05	1.50181679204e-05	0.0011784575998
1.98122089992e-08	1.95226846163	2.58156836937	2.64630330052e-05	1.61915888351e-05	0.00122363098482
2.21789641617e-08	1.95225908724	2.58155761373	2.85306875116e-05	1.74566897494e-05	0.00127053591796
2.4828441474e-08	1.95224898047	2.58154601778	3.07598901517e-05	1.88206331191e-05	0.00131923876348
2.77944118023e-08	1.9522380841	2.58153351589	3.31632619882e-05	2.02911408734e-05	0.00136980842821
3.11146795198e-08	1.95222633646	2.58152003728	3.57544099716e-05	2.1876538103e-05	0.00142231645883
3.48315641771e-08	1.95221367106	2.58150550566	3.85480039296e-05	2.35858001549e-05	0.0014768371429
3.89924396782e-08	1.95220001619	2.58148983878	4.15598595648e-05	2.54286034043e-05	0.00153344761369
4.3650337819e-08	1.95218529459	2.58147294796	4.48070279285e-05	2.74153799854e-05	0.00159222795905
4.88646238724e-08	1.95216942293	2.58145473761	4.83078918772e-05	2.95573767925e-05	0.00165326133438
5.47017528112e-08	1.95215231139	2.58143510465	5.20822700533e-05	3.18667190834e-05	0.00171663407996
6.12361157901e-08	1.95213386313	2.58141393798	5.61515289782e-05	3.43564790409e-05	0.0017824358427
6.85509876517e-08	1.95211397375	2.58139111782	6.05387038881e-05	3.70407496828e-05	0.00185075970249
7.67395875047e-08	1.95209253072	2.58136651503	6.52686289942e-05	3.9934724532e-05	0.00192170230342
8.59062658565e-08	1.9520694127	2.58133999039	7.03680778998e-05	4.30547834971e-05	0.00199536398996
9.616783339e-08	1.95204448891	2.58131139383	7.58659149655e-05	4.64185854459e-05	0.00207184894822
1.07655048268e-07	1.95201761832	2.58128056355	8.17932584734e-05	5.00451679924e-05	0.00215126535271
1.2051428086e-07	1.95198864894	2.58124732513	8.81836565085e-05	5.39550550553e-05	0.00223372551855
1.34909377037e-07	1.9519574169	2.58121149054	9.5073276544e-05	5.81703727947e-05	0.00231934605945
1.51023743684e-07	1.95192374554	2.58117285708	0.000102501109798	6.27149745745e-05	0.00240824805172
1.69062682908e-07	1.95188744445	2.58113120624	0.000110509191506	6.76145756524e-05	0.00250055720436
1.89256004554e-07	1.95184830833	2.58108630246	0.000119142838345	7.28968983495e-05	0.0025964040357
2.11860950165e-07	1.95180611589	2.58103789181	0.000128450904342	7.85918285134e-05	0.00269592405659
2.37165465457e-07	1.9517606286	2.58098570056	0.000138486056698	8.47315841483e-05	0.00279925796047
2.65491862777e-07	1.95171158932	2.58092943364	0.00014930507307	9.13508971515e-05	0.00290655182067
2.97200919937e-07	1.95165872085	2.58086877296	0.000160969161975	9.84872091728e-05	0.00301795729499
3.32696467316e-07	1.95160172442	2.58080337567	0.000173544308105	0.000106180882685	0.00313363183802
3.72430521274e-07	1.95154027798	2.58073287217	0.000187101644472	0.000114475428438	0.00325373892133
4.16909028784e-07	1.95147403437	2.58065686409	0.000201717853475	0.000123417750564	0.00337844826186
4.66698295901e-07	1.95140261941	2.58057492201	0.000217475599093	0.000133058410689	0.00350793605885
5.22432181228e-07	1.9513256298	2.58048658308	0.00023446399263	0.000143451912509	0.00364238523954
5.8482014518e-07	1.95124263082	2.58039134842	0.000252779094582	0.000154657008415	0.00378198571387
6.54656256536e-07	1.95115315397	2.58028868031	0.000272524455414	0.000166737029843	0.00392693463869
7.3282926975e-07	1.95105669428	2.5801779992	0.000293811698227	0.000179760243175	0.00407743669159
8.2033389986e-07	1.9509527075	2.58005868045	0.000316761146543	0.000193800233144	0.00423370435484
9.18283436785e-07	1.95084060712	2.57993005088	0.000341502500653	0.000208936315841	0.00439595820959
1.02792385744e-06	1.95071976104	2.57979138495	0.000368175566255	0.000225253983581	0.00456442724084
1.15064961271e-06	1.95058948807	2.57964190078	0.000396931039375	0.000242845384045	0.0047393491534
1.28802128718e-06	1.95044905416	2.57948075577	0.000427931351851	0.000261809836307	0.00492097069928
1.44178535241e-06	1.95029766829	2.5793070419	0.000461351582011	0.000282254386535	0.00510954801675
1.61389626084e-06	1.95013447814	2.57911978072	0.000497380435476	0.000304294406358	0.0053053469815
1.80654115568e-06	1.94995856532	2.57891791792	0.000536221301418	0.000328054237113	0.00550864357026
2.02216750468e-06	1.94976894033	2.57870031748	0.000578093389965	0.000353667883418	0.00571972423717
2.2635140012e-06	1.9495645371	2.57846575543	0.000623232956879	0.000381279759759	0.0059388863033
2.53364511598e-06	1.94934420712	2.57821291305	0.000671894622062	0.000411045494046	0.00616643835973
2.83598972724e-06	1.94910671315	2.5779403697	0.000724352788921	0.000443132792363	0.00640270068433
3.17438430626e-06	1.94885072244	2.57764659494	0.000780903172134	0.000477722369443	0.00664800567292
3.5531211904e-06	1.94857479948	2.57732994022	0.000841864441869	0.000515008949703	0.00690269828474
3.97700253652e-06	1.94827739815	2.57698862984	0.000907579993088	0.000555202344011	0.00716713650295
4.45140061581e-06	1.94795685334	2.5766207513	0.000978419849181	0.000598528607692	0.0074416918101
4.98232518606e-06	1.94761137198	2.57622424496	0.00105478270977	0.000645231285675	0.00772674967915
5.5764987612e-06	1.94723902336	2.57579689283	0.00113709815322	0.000695572751028	0.00802271008012
6.24144069049e-06	1.94683772877	2.57533630672	0.00122582900513	0.000749835643572	0.00832998800269
6.98556106246e-06	1.9464052504	2.57483991534	0.00132147388474	0.000808324415661	0.00864901399488
7.81826556241e-06	1.94593917945	2.57430495062	0.00142456994201	0.000871366992661	0.00898023471812
8.75007253771e-06	1.94543692339	2.57372843299	0.00153569579899	0.000939316556122	0.00932411351858
9.79274366441e-06	1.94489569231	2.5731071556	0.00165547470993	0.0010125534581	0.00968113101507
1.09594297615e-05	1.94431248435	2.57243766747	0.00178457795525	0.00109148727555	0.0100517857034
1.22648334682e-05	1.94368407009	2.57171625545	0.00192372848595	0.00117655901428	0.010436594577
1.37253906858e-05	1.9430069759	2.57093892491	0.00207370483517	0.00126824347233	0.0108360937641
1.53594728888e-05	1.94227746617	2.57010137916	0.00223534531551	0.00136705177321	0.0112508391803
1.71876126356e-05	1.94149152433	2.56919899745	0.00240955252078	0.00147353408002	0.0116814071977
1.92327548533e-05	1.94064483265	2.56822681151	0.00259729815264	0.00158828250173	0.0121283953281
2.1520536739e-05	1.9397327507	2.56717948055	0.00279962819297	0.00171193420359	0.0125924229216
2.40795994141e-05	1.93875029255	2.56605126466	0.00301766844428	0.00184517473394	0.0130741318784
2.69419347835e-05	1.9376921024	2.56483599651	0.00325263046093	0.00198874158024	0.013574187374
3.0143271398e-05	1.93655242887	2.56352705133	0.00350581789536	0.00214342796718	0.0140932785956
3.37235034913e-05	1.93532509769	2.56211731501	0.00377863328401	0.00231008691047	0.0146321194889
3.77271677619e-05	1.93400348285	2.56059915035	0.00407258529845	0.00248963553961	0.0151914495137
4.22039729045e-05	1.93258047618	2.5589643614	0.00438929648814	0.00268305970337	0.0157720344065
4.72093873512e-05	1.93104845521	2.55720415577	0.0047305115413	0.00289141887148	0.0163746669475
5.28052911752e-05	1.92939924952	2.55530910493	0.0050981060912	0.0031158513458	0.0170001677299
5.90606986209e-05	1.92762410533	2.55326910251	0.00549409609478	0.00335757979385	0.0176493859281
6.60525582678e-05	1.92571364853	2.55107332055	0.00592064781073	0.00361791711689	0.0183232000627
7.38666383944e-05	1.92365784615	2.54871016371	0.00638008840339	0.00389827266365	0.0190225187568
8.25985056847e-05	1.92144596629	2.5461672216	0.00687491719788	0.00420015879978	0.0197482814804
9.23546060062e-05	1.91906653663	2.54343121916	0.0074078176106	0.00452519784088	0.0205014592789
0.000103253456571	1.91650730174	2.54048796535	0.00798166977703	0.00487512935529	0.021283055478
0.000115426959362	1.91375517924	2.53732230022	0.00859956389621	0.00525181783973	0.0220941063618
0.000129021846254	1.91079621516	2.53391804065	0.00926481430769	0.00565726076758	0.0229356818152
0.000144201266745	1.90761553872	2.53025792501	0.0099809743124	0.00609359700547	0.0238088859243
0.000161146529651	1.90419731693	2.52632355713	0.0107518517434	0.00656311558906	0.0247148575264
0.000180059010425	1.90052470944	2.52209534993	0.0115815252858	0.00706826484268	0.025654770701
0.000201162235978	1.89657982415	2.51755246944	0.0124743615375	0.00761166182085	0.0266298351902
0.000224704158866	1.89234367422	2.51267277954	0.013435032791	0.00819610204135	0.0276412967405
0.000250959632533	1.88779613721	2.50743278853	0.0144685355096	0.00882456947021	0.0286904373515
0.00028023317854	1.88291590961	2.50182988506	0.015580209474	0.00950024943711	0.0297785754206
0.000312861828767	1.87768049788	2.49583103504	0.0167757473998	0.0102265394603	0.0309070561297
0.000349218057031	1.87206618495	2.48939546985	0.0180612273003	0.0110070491539	0.0320772638958
0.000389713479801	1.86604797323	2.48249396987	0.0194431362171	0.0118456205368	0.033290624534
0.000434802362932	1.85959959204	2.47509575982	0.0209283855633	0.0127463357695	0.0345485992887
0.000484985493558	1.85269349265	2.46716848912	0.0225243321592	0.0137135271173	0.0358526842107
0.000540814296484	1.84530085458	2.4586782236	0.0242387992403	0.0147517864846	0.0372044093319
0.000602895188564	1.83739160533	2.44958945074	0.0260800972294	0.0158659743411	0.0386053376176
0.000671894158779	1.82893445555	2.43986510084	0.0280570440298	0.0170612278325	0.0400570636783
0.000748541554822	1.8198969523	2.42946658673	0.0301789845603	0.0183429678395	0.0415612122217
0.000833637048824	1.81024555263	2.41835386485	0.0324558092077	0.0197169047178	0.043119436224
0.000928054745354	1.79994572045	2.40648552075	0.034897970833	0.021189042419	0.0447334148051
0.0010327483839	1.78896204929	2.39381888213	0.0375164999177	0.0227656806567	0.0464048507875
0.00114875700369	1.77725838924	2.38034396543	0.0403230174533	0.0244534240873	0.0481354679246
0.00127721015037	1.76479809848	2.36601029623	0.0433297050106	0.0262591911677	0.0499269836104
0.00141933081539	1.75154429848	2.35074808401	0.0465493543612	0.0281901498102	0.0517811337307
0.00157644288989	1.73745994437	2.33451153299	0.0499953927593	0.0302537577625	0.0536996812764
0.00174997473064	1.72250822104	2.31725467197	0.053681853617	0.0324577368627	0.0556843950635
0.00194146314052	1.7066528782	2.29893169823	0.0576233690426	0.034810054672	0.057737045143
0.00215255669202	1.6898586077	2.27949736972	0.06183515636	0.0373189009222	0.0598593978601
0.00238502218496	1.67209128853	2.25901178038	0.066332998633	0.0399927274974	0.0620532105796
0.0026407395671	1.65331906472	2.23737680522	0.0711330137838	0.0428401593049	0.0643201289653
0.00292170060328	1.6335123972	2.21451026935	0.0762519107108	0.045869839786	0.0666618282486
0.00323001508774	1.61264433993	2.19037403574	0.0817069272005	0.0490905141932	0.0690799938906
0.0035679047478	1.5906913886	2.16493316723	0.0875156986267	0.0525109393535	0.0715762772468
0.00393771147042	1.56763361091	2.13831935434	0.0936961959016	0.0561400147973	0.0741522891789
0.00434185877953	1.54345708386	2.11037079775	0.10026620004	0.0599863708484	0.0768094098736
0.00478286536646	1.51815243537	2.08104601749	0.107244000248	0.0640583919963	0.0795491146453
0.00526333279754	1.49171601364	2.05034775486	0.114648008006	0.0683642019438	0.0823728400709
0.00578595269094	1.46415002669	2.01843534313	0.122496537941	0.0729118894522	0.0852819318479
0.00635342188973	1.43546596735	1.98512696635	0.13080713268	0.0777086572424	0.0882774395774
0.00696848528239	1.40568141496	1.95042847357	0.139597651673	0.082761177075	0.0913605671609
0.00763393114442	1.37482106256	1.91457974892	0.148885533766	0.0880758619416	0.0945324352929
0.00835247599654	1.34292086766	1.87740727533	0.158686640944	0.0936579347901	0.097793737464
0.00912680737745	1.31002387264	1.83895769715	0.16901691726	0.0995115989575	0.101145364522
0.00995960616708	1.2761805165	1.79949275964	0.179891339266	0.105640798921	0.104588086799
0.0108533403731	1.24145421263	1.75881152181	0.19132262753	0.112047390826	0.108122202857
0.0118104344638	1.20591328135	1.71724030513	0.203323585451	0.118732542666	0.111748336743
0.0128331544063	1.16963631856	1.6747419749	0.215904001668	0.12569664719	0.115466518535
0.0139234709678	1.13271109173	1.63137230554	0.22907269513	0.132937279824	0.119276871682
0.0150832936204	1.09522925532	1.58734846866	0.242836840672	0.140452223722	0.123179448089
0.0163140725487	1.05729396557	1.54259819961	0.257200760715	0.148235733793	0.127173928523
0.017617249483	1.01900762916	1.49752735034	0.272167970621	0.156282808566	0.131260243237
0.0189936365049	0.98048547349	1.45191995168	0.287737292944	0.164584219938	0.135437529244
0.0204440778555	0.941837221482	1.40622024185	0.303908010716	0.173131631753	0.139705578747
0.0219687052037	0.903183662407	1.36026692352	0.320673946317	0.181912300525	0.144063265563
0.0235677873564	0.864636302977	1.31454207642	0.338029148736	0.190915605734	0.148510077081
0.025240672747	0.8263176863	1.26884702483	0.355961293173	0.200125140378	0.15304440599
0.0269869174835	0.788337302289	1.22349382738	0.37445892804	0.209527094428	0.157665431886
0.0288051755624	0.750810644889	1.17854079295	0.3935057826	0.219101679751	0.162371669452
0.0306944015129	0.713839783391	1.13409960441	0.413083685134	0.228833656097	0.167161694496
0.0326526845824	0.6775277544	1.09043416758	0.433172023318	0.238701348613	0.17203399492
0.0346780811282	0.641968934794	1.04735648029	0.453745350125	0.248685686895	0.176986370201
0.0367684248284	0.60724661917	1.00538568693	0.474780255559	0.258765366363	0.182017576351
0.0389207726483	0.573445127539	0.964079198389	0.496244121881	0.268916723853	0.187124576093
0.041133011373	0.540624034875	0.924205542311	0.518111162758	0.279121370884	0.192306355555
0.0434012850994	0.50885491454	0.885185688641	0.540341012695	0.289352408795	0.197558745952
0.0457231719891	0.47817838039	0.847489713737	0.562903487173	0.299592056913	0.202880286006
0.0480944426348	0.448643925239	0.810940850197	0.585758432925	0.309811625757	0.208267382866
0.0505125749139	0.420274141815	0.775715455909	0.608868881349	0.319997062125	0.213717353213
0.0529729555471	0.39309927919	0.741830619142	0.632193220986	0.330118770177	0.219226517104
0.0554727659437	0.367126418796	0.709194789376	0.65568892823	0.340164557354	0.224790995613
0.0580073153505	0.342366037601	0.678023881062	0.679314922613	0.350105973877	0.230407224405
0.0605734317637	0.318811966231	0.648064752799	0.703024096527	0.359932254313	0.236070075287
0.0631662096297	0.296459234336	0.61958025729	0.726775221872	0.369615638442	0.24177566166
0.0657825998853	0.275287304977	0.59232406475	0.750519293169	0.379150174142	0.247517944291
0.0684169292627	0.255282362603	0.566397612278	0.774213365638	0.388505446784	0.253292037088
0.0710669337051	0.236408176936	0.541816121891	0.797811356146	0.397683879251	0.259091876949
0.0737260186521	0.218646131819	0.518228216401	0.821265159444	0.406653872355	0.264910400031
0.076392364951	0.201948607568	0.496282585964	0.844538742187	0.415419385879	0.270743071279
0.0790586479707	0.186294583815	0.474944708416	0.867571807172	0.42395442383	0.27657856712
0.0817224901098	0.171632034012	0.455338494372	0.890341670857	0.432254113894	0.282414561283
0.0843779815766	0.157929447374	0.436472247128	0.912782650632	0.440312978243	0.2882368838
0.0870191976114	0.145146751154	0.418475485214	0.934866603086	0.448104537678	0.294040328713
0.0896447022176	0.133228819877	0.401965371359	0.956561285493	0.455644322097	0.299817989384
0.0922461004672	0.122147650052	0.385896205814	0.977807373935	0.462910904428	0.305554714239
0.094818433337	0.111857532585	0.370808480379	0.998590298239	0.469883901386	0.311246741937
0.0973602359749	0.102306411987	0.356888100856	1.01887334315	0.476588881693	0.316883497391
0.0998627471019	0.0934652215108	0.343324050867	1.03861004622	0.483001556777	0.322450578334
0.102320833482	0.0852915160446	0.330402090038	1.05779197679	0.489102562741	0.327943684836
0.104733372285	0.0777359971111	0.318718723945	1.07639918179	0.494914877588	0.333354652919
0.107091916815	0.0707716285811	0.307316820439	1.0943831854	0.500426097497	0.338665943377
0.109391398802	0.0643606907214	0.296196911775	1.11174253636	0.505618208248	0.34387317507
0.111628846365	0.058463572884	0.286005192469	1.12847721198	0.510489358548	0.34897220491
0.113801070783	0.0530454603762	0.276375534284	1.14455758916	0.515060475468	0.353949179685
0.115902038234	0.0480783298106	0.266970129296	1.15997239327	0.519317464204	0.358795127901
0.11792812378	0.0435306577668	0.257789611367	1.17472881341	0.523251140481	0.363506652722
0.119877081622	0.0393711092067	0.249185846813	1.18883544682	0.526861864256	0.368080777862
0.121747245918	0.0355705529135	0.240996566457	1.20228559745	0.5301674391	0.372509287368
0.123535203722	0.0321049100037	0.233000091822	1.21508143519	0.533165179748	0.376786538713
0.125239434201	0.028948782008	0.225196903819	1.22723759949	0.535856253967	0.380911043042
0.126859038924	0.0260782364079	0.217591277639	1.23876988323	0.53824485394	0.384881846958
0.128393830313	0.0234705903896	0.210210692049	1.2496949761	0.540338957242	0.388698465911
0.129843937966	0.0211049337677	0.203021367324	1.26002926587	0.542148277765	0.392360476719
0.131210130513	0.0189614632491	0.196022898362	1.26979159071	0.543684152844	0.395868520149
0.132493664976	0.0170216584693	0.189214605872	1.27900151353	0.544959759843	0.399223738452
0.133696125842	0.0152683860343	0.182491072763	1.28767919068	0.545988932574	0.402427753684
0.13481860371	0.0136868025098	0.175685759476	1.29584953324	0.546776120926	0.405484295787
0.135864732126	0.0122602939917	0.169092273864	1.30354487146	0.547336094919	0.408400352377
0.136837328282	0.0109750225563	0.162707911723	1.31078467282	0.547687881008	0.411178457813
0.137739417025	0.00981818393584	0.156529675782	1.31758854876	0.547850578677	0.413821473003
0.138574112265	0.00877804099089	0.150476434601	1.32397613363	0.547842589176	0.416332555107
0.139343801805	0.0078447342408	0.144308233568	1.32996989748	0.547673074041	0.418716316493
0.140052960953	0.0070069346984	0.138365492833	1.33560132968	0.547356117067	0.420981410998
0.140705058184	0.00625549314355	0.132642873441	1.34088778279	0.546910624774	0.423131225707
0.141303540356	0.00558203595075	0.127134870485	1.34584634689	0.546354454148	0.425169300697
0.141851805259	0.00497891508594	0.12183584546	1.35049377723	0.545704329016	0.427099302707
0.142353089432	0.0044392500028	0.116674494218	1.35484643079	0.54497517256	0.428924999124
0.142810608287	0.00395670483581	0.111683269239	1.35892248315	0.544178983071	0.430651202686
0.143227621061	0.00352538210171	0.106891395192	1.36273825531	0.543328893636	0.432282228536
0.143607130599	0.0031400626504	0.102292553686	1.36630824285	0.542437170451	0.43382186585
0.143952003011	0.00279602140025	0.0978804430389	1.36964641769	0.541514861526	0.435273911868
0.144264960822	0.00248898692833	0.0936488005427	1.37276620815	0.540571841652	0.436642152579
0.144548578613	0.00221510330783	0.0895914224668	1.37568048561	0.539616867384	0.437930344918
0.144807377201	0.00196895049611	0.0872298515242	1.37840158171	0.538671658784	0.439142200562
0.14504153002	0.00174942434778	0.0850740857366	1.38089555805	0.537773964145	0.440260760026
0.145252728138	0.00155403389814	0.0829677528583	1.38317592238	0.536924681055	0.441290214953
0.145442951666	0.00138018970761	0.080910138163	1.38525995755	0.536122389967	0.44223674141
0.145614058386	0.00122556841836	0.078900494437	1.38716371361	0.535365604525	0.443106233832
0.145767782213	0.00108808746852	0.0769380461906	1.3889020692	0.534652775933	0.443904293444
0.145905733824	0.000965881870688	0.0750219938234	1.39048879434	0.533982300635	0.44463622186
0.146029403032	0.000857282936612	0.0731515176699	1.39193661345	0.533352530202	0.44530701913
0.146140162519	0.000760798830486	0.0713257818682	1.39325726808	0.532761782516	0.445921385511
0.146239272611	0.000675096834568	0.0695439380115	1.39446157862	0.532208353529	0.44648372633
0.146327886784	0.000598987212107	0.067805128554	1.39555950458	0.531690529016	0.44699815933
0.146407057665	0.000531408554811	0.0661084899555	1.39656020286	0.531206595911	0.447468523968
0.146477743325	0.000471414504997	0.0644531555559	1.39747208397	0.530754852907	0.447898392195
0.146540813683	0.000418161746161	0.0628382581801	1.3983028656	0.530333620122	0.448291080305
0.146597056902	0.000370899160015	0.0612629324793	1.39905962374	0.529941247704	0.448649661502
0.146647185662	0.000328958052768	0.0597263170166	1.39974884098	0.52957612331	0.448976978896
0.14669139387	0.000292115550592	0.056489015587	1.40037645115	0.529233795994	0.449275658662
0.146730351173	0.000259762601295	0.0527081207742	1.4009661041	0.528895142196	0.449556822947
0.146765109098	0.00023099340711	0.0491412521466	1.40152835947	0.528556488717	0.449825428665
0.146796111077	0.000205415423808	0.0457715388363	1.40206489434	0.528219098382	0.450082216163
0.146823761284	0.000182673350515	0.0425950038602	1.40257737181	0.527883980066	0.450327925521
0.146848418606	0.000162453321506	0.0396077365071	1.40306729809	0.527551995131	0.450563227691
0.146870404493	0.00014447574708	0.0368052623837	1.40353603127	0.527223901239	0.450788727882
0.14689000627	0.000128491994703	0.0341712645311	1.40398478958	0.526900367164	0.451004968843
0.14690748605	0.000114276621321	0.0317085104007	1.40441480196	0.526581880798	0.451212502923
0.146923070176	0.00010163551956	0.0294128598404	1.40482706635	0.526268924983	0.45141177505
0.146936961746	9.03953352222e-05	0.0272643724052	1.40522245291	0.52596195546	0.451603171801
0.146949347748	8.03973915743e-05	0.0252681113956	1.40560192049	0.525661230862	0.451787125866
0.146960387564	7.15067021216e-05	0.0234079805695	1.4059661681	0.525367089119	0.451963946935
0.146970229254	6.35985973078e-05	0.0216819569698	1.40631595752	0.525079729086	0.452133977701
0.146979000411	5.65658857822e-05	0.0200765378361	1.40665189874	0.524799367792	0.452297489473
0.146986818524	5.03103585626e-05	0.0185898713829	1.40697464749	0.524526109267	0.452454777947
0.146993785597	4.47469602959e-05	0.0172081314531	1.40728471732	0.524260098819	0.452606071551
0.146999994477	3.97985940005e-05	0.015928448654	1.40758269452	0.52400134869	0.452751636011
0.14700552741	3.53971792269e-05	0.0147438563654	1.40786905824	0.523749909135	0.452891686463
0.147010456471	3.1483198034e-05	0.0136410286694	1.40814425796	0.523505794109	0.453026425062
0.14701484835	2.80018268645e-05	0.0126206131365	1.40840885479	0.523268870357	0.453156110135
0.147018761314	2.49052754096e-05	0.011676484316	1.40866325532	0.523039104699	0.453280925772
0.147022246947	2.2151347263e-05	0.010795352634	1.40890785026	0.522816436585	0.453401049487
0.147025348787	1.97044519584e-05	0.0099639555452	1.4091431839	0.522600600353	0.453516735488
0.147028112229	1.75277687644e-05	0.00919655983873	1.40937001426	0.522391127303	0.453628344604
0.147030574048	1.55914716388e-05	0.00848824268222	1.40958864712	0.522187946042	0.453736016523
0.147032767045	1.38690242834e-05	0.00783445928779	1.40979937741	0.521990970436	0.453839886417
0.147034718251	1.23385518728e-05	0.00718090507268	1.41000248958	0.521800088158	0.453940085068
0.1470364321	1.09959632899e-05	0.00642845603084	1.41019964876	0.521613664491	0.454037425958
0.147037961366	9.79945150297e-06	0.00575484446006	1.41039592474	0.521426962104	0.454134408375
0.147039325924	8.73312561891e-06	0.00515181164629	1.41059132125	0.521240102989	0.454231033414
0.147040543505	7.7828229146e-06	0.00461196374795	1.41078584202	0.521053195534	0.454327302156
0.147041629935	6.9359209972e-06	0.00412868127934	1.41097949078	0.520866335992	0.454423215668
0.147042599336	6.1811703607e-06	0.00369603805652	1.41117227129	0.520679609799	0.454518775011
0.147043471599	5.50288799936e-06	0.00336691355246	1.41136418728	0.520493138149	0.454613981235
0.147044249698	4.89857613115e-06	0.00306975669322	1.41155175505	0.520310423991	0.454707103268
0.147044943196	4.36062078488e-06	0.00279882255076	1.41173489715	0.520131605181	0.454798097754
0.147045561272	3.8817368137e-06	0.00255179759513	1.41191371765	0.519956635532	0.454887011613
0.147046112115	3.4554387064e-06	0.00232657233751	1.41208831819	0.519785464968	0.454973890802
0.147046603022	3.07595284934e-06	0.00212122334613	1.41225879805	0.519618040158	0.455058780336
0.147047040505	2.73813940954e-06	0.00193399684544	1.41242525421	0.519454305075	0.455141724302
0.147047430365	2.43742278484e-06	0.00176329375948	1.41258778136	0.51929420149	0.455222765878
0.147047777778	2.16972968255e-06	0.00160765607252	1.41274647201	0.519137669406	0.455301947345
0.147048087358	1.93143399053e-06	0.00146575439119	1.41290141648	0.518984647443	0.455379310106
0.147048363217	1.71930769618e-06	0.00133637660243	1.41305270299	0.518835073172	0.455454894703
0.147048609023	1.53047719033e-06	0.00121841753086	1.41320041769	0.518688883415	0.455528740827
0.147048828044	1.36238436557e-06	0.00111086950764	1.41334464474	0.518546014501	0.455600887337
0.147049023195	1.21275198333e-06	0.00101281377057	1.41348546629	0.518406402496	0.455671372276
0.147049197073	1.07955284143e-06	0.000923412622212	1.41362296259	0.5182699834	0.455740232884
0.147049351993	9.6098232539e-07	0.000841902279438	1.41375721199	0.51813669332	0.455807505613
0.147049490019	8.55433972199e-07	0.000767586353296	1.41388829104	0.518006468619	0.455873226141
0.147049612991	7.61477716127e-07	0.000699829903825	1.41401627444	0.51787924605	0.455937429389
0.147049722467	6.7790301852e-07	0.000635187261544	1.41414123519	0.517754962356	0.456000149531
0.147049816491	6.06179691763e-07	0.000537470972614	1.41426380575	0.517632973074	0.456061701915
0.147049899829	5.42653500626e-07	0.000444767387415	1.41439332501	0.517503968874	0.456126778181
0.147049973503	4.86536222648e-07	0.000357880228603	1.4145334218	0.517364327278	0.456197208899
0.147050040739	4.3536628884e-07	0.000361339083051	1.41468949957	0.517208664767	0.456275722526
0.147050118562	3.76221103634e-07	0.000185534704871	1.41482785204	0.517070792523	0.456345362622
0.147050172692	3.35087283064e-07	0.000167689304774	1.41506045876	0.516838519991	0.456462537149
0.147050220977	2.98450534789e-07	0.000151560224738	1.41528968945	0.516609587173	0.456578123213
0.147050264044	2.65821747482e-07	0.000136936749333	1.41551559298	0.51638394914	0.456692140711
0.147050302451	2.36766108769e-07	0.000123693949743	1.41573829362	0.516161485088	0.456804647827
0.147050336734	2.10868420412e-07	0.000112209709376	1.41595789581	0.515942093937	0.456915692976
0.147050367505	1.87656618339e-07	0.000102798768557	1.41617350411	0.515726674917	0.457024818544
0.147050394929	1.66999634028e-07	9.41770007648e-05	1.41638295842	0.515517389176	0.457130924387
0.147050419229	1.48720377899e-07	8.47485085013e-05	1.41658643392	0.51531406295	0.457234091225
0.147050440744	1.32557248953e-07	7.57750786869e-05	1.4167878016	0.51511282734	0.457336276549
0.147050459982	1.18123565905e-07	6.7948405474e-05	1.41698854044	0.514912206528	0.457438229199
0.147050477157	1.052542759e-07	6.09695512129e-05	1.41718802876	0.514712823513	0.457539632331
0.147050492506	9.37680936885e-08	5.52715951263e-05	1.41738613284	0.514514813474	0.457640416386
0.147050506317	8.34467080042e-08	5.06278764873e-05	1.41758081934	0.514320211544	0.457739543952
0.147050518624	7.42613255224e-08	4.63742553625e-05	1.41776997886	0.514131127326	0.457835935501
0.14705052959	6.60863163678e-08	4.24853276288e-05	1.41795376794	0.51394740531	0.457929664224
0.147050539362	5.88109724895e-08	3.89236895472e-05	1.41813230616	0.513768926808	0.458020784874
0.147050548068	5.23364648242e-08	3.56614441449e-05	1.41830573727	0.51359554888	0.458109364899
0.147050555825	4.6574386863e-08	3.26753471404e-05	1.41847420294	0.513427130559	0.458195471068
0.147050562736	4.1446642366e-08	2.99392611169e-05	1.4186378302	0.51326354547	0.458279163003
0.147050568893	3.68834759887e-08	2.74305544556e-05	1.4187967577	0.513104655508	0.458360506621
0.147050574377	3.28228129033e-08	2.51309566675e-05	1.41895113003	0.512950316606	0.458439571185
0.147050579263	2.92091718859e-08	2.30241219111e-05	1.4191010846	0.51280039179	0.458516422624
0.147050583579	2.60200668863e-08	2.07281339741e-05	1.41924674762	0.512654755056	0.458591121397
0.147050587424	2.31816314219e-08	1.86422312809e-05	1.41939088229	0.512510643776	0.458665081803
0.147050590872	2.06384438807e-08	1.70090157394e-05	1.41953366405	0.512367882992	0.458738392536
0.147050593956	1.8366184724e-08	1.55831805272e-05	1.41967299276	0.512228573032	0.458809973101
0.147050596703	1.63440757805e-08	1.42770588556e-05	1.41980833222	0.512093250265	0.458879544674
0.147050599149	1.45444991731e-08	1.30815357704e-05	1.41993979458	0.511961802767	0.458947161457
0.147050601329	1.29430533506e-08	1.19861136413e-05	1.42006747891	0.51183413167	0.459012871141
0.147050603267	1.15199579551e-08	1.08885682889e-05	1.42019149361	0.511710128736	0.459076726423
0.147050604982	1.02619629727e-08	9.81256458832e-06	1.42031300212	0.51158863063	0.459139323867
0.147050606512	9.1404525207e-09	8.88639832003e-06	1.42043311264	0.511468529387	0.459201232848
0.147050607886	8.13408371506e-09	8.14101532711e-06	1.4205512492	0.511350401154	0.459262155186
0.147050609109	7.238510194e-09	7.45814937401e-06	1.42066600862	0.51123564915	0.459321365221
0.147050610199	6.44149426795e-09	6.83367133798e-06	1.4207774873	0.511124177075	0.459378910198
0.14705061117	5.73218045085e-09	6.26199729561e-06	1.42088576058	0.511015909672	0.45943482665
0.147050612034	5.10096981825e-09	5.73812399071e-06	1.42099091085	0.51091076463	0.459489154888
0.147050612804	4.53931355102e-09	5.25712695612e-06	1.42109302843	0.510808651708	0.459541939456
0.147050613489	4.03949685367e-09	4.81644659284e-06	1.42119221964	0.510709464651	0.459593233318
0.1470506141	3.59470047367e-09	4.41337787499e-06	1.42128856822	0.51061311976	0.459643077911
0.147050614643	3.1988115862e-09	4.04500737289e-06	1.42138214098	0.510519550286	0.459691506019
0.147050615127	2.84652038407e-09	3.70738157529e-06	1.42147299412	0.510428700065	0.459738545045
0.147050615556	2.53435958546e-09	3.35960979122e-06	1.42156120661	0.510340490174	0.459784234266
0.147050615938	2.25733956189e-09	3.03295704618e-06	1.42164787678	0.510253822299	0.459829141356
0.147050616278	2.01029774283e-09	2.75883345022e-06	1.42173338864	0.510168312492	0.459873464509
0.147050616582	1.78890949645e-09	2.52825804282e-06	1.42181711054	0.51008459244	0.459916875496
0.147050616854	1.59190106878e-09	2.31695235209e-06	1.42189840903	0.510003295585	0.45995904472
0.147050617096	1.41658783327e-09	2.1233060862e-06	1.4219773542	0.509924351874	0.460000007249
0.147050617311	1.26058076684e-09	1.94584350534e-06	1.42205401409	0.509847693274	0.460039797185
0.147050617502	1.12175383738e-09	1.78321742599e-06	1.42212845481	0.509773253716	0.460078447694
0.147050617673	9.98214464552e-10	1.63420004694e-06	1.4222007403	0.509700969249	0.460115990911
0.147050617825	8.88280056599e-10	1.49763491642e-06	1.4222709321	0.509630778365	0.460152457777
0.14705061796	7.90452412833e-10	1.37248156336e-06	1.42233909079	0.509562620488	0.460187878812
0.14705061808	7.03398307734e-10	1.25778644765e-06	1.42240527522	0.50949643679	0.46022228369
0.147050618188	6.25931325857e-10	1.15267569796e-06	1.42246954251	0.509432170144	0.460255701261
0.147050618283	5.56988435724e-10	1.05658574835e-06	1.42253194816	0.509369765072	0.460288159575
0.147050618368	4.95638042831e-10	9.68523032898e-07	1.42259253165	0.509309182086	0.460319678412
0.147050618444	4.41044980148e-10	8.87799723421e-07	1.422651345	0.509250369192	0.460350284105
0.147050618511	3.92465001825e-10	8.13804166564e-07	1.42270843988	0.509193274714	0.460380002869
0.147050618571	3.49235828687e-10	7.45975679333e-07	1.42276386648	0.509137848482	0.46040886018
0.147050618624	3.10767837261e-10	6.8381727152e-07	1.42281767349	0.509084041789	0.460436880795
0.147050618672	2.76536538832e-10	6.2684659862e-07	1.42286990688	0.50903180869	0.460464088072
0.147050618714	2.46075741924e-10	5.74622132422e-07	1.42292061185	0.508981103966	0.46049050503
0.147050618751	2.19561646149e-10	5.0374856603e-07	1.42296983312	0.508931882921	0.460516154446
0.147050618784	1.95875479232e-10	4.46359140557e-07	1.42301992933	0.508881786909	0.460542265326
0.147050618813	1.74296906617e-10	4.09273190466e-07	1.42307036714	0.508831349277	0.460568559889
0.14705061884	1.55095470308e-10	3.75268432306e-07	1.42311931616	0.508782400419	0.460594083713
0.147050618864	1.38009148404e-10	3.44101675191e-07	1.4231668203	0.50873489642	0.46061885922
0.147050618885	1.22804791703e-10	3.15531216343e-07	1.42321292043	0.508688796424	0.460642907268
0.147050618904	1.09275446893e-10	2.89332859184e-07	1.42325765676	0.508644060203	0.460666248419
0.147050618921	9.72365890832e-11	2.65309665321e-07	1.42330106963	0.508600647436	0.460688903311
0.147050618936	8.65240205216e-11	2.43281045782e-07	1.42334319816	0.508558518995	0.460710891987
0.147050618949	7.69914826813e-11	2.23102857546e-07	1.42338408033	0.508517636903	0.460732233913
0.147050618961	6.8507813828e-11	2.04649378995e-07	1.4234237491	0.508477968199	0.460752945963
0.147050618971	6.09589385637e-11	1.87722196536e-07	1.42346223012	0.508439487248	0.460773041202
0.14705061898	5.42418570445e-11	1.72195074345e-07	1.42349955892	0.508402158505	0.460792537895
0.147050618989	4.82649180598e-11	1.57952216685e-07	1.42353576998	0.508365947488	0.460811453768
0.147050618996	4.29465686762e-11	1.44887404542e-07	1.42357089677	0.508330820743	0.460829806031
0.147050619003	3.82413296153e-11	1.3130226671e-07	1.42360497174	0.50829674582	0.460847611388
0.147050619009	3.40545543986e-11	1.18893610472e-07	1.42363845294	0.508263264648	0.46086510901
0.147050619014	3.03172249697e-11	1.08575141746e-07	1.42367138051	0.508230337113	0.460882319732
0.147050619019	2.69754688546e-11	9.96576473945e-08	1.42370348057	0.508198237079	0.460899100259
0.147050619023	2.40020558848e-11	9.14725470514e-08	1.42373459844	0.508167119236	0.460915369532
0.147050619026	2.13563865187e-11	8.39596911299e-08	1.42376476415	0.508136953544	0.460931143057
0.14705061903	1.90023360603e-11	7.70638697556e-08	1.42379400684	0.508107710881	0.460946435871
0.147050619033	1.69077614624e-11	7.0734407122e-08	1.42382235472	0.508079363013	0.460961262563
0.147050619035	1.50440624852e-11	6.49247891548e-08	1.42384983518	0.508051882571	0.460975637281
0.147050619037	1.33857912197e-11	5.95923217496e-08	1.42387647474	0.508025243022	0.460989573746
0.14705061904	1.19101574802e-11	5.47228638036e-08	1.42390229913	0.507999418643	0.461003085268
0.147050619041	1.05967940946e-11	5.02690762134e-08	1.42392732152	0.507974396263	0.461016178598
0.147050619043	9.42825663514e-12	4.61777666343e-08	1.42395155733	0.507950160469	0.461028861669
0.147050619044	8.38857527454e-12	4.24194350471e-08	1.42397503126	0.507926686544	0.46104114729
0.147050619046	7.46354112628e-12	3.89669821848e-08	1.42399776727	0.507903950544	0.461053047874
0.147050619047	6.64051207651e-12	3.57955141654e-08	1.42401978854	0.507881929279	0.46106457545
0.147050619048	5.90824002519e-12	3.28821630224e-08	1.42404111754	0.507860600286	0.461075741673
0.147050619049	5.25671717561e-12	3.02059218392e-08	1.42406177602	0.50783994181	0.461086557834
0.14705061905	4.67699221785e-12	2.7761377119e-08	1.42408178506	0.507819932776	0.461097034875
0.14705061905	4.16093799138e-12	2.55321233844e-08	1.42410115518	0.507800562658	0.461107178224
0.147050619051	3.70182399266e-12	2.34818770645e-08	1.42411989278	0.50778182506	0.461116991145
0.147050619052	3.29336765715e-12	2.15962643145e-08	1.42413801852	0.507763699333	0.461126484376
0.147050619052	2.92997960186e-12	1.98620654381e-08	1.42415555235	0.5077461655	0.461135668305
0.147050619053	2.60668714551e-12	1.82671222191e-08	1.42417251362	0.507729204238	0.461144552986
0.147050619053	2.3190662665e-12	1.68002526928e-08	1.424188921	0.507712796853	0.461153148146
0.147050619053	2.06318106795e-12	1.54511727603e-08	1.4242047926	0.507696925263	0.461161463199
0.147050619054	1.83552125674e-12	1.42137464332e-08	1.42422014589	0.507681571973	0.461169507253
0.147050619054	1.63284383946e-12	1.30913106208e-08	1.42423499426	0.507666723602	0.461177287265
0.147050619054	1.45254576967e-12	1.20575105213e-08	1.42424933567	0.507652382192	0.461184802118
0.147050619054	1.29215598036e-12	1.11053469417e-08	1.42426318743	0.507638530437	0.46119206083
0.147050619055	1.14947624905e-12	1.02283733719e-08	1.42427656624	0.507625151622	0.461199072116
0.147050619055	1.0225510721e-12	9.4206523443e-09	1.42428948827	0.507612229601	0.461205844395
0.147050619055	9.09640865129e-13	8.67671523911e-09	1.42430196909	0.507599748781	0.461212385801
0.147050619055	8.09198122435e-13	7.99152526348e-09	1.42431402377	0.5075876941	0.461218704191
0.147050619055	7.19846208732e-13	7.36044335349e-09	1.42432566686	0.507576051011	0.461224807157
0.147050619055	6.40321514656e-13	6.78777548543e-09	1.42433691241	0.507564805462	0.461230702033
0.147050619055	5.69558869597e-13	6.26206860842e-09	1.4243477596	0.507553958268	0.46123638836
0.147050619055	5.06616229584e-13	5.77707681601e-09	1.4243582181	0.507543499767	0.461241871176
0.147050619056	4.50629410741e-13	5.32964684227e-09	1.42436830184	0.507533416034	0.461247157753
0.147050619056	4.00829728525e-13	4.91686962749e-09	1.42437802423	0.507523693641	0.461252255108
0.147050619056	3.56533444424e-13	4.53606140604e-09	1.42438739823	0.507514319641	0.461257170004
0.147050619056	3.17132378853e-13	4.18474625886e-09	1.42439643632	0.507505281551	0.461261908965
0.147050619056	2.82085561358e-13	3.86064001704e-09	1.42440515054	0.507496567336	0.461266478281
0.147050619056	2.50921595443e-13	3.55477763237e-09	1.42441355248	0.507488165391	0.461270884019
0.147050619056	2.23328351417e-13	3.24710335703e-09	1.42442166929	0.507480048583	0.46127514039
0.147050619056	1.98769459068e-13	2.96605887894e-09	1.42442957805	0.507472139824	0.461279287804
0.147050619056	1.76854720921e-13	2.73204462712e-09	1.42443728409	0.50746443378	0.461283329047
0.147050619056	1.57282959922e-13	2.52750868778e-09	1.42444472784	0.507456990032	0.461287232862
0.147050619056	1.398771115e-13	2.33828531453e-09	1.42445188356	0.507449834315	0.461290985739
0.147050619056	1.24397486146e-13	2.16322814701e-09	1.42445876239	0.507442955484	0.461294593508
0.147050619056	1.10630919226e-13	2.00127664451e-09	1.42446537505	0.507436342827	0.461298061776
0.147050619056	9.83878356756e-14	1.85144966144e-09	1.42447173183	0.507429986045	0.461301395933
0.147050619056	8.74996395235e-14	1.71283950373e-09	1.42447784264	0.507423875237	0.46130460116
0.147050619056	7.78163922911e-14	1.58460643016e-09	1.42448371699	0.507418000888	0.461307682441
0.147050619056	6.92047483015e-14	1.46597356531e-09	1.42448936403	0.507412353847	0.461310644563
0.147050619056	6.15461184708e-14	1.35622219333e-09	1.42449479256	0.507406925319	0.461313492133
0.147050619056	5.47350372972e-14	1.254687404e-09	1.42450001103	0.50740170685	0.461316229578
0.147050619056	4.86777105617e-14	1.16075406474e-09	1.42450502756	0.507396690312	0.461318861154
0.147050619056	4.32861034281e-14	1.07608487968e-09	1.42450984998	0.507391867892	0.461321390952
0.147050619056	3.84896835428e-14	9.98075409665e-10	1.42451447569	0.507387242186	0.461323817605
0.147050619056	3.42247405806e-14	9.25721110203e-10	1.42451891033	0.50738280755	0.461326144068
0.147050619056	3.04323834434e-14	8.58612022325e-10	1.42452316178	0.507378556092	0.461328374474
0.147050619056	2.70602465101e-14	7.96367905736e-10	1.42452723763	0.507374480247	0.461330512788
0.147050619056	2.40617665814e-14	7.38636084501e-10	1.42453114511	0.507370572761	0.461332562811
0.147050619056	2.13955399421e-14	6.8508944888e-10	1.4245348912	0.50736682668	0.461334528186
0.147050619056	1.90247506633e-14	6.35424602024e-10	1.42453848254	0.507363235337	0.461336412408
0.147050619056	1.69166622511e-14	5.89360141003e-10	1.42454192554	0.50735979234	0.461338218827
0.147050619056	1.50421656228e-14	5.46635062445e-10	1.42454522631	0.507356491563	0.461339950652
0.147050619056	1.3375377169e-14	5.07007283749e-10	1.42454839075	0.50735332713	0.461341610965
0.147050619056	1.18932813534e-14	4.70252271491e-10	1.42455142446	0.507350293411	0.461343202716
0.147050619056	1.05750190043e-14	4.36713496831e-10	1.42455433287	0.507347385005	0.461344728736
0.147050619056	9.40195442759e-15	4.05938236638e-10	1.42455711751	0.507344600364	0.461346189835
0.147050619056	8.35901514937e-15	3.77331705314e-10	1.42455978096	0.50734193692	0.461347587358
0.147050619056	7.43176671829e-15	3.5074107368e-10	1.42456232848	0.5073393894	0.461348924071
0.147050619056	6.60737585172e-15	3.26024282249e-10	1.42456476512	0.507336952758	0.461350202618
0.147050619056	5.87443282409e-15	3.03049282312e-10	1.42456709571	0.507334622167	0.461351425531
0.147050619056	5.22279355678e-15	2.816933305e-10	1.42456932486	0.507332393013	0.461352595229
0.147050619056	4.6434392244e-15	2.6184233305e-10	1.42457145699	0.507330260881	0.461353714027
0.147050619056	4.12835143427e-15	2.43390236287e-10	1.42457349633	0.507328221548	0.461354784141
0.147050619056	3.67040125176e-15	2.26238460052e-10	1.4245754469	0.507326270976	0.461355807687
0.147050619056	3.26325053559e-15	2.10295371056e-10	1.42457731258	0.5073244053	0.461356786692
0.147050619056	2.90126421765e-15	1.95475793343e-10	1.42457909705	0.507322620826	0.461357723094
0.147050619056	2.57943231325e-15	1.81700553251e-10	1.42458080386	0.50732091402	0.461358618747
0.147050619056	2.29306418117e-15	1.69184802791e-10	1.42458243637	0.507319281502	0.461359475423
0.147050619056	2.03847495902e-15	1.57540975644e-10	1.42458399501	0.507317722864	0.461360293336
0.147050619056	1.81215166594e-15	1.46698511325e-10	1.42458548301	0.507316234864	0.461361074185
0.147050619056	1.61095606477e-15	1.36602257855e-10	1.42458690357	0.507314814303	0.461361819649
0.147050619056	1.43209834165e-15	1.27200858944e-10	1.42458825975	0.507313458123	0.461362531333
0.147050619056	1.27309842247e-15	1.18446492765e-10	1.42458955447	0.507312163407	0.461363210766
0.147050619056	1.13175158396e-15	1.10294628704e-10	1.42459079051	0.507310927369	0.46136385941
0.147050619056	1.00609788294e-15	1.02703800854e-10	1.42459197053	0.50730974735	0.461364478659
0.147050619056	8.94394979582e-16	9.56353970975e-11	1.42459309706	0.507308620811	0.461365069847
0.147050619056	7.95093978014e-16	8.90534626991e-11	1.42459417255	0.507307545328	0.461365634243
0.147050619056	7.06817949163e-16	8.29245174227e-11	1.42459519929	0.507306518588	0.461366173063
0.147050619056	6.28342838126e-16	7.72173852296e-11	1.42459617949	0.507305538381	0.461366687465
0.147050619056	5.58579703488e-16	7.19079543446e-11	1.42459711528	0.507304602598	0.461367178555
0.147050619056	4.96514670953e-16	6.70638784077e-11	1.42459800859	0.507303709289	0.461367647358
0.147050619056	4.41345816925e-16	6.25461229784e-11	1.42459885999	0.507302857882	0.461368094172
0.147050619056	3.92306893058e-16	5.83327055693e-11	1.42459967146	0.507302046411	0.46136852003
0.147050619056	3.4871679029e-16	5.44031245318e-11	1.42460044487	0.507301273005	0.461368925912
0.147050619056	3.09970078873e-16	5.07382593002e-11	1.424601182	0.507300535876	0.461369312758
0.147050619056	2.75528599521e-16	4.73202773569e-11	1.42460188455	0.507299833323	0.461369681459
0.147050619056	2.44913988871e-16	4.41325474636e-11	1.42460255415	0.507299163725	0.461370032866
0.147050619056	2.17701035452e-16	4.11595587386e-11	1.42460319234	0.507298525536	0.461370367791
0.147050619056	1.93511773886e-16	3.83868451842e-11	1.42460380059	0.507297917282	0.461370687007
0.147050619056	1.72010235289e-16	3.58009152995e-11	1.42460438032	0.50729733756	0.46137099125
0.147050619056	1.52897780961e-16	3.33891864335e-11	1.42460493285	0.507296785031	0.461371281222
0.147050619056	1.35908954558e-16	3.11399235615e-11	1.42460545946	0.507296258419	0.461371557594
0.147050619056	1.20807795144e-16	2.9042182185e-11	1.42460596137	0.507295756509	0.461371821002
0.147050619056	1.07377901908e-16	2.7116964568e-11	1.42460643973	0.507295278141	0.461372072055
0.147050619056	9.5438821501e-17	2.53247133897e-11	1.42460689511	0.507294822766	0.461372311042
0.147050619056	8.48272170612e-17	2.365091802e-11	1.4246073285	0.507294389379	0.46137253849
0.147050619056	7.53954899953e-17	2.20877493323e-11	1.42460774096	0.507293976917	0.461372754956
0.147050619056	6.70124528006e-17	2.0627895651e-11	1.4246081335	0.507293584372	0.46137296097
0.147050619056	5.95615043617e-17	1.9264528552e-11	1.4246085071	0.507293210781	0.461373157038
0.147050619056	5.29390081308e-17	1.79912709231e-11	1.42460886265	0.507292855228	0.461373343638
0.147050619056	4.70528506333e-17	1.68021671352e-11	1.42460920103	0.507292516844	0.461373521228
0.147050619056	4.1821160249e-17	1.56916551859e-11	1.42460952308	0.507292194799	0.461373690244
0.147050619056	3.71711684481e-17	1.46545406829e-11	1.42460982957	0.507291888304	0.461373851099
0.147050619056	3.30381976438e-17	1.36859725477e-11	1.42461012127	0.507291596608	0.461374004187
0.147050619056	2.93647615816e-17	1.27814203254e-11	1.42461039888	0.507291318996	0.461374149884
0.147050619056	2.60997657549e-17	1.1936652993e-11	1.42461066309	0.50729105479	0.461374288545
0.147050619056	2.31974946841e-17	1.11548330907e-11	1.42461091454	0.50729080334	0.461374420512
0.147050619056	2.06160633165e-17	1.04351522404e-11	1.42461115369	0.507290564188	0.461374546024
0.147050619056	1.83218951446e-17	9.76190331006e-12	1.42461138089	0.50729033699	0.461374665263
0.147050619056	1.62830233615e-17	9.13209063605e-12	1.42461159673	0.50729012115	0.461374778542
0.147050619056	1.44710384424e-17	8.54291182685e-12	1.42461180178	0.507289916099	0.461374886157
0.147050619056	1.28606922892e-17	7.99174529353e-12	1.42461199658	0.507289721298	0.461374988394
0.147050619056	1.14295464252e-17	7.47613858494e-12	1.42461218164	0.507289536235	0.46137508552
0.147050619056	1.01576593393e-17	6.99379747539e-12	1.42461235745	0.507289360423	0.46137517779
0.147050619056	9.02730862241e-18	6.54257575643e-12	1.42461252448	0.507289193399	0.461375265449
0.147050619056	8.02274402482e-18	6.12046568715e-12	1.42461268315	0.507289034725	0.461375348725
0.147050619056	7.12996799316e-18	5.72558906069e-12	1.42461283389	0.507288883983	0.461375427839
0.147050619056	6.33654062963e-18	5.35618884702e-12	1.4246129771	0.507288740776	0.461375502998
0.147050619056	5.63140635518e-18	5.01062137497e-12	1.42461311315	0.507288604727	0.4613755744
0.147050619056	5.00473986192e-18	4.68734901866e-12	1.4246132424	0.507288475479	0.461375642233
0.147050619056	4.44776706752e-18	4.38638695167e-12	1.42461336518	0.507288352693	0.461375706675
0.147050619056	3.9526744434e-18	4.10576634935e-12	1.42461348179	0.507288236084	0.461375767875
0.147050619056	3.51269187259e-18	3.84309854222e-12	1.4246135925	0.507288125372	0.461375825979
0.147050619056	3.121684912e-18	3.5972349947e-12	1.42461369762	0.507288020259	0.461375881146
0.147050619056	2.7742019592e-18	3.36710064912e-12	1.42461379741	0.507287920462	0.461375933522
0.147050619056	2.46539824367e-18	3.15168922487e-12	1.42461389216	0.507287825712	0.46137598325
0.147050619056	2.1909682788e-18	2.95005881845e-12	1.42461398212	0.507287735754	0.461376030463
0.147050619056	1.9470858328e-18	2.76132778489e-12	1.42461406753	0.507287650345	0.461376075288
0.147050619056	1.73035058166e-18	2.58467088272e-12	1.42461414862	0.507287569255	0.461376117846
0.147050619056	1.53774070024e-18	2.41931566551e-12	1.42461422561	0.507287492267	0.461376158252
0.147050619056	1.36657073057e-18	2.26453910433e-12	1.4246142987	0.507287419172	0.461376196614
0.147050619056	1.21445414003e-18	2.11966442623e-12	1.4246143681	0.507287349773	0.461376233037
0.147050619056	1.0792700471e-18	1.98405815501e-12	1.42461443399	0.507287283884	0.461376267617
0.147050619056	9.59133651135e-19	1.85712734132e-12	1.42461449655	0.507287221328	0.461376300449
0.147050619056	8.52369953543e-19	1.73831696991e-12	1.42461455594	0.507287161935	0.46137633162
0.147050619056	7.574904042e-19	1.62710753279e-12	1.42461461233	0.507287105545	0.461376361215
0.147050619056	6.73172147379e-19	1.52301275768e-12	1.42461466587	0.507287052008	0.461376389313
0.147050619056	5.9823957788e-19	1.4255774817e-12	1.4246147167	0.507287001178	0.461376415991
0.147050619056	5.3164795019e-19	1.33437566116e-12	1.42461476496	0.507286952919	0.461376441319
0.147050619056	4.72468812154e-19	1.24900850867e-12	1.42461481078	0.5072869071	0.461376465366
0.147050619056	4.19877060056e-19	1.16910274936e-12	1.42461485428	0.507286863598	0.461376488197
0.147050619056	3.73139434636e-19	1.09430898877e-12	1.42461489558	0.507286822296	0.461376509873
0.147050619056	3.31604297646e-19	1.02430018504e-12	1.42461493479	0.507286783084	0.461376530453
0.147050619056	2.94692546399e-19	9.58770218934e-13	1.42461497202	0.507286745854	0.461376549993
0.147050619056	2.61889539651e-19	8.9743255528e-13	1.42461500737	0.507286710507	0.461376568544
0.147050619056	2.32737922223e-19	8.400189901e-13	1.42461504093	0.507286676947	0.461376586157
0.147050619056	2.06831248344e-19	7.86278477848e-13	1.42461507279	0.507286645085	0.461376602879
0.147050619056	1.83808314792e-19	7.35976033701e-13	1.42461510304	0.507286614834	0.461376618756
0.147050619056	1.63348124824e-19	6.88891706069e-13	1.42461513176	0.507286586113	0.46137663383
0.147050619056	1.45165412688e-19	6.44819614837e-13	1.42461515903	0.507286558845	0.461376648141
0.147050619056	1.29006666317e-19	6.0356705114e-13	1.42461518492	0.507286532955	0.461376661729
0.147050619056	1.14646592737e-19	5.64953634727e-13	1.4246152095	0.507286508375	0.461376674629
0.147050619056	1.01884976931e-19	5.28810525235e-13	1.42461523284	0.507286485038	0.461376686877
0.147050619056	9.05406930281e-20	4.95834586033e-13	1.42461525499	0.507286462881	0.461376698506
0.147050619056	8.04192868005e-20	4.68125000917e-13	1.42461527599	0.507286441882	0.461376709527
0.147050619056	7.14293371395e-20	4.41963958581e-13	1.42461529575	0.507286422126	0.461376719896
0.147050619056	6.34443602454e-20	4.17264919134e-13	1.42461531434	0.50728640354	0.46137672965
0.147050619056	5.63520117481e-20	3.93946178941e-13	1.42461533182	0.507286386055	0.461376738827
0.147050619056	5.00525060827e-20	3.71930600353e-13	1.42461534827	0.507286369605	0.461376747461
0.147050619056	4.44572125596e-20	3.51145356534e-13	1.42461536375	0.507286354128	0.461376755583
0.147050619056	3.94874083781e-20	3.31521690559e-13	1.42461537831	0.507286339569	0.461376763225
0.147050619056	3.50731710392e-20	3.12994687961e-13	1.424615392	0.507286325871	0.461376770414
0.147050619056	3.11523945728e-20	2.95503062003e-13	1.42461540489	0.507286312985	0.461376777177
0.147050619056	2.76699157404e-20	2.7898895094e-13	1.42461541701	0.507286300861	0.46137678354
0.147050619056	2.45767379175e-20	2.63397726611e-13	1.42461542842	0.507286289455	0.461376789526
0.147050619056	2.18293417376e-20	2.4867781374e-13	1.42461543915	0.507286278725	0.461376795157
0.147050619056	1.93890727975e-20	2.34780519319e-13	1.42461544925	0.50728626863	0.461376800455
0.147050619056	1.72215978109e-20	2.21659871533e-13	1.42461545874	0.507286259133	0.46137680544
0.147050619056	1.5296421557e-20	2.09272467693e-13	1.42461546768	0.507286250198	0.461376810129
0.147050619056	1.35864578295e-20	1.97577330656e-13	1.42461547608	0.507286241793	0.461376814541
0.147050619056	1.20676483476e-20	1.86535773276e-13	1.42461548399	0.507286233885	0.461376818691
0.147050619056	1.0718624269e-20	1.76111270427e-13	1.42461549143	0.507286226445	0.461376822596
0.147050619056	9.52040554176e-21	1.66269338179e-13	1.42461549843	0.507286219446	0.461376826269
0.147050619056	8.45613386515e-21	1.5697741973e-13	1.42461550501	0.507286212861	0.461376829725
0.147050619056	7.51083550207e-21	1.48204777703e-13	1.42461551121	0.507286206666	0.461376832976
0.147050619056	6.67121060673e-21	1.39922392473e-13	1.42461551704	0.507286200838	0.461376836035
0.147050619056	5.92544610285e-21	1.32102866168e-13	1.42461552252	0.507286195355	0.461376838913
0.147050619056	5.26304947995e-21	1.2472033204e-13	1.42461552768	0.507286190197	0.46137684162
0.147050619056	4.67470116936e-21	1.17750368896e-13	1.42461553253	0.507286185344	0.461376844167
0.147050619056	4.15212342278e-21	1.11169920315e-13	1.4246155371	0.507286180778	0.461376846563
0.147050619056	3.68796384882e-21	1.04957218378e-13	1.42461554139	0.507286176483	0.461376848817
0.147050619056	3.27569196874e-21	9.9091711662e-14	1.42461554543	0.507286172442	0.461376850938
0.147050619056	2.90950733606e-21	9.35539972523e-14	1.42461554923	0.507286168641	0.461376852933
0.147050619056	2.58368931746e-21	8.87084068393e-14	1.42461555281	0.507286165064	0.46137685481
0.147050619056	2.29408514794e-21	8.42070503442e-14	1.42461555616	0.507286161715	0.461376856568
0.147050619056	2.0369425341e-21	7.9934107489e-14	1.42461555929	0.507286158582	0.461376858212
0.147050619056	1.8086228799e-21	7.58779878143e-14	1.42461556222	0.507286155651	0.461376859751
0.147050619056	1.60589543727e-21	7.20276889987e-14	1.42461556497	0.50728615291	0.461376861189
0.147050619056	1.42589159077e-21	6.83727670147e-14	1.42461556753	0.507286150346	0.461376862535
0.147050619056	1.26606426629e-21	6.49033077992e-14	1.42461556993	0.507286147948	0.461376863794
0.147050619056	1.12415188972e-21	6.16099003612e-14	1.42461557217	0.507286145705	0.461376864971
0.147050619056	9.98146385419e-22	5.84836112542e-14	1.42461557427	0.507286143606	0.461376866072
0.147050619056	8.86264761725e-22	5.55159603444e-14	1.42461557623	0.507286141644	0.461376867102
0.147050619056	7.86923881427e-22	5.26988978077e-14	1.42461557807	0.507286139808	0.461376868066
0.147050619056	6.98718060203e-22	5.00247822946e-14	1.42461557979	0.50728613809	0.461376868967
0.147050619056	6.20399176032e-22	4.74863602027e-14	1.42461558139	0.507286136484	0.46137686981
0.147050619056	5.50859008135e-22	4.50767460015e-14	1.42461558289	0.507286134982	0.461376870599
0.147050619056	4.89113555527e-22	4.27894035547e-14	1.4246155843	0.507286133576	0.461376871336
0.147050619056	4.34289113295e-22	4.06181283911e-14	1.42461558561	0.507286132262	0.461376872026
0.147050619056	3.85609909581e-22	3.8557030875e-14	1.42461558684	0.507286131032	0.461376872671
0.147050619056	3.42387128325e-22	3.66005202299e-14	1.42461558799	0.507286129882	0.461376873275
0.147050619056	3.04009162439e-22	3.47432893739e-14	1.42461558907	0.507286128806	0.46137687384
0.147050619056	2.69932959504e-22	3.29803005237e-14	1.42461559008	0.5072861278	0.461376874368
0.147050619056	2.39676337518e-22	3.13067715298e-14	1.42461559102	0.507286126859	0.461376874862
0.147050619056	2.12811161966e-22	2.97181629049e-14	1.4246155919	0.507286125978	0.461376875324
0.147050619056	1.88957287672e-22	2.82101655098e-14	1.42461559272	0.507286125155	0.461376875756
0.147050619056	1.67777179703e-22	2.67786888655e-14	1.42461559349	0.507286124385	0.46137687616
0.147050619056	1.48971137209e-22	2.54198500573e-14	1.42461559421	0.507286123664	0.461376876538
0.147050619056	1.32273052631e-22	2.41299632023e-14	1.42461559489	0.50728612299	0.461376876892
0.147050619056	1.17446646242e-22	2.29055294516e-14	1.42461559552	0.50728612236	0.461376877223
0.147050619056	1.04282122768e-22	2.17432274992e-14	1.42461559611	0.50728612177	0.461376877532
0.147050619056	9.25932027595e-23	2.06399045732e-14	1.42461559666	0.507286121219	0.461376877822
0.147050619056	8.22140128362e-23	1.95980026844e-14	1.42461559717	0.507286120703	0.461376878093
0.147050619056	7.29813074379e-23	1.86745780483e-14	1.42461559766	0.50728612022	0.461376878346
0.147050619056	6.47854429135e-23	1.77946636143e-14	1.4246155981	0.507286119771	0.461376878582
0.147050619056	5.75099811282e-23	1.69562092555e-14	1.42461559852	0.507286119352	0.461376878802
0.147050619056	5.10515600511e-23	1.61572614435e-14	1.42461559891	0.507286118962	0.461376879006
0.147050619056	4.53184252976e-23	1.53959586968e-14	1.42461559928	0.507286118599	0.461376879197
0.147050619056	4.02291265808e-23	1.46705272439e-14	1.42461559962	0.50728611826	0.461376879375
0.147050619056	3.57113605518e-23	1.39792768902e-14	1.42461559993	0.507286117945	0.46137687954
0.147050619056	3.1700943591e-23	1.33205970804e-14	1.42461560022	0.507286117651	0.461376879694
0.147050619056	2.81408999552e-23	1.26929531457e-14	1.4246156005	0.507286117377	0.461376879838
0.147050619056	2.4980652327e-23	1.20948827283e-14	1.42461560075	0.507286117123	0.461376879972
0.147050619056	2.21753032658e-23	1.15249923742e-14	1.42461560099	0.507286116885	0.461376880096
0.147050619056	1.96849973528e-23	1.09819542868e-14	1.42461560121	0.507286116664	0.461376880213
0.147050619056	1.74743549675e-23	1.04645032327e-14	1.42461560142	0.507286116458	0.461376880321
0.147050619056	1.55119696516e-23	9.9714335943e-15	1.42461560161	0.507286116266	0.461376880422
0.147050619056	1.37699619195e-23	9.50159656075e-15	1.42461560179	0.507286116087	0.461376880515
0.147050619056	1.22235831763e-23	9.05389745108e-15	1.42461560196	0.50728611592	0.461376880603
0.147050619056	1.08508641157e-23	8.62729316389e-15	1.42461560211	0.507286115765	0.461376880684
0.147050619056	9.63230260388e-24	8.22078974693e-15	1.42461560226	0.50728611562	0.46137688076
0.147050619056	8.55058661345e-24	7.8334400813e-15	1.42461560239	0.507286115485	0.461376880831
0.147050619056	7.59034827295e-24	7.46434167474e-15	1.42461560252	0.50728611536	0.461376880897
0.147050619056	6.73745548368e-24	7.13762354328e-15	1.42461560263	0.507286115243	0.461376880958
0.147050619056	5.96913048204e-24	7.01643789083e-15	1.42461560274	0.507286115134	0.461376881015
0.147050619056	5.28842361894e-24	6.89730978068e-15	1.42461560284	0.507286115036	0.461376881067
0.147050619056	4.68534310943e-24	6.78020427899e-15	1.42461560293	0.507286114948	0.461376881113
0.147050619056	4.15103661031e-24	6.66508704504e-15	1.42461560301	0.507286114869	0.461376881155
0.147050619056	3.67766128064e-24	6.55192432115e-15	1.42461560308	0.507286114797	0.461376881192
0.147050619056	3.25826866029e-24	6.44068292282e-15	1.42461560314	0.507286114733	0.461376881226
0.147050619056	2.88670267664e-24	6.33133022895e-15	1.4246156032	0.507286114674	0.461376881257
0.147050619056	2.55750928242e-24	6.2238341723e-15	1.42461560325	0.507286114622	0.461376881284
0.147050619056	2.26585639823e-24	6.11816323009e-15	1.4246156033	0.507286114575	0.461376881309
0.147050619056	2.00746298466e-24	6.01428641472e-15	1.42461560334	0.507286114532	0.461376881331
0.147050619056	1.77853620289e-24	5.91217326476e-15	1.42461560338	0.507286114494	0.461376881351
0.147050619056	1.57571574128e-24	5.81179383591e-15	1.42461560342	0.507286114459	0.46137688137
0.147050619056	1.39602449097e-24	5.71311869232e-15	1.42461560345	0.507286114428	0.461376881386
0.147050619056	1.23682484622e-24	5.6161188979e-15	1.42461560348	0.5072861144	0.461376881401
0.147050619056	1.09577998819e-24	5.52076600784e-15	1.4246156035	0.507286114375	0.461376881414
0.147050619056	9.70819583856e-25	5.42703206029e-15	1.42461560352	0.507286114352	0.461376881426
0.147050619056	8.60109396556e-25	5.33488956816e-15	1.42461560354	0.507286114331	0.461376881437
0.147050619056	7.6202436204e-25	5.24431151101e-15	1.42461560356	0.507286114313	0.461376881446
0.147050619056	6.75124734908e-25	5.1552713272e-15	1.42461560358	0.507286114296	0.461376881455
0.147050619056	5.98134955245e-25	5.06774290606e-15	1.42461560359	0.507286114281	0.461376881463
0.147050619056	5.29927274168e-25	4.98131809932e-15	1.42461560361	0.507286114267	0.46137688147
0.147050619056	4.69498064127e-25	4.89632071192e-15	1.42461560362	0.507286114255	0.461376881477
0.147050619056	4.15959779698e-25	4.81277365468e-15	1.42461560363	0.507286114244	0.461376881482
0.147050619056	3.68526627789e-25	4.73065218028e-15	1.42461560364	0.507286114234	0.461376881488
0.147050619056	3.26502421672e-25	4.64993196367e-15	1.42461560365	0.507286114225	0.461376881492
0.147050619056	2.89270362897e-25	4.57058909485e-15	1.42461560366	0.507286114217	0.461376881497
0.147050619056	2.56283988407e-25	4.49260007183e-15	1.42461560367	0.50728611421	0.4613768815
0.147050619056	2.27059149979e-25	4.41594179362e-15	1.42461560367	0.507286114203	0.461376881504
0.147050619056	2.0116690828e-25	4.34059155341e-15	1.42461560368	0.507286114197	0.461376881507
0.147050619056	1.78227237222e-25	4.26652703184e-15	1.42461560368	0.507286114192	0.46137688151
0.147050619056	1.57903446245e-25	4.1937262904e-15	1.42461560369	0.507286114187	0.461376881512
0.147050619056	1.3989723863e-25	4.12216776492e-15	1.42461560369	0.507286114183	0.461376881515
0.147050619056	1.23944333336e-25	4.05183025918e-15	1.4246156037	0.507286114179	0.461376881517
0.147050619056	1.09810586088e-25	3.98269293863e-15	1.4246156037	0.507286114175	0.461376881518
0.147050619056	9.7288552792e-26	3.91473532423e-15	1.4246156037	0.507286114172	0.46137688152
0.147050619056	8.61944448304e-26	3.84793728638e-15	1.42461560371	0.507286114169	0.461376881522
0.147050619056	7.63654315581e-26	3.78227903897e-15	1.42461560371	0.507286114167	0.461376881523
0.147050619056	6.76572504008e-26	3.71774113348e-15	1.42461560371	0.507286114165	0.461376881524
0.147050619056	5.99420894822e-26	3.65430445325e-15	1.42461560371	0.507286114162	0.461376881525
0.147050619056	5.31067117006e-26	3.59195020783e-15	1.42461560372	0.507286114161	0.461376881526
0.147050619056	4.70448638865e-26	3.55157012653e-15	1.42461560372	0.507286114159	0.461376881527
0.147050619056	4.16390801711e-26	3.54570931209e-15	1.42461560372	0.507286114157	0.461376881528
0.147050619056	3.68544587923e-26	3.5398581692e-15	1.42461560372	0.507286114156	0.461376881529
0.147050619056	3.26196238556e-26	3.53401668188e-15	1.42461560372	0.507286114155	0.461376881529
0.147050619056	2.88714010557e-26	3.5281848342e-15	1.42461560372	0.507286114154	0.46137688153
0.147050619056	2.55538752564e-26	3.52236261026e-15	1.42461560372	0.507286114153	0.46137688153
0.147050619056	2.26175563617e-26	3.51654999418e-15	1.42461560372	0.507286114152	0.461376881531
0.147050619056	2.00186410337e-26	3.5107469701e-15	1.42461560372	0.507286114151	0.461376881531
0.147050619056	1.77183592438e-26	3.50495352219e-15	1.42461560373	0.507286114151	0.461376881532
0.147050619056	1.56823959111e-26	3.49916963465e-15	1.42461560373	0.50728611415	0.461376881532
0.147050619056	1.38803789973e-26	3.49339529171e-15	1.42461560373	0.507286114149	0.461376881532
0.147050619056	1.22854264233e-26	3.4876304776e-15	1.42461560373	0.507286114149	0.461376881532
0.147050619056	1.08737450492e-26	3.48187517662e-15	1.42461560373	0.507286114149	0.461376881533
0.147050619056	9.62427573297e-27	3.47612937305e-15	1.42461560373	0.507286114148	0.461376881533
0.147050619056	8.51837917527e-27	3.47039305123e-15	1.42461560373	0.507286114148	0.461376881533
0.147050619056	7.53955786253e-27	3.46466619551e-15	1.42461560373	0.507286114148	0.461376881533
