0.0	0.00444548284387	0.182770790039	0.0	0.0	0.0
7.65588495028e-19	0.00444548284375	0.182770790037	6.3402268439e-13	7.65609797781e-13	1e-06
8.57049265845e-19	0.00444548284374	0.182770790037	6.66115222313e-13	8.25450818808e-13	1.03833333333e-06
9.59436366737e-19	0.00444548284374	0.182770790037	7.00715346345e-13	8.89954776539e-13	1.07813611111e-06
1.07405510803e-18	0.00444548284373	0.182770790037	7.38018989513e-13	9.5945473788e-13	1.11946466204e-06
1.20236673852e-18	0.00444548284372	0.182770790037	7.78237394288e-13	1.03439479204e-12	1.16237747408e-06
1.34600707458e-18	0.00444548284371	0.182770790037	8.21598308807e-13	1.11521902823e-12	1.20693527725e-06
1.50680735484e-18	0.0044454828437	0.182770790037	8.68347276561e-13	1.20237153567e-12	1.25320112955e-06
1.68681758624e-18	0.0044454828437	0.182770790036	9.18749026854e-13	1.29629640355e-12	1.30124050618e-06
1.8883326791e-18	0.00444548284369	0.182770790036	9.73088973907e-13	1.3976597657e-12	1.35112139225e-06
2.11392170441e-18	0.00444548284367	0.182770790036	1.0316748331e-12	1.50679468902e-12	1.40291437895e-06
2.3664606464e-18	0.00444548284366	0.182770790036	1.0948383635e-12	1.62458935193e-12	1.45669276347e-06
2.64916906774e-18	0.00444548284365	0.182770790036	1.16293724652e-12	1.75148784365e-12	1.51253265274e-06
2.96565115508e-18	0.00444548284364	0.182770790036	1.23635711144e-12	1.88837834258e-12	1.57051307109e-06
3.31994166803e-18	0.00444548284362	0.182770790035	1.31551371908e-12	2.03592698255e-12	1.63071607215e-06
3.71655737738e-18	0.00444548284361	0.182770790035	1.40085531621e-12	2.19502194198e-12	1.69322685491e-06
4.16055464839e-18	0.00444548284359	0.182770790035	1.49286517385e-12	2.36644037698e-12	1.75813388435e-06
4.65759390333e-18	0.00444548284357	0.182770790035	1.59206432396e-12	2.55140353288e-12	1.82552901658e-06
5.21401178487e-18	0.00444548284355	0.182770790035	1.69901450988e-12	2.75079958811e-12	1.89550762888e-06
5.83690194058e-18	0.00444548284353	0.182770790034	1.8143213674e-12	2.96562774337e-12	1.96816875465e-06
6.53420545822e-18	0.0044454828435	0.182770790034	1.93863785436e-12	3.19744231091e-12	2.04361522358e-06
7.31481210493e-18	0.00444548284348	0.182770790034	2.07266794816e-12	3.44724249145e-12	2.12195380715e-06
8.18867366086e-18	0.00444548284345	0.182770790033	2.21717063225e-12	3.71658259722e-12	2.20329536975e-06
9.16693079223e-18	0.00444548284342	0.182770790033	2.37296419413e-12	4.00701694046e-12	2.28775502559e-06
1.02620550812e-17	0.00444548284339	0.182770790032	2.54093085906e-12	4.3200998334e-12	2.37545230156e-06
1.14880080232e-17	0.00444548284336	0.182770790032	2.72202178599e-12	4.65760763289e-12	2.46651130645e-06
1.2860419019e-17	0.00444548284332	0.182770790032	2.9172624537e-12	5.02153874035e-12	2.56106090653e-06
1.43967846307e-17	0.00444548284328	0.182770790031	3.12775846792e-12	5.41389155725e-12	2.65923490794e-06
1.61166916409e-17	0.00444548284324	0.182770790031	3.35470182209e-12	5.83688652963e-12	2.76117224607e-06
1.80420667607e-17	0.00444548284319	0.18277079003	3.59937764739e-12	6.29296614814e-12	2.86701718216e-06
2.01974561685e-17	0.00444548284314	0.182770790029	3.86317149016e-12	6.78468392574e-12	2.97691950747e-06
2.26103384434e-17	0.00444548284309	0.182770790029	4.14757715794e-12	7.31481541999e-12	3.09103475525e-06
2.53114748838e-17	0.00444548284303	0.182770790028	4.45420517857e-12	7.88635823306e-12	3.20952442085e-06
2.83353016761e-17	0.00444548284297	0.182770790027	4.78479192029e-12	8.50264303402e-12	3.33255619031e-06
3.17203689141e-17	0.0044454828429	0.182770790026	5.14120942438e-12	9.16700049194e-12	3.46030417759e-06
3.55098320655e-17	0.00444548284283	0.182770790025	5.52547600617e-12	9.88320536512e-12	3.59294917105e-06
3.97520021516e-17	0.00444548284276	0.182770790024	5.93976768428e-12	1.0655476501e-11	3.73067888926e-06
4.45009616531e-17	0.00444548284267	0.182770790023	6.38643050297e-12	1.14880327472e-11	3.87368824666e-06
4.98172539964e-17	0.00444548284258	0.182770790022	6.86799381729e-12	1.23856480626e-11	4.02217962943e-06
5.57686554075e-17	0.00444548284248	0.182770790021	7.38718461622e-12	1.33534294731e-11	4.17636318187e-06
6.24310389766e-17	0.00444548284238	0.182770790019	7.94694296509e-12	1.43968170716e-11	4.33645710381e-06
6.98893419469e-17	0.00444548284227	0.182770790018	8.55043865449e-12	1.55216950401e-11	4.50268795943e-06
7.82386485605e-17	0.00444548284214	0.182770790016	9.20108915011e-12	1.67345026722e-11	4.67529099784e-06
8.75854022665e-17	0.00444548284201	0.182770790015	9.90257894513e-12	1.80421233506e-11	4.85451048605e-06
9.80487627447e-17	0.00444548284187	0.182770790013	1.06588804247e-11	1.94518845472e-11	5.04060005464e-06
1.09762125046e-16	0.00444548284172	0.182770790011	1.14742763607e-11	2.09716688455e-11	5.23382305669e-06
1.22874820214e-16	0.00444548284155	0.182770790009	1.2353384164e-11	2.26103580298e-11	5.43445294048e-06
1.37554019079e-16	0.00444548284138	0.182770790006	1.33011820324e-11	2.43770559288e-11	5.64277363648e-06
1.53986863473e-16	0.00444548284119	0.182770790004	1.43230371402e-11	2.62817545497e-11	5.85907995914e-06
1.72382852069e-16	0.00444548284098	0.182770790001	1.54247360322e-11	2.83353340783e-11	6.08367802417e-06
1.92976511223e-16	0.00444548284076	0.182770789998	1.66125173912e-11	3.05493408339e-11	6.31688568168e-06
2.16030384906e-16	0.00444548284052	0.182770789995	1.78931073664e-11	3.29363203367e-11	6.55903296606e-06
2.41838381815e-16	0.00444548284026	0.182770789992	1.92737576621e-11	3.55098173076e-11	6.81046256299e-06
2.7072952235e-16	0.00444548283998	0.182770789988	2.07622866025e-11	3.82844866905e-11	7.07153029446e-06
3.03072133222e-16	0.00444548283968	0.182770789984	2.23671234056e-11	4.12758716078e-11	7.34260562228e-06
3.39278543166e-16	0.00444548283936	0.18277078998	2.40973559152e-11	4.45009584718e-11	7.624072171e-06
3.79810339633e-16	0.00444548283901	0.182770789976	2.59627820643e-11	4.79780659623e-11	7.91632827073e-06
4.25184253462e-16	0.00444548283863	0.182770789971	2.79739653581e-11	5.17269560491e-11	8.21978752093e-06
4.75978746563e-16	0.00444548283822	0.182770789966	3.01422946929e-11	5.57687229699e-11	8.5348793757e-06
5.32841386608e-16	0.00444548283779	0.18277078996	3.24800488493e-11	6.01262373187e-11	8.86204975154e-06
5.96497102718e-16	0.00444548283731	0.182770789954	3.50004660239e-11	6.48242570691e-11	9.20176165843e-06
6.67757427427e-16	0.00444548283681	0.182770789947	3.77178187946e-11	6.98893165514e-11	9.55449585506e-06
7.4753084273e-16	0.00444548283626	0.18277078994	4.06474949429e-11	7.53502815641e-11	9.92075152919e-06
8.36834362112e-16	0.00444548283567	0.182770789932	4.38060845917e-11	8.12377942628e-11	1.03010470041e-05
9.36806496235e-16	0.00444548283503	0.182770789924	4.72114741517e-11	8.75853833827e-11	1.06959204722e-05
1.04872176755e-15	0.00444548283434	0.182770789915	5.08829476082e-11	9.44290201499e-11	1.11059307566e-05
1.17400695889e-15	0.0044454828336	0.182770789906	5.48412957218e-11	1.01807340325e-10	1.15316581017e-05
1.31425930324e-15	0.0044454828328	0.182770789895	5.91089337626e-11	1.09762199318e-10	1.19737049951e-05
1.47126684646e-15	0.00444548283194	0.182770789884	6.37100284425e-11	1.18338561158e-10	1.24326970193e-05
1.64703124271e-15	0.00444548283101	0.182770789872	6.86706347663e-11	1.27585053617e-10	1.29092837377e-05
1.84379327308e-15	0.00444548283001	0.182770789859	7.40188435757e-11	1.37554079219e-10	1.34041396135e-05
2.06406141284e-15	0.00444548282893	0.182770789845	7.97849406213e-11	1.48302037295e-10	1.39179649645e-05
2.31064381137e-15	0.00444548282777	0.18277078983	8.60015780645e-11	1.59889768067e-10	1.44514869538e-05
2.58668409268e-15	0.00444548282651	0.182770789814	9.27039593795e-11	1.72382885714e-10	1.50054606193e-05
2.89570143277e-15	0.00444548282516	0.182770789796	9.99300387032e-11	1.85852222466e-10	1.55806699418e-05
3.24163542478e-15	0.0044454828237	0.182770789777	1.07720735761e-10	2.00373939623e-10	1.61779289549e-05
3.62889630402e-15	0.00444548282213	0.182770789757	1.16120167586e-10	2.16030415732e-10	1.67980828967e-05
4.06242117307e-15	0.00444548282043	0.182770789735	1.25175898346e-10	2.32910135568e-10	1.7442009406e-05
4.54773694378e-15	0.0044454828186	0.182770789711	1.34939208686e-10	2.51108911379e-10	1.81106197647e-05
5.09103079865e-15	0.00444548281663	0.182770789686	1.45465386122e-10	2.70729549816e-10	1.88048601869e-05
5.69922906982e-15	0.00444548281451	0.182770789658	1.56814038122e-10	2.91883295226e-10	1.95257131583e-05
6.38008554138e-15	0.00444548281222	0.182770789629	1.69049429648e-10	3.14689940673e-10	2.02741988267e-05
7.14228030056e-15	0.00444548280975	0.182770789597	1.82240847078e-10	3.39278605095e-10	2.10513764454e-05
7.99553039826e-15	0.00444548280709	0.182770789562	1.96462990556e-10	3.65788510459e-10	2.18583458725e-05
8.95071372958e-15	0.00444548280422	0.182770789525	2.11796397006e-10	3.94369758916e-10	2.26962491272e-05
1.00200077136e-14	0.00444548280112	0.182770789485	2.28327896193e-10	4.25184332006e-10	2.35662720062e-05
1.12170445407e-14	0.00444548279778	0.182770789442	2.46151102422e-10	4.58406534743e-10	2.44696457617e-05
1.25570849661e-14	0.00444548279419	0.182770789395	2.65366944655e-10	4.94224660952e-10	2.5407648844e-05
1.4057212866e-14	0.00444548279031	0.182770789345	2.86084238052e-10	5.32841437355e-10	2.63816087105e-05
1.57365530361e-14	0.00444548278613	0.182770789291	3.08420300164e-10	5.74475577889e-10	2.73929037045e-05
1.76165150091e-14	0.00444548278162	0.182770789232	3.32501615279e-10	6.19362893922e-10	2.84429650058e-05
1.97210660003e-14	0.00444548277676	0.18277078917	3.58464550676e-10	6.6775740448e-10	2.95332786561e-05
2.20770364602e-14	0.00444548277152	0.182770789102	3.8645612884e-10	7.19933445673e-10	3.0665387662e-05
2.47144621297e-14	0.00444548276587	0.182770789028	4.16634860022e-10	7.76186225801e-10	3.18408941787e-05
2.76669669592e-14	0.00444548275978	0.18277078895	4.49171639846e-10	8.36834378869e-10	3.30614617773e-05
3.09721917729e-14	0.00444548275321	0.182770788865	4.84250717055e-10	9.0222140788e-10	3.43288177992e-05
3.46722741428e-14	0.00444548274613	0.182770788773	5.2207073687e-10	9.72717461187e-10	3.56447558003e-05
3.88143855917e-14	0.00444548273849	0.182770788674	5.62845865876e-10	1.04872177499e-09	3.70111380897e-05
4.34513329717e-14	0.00444548273026	0.182770788567	6.06807004801e-10	1.13066478274e-09	3.8429898365e-05
4.86422316874e-14	0.00444548272139	0.182770788452	6.54203096053e-10	1.21901055768e-09	3.99030444486e-05
5.44532593448e-14	0.00444548271182	0.182770788329	7.05302533434e-10	1.31425925525e-09	4.14326611297e-05
6.09584994341e-14	0.00444548270151	0.182770788195	7.60394681986e-10	1.41695044386e-09	4.30209131142e-05
6.82408858042e-14	0.00444548269039	0.182770788051	8.19791516609e-10	1.52766543626e-09	4.46700480884e-05
7.6393259967e-14	0.0044454826784	0.182770787896	8.83829388707e-10	1.6470311754e-09	4.63823998998e-05
8.55195547134e-14	0.00444548266547	0.182770787728	9.52870930867e-10	1.77572378708e-09	4.81603918602e-05
9.5736119128e-14	0.00444548265154	0.182770787548	1.02730711037e-09	1.91447202169e-09	5.00065401748e-05
1.07173201898e-13	0.00444548263651	0.182770787353	1.10755944316e-09	2.06406136201e-09	5.19234575033e-05
1.19976611825e-13	0.00444548262032	0.182770787144	1.19408238078e-09	2.22533913023e-09	5.39138566574e-05
1.34309576705e-13	0.00444548260285	0.182770786917	1.28736588386e-09	2.39921848479e-09	5.59805544398e-05
1.50354824286e-13	0.00444548258402	0.182770786673	1.38793819661e-09	2.58668397143e-09	5.81264756304e-05
1.6831691182e-13	0.00444548256372	0.182770786411	1.4963688382e-09	2.78879740744e-09	6.03546571258e-05
1.8842483392e-13	0.00444548254184	0.182770786127	1.61327182781e-09	3.00670321069e-09	6.26682522369e-05
2.10934941954e-13	0.00444548251824	0.182770785822	1.73930916163e-09	3.24163528302e-09	6.5070535151e-05
2.36134212215e-13	0.0044454824928	0.182770785492	1.8751945617e-09	3.49492400464e-09	6.75649055664e-05
2.64343904515e-13	0.00444548246537	0.182770785137	2.02169751745e-09	3.76800378367e-09	7.01548935025e-05
2.95923657849e-13	0.0044454824358	0.182770784754	2.17964764324e-09	4.06242093868e-09	7.28441642963e-05
3.31276075352e-13	0.00444548240392	0.182770784341	2.34993937623e-09	4.37984269155e-09	7.56365237891e-05
3.70851856996e-13	0.00444548236955	0.182770783896	2.53353704137e-09	4.72206649329e-09	7.85359237126e-05
4.15155545451e-13	0.00444548233249	0.182770783416	2.73148031221e-09	5.09103046015e-09	8.15464672812e-05
4.64751958391e-13	0.00444548229254	0.182770782899	2.94489009827e-09	5.48882380976e-09	8.46724149993e-05
5.20273389215e-13	0.00444548224946	0.182770782341	3.17497489256e-09	5.9176990735e-09	8.791819069e-05
5.82427668011e-13	0.00444548220302	0.182770781739	3.42303761496e-09	6.38008497515e-09	9.12883877561e-05
6.52007185515e-13	0.00444548215295	0.182770781091	3.69048299038e-09	6.87859997559e-09	9.47877756807e-05
7.29898995111e-13	0.00444548209897	0.182770780392	3.9788255034e-09	7.41606692774e-09	9.84213067765e-05
8.17096121663e-13	0.00444548204077	0.182770779638	4.28969797443e-09	7.99552950783e-09	0.000102194123194
9.14710221354e-13	0.00444548197802	0.182770778825	4.62486080604e-09	8.62026897982e-09	0.000106111564201
1.02398575392e-12	0.00444548191037	0.182770777949	4.98621195165e-09	9.29382329118e-09	0.000110179173734
1.14631584798e-12	0.00444548183743	0.182770777005	5.37579766328e-09	1.00200062798e-08	0.000114402708247
1.28326006166e-12	0.00444548175879	0.182770775986	5.79582407892e-09	1.08029305444e-08	0.00011878814486
1.43656426506e-12	0.00444548167401	0.182770774888	6.24866971545e-09	1.16470293163e-08	0.000123341689812
1.60818289788e-12	0.00444548158261	0.182770773705	6.73689893756e-09	1.25570827713e-08	0.000128069787249
1.80030388615e-12	0.00444548148406	0.182770772428	7.26327647917e-09	1.35382442311e-08	0.00013297912834
2.01537653545e-12	0.00444548137782	0.182770771052	7.83078309946e-09	1.45960696952e-08	0.00013807666075
2.2561427566e-12	0.00444548126327	0.182770769569	8.44263246221e-09	1.57365495934e-08	0.000143369598469
2.52567202149e-12	0.00444548113977	0.18277076797	9.10228933395e-09	1.6966142092e-08	0.00014886543202
2.82740049504e-12	0.00444548100662	0.182770766245	9.81348920415e-09	1.82918100651e-08	0.000154571939065
3.16517484198e-12	0.00444548086307	0.182770764386	1.05802594383e-08	1.97210605065e-08	0.000160497195405
3.54330126691e-12	0.0044454807083	0.182770762382	1.14069420841e-08	2.12619870519e-08	0.000166649586414
3.96660041302e-12	0.00444548054144	0.182770760221	1.22982184589e-08	2.29233153867e-08	0.0001730378189
4.44046881912e-12	0.00444548036154	0.182770757891	1.32591356594e-08	2.47144535391e-08	0.000179670933434
4.97094771868e-12	0.00444548016759	0.182770755379	1.42951351418e-08	2.66455440606e-08	0.000186558317136
5.56480005781e-12	0.00444547995847	0.182770752671	1.54120835353e-08	2.87275223128e-08	0.000193709716966
6.22959671419e-12	0.00444547973303	0.182770749751	1.66163058632e-08	3.09721781954e-08	0.00020113525351
6.97381301599e-12	0.00444547948996	0.182770746603	1.79146213602e-08	3.33922225378e-08	0.000208845435311
7.80693679138e-12	0.0044454792279	0.18277074321	1.93143820875e-08	3.60013594853e-08	0.000216851173732
8.73958932605e-12	0.00444547894537	0.182770739551	2.08235145657e-08	3.8814364215e-08	0.000225163798403
9.78366077076e-12	0.00444547864076	0.182770735606	2.24505646603e-08	4.18471657578e-08	0.000233795073249
1.09524617252e-11	0.00444547831235	0.182770731353	2.42047459749e-08	4.51169383703e-08	0.000242757213143
1.22608929307e-11	0.00444547795827	0.182770726767	2.60959920246e-08	4.86421979016e-08	0.000252062901184
1.37256352349e-11	0.00444547757654	0.182770721823	2.81350124871e-08	5.24429071533e-08	0.000261725306655
1.53653622505e-11	0.00444547716497	0.182770716493	3.03333538481e-08	5.65405885672e-08	0.00027175810365
1.72009784185e-11	0.00444547672125	0.182770710747	3.27034647854e-08	6.09584462385e-08	0.000282175490428
1.92558855123e-11	0.00444547624285	0.182770704551	3.52587666623e-08	6.5721497588e-08	0.000292992209506
2.15562809778e-11	0.00444547572708	0.182770697872	3.80137295278e-08	7.08567143601e-08	0.000304223568521
2.41314919158e-11	0.00444547517101	0.18277069067	4.09839540562e-08	7.63931762776e-08	0.000315885461887
2.70143489614e-11	0.00444547457148	0.182770682906	4.41862598883e-08	8.23622346879e-08	0.000327994393292
3.02416048293e-11	0.00444547392512	0.182770674535	4.76387808751e-08	8.87976909756e-08	0.000340567499052
3.38544028595e-11	0.00444547322824	0.18277066551	5.13610677632e-08	9.57359872984e-08	0.000353622572355
3.78988015363e-11	0.00444547247692	0.18277065578	5.53741989035e-08	1.03216413643e-07	0.000367178088442
4.24263616677e-11	0.00444547166689	0.18277064529	5.97008996098e-08	1.11281329536e-07	0.000381253230753
4.74948037118e-11	0.00444547079357	0.18277063398	6.43656708432e-08	1.19976404405e-07	0.000395867918065
5.31687436271e-11	0.00444546985201	0.182770621786	6.93949279514e-08	1.29350876043e-07	0.000411042832684
5.95205166305e-11	0.00444546883689	0.18277060864	7.48171502466e-08	1.39457829598e-07	0.000426799449706
6.66310993619e-11	0.00444546774244	0.182770594466	8.06630422724e-08	1.50354497783e-07	0.000443160067407
7.45911422133e-11	0.00444546656248	0.182770579185	8.69657076686e-08	1.62102585279e-07	0.00046014783879
8.35021249794e-11	0.00444546529032	0.182770562709	9.37608366219e-08	1.7476861812e-07	0.000477786804349
9.34776505659e-11	0.00444546391877	0.182770544947	1.01086907961e-07	1.88424320281e-07	0.000496101926081
1.04644893244e-10	0.00444546244004	0.182770525796	1.08985407043e-07	2.0314701946e-07	0.000515119122809
1.17146219912e-10	0.00444546084577	0.18277050515	1.17501060661e-07	2.1902008617e-07	0.000534865306849
1.3114100504e-10	0.00444545912694	0.182770482889	1.26682090308e-07	2.36133404027e-07	0.000555368422089
1.46807662419e-10	0.0044454572738	0.18277045889	1.36580485225e-07	2.54583880334e-07	0.000576657483527
1.64345919628e-10	0.00444545527587	0.182770433016	1.47252296785e-07	2.74475993869e-07	0.000598762618318
1.83979364205e-10	0.00444545312183	0.182770405119	1.58757955872e-07	2.95922386622e-07	0.000621715108396
2.05958293979e-10	0.00444545079948	0.182770375043	1.71162615061e-07	3.19044501836e-07	0.000645547434734
2.30562907899e-10	0.00444544829567	0.182770342617	1.84536517532e-07	3.43973271343e-07	0.000670293323289
2.58106878032e-10	0.00444544559623	0.182770307658	1.98955394796e-07	3.70849857516e-07	0.000695987792718
2.88941348263e-10	0.00444544268587	0.182770269967	2.14500895507e-07	3.99826451513e-07	0.00072266720391
3.2345941066e-10	0.00444543954811	0.18277022933	2.31261047764e-07	4.3106713613e-07	0.000750369311426
3.6210111658e-10	0.00444543616517	0.182770185519	2.49330757536e-07	4.64748813824e-07	0.0007791333169
4.05359086361e-10	0.00444543251792	0.182770138285	2.6881234602e-07	5.01062209237e-07	0.000808999924489
4.53784789133e-10	0.00444542858568	0.182770087359	2.89816128983e-07	5.40212948422e-07	0.000840011398446
5.07995572764e-10	0.0044454243462	0.182770032455	3.12461041359e-07	5.82422723229e-07	0.000872211622895
5.68682533564e-10	0.00444541977548	0.182769973261	3.36875310638e-07	6.27930546503e-07	0.000905646163896
6.36619326028e-10	0.00444541484762	0.182769909441	3.63197182862e-07	6.76994105421e-07	0.000940362333886
7.12672024928e-10	0.00444540953472	0.182769840635	3.91575705332e-07	7.29891220185e-07	0.000976409258578
7.9781016541e-10	0.00444540380671	0.182769766453	4.22171570448e-07	7.86921416843e-07	0.00101383794644
8.93119101839e-10	0.00444539763115	0.182769686475	4.55158025479e-07	8.48407623339e-07	0.0010527013608
9.99813842859e-10	0.00444539097307	0.182769600248	4.9072185338e-07	9.14697997447e-07	0.00109305449475
1.11925453901e-09	0.00444538379476	0.182769507283	5.29064430228e-07	9.86167897593e-07	0.00113495444887
1.25296382025e-09	0.00444537605559	0.182769407054	5.70402865253e-07	1.06322200842e-06	0.00117846051197
1.40264620435e-09	0.00444536771174	0.182769298995	6.149712299e-07	1.14629663079e-06	0.00122363424487
1.57020982339e-09	0.00444535871596	0.182769182492	6.63021882895e-07	1.23586215193e-06	0.00127053956745
1.75779074536e-09	0.00444534901731	0.182769056886	7.1482689879e-07	1.33242570843e-06	0.00131924284893
1.9677802006e-09	0.00444533856088	0.182768921466	7.70679608076e-07	1.43653405609e-06	0.00136981300169
2.20285506008e-09	0.00444532728747	0.182768775465	8.30896257566e-07	1.54877666551e-06	0.00142232157864
2.46601195378e-09	0.00444531513325	0.182768618056	8.95817800438e-07	1.66978905771e-06	0.0014768428743
2.7606054639e-09	0.0044453020294	0.182768448349	9.65811826056e-07	1.80025640165e-06	0.00153345402973
3.09039087936e-09	0.00444528790173	0.182768265382	1.04127464048e-06	1.94091739152e-06	0.0015922351415
3.45957205634e-09	0.00444527267025	0.182768068119	1.12263350941e-06	2.09256842741e-06	0.0016532693748
3.87285499438e-09	0.00444525624874	0.182767855443	1.21034907624e-06	2.25606812217e-06	0.00171664308083
4.33550781056e-09	0.00444523854421	0.182767626151	1.30491796893e-06	2.43234215999e-06	0.00178244591873
4.8534278754e-09	0.00444521945644	0.182767378943	1.40687561031e-06	2.62238853422e-06	0.0018507709821
5.43321696572e-09	0.00444519887737	0.18276711242	1.51679924779e-06	2.8272831944e-06	0.00192171493037
6.08226539121e-09	0.00444517669049	0.182766825073	1.63531121956e-06	3.04818613295e-06	0.00199537812516
6.808846166e-09	0.0044451527702	0.182766515276	1.76308247569e-06	3.28634794836e-06	0.00207186477182
7.62222042415e-09	0.00444512698108	0.182766181274	1.90083637395e-06	3.54311691922e-06	0.00215128306637
8.53275542103e-09	0.00444509917716	0.182765821176	2.04935277191e-06	3.81994663064e-06	0.00223374534798
9.55205662253e-09	0.00444506920105	0.182765432943	2.2094724383e-06	4.11840419547e-06	0.00231936825735
1.06931155633e-08	0.00444503688306	0.182765014378	2.38210180843e-06	4.44017911703e-06	0.00240827290092
1.19704753556e-08	0.00444500204026	0.18276456311	2.56821811064e-06	4.78709284291e-06	0.0025005850215
1.34004159545e-08	0.00444496447544	0.182764076586	2.76887489256e-06	5.16110906357e-06	0.0025964351752
1.50011615362e-08	0.00444492397599	0.18276355205	2.98520797828e-06	5.56434481388e-06	0.00269595891518
1.67931126282e-08	0.0044448803127	0.182762986533	3.21844189005e-06	5.99908244044e-06	0.00279929698227
1.87991059414e-08	0.00444483323845	0.182762376834	3.46989677057e-06	6.46778250094e-06	0.00290659550278
2.10447052101e-08	0.00444478248684	0.182761719502	3.7409958448e-06	6.97309766963e-06	0.00301800619387
2.35585267353e-08	0.00444472777069	0.182761010815	4.03327346334e-06	7.51788772455e-06	0.00313368657653
2.63726037701e-08	0.00444466878036	0.182760246762	4.34838377238e-06	8.10523570374e-06	0.00325380019666
2.95227943759e-08	0.00444460518208	0.182759423018	4.68811005903e-06	8.73846531849e-06	0.00337851685443
3.30492379312e-08	0.00444453661601	0.182758534922	5.05437482445e-06	9.42115972233e-06	0.0035080128422
3.69968660903e-08	0.00444446269425	0.182757577445	5.44925064118e-06	1.01571817405e-05	0.00364247119142
4.14159746779e-08	0.00444438299861	0.182756545169	5.87497185551e-06	1.09506956735e-05	0.00378208192868
4.63628637789e-08	0.00444429707827	0.182755432253	6.33394720047e-06	1.18061907968e-05	0.00392704234141
5.19005541428e-08	0.00444420444726	0.182754232398	6.82877338981e-06	1.27285066862e-05	0.00407755725331
5.8099588989e-08	0.00444410458169	0.182752938813	7.36224976907e-06	1.37228605123e-05	0.00423383931016
6.50389313762e-08	0.0044439969168	0.18275154418	7.93739410535e-06	1.47948764552e-05	0.00439610927612
7.28069685083e-08	0.00444388084381	0.182750040607	8.55745960389e-06	1.59506174023e-05	0.00456459634098
8.15026356933e-08	0.00444375570645	0.182748419586	9.2259532461e-06	1.71966191064e-05	0.00473953843874
9.12366741861e-08	0.00444362079729	0.182746671948	9.94665555107e-06	1.8539926994e-05	0.00492118257788
1.02133038825e-07	0.00444347535378	0.182744787804	1.07236418702e-05	1.99881358252e-05	0.00510978518364
1.14330473265e-07	0.00444331855393	0.182742756498	1.15613053327e-05	2.15494324276e-05	0.00530561245283
1.27984272699e-07	0.0044431495117	0.18274056654	1.24643815699e-05	2.32326417374e-05	0.00550894072149
1.4326825635e-07	0.00444296727204	0.182738205544	1.34379753533e-05	2.50472764034e-05	0.00572005684578
1.60376974582e-07	0.00444277080551	0.182735660158	1.44875892942e-05	2.70035902238e-05	0.00593925859659
1.79528178498e-07	0.00444255900253	0.18273291599	1.56191547636e-05	2.91126357117e-05	0.0061668550682
2.00965583094e-07	0.00444233066716	0.182729957524	1.68390651994e-05	3.13863261018e-05	0.00640316710149
2.24961958762e-07	0.00444208451039	0.182726768034	1.81542119863e-05	3.38375021364e-05	0.00664852772205
2.51822589997e-07	0.00444181914293	0.182723329494	1.95720231012e-05	3.64800039954e-05	0.00690328259364
2.81889144734e-07	0.00444153306749	0.182719622469	2.11005047376e-05	3.93287487577e-05	0.0071677904874
3.15544002854e-07	0.00444122467037	0.182715626012	2.27482861317e-05	4.23998138131e-05	0.00744242376727
3.53215098065e-07	0.00444089221248	0.182711317543	2.45246678345e-05	4.5710526674e-05	0.00772756889193
3.95381333722e-07	0.0044405338197	0.182706672725	2.64396736892e-05	4.92795616653e-05	0.00802362693376
4.42578640233e-07	0.00444014747238	0.182701665325	2.85041067931e-05	5.31270440105e-05	0.0083310141151
4.95406749571e-07	0.00443973099419	0.182696267068	3.07296097414e-05	5.72746618638e-05	0.00865016236228
5.54536771217e-07	0.00443928204004	0.18269044748	3.31287294756e-05	6.17457868808e-05	0.00898151987766
6.20719663651e-07	0.0044387980831	0.182684173715	3.57149870771e-05	6.65656039574e-05	0.00932555173007
6.94795706424e-07	0.00443827640081	0.182677410373	3.85029528736e-05	7.17612508172e-05	0.00968274046388
7.77705089967e-07	0.00443771405992	0.182670119303	4.15083272512e-05	7.73619681649e-05	0.010053586727
8.70499753842e-07	0.00443710790032	0.182662259391	4.4748027592e-05	8.33992611801e-05	0.0104386099178
9.74356619129e-07	0.00443645451771	0.182653786326	4.82402817833e-05	8.99070731735e-05	0.0108383488519
1.09059237737e-06	0.00443575024493	0.18264465236	5.20047287788e-05	9.69219722804e-05	0.011253362447
1.22068001704e-06	0.00443499113197	0.182634806039	5.60625267209e-05	0.000104483352129	0.0116842304286
1.3662672891e-06	0.00443417292445	0.182624191921	6.04364691659e-05	0.000112633647469	0.0121315540538
1.52919733607e-06	0.0044332910405	0.182612750264	6.5151109992e-05	0.00012141856583	0.0125959568545
1.7115317343e-06	0.004432340546	0.1826004167	7.02328976025e-05	0.000130887336301	0.0130780853998
1.91557622738e-06	0.00443131612797	0.18258712188	7.5710319077e-05	0.000141092976652	0.0135786100761
2.14390945926e-06	0.00443021206607	0.182572791091	8.1614054961e-05	0.000152092580015	0.0140982258852
2.39941505059e-06	0.00442902220197	0.182557343844	8.79771454257e-05	0.000163947622471	0.0146376532597
2.6853173989e-06	0.00442773990664	0.182540693439	9.48351685694e-05	0.000176724292923	0.0151976388942
3.00522162584e-06	0.00442635804519	0.182522746485	0.000102226431675	0.000190493846723	0.0157789565917
3.36315813999e-06	0.00442486893934	0.182503402395	0.000110192176281	0.000205332984581	0.0163824081232
3.7636323349e-06	0.00442326432723	0.18248255284	0.000118776797962	0.000221324258364	0.0170088240996
4.2116799973e-06	0.00442153532042	0.182460081161	0.000128028081766	0.00023855650545	0.017659064853
4.71292906145e-06	0.00441967235798	0.182435861739	0.000137997454278	0.00025712531336	0.0183340213263
5.27366841213e-06	0.00441766515751	0.182409759325	0.000148740253339	0.000277133516469	0.0190346159664
5.90092451164e-06	0.00441550266283	0.182381628312	0.000160316016478	0.000298691726618	0.0197618036204
6.60254670513e-06	0.00441317298827	0.182351311961	0.00017278878913	0.000321918899507	0.0205165724283
7.38730214482e-06	0.00441066335937	0.182318641575	0.00018622745377	0.000346942938767	0.0212999447108
8.26498136626e-06	0.00440796004979	0.182283435601	0.000200706081087	0.000373901339624	0.0221129778442
9.2465156507e-06	0.00440504831429	0.182245498688	0.000216304304346	0.000402941874043	0.0229567651201
1.03441074147e-05	0.00440191231771	0.182204620667	0.000233107718079	0.00043422331923	0.0238324365808
1.15713749839e-05	0.00439853505963	0.182160575463	0.000251208302248	0.000467916231274	0.0247411598248
1.29435132301e-05	0.00439489829479	0.182113119936	0.000270704872967	0.000504203765635	0.0256841407735
1.44774716804e-05	0.00439098244902	0.182061992645	0.000291703560851	0.000543282546026	0.0266626243903
1.61921518424e-05	0.00438676653073	0.182006912526	0.00031431831797	0.000585363583039	0.0276778953411
1.81086256321e-05	0.00438222803779	0.181947577491	0.000338671454288	0.000630673243608	0.0287312785857
2.02503769345e-05	0.00437734285989	0.181883662931	0.000364894204343	0.000679454272085	0.0298241398847
2.26435684769e-05	0.00437208517648	0.18181482013	0.000393127324734	0.000731966863274	0.0309578862099
2.53173363386e-05	0.00436642735029	0.181740674582	0.000423521722792	0.000788489787255	0.03213396604
2.83041145697e-05	0.00436033981671	0.181660824203	0.000456239116509	0.000849321565235	0.0333538695235
3.16399925225e-05	0.00435379096933	0.181574837446	0.000491452725496	0.000914781694866	0.0346191284893
3.53651076272e-05	0.00434674704197	0.181482251304	0.000529347992315	0.000985211922598	0.0359313162814
3.95240764452e-05	0.00433917198779	0.181382569209	0.000570123333062	0.00106097755954	0.0372920473935
4.41664669133e-05	0.00433102735615	0.181275258823	0.000613990915497	0.00114246883603	0.0387029768748
4.93473147308e-05	0.00432227216797	0.18115974971	0.000661177462326	0.00123010228868	0.0401657994788
5.5127686835e-05	0.00431286279075	0.181035430914	0.000711925076453	0.00132432217174	0.0416822485185
6.15752948437e-05	0.00430275281446	0.180901648416	0.000766492084069	0.00142560188294	0.0432540943948
6.876516119e-05	0.00429189292981	0.180757702495	0.000825153890373	0.00153444539122	0.0448831427554
7.67803404338e-05	0.00428023081073	0.180602844996	0.000888203841452	0.0016513886515	0.0465712322427
8.57126978649e-05	0.00426771100322	0.180436276502	0.000955954084434	0.00177700098832	0.0483202317822
9.56637469994e-05	0.00425427482307	0.180257143428	0.00102873641637	0.0019118864268	0.0501320373614
0.000106745546882	0.00423986026532	0.180064535061	0.00110690311046	0.00205668494563	0.0520085682436
0.000119081659205	0.00422440192896	0.179857480541	0.00119082770618	0.00221207362232	0.0539517625591
0.000132808164111	0.00420783096059	0.179634945827	0.00128090574747	0.00237876763609	0.0559635722101
0.000148074732102	0.00419007502148	0.17939583066	0.0013775554507	0.00255752108865	0.0580459570238
0.000165045747715	0.00417105828306	0.179138965565	0.00148121828108	0.00274912759728	0.0602008780848
0.00018390147847	0.00415070145626	0.178863108916	0.00159235941334	0.00295442060806	0.0624302901733
0.000204839280008	0.00412892186106	0.178566944133	0.001711468049	0.00317427337096	0.0647361332351
0.000228074825292	0.00410563354289	0.178249077031	0.00183905755898	0.00340959851088	0.0671203228073
0.000253843342153	0.00408074744342	0.177908033412	0.00197566541675	0.0036613471218	0.069584739322
0.000282400839306	0.00405417163382	0.17754225695	0.00212185288309	0.00393050730339	0.0721312162124
0.000314025296251	0.00402581161891	0.177150107453	0.00227820439977	0.00421810205237	0.0747615267482
0.000349017787089	0.00399557072155	0.176729859592	0.00244532664563	0.00452518641355	0.0774773695288
0.000387703502361	0.00396335055634	0.176279702203	0.00262384720464	0.00485284378908	0.0802803525741
0.000430432626488	0.00392905160246	0.175797738256	0.00281441279248	0.00520218129902	0.0831719759575
0.000477581021392	0.00389257388498	0.175281985633	0.00301768698506	0.00557432408243	0.0861536129419
0.00052955065951	0.00385381777391	0.174730378829	0.00323434739078	0.00597040842605	0.0892264895935
0.000586769741827	0.00381268490921	0.174140771736	0.0034650822072	0.0063915736088	0.0923916628716
0.000649692429138	0.00376907925931	0.173510941649	0.00371058610346	0.00683895235448	0.0956499972142
0.00071879810759	0.00372290831834	0.172838594661	0.00397155537217	0.00731365979381	0.0990021396751
0.000794590103411	0.0036740844457	0.172121372612	0.00424868229918	0.00781678085085	0.102448493699
0.000877593743226	0.00362252635607	0.171356703605	0.00454264870684	0.00834935585891	0.105989191671
0.000968351975966	0.0035681617766	0.170535807122	0.00485411872271	0.00891234842239	0.109624069712
0.00106742681458	0.00351092637804	0.169662285695	0.00518374171731	0.00950666362405	0.113352768279
0.00117539032596	0.00345076840748	0.168733621275	0.00553212158868	0.0101331047436	0.117174443434
0.00129282068315	0.00338764968372	0.167747296648	0.00589981740193	0.0107923570055	0.121087864143
0.00142029571354	0.00332154763404	0.1667008152	0.00628733265987	0.0114849654519	0.125091382641
0.00155838533541	0.00325245736832	0.165591723162	0.00669510384153	0.0122113116828	0.129182905555
0.00170764286073	0.00318039374847	0.164417634345	0.00712348832319	0.0129715897779	0.133359866383
0.00186859517639	0.00310539340368	0.163176257318	0.0075727518363	0.0137657818102	0.137619199941
0.00204173185716	0.00302751663367	0.161865424907	0.00804305565919	0.0145936334524	0.141957319508
0.00222749331348	0.00294684913581	0.160483125823	0.00853444378348	0.0154546302728	0.146370097417
0.00242625813254	0.0028635034854	0.159027538111	0.00904683034083	0.0163479754126	0.15085284991
0.00263832983278	0.00277762029525	0.157497064058	0.00957998761708	0.0172725694183	0.155400327091
0.00286392216335	0.00268936941433	0.15588573833	0.0101335350189	0.0182269856033	0.160006708813
0.00310310449209	0.00259896594372	0.154142826931	0.0107069427931	0.0192091820214	0.164665744354
0.00335591515166	0.00250662391714	0.15232000904	0.0112996922429	0.0202171365978	0.169372123577
0.00362222832655	0.00241260099728	0.150417093001	0.0119109051335	0.0212484067058	0.174118468321
0.00390178159499	0.00231718099648	0.148434306777	0.0125395256616	0.0223002129178	0.178896898126
0.00419416730383	0.00222067165608	0.146372327161	0.0131843202522	0.0233694503598	0.18369906508
0.00449882636238	0.00212340175841	0.144232304706	0.013843880568	0.0244527077167	0.188516197658
0.0048150424333	0.00202571834274	0.142009364039	0.0145166299681	0.0255462805916	0.193339153514
0.00514171614155	0.00192805040703	0.139517105287	0.0152008532493	0.0266449757148	0.198158701191
0.00547805558341	0.00183070496878	0.136951100119	0.0158956003472	0.0277449742592	0.202971882725
0.00582292267111	0.00173405922019	0.134315393836	0.0165988941481	0.0288420239399	0.207769125097
0.00617505196116	0.0016384868756	0.131614552382	0.0173086534288	0.0299317919361	0.212540777261
0.00653302576096	0.00154436289028	0.128769483375	0.0180227152391	0.0310097304219	0.21727718889
0.00689487842012	0.00145216587403	0.125554647465	0.0187392930105	0.0320687128024	0.221971856105
0.00725962027653	0.00136209903104	0.122295742169	0.0194579012425	0.0331054770891	0.226627315182
0.00762571958556	0.00127447494088	0.119000959424	0.0201763106568	0.0341161385178	0.231234786737
0.0079915059761	0.00118960214394	0.115568212362	0.0208923111162	0.0350965233664	0.23578577622
0.00835541369187	0.0011077333804	0.112067702877	0.0216044044659	0.0360425720161	0.240276472366
0.00871608656393	0.00102904833696	0.108561779675	0.0223108237414	0.0369516908981	0.244701316258
0.00907217170391	0.000953701146355	0.105139657487	0.0230095669598	0.0378217449378	0.249053092019
0.00942229661461	0.000881824454033	0.101763084046	0.0236982224493	0.0386511254355	0.253321744836
0.00976504631211	0.00081353611719	0.0984028646037	0.0243747859633	0.0394378323433	0.257499464533
0.0100992813791	0.000748881897237	0.0951094488055	0.0250376437601	0.0401807899963	0.261580545881
0.0104238624052	0.000687894761951	0.0918528057454	0.0256850424206	0.0408791509599	0.265558031528
0.0107377950537	0.000630570638748	0.088624516709	0.0263156398514	0.0415323247945	0.269427102549
0.0110401857493	0.000576881840052	0.0854063054676	0.0269283655506	0.0421398866277	0.273184220854
0.0113304211736	0.00052674993825	0.0822391680924	0.0275224978871	0.0427021756315	0.276827602176
0.0116078350786	0.000480107030829	0.0790300718041	0.0280972350645	0.0432193593345	0.280354568789
0.0118720547311	0.000436840085763	0.0758505549541	0.0286526386557	0.0436918380216	0.283767420086
0.0121222382147	0.000396915553664	0.071506130002	0.0291884759843	0.0441184359351	0.287066306208
0.0123553816256	0.000360652337991	0.0660108060459	0.0297132117219	0.0444810426819	0.290305907059
0.0125758760293	0.000327252207427	0.0608679523348	0.0302370928929	0.0447875218811	0.293553325084
0.0127852087589	0.000296402426799	0.056973393845	0.0307594066828	0.0450451901479	0.296807873665
0.012983783092	0.000267945467901	0.0536937639678	0.031271122285	0.0452655522624	0.300015510896
0.0131703730901	0.000241939739055	0.0505360768062	0.0317677351382	0.0454497379911	0.303148731829
0.0133452922888	0.000218222905797	0.0474970825392	0.0322493731303	0.0455999166133	0.306208566037
0.0135089257204	0.0001966325674	0.0445803435514	0.0327162815339	0.0457182989792	0.309196575143
0.0136616963337	0.000177011145656	0.0417887049682	0.0331687391296	0.0458070989119	0.312114353755
0.0138040557918	0.00015920702249	0.0391242728853	0.0336070471261	0.0458685138042	0.314963482325
0.0139364759899	0.000143075407788	0.0365883781869	0.0340315190416	0.0459047081465	0.317745482842
0.0140594413459	0.000128478967874	0.0341815205823	0.0344424719098	0.0459177995006	0.320461779726
0.0141734311707	0.000115289486101	0.0319035076023	0.0348402191429	0.0459098098706	0.323113669483
0.0142789338019	0.000103385702461	0.0297512462825	0.0352250675239	0.045882722429	0.325702314075
0.0143764387725	9.2653792467e-05	0.0277193820718	0.0355973363058	0.0458384400988	0.328228882481
0.014466435111	8.29871257222e-05	0.0258100277811	0.0359573750622	0.0457787662798	0.330694691641
0.0145493753201	7.4289566014e-05	0.0240171526677	0.0363054560103	0.0457053978542	0.33310048148
0.0146257181991	6.64703097619e-05	0.0223351014189	0.0366418786968	0.0456199686571	0.335447136555
0.0146959015232	5.94463118493e-05	0.020762674518	0.036966954209	0.0455239789953	0.337735594761
0.0147603402826	5.31418913262e-05	0.0192907044613	0.0372809386604	0.0454188616673	0.339966387153
0.014819440966	4.7486845951e-05	0.0179179767506	0.0375841488065	0.0453059172338	0.342140463799
0.014873581498	4.24179452266e-05	0.0166363804385	0.0378768364687	0.0451863788427	0.344258309924
0.0149231258933	3.78770768609e-05	0.0154424762518	0.0381592994566	0.0450613527006	0.34632074774
0.0149684171392	3.38115212274e-05	0.0143301948859	0.0384318050275	0.0449318753828	0.348328393086
0.0150097753356	3.0173719386e-05	0.0132939028884	0.038694635473	0.0447988661298	0.350281993618
0.0150475084545	2.69199753502e-05	0.0123303350985	0.0389480875278	0.0446631643965	0.35218243628
0.0150819003225	2.40111861415e-05	0.0114317764821	0.0391924261981	0.0445255413591	0.354030406889
0.0151132113239	2.14124534938e-05	0.0105931673033	0.0394279784127	0.0443866116335	0.355827103848
0.0151417012567	1.90909292281e-05	0.00981469087035	0.0396550957201	0.0442469433693	0.357573974478
0.015167602718	1.7017779577e-05	0.00909224252319	0.0398740315206	0.044107101239	0.359271769278
0.0151911159983	1.51682855406e-05	0.00840231238357	0.0400850372913	0.0439675377713	0.360921270129
0.0152124364126	1.35194928445e-05	0.00775339717452	0.0402888508841	0.0438281901579	0.362527159783
0.0152317800878	1.20481316131e-05	0.00715385473262	0.0404859757641	0.0436892792133	0.364092424283
0.0152493188747	1.07354362867e-05	0.00660004320033	0.0406766023945	0.0435511935717	0.365617645549
0.0152652111765	9.56456570312e-06	0.00608857156262	0.040860919208	0.0434142739734	0.367103424575
0.0152795339865	8.52537775245e-06	0.00550939374577	0.0410391120383	0.0432786138708	0.368550379471
0.0152923586226	7.6087975072e-06	0.00492044526211	0.0412147877324	0.0431408628541	0.369987269121
0.0153039860398	6.79024008783e-06	0.00439411994692	0.0413904613049	0.0429994302192	0.371434681403
0.015314527935	6.05932388546e-06	0.00392382405474	0.0415661211478	0.0428546845622	0.372892750942
0.0153240856522	5.40674707868e-06	0.00350364549295	0.0417417567746	0.0427069590388	0.374361612978
0.0153327511252	4.8241791877e-06	0.00312828581694	0.0419173587121	0.0425565547094	0.375841403476
0.0153406200007	4.3033587405e-06	0.00282008574938	0.0420929184022	0.0424037789583	0.377332259241
0.0153478159347	3.83448182888e-06	0.00257025565423	0.0422667199207	0.0422507237901	0.378819634961
0.0153543308599	3.41650942357e-06	0.002342457298	0.042436721148	0.0420994261082	0.380285693377
0.0153602272455	3.04394786422e-06	0.002134764012	0.0426029972451	0.0419500075071	0.381730519584
0.015365562064	2.71189034975e-06	0.00194541493564	0.0427656227361	0.0418025718113	0.383154206754
0.015370387247	2.41595536236e-06	0.0017728011953	0.0429246714114	0.0416572068241	0.384556855871
0.0153747501063	2.15223134384e-06	0.00161545315921	0.0430802162462	0.0415139859239	0.385938575459
0.0153786937233	1.91722702876e-06	0.00147202869769	0.0432323293298	0.0413729695187	0.387299481305
0.015382257308	1.70782688846e-06	0.00134130238057	0.0433810818067	0.0412342063721	0.388639696181
0.0153854765299	1.52125118571e-06	0.00122215554604	0.0435265438267	0.0410977348087	0.389959349561
0.0153883838227	1.35502018453e-06	0.00111356717811	0.0436687845038	0.0409635838104	0.391258577339
0.0153910086644	1.20692209991e-06	0.00101460553329	0.0438078718828	0.0408317740125	0.392537521548
0.0153933778352	1.07498441085e-06	0.000924420459897	0.0439438729121	0.0407023186072	0.393796330071
0.015395515654	9.57448195143e-07	0.000842236357346	0.0440768534234	0.0405752241633	0.395035156366
0.0153974441952	8.52745176847e-07	0.000767345725378	0.0442068781158	0.0404504913685	0.396254159181
0.0153991834879	7.59477207355e-07	0.000699103256991	0.0443340105452	0.0403281157017	0.397453502276
0.0154007501727	6.76478180024e-07	0.000633194026943	0.0444583131173	0.0402080838931	0.398633354152
0.0154021127766	6.05140206373e-07	0.000536094802477	0.0445805736752	0.0400895261206	0.399800848696
0.0154033343499	5.41955186291e-07	0.000443761468018	0.0447097286084	0.0399636802134	0.40104183397
0.0154044279137	4.86119357102e-07	0.000357246576569	0.0448494231818	0.0398269379511	0.402393049256
0.0154056258161	4.25841678936e-07	0.000257448591676	0.0450049944975	0.0396745878442	0.403908922216
0.0154064769635	3.83697135781e-07	0.000192540683623	0.045193896629	0.039487965755	0.405765504246
0.0154073237949	3.42623921696e-07	0.000170978818034	0.0454211881861	0.0392629305855	0.408022952511
0.0154081096018	3.05368787642e-07	0.000154624284238	0.0456497362683	0.0390364636359	0.410319274627
0.0154088261423	2.72162904831e-07	0.000139802906803	0.0458750047284	0.0388130813845	0.412609006716
0.0154094792489	2.42572915752e-07	0.000126355599728	0.0460970875689	0.0385927074632	0.414892432907
0.0154100746997	2.16193142886e-07	0.000114331356743	0.0463161137712	0.0383752300555	0.417170234216
0.0154106210906	1.9251979896e-07	0.000104793417705	0.0465318749064	0.0381608817044	0.419439570713
0.0154111184995	1.71435546826e-07	9.60498382405e-05	0.0467415414281	0.0379524938264	0.421669458441
0.0154115702085	1.52693434384e-07	8.69974045057e-05	0.0469452833289	0.0377499064976	0.423860006889
0.0154119765624	1.36183111515e-07	7.77536439811e-05	0.0471456563327	0.0375505663809	0.426037467146
0.0154123473656	1.21429101992e-07	6.97333316647e-05	0.0473456105804	0.0373515494491	0.428233619259
0.0154126852546	1.08263480357e-07	6.26058129407e-05	0.0475444140745	0.0371535953435	0.43044052567
0.0154129931364	9.65156990931e-08	5.64860002707e-05	0.0477418495669	0.0369569295259	0.432655707631
0.0154132760762	8.59429701557e-08	5.17634121794e-05	0.0479369445089	0.0367625379898	0.434867968097
0.0154135332953	7.65271883855e-08	4.74350871528e-05	0.0481265524256	0.036573566045	0.437040595214
0.015413767024	6.81416571826e-08	4.34734437291e-05	0.0483108260292	0.0363898672523	0.43917376781
0.0154139793124	6.06735171096e-08	3.98454729479e-05	0.0484898916215	0.0362113210241	0.441267428759
0.01541417202	5.40230501675e-08	3.65198522379e-05	0.0486638792615	0.0360378024469	0.44332162779
0.0154143468791	4.81005513589e-08	3.34748363738e-05	0.0488329315716	0.0358691736429	0.445336629254
0.0154145054618	4.28266853861e-08	3.06835722052e-05	0.0489971696471	0.0357053177917	0.447312507057
0.0154146492162	3.81305470166e-08	2.81238672495e-05	0.0491567282553	0.03554610403	0.449249561866
0.0154147794653	3.39490921795e-08	2.57755532737e-05	0.0493117445271	0.0353913987664	0.451148189235
0.0154148974327	3.02257790163e-08	2.36230845839e-05	0.0494623584622	0.0352410652456	0.453008886677
0.0154150038248	2.69229979559e-08	2.13876834738e-05	0.049608694038	0.035094981461	0.454832018245
0.0154150996315	2.39967929419e-08	1.9243308873e-05	0.049752673927	0.03495122734	0.456640694909
0.0154151865409	2.13848374184e-08	1.74686742151e-05	0.0498953109681	0.0348087942295	0.458447251495
0.0154152658582	1.90389035095e-08	1.60096730618e-05	0.0500353477368	0.0346689427896	0.460235331739
0.0154153375981	1.69501131242e-08	1.46723944461e-05	0.0501714030633	0.0345330543916	0.461986460339
0.0154154024609	1.50902420235e-08	1.34478141753e-05	0.0503035892911	0.0344010184796	0.463701054447
0.0154154610813	1.34342655651e-08	1.23255445319e-05	0.0504320044728	0.0342727386118	0.465379397613
0.0154155140126	1.19606011392e-08	1.12626188056e-05	0.0505567530384	0.0341481117582	0.467021905405
0.0154155614458	1.06586151783e-08	1.01531897663e-05	0.0506783127508	0.0340266607072	0.468634011779
0.015415604312	9.49832448391e-09	9.1530160082e-06	0.0507984819034	0.0339065893925	0.470239037957
0.0154156433429	8.45642715894e-09	8.38213992293e-06	0.0509172763013	0.0337878837526	0.471836923938
0.0154156785937	7.52821055571e-09	7.68123057662e-06	0.0510327799543	0.0336724599721	0.473401357171
0.0154157103994	6.70179884073e-09	7.03943286303e-06	0.0511450012744	0.0335603104652	0.474931647353
0.0154157390896	5.96596538165e-09	6.45228232152e-06	0.051254024177	0.0334513521189	0.476428156177
0.0154157649574	5.31087042272e-09	5.91406078644e-06	0.0513599203076	0.0333455139993	0.477891114724
0.0154157882716	4.72768590037e-09	5.42001940046e-06	0.0514627787952	0.0332427076257	0.479321032525
0.0154158092774	4.20852653567e-09	4.96692345542e-06	0.0515626991743	0.0331428340518	0.480718605213
0.0154158281983	3.7463418822e-09	4.55171639872e-06	0.0516597711202	0.0330458041353	0.482084432101
0.0154158452394	3.3348050924e-09	4.17278305146e-06	0.0517540744614	0.0329515385336	0.483419011406
0.0154158605793	2.96844905553e-09	3.82537046177e-06	0.051845650698	0.0328599961693	0.48472232904
0.0154158743703	2.64262959468e-09	3.48612660821e-06	0.0519345782666	0.0327710989662	0.485994923037
0.0154158866975	2.35445400935e-09	3.14797491258e-06	0.0520214554309	0.0326842488688	0.487244863428
0.0154158977991	2.09761810068e-09	2.84799088787e-06	0.0521071766766	0.0325985519321	0.488484704425
0.0154159078641	1.86714812017e-09	2.61052308804e-06	0.0521915950492	0.0325141555391	0.489712091754
0.0154159169147	1.66198681385e-09	2.39284092503e-06	0.052273581016	0.0324321892841	0.490910230978
0.015415925051	1.47935673868e-09	2.19329742067e-06	0.0523532043175	0.0323525836571	0.492079656217
0.0154159323633	1.31678502172e-09	2.01038253074e-06	0.0524305327124	0.0322752711067	0.493220900471
0.0154159389333	1.17206999202e-09	1.84271177686e-06	0.0525056320333	0.0322001859871	0.494334495082
0.015415944835	1.04325083196e-09	1.68903525698e-06	0.0525785662404	0.032127264506	0.495420969232
0.0154159501349	9.28582923193e-10	1.54817003157e-06	0.0526493966184	0.0320564455299	0.496480836641
0.0154159548933	8.2651280725e-10	1.41904546667e-06	0.0527181834163	0.0319876689456	0.497514618773
0.0154159591644	7.35657218223e-10	1.3006838104e-06	0.0527849853431	0.0319208761665	0.49852283629
0.0154159629973	6.54784674724e-10	1.19218865338e-06	0.0528498594345	0.0318560102665	0.499506005963
0.0154159664362	5.82796888824e-10	1.09288396984e-06	0.0529128610996	0.0317930159355	0.500464640309
0.0154159695212	5.18714222152e-10	1.00195501415e-06	0.0529740358208	0.0317318477804	0.501399119514
0.0154159722878	4.61675010668e-10	9.18587143172e-07	0.0530334292518	0.0316724602259	0.502309843185
0.0154159747683	4.10905477765e-10	8.42152081879e-07	0.0530910930648	0.0316148016718	0.503197320132
0.0154159769918	3.65716801271e-10	7.72073712125e-07	0.0531470774432	0.0315588219987	0.504062053441
0.0154159789847	3.25495731683e-10	7.07830385365e-07	0.0532014311243	0.0315044725269	0.504904540239
0.0154159807704	2.89695858797e-10	6.48948804713e-07	0.0532542009368	0.0314517064796	0.505725263621
0.0154159823701	2.57832040846e-10	5.94962907026e-07	0.0533054312797	0.0314004795041	0.506524683555
0.0154159837932	2.29666465005e-10	5.30771046788e-07	0.0533551669152	0.0313507468592	0.507303279625
0.0154159850489	2.04969375737e-10	4.65080592091e-07	0.0534048274401	0.0313010889685	0.50808316929
0.0154159861957	1.82553434911e-10	4.23595251615e-07	0.053455405761	0.0312505130498	0.508880020975
0.0154159872297	1.6247089861e-10	3.88451141978e-07	0.0535048665749	0.0312010543981	0.509661765786
0.0154159881557	1.44596828455e-10	3.56225628895e-07	0.0535528715521	0.0311530513541	0.510422875115
0.0154159889849	1.2868803418e-10	3.26688725194e-07	0.0535994628475	0.0311064617869	0.511163817896
0.0154159897271	1.14528980487e-10	2.9959979931e-07	0.0536446795286	0.0310612466505	0.511885026191
0.0154159903915	1.01927297459e-10	2.74756085682e-07	0.0536885620304	0.0310173655293	0.512586965458
0.015415990986	9.07117544935e-11	2.51971601026e-07	0.0537311496049	0.0309747791885	0.513270093533
0.015415991518	8.07299386818e-11	2.31075756672e-07	0.0537724803558	0.0309334495399	0.513934860563
0.015415991994	7.18450090873e-11	2.11975647048e-07	0.0538125912714	0.0308933396093	0.514581708938
0.0154159924198	6.39373384054e-11	1.9446257194e-07	0.0538515059659	0.0308544257947	0.515210874281
0.0154159928006	5.68997862661e-11	1.78395830582e-07	0.0538892581108	0.0308166744358	0.515822762709
0.0154159931411	5.06366423166e-11	1.63656037326e-07	0.0539258823478	0.0307800509006	0.51641780478
0.0154159934456	4.5062719632e-11	1.50133654485e-07	0.0539614122916	0.0307445215836	0.516996422818
0.0154159937174	4.01085805832e-11	1.36772307374e-07	0.0539958805596	0.0307100538745	0.517559030923
0.0154159939591	3.57216570818e-11	1.23859424882e-07	0.0540295575211	0.0306763774097	0.518109944405
0.0154159941755	3.18127263209e-11	1.12480096509e-07	0.0540626786998	0.0306432566747	0.518652947429
0.0154159943702	2.83094577767e-11	1.03250796125e-07	0.0540951604521	0.0306107753215	0.519186609027
0.0154159945441	2.51918808534e-11	9.47785257942e-08	0.0541266502408	0.030579285889	0.519705055731
0.0154159946996	2.24175456415e-11	8.70012184673e-08	0.054157178294	0.0305487581537	0.520208689138
0.0154159948385	1.9948672624e-11	7.98618927971e-08	0.0541867739224	0.030519162809	0.520697902127
0.0154159949625	1.7751639066e-11	7.33082367454e-08	0.0542154655469	0.0304904714377	0.521173078934
0.0154159950733	1.57965218553e-11	6.72922252481e-08	0.0542432807256	0.0304626564849	0.521634595236
0.0154159951723	1.4056690594e-11	6.17697691568e-08	0.0542702461797	0.0304356912324	0.522082818241
0.0154159952606	1.25084178484e-11	5.6706597251e-08	0.0542963878185	0.0304095497734	0.522518106783
0.0154159953395	1.11301137716e-11	5.20948636185e-08	0.0543217279386	0.0303842098137	0.522940764252
0.01541599541	9.90365508163e-12	4.78580791813e-08	0.0543462726916	0.0303596652038	0.523350828378
0.0154159954729	8.81231734914e-12	4.39657708194e-08	0.0543700469992	0.030335891024	0.523748653673
0.015415995529	7.84121763183e-12	4.03899407999e-08	0.0543930750047	0.0303128631323	0.524134585919
0.0154159955791	6.97711178892e-12	3.71048658314e-08	0.0544153800974	0.0302905581411	0.524508962313
0.0154159956238	6.20821409425e-12	3.40869124152e-08	0.0544369849358	0.0302689533933	0.524872111598
0.0154159956637	5.5240366961e-12	3.13143671753e-08	0.0544579114703	0.0302480269394	0.525224354214
0.0154159956993	4.91524674118e-12	2.87672809518e-08	0.0544781809654	0.0302277575163	0.525566002441
0.015415995731	4.37322798122e-12	2.64581725783e-08	0.0544978140207	0.0302081245252	0.525897360543
0.0154159957594	3.89096252774e-12	2.43347837849e-08	0.0545168070878	0.0301891315154	0.526218327471
0.0154159957847	3.46187142852e-12	2.23817680866e-08	0.0545351806547	0.0301707579994	0.526529210036
0.0154159958072	3.08009285544e-12	2.05854595621e-08	0.0545529549014	0.0301529837982	0.526830312685
0.0154159958273	2.74041101714e-12	1.8933288e-08	0.054570149352	0.0301357893881	0.527121931459
0.0154159958452	2.43818498067e-12	1.74136910958e-08	0.0545867828962	0.0301191558801	0.52740435417
0.0154159958612	2.16928533234e-12	1.60160336805e-08	0.0546028738096	0.0301030649988	0.527677860586
0.0154159958755	1.93003781478e-12	1.47305334162e-08	0.0546184397739	0.0300874990632	0.527942722611
0.0154159958882	1.71708989235e-12	1.35626226987e-08	0.0546334978958	0.0300724409669	0.528199204464
0.0154159958995	1.52757186365e-12	1.24920779385e-08	0.0546480485312	0.0300578903542	0.528447286615
0.0154159959096	1.35896860384e-12	1.15060192266e-08	0.0546621028088	0.030043836097	0.528687134286
0.0154159959186	1.20897237797e-12	1.05977807552e-08	0.0546756776433	0.0300302612806	0.528919013077
0.0154159959266	1.07553003472e-12	9.76122244947e-09	0.0546887893741	0.0300171495658	0.529143180533
0.0154159959338	9.56814928654e-13	8.99068852274e-09	0.0547014537851	0.0300044851691	0.529359886354
0.0154159959401	8.51201937996e-13	8.28096929794e-09	0.054713686123	0.029992252844	0.529569372602
0.0154159959458	7.57245237024e-13	7.62726603602e-09	0.0547255011158	0.0299804378626	0.529771873905
0.0154159959509	6.73650996445e-13	7.02905225479e-09	0.0547369129903	0.0299690259983	0.529967617657
0.0154159959554	5.99229698543e-13	6.48484216291e-09	0.0547479292632	0.0299580097344	0.530156717305
0.0154159959594	5.33029228086e-13	5.98275999788e-09	0.0547585510499	0.0299473879558	0.530339177183
0.015415995963	4.74141602763e-13	5.51954529513e-09	0.0547687924657	0.0299371465471	0.530515225734
0.0154159959662	4.21759109315e-13	5.09218985426e-09	0.0547786671218	0.0299272718974	0.530685083864
0.015415995969	3.75163233118e-13	4.69791822968e-09	0.0547881881429	0.029917750882	0.530848965175
0.0154159959715	3.33714809694e-13	4.3341697291e-09	0.0547973681846	0.0299085708453	0.531007076184
0.0154159959738	2.9684526331e-13	3.99858180349e-09	0.0548062194504	0.029899719584	0.531159616535
0.0154159959758	2.64048812715e-13	3.68897472099e-09	0.0548147537076	0.0298911853309	0.531306779213
0.0154159959776	2.34959691474e-13	3.37777410821e-09	0.0548229823026	0.0298829567395	0.531448750744
0.0154159959792	2.09127918135e-13	3.08549073841e-09	0.0548309790637	0.0298749599815	0.531586797301
0.0154159959806	1.86125731859e-13	2.82625013209e-09	0.0548387709544	0.0298671680936	0.531721378346
0.0154159959818	1.6553269404e-13	2.61471077593e-09	0.0548463419837	0.0298595970668	0.531852211986
0.015415995983	1.47217907038e-13	2.41900285087e-09	0.0548536201935	0.0298523188593	0.531978048045
0.015415995984	1.30929348149e-13	2.23794175285e-09	0.0548606169029	0.0298453221518	0.532099075001
0.0154159959849	1.164428701e-13	2.0704314943e-09	0.054867342994	0.0298385960625	0.532215474406
0.0154159959856	1.03559118363e-13	1.91545807754e-09	0.0548738089286	0.0298321301296	0.532327421129
0.0154159959864	9.21007892899e-14	1.77208336338e-09	0.0548800247643	0.0298259142952	0.532435083585
0.015415995987	8.19101914198e-14	1.63943939806e-09	0.0548860001705	0.0298199388903	0.532538623964
0.0154159959875	7.28470764279e-14	1.5167231642e-09	0.0548917444428	0.0298141946191	0.532638198452
0.015415995988	6.47867099232e-14	1.40319172411e-09	0.0548972665181	0.0298086725448	0.532733957438
0.0154159959885	5.76181555729e-14	1.29815772621e-09	0.0549025749876	0.0298033640762	0.532826045723
0.0154159959889	5.1242748972e-14	1.20098524734e-09	0.0549076781109	0.0297982609537	0.532914602721
0.0154159959892	4.55718495526e-14	1.11215957551e-09	0.0549125838284	0.0297933552369	0.532999762646
0.0154159959895	4.05228730283e-14	1.03154667363e-09	0.0549172951298	0.0297886439361	0.533081574052
0.0154159959898	3.60332522334e-14	9.56776372886e-10	0.0549218118819	0.0297841271846	0.533160031431
0.0154159959901	3.20410225686e-14	8.87425270804e-10	0.0549261421156	0.0297797969513	0.533235271281
0.0154159959903	2.84910831681e-14	8.23100642239e-10	0.0549302935308	0.0297756455366	0.533307424628
0.0154159959905	2.53344367039e-14	7.63438217311e-10	0.0549342735096	0.0297716655582	0.533376617236
0.0154159959907	2.25275133716e-14	7.08100120226e-10	0.0549380891295	0.0297678499386	0.533442969814
0.0154159959908	2.00315697397e-14	6.56772957343e-10	0.054941747176	0.0297641918924	0.533506598212
0.015415995991	1.78121541719e-14	6.09166043675e-10	0.0549452541547	0.029760684914	0.533567613613
0.0154159959911	1.58386314522e-14	5.65009757816e-10	0.0549486163026	0.0297573227663	0.533626122715
0.0154159959912	1.40837600571e-14	5.24054015995e-10	0.0549518395995	0.0297540994696	0.533682227908
0.0154159959913	1.25233162457e-14	4.86066856636e-10	0.0549549297784	0.029751009291	0.533736027446
0.0154159959914	1.11356944103e-14	4.50963211833e-10	0.0549578923355	0.0297480467341	0.533787615606
0.0154159959914	9.9005418702e-15	4.1918657687e-10	0.0549607317045	0.0297452073652	0.533837068291
0.0154159959915	8.80238596489e-15	3.8964892672e-10	0.0549634475153	0.0297424915545	0.533884377827
0.0154159959916	7.82603240633e-15	3.62192515737e-10	0.0549660451436	0.0297398939263	0.533929636706
0.0154159959916	6.95797200552e-15	3.36670710615e-10	0.0549685297313	0.0297374093387	0.533972933461
0.0154159959917	6.18619380385e-15	3.12947207746e-10	0.0549709061967	0.0297350328735	0.534014352834
0.0154159959917	5.50001892509e-15	2.90895305683e-10	0.0549731792441	0.0297327598262	0.534053975933
0.0154159959918	4.88995285064e-15	2.70397228825e-10	0.0549753533732	0.0297305856971	0.534091880389
0.0154159959918	4.34755407556e-15	2.51343498732e-10	0.0549774328881	0.0297285061823	0.5341281405
0.0154159959918	3.86531732912e-15	2.33632349699e-10	0.0549794219055	0.0297265171649	0.534162827372
0.0154159959919	3.43656974506e-15	2.17169185484e-10	0.0549813243633	0.0297246147072	0.534196009058
0.0154159959919	3.05537854579e-15	2.01866074303e-10	0.0549831440279	0.0297227950427	0.534227750682
0.0154159959919	2.71646896371e-15	1.87641279373e-10	0.0549848845018	0.0297210545688	0.534258114569
0.0154159959919	2.41509828023e-15	1.74584331992e-10	0.0549865492309	0.0297193898397	0.534287160359
0.0154159959919	2.14697311487e-15	1.62569488183e-10	0.054988139967	0.0297177991037	0.534314918178
0.0154159959919	1.90861475085e-15	1.51381475556e-10	0.0549896586162	0.0297162804545	0.534341420878
0.015415995992	1.69671861309e-15	1.40963396666e-10	0.0549911084449	0.0297148306258	0.534366725087
0.015415995992	1.50834697262e-15	1.31262269071e-10	0.0549924925716	0.0297134464991	0.534390884887
0.015415995992	1.34088822434e-15	1.22228755981e-10	0.0549938139734	0.0297121250974	0.53441395193
0.015415995992	1.19202068493e-15	1.13816915442e-10	0.0549950754925	0.0297108635783	0.534435975546
0.015415995992	1.05968040919e-15	1.05983966769e-10	0.0549962798423	0.0297096592285	0.534457002846
0.015415995992	9.42032578802e-16	9.86900730394e-11	0.0549974296135	0.0297085094573	0.534477078824
0.015415995992	8.37446067089e-16	9.18981385587e-11	0.0549985272792	0.0297074117916	0.534496246447
0.015415995992	7.44470827071e-16	8.55736202522e-11	0.0549995752005	0.0297063638703	0.534514546747
0.015415995992	6.6181778963e-16	7.96843520327e-11	0.0550005756317	0.0297053634391	0.534532018911
0.015415995992	5.88340993067e-16	7.42003812508e-11	0.0550015307247	0.0297044083461	0.534548700358
0.015415995992	5.23004908982e-16	6.91599672528e-11	0.055002442534	0.0297034965368	0.534564626824
0.015415995992	4.64894206305e-16	6.45011354685e-11	0.0550033121606	0.0297026269102	0.534579817401
0.015415995992	4.13240073521e-16	6.01561312342e-11	0.0550041409981	0.0297017980728	0.534594296303
0.015415995992	3.67325143922e-16	5.61038152032e-11	0.0550049309594	0.0297010081114	0.534608096834
0.015415995992	3.26511753277e-16	5.23244718969e-11	0.055005683868	0.0297002552029	0.534621250741
0.015415995992	2.90233084796e-16	4.87997138063e-11	0.0550064014617	0.0296995376092	0.534633788289
0.0154159959921	2.57985297862e-16	4.55123919517e-11	0.0550070853968	0.0296988536741	0.534645738331
0.0154159959921	2.29320531235e-16	4.24465124651e-11	0.055007737252	0.0296982018189	0.53465712837
0.0154159959921	2.038406836e-16	3.9587158791e-11	0.0550083585319	0.029697580539	0.534667984625
0.0154159959921	1.81191885079e-16	3.69204191256e-11	0.0550089506707	0.0296969884002	0.534678332089
0.0154159959921	1.61059582964e-16	3.44333187432e-11	0.055009515035	0.0296964240359	0.534688194587
0.0154159959921	1.43164173421e-16	3.21137568801e-11	0.0550100529277	0.0296958861432	0.53469759483
0.0154159959921	1.27257118518e-16	2.99504478692e-11	0.0550105655903	0.0296953734806	0.534706554469
0.0154159959921	1.13116209009e-16	2.79484462641e-11	0.0550110542062	0.0296948848647	0.534715094139
0.0154159959921	1.00539279256e-16	2.61012665798e-11	0.0550115196384	0.0296944194325	0.534723228884
0.0154159959921	8.93607187851e-17	2.43761701193e-11	0.0550119625978	0.0296939764731	0.534730971088
0.0154159959921	7.94250508013e-17	2.27650883409e-11	0.0550123841693	0.0296935549016	0.534738339682
0.0154159959921	7.0594084904e-17	2.12604859406e-11	0.0550127853857	0.0296931536853	0.534745352686
0.0154159959921	6.27449951598e-17	1.98553256136e-11	0.0550131672296	0.0296927718413	0.534752027249
0.0154159959921	5.57686118565e-17	1.85430351431e-11	0.0550135306366	0.0296924084343	0.534758379695
0.0154159959921	4.9567903177e-17	1.73174766647e-11	0.0550138764967	0.0296920625742	0.534764425563
0.0154159959921	4.40566256814e-17	1.61729179619e-11	0.0550142056572	0.0296917334137	0.534770179641
0.0154159959921	3.91581248286e-17	1.51040056581e-11	0.0550145189244	0.0296914201465	0.534775656006
0.0154159959921	3.48042688562e-17	1.41057401799e-11	0.0550148170657	0.0296911220052	0.534780868055
0.0154159959921	3.09345011922e-17	1.31734523755e-11	0.0550151008113	0.0296908382596	0.53478582854
0.0154159959921	2.74949982219e-17	1.23027816782e-11	0.0550153708565	0.0296905682144	0.534790549599
0.0154159959921	2.44379206943e-17	1.14896557118e-11	0.0550156278626	0.0296903112083	0.534795042783
0.0154159959921	2.17187499326e-17	1.07471034567e-11	0.0550158724593	0.0296900666116	0.534799319088
0.0154159959921	1.93018912802e-17	1.00537332973e-11	0.0550161048598	0.0296898342112	0.53480338223
0.0154159959921	1.71539794135e-17	9.40509700097e-12	0.0550163256431	0.0296896134278	0.534807242324
0.0154159959921	1.52450862e-17	8.7983085205e-12	0.05501653539	0.0296894036809	0.534810909515
0.0154159959921	1.35486138605e-17	8.2306680017e-12	0.0550167346522	0.0296892044187	0.534814393441
0.0154159959921	1.20409243758e-17	7.69964977141e-12	0.0550169239537	0.0296890151172	0.534817703256
0.0154159959921	1.07010101318e-17	7.20289110051e-12	0.0550171037925	0.0296888352784	0.534820847661
0.0154159959921	9.51020121391e-18	6.73818169188e-12	0.0550172746416	0.0296886644293	0.534823834919
0.0154159959921	8.45190527297e-18	6.30345384646e-12	0.0550174369503	0.0296885021206	0.534826672883
0.0154159959921	7.51137633763e-18	5.89677326366e-12	0.0550175911456	0.0296883479253	0.534829369013
0.0154159959921	6.67550935303e-18	5.51633043537e-12	0.055017737633	0.029688201438	0.534831930394
0.0154159959921	5.93265758231e-18	5.16043259501e-12	0.0550178767978	0.0296880622732	0.534834363762
0.0154159959921	5.27247032737e-18	4.82749618605e-12	0.055018009006	0.0296879300649	0.534836675511
0.0154159959921	4.68574187428e-18	4.51636104167e-12	0.0550181346055	0.0296878044654	0.534838871721
0.0154159959921	4.16416155218e-18	4.22742638449e-12	0.0550182539178	0.0296876851531	0.534840958012
0.0154159959921	3.70063940101e-18	3.95697629645e-12	0.0550183671962	0.0296875718747	0.53484293881
0.0154159959921	3.2887128615e-18	3.70382823501e-12	0.0550184747459	0.029687464325	0.534844819449
0.0154159959921	2.92263873125e-18	3.46687530957e-12	0.0550185768566	0.0296873622143	0.534846604992
0.0154159959921	2.59731309237e-18	3.24508144187e-12	0.0550186738033	0.0296872652676	0.534848300248
0.0154159959921	2.30820015208e-18	3.03747683583e-12	0.0550187658472	0.0296871732238	0.534849909781
0.0154159959921	2.05126900405e-18	2.84315373733e-12	0.0550188532361	0.0296870858348	0.534851437925
0.0154159959921	1.82293742888e-18	2.66126246512e-12	0.0550189362057	0.0296870028653	0.534852888795
0.0154159959921	1.62002195021e-18	2.49100769575e-12	0.0550190149792	0.0296869240917	0.534854266299
0.0154159959921	1.43969345006e-18	2.33164498606e-12	0.055019089769	0.0296868493019	0.534855574147
0.0154159959921	1.27943772469e-18	2.18247751822e-12	0.0550191607765	0.0296867782944	0.534856815859
0.0154159959921	1.13702043109e-18	2.04285305296e-12	0.055019228193	0.029686710878	0.53485799478
0.0154159959921	1.01045593518e-18	1.91216107767e-12	0.0550192922	0.0296866468709	0.534859114086
0.0154159959921	8.97979627667e-19	1.78983013704e-12	0.0550193529701	0.0296865861009	0.534860176789
0.0154159959921	7.98023321407e-19	1.67532533435e-12	0.0550194106668	0.0296865284041	0.534861185754
0.0154159959921	7.09193387305e-19	1.56814599274e-12	0.0550194654457	0.0296864736252	0.534862143696
0.0154159959921	6.30251323967e-19	1.46782346595e-12	0.0550195174543	0.0296864216166	0.534863053196
0.0154159959921	5.60096490155e-19	1.37391908925e-12	0.0550195668327	0.0296863722382	0.534863916703
0.0154159959921	4.97750759319e-19	1.28602226136e-12	0.0550196137139	0.029686325357	0.534864736543
0.0154159959921	4.42344882255e-19	1.20374864912e-12	0.0550196582242	0.0296862808467	0.534865514924
0.0154159959921	3.93106367765e-19	1.12673850702e-12	0.0550197004835	0.0296862385874	0.534866253942
0.0154159959921	3.49348712328e-19	1.05465510419e-12	0.0550197406056	0.0296861984653	0.534866955589
0.0154159959921	3.10461828644e-19	9.8718325207e-13	0.0550197786987	0.0296861603723	0.534867621753
0.0154159959921	2.75903539589e-19	9.24027926267e-13	0.0550198148653	0.0296861242057	0.534868254229
0.0154159959921	2.45192018994e-19	8.64912976528e-13	0.0550198492028	0.0296860898681	0.53486885472
0.0154159959921	2.17899073854e-19	8.09579919299e-13	0.0550198818038	0.0296860572671	0.534869424845
0.0154159959921	1.93644174308e-19	7.57786807496e-13	0.0550199127561	0.0296860263148	0.534869966138
0.0154159959921	1.7208914815e-19	7.09307172593e-13	0.0550199421431	0.0296859969278	0.534870480057
0.0154159959921	1.52933465909e-19	6.63929034386e-13	0.0550199700439	0.029685969027	0.534870967987
0.0154159959921	1.35910050756e-19	6.21453974105e-13	0.0550199965337	0.0296859425373	0.534871431242
0.0154159959921	1.20781554808e-19	5.81696266827e-13	0.0550200216838	0.0296859173871	0.53487187107
0.0154159959921	1.07337049943e-19	5.44482069388e-13	0.055020045562	0.0296858935089	0.534872288655
0.0154159959921	9.53890869475e-20	5.0964866025e-13	0.0550200682326	0.0296858708383	0.534872685123
0.0154159959921	8.47444348638e-20	4.80173799239e-13	0.0550200897567	0.0296858493142	0.53487306154
0.0154159959921	7.52709893896e-20	4.53339430237e-13	0.0550201100527	0.0296858290182	0.534873416481
0.0154159959921	6.68565649713e-20	4.28004690876e-13	0.0550201291469	0.029685809924	0.534873750405
0.0154159959921	5.93827754229e-20	4.04085774977e-13	0.0550201471105	0.0296857919604	0.534874064557
0.0154159959921	5.27444687426e-20	3.81503559821e-13	0.0550201640104	0.0296857750605	0.534874360107
0.0154159959921	4.68482476875e-20	3.60183344418e-13	0.0550201799096	0.0296857591613	0.534874638157
0.0154159959921	4.16111557313e-20	3.40054602402e-13	0.0550201948674	0.0296857442035	0.534874899744
0.0154159959921	3.69595099155e-20	3.21050748739e-13	0.0550202089395	0.0296857301314	0.534875145841
0.0154159959921	3.28278641739e-20	3.03108919465e-13	0.0550202221784	0.0296857168926	0.534875377367
0.0154159959921	2.91580885456e-20	2.86169763736e-13	0.0550202346333	0.0296857044376	0.534875595183
0.0154159959921	2.58985513199e-20	2.70177247505e-13	0.0550202463507	0.0296856927202	0.534875800102
0.0154159959921	2.30033926088e-20	2.5507846816e-13	0.0550202573744	0.0296856816966	0.534875992887
0.0154159959921	2.0431879125e-20	2.40823479527e-13	0.0550202677452	0.0296856713257	0.534876174258
0.0154159959921	1.8147831088e-20	2.27365126654e-13	0.055020277502	0.0296856615689	0.534876344889
0.0154159959921	1.61191131953e-20	2.14658889821e-13	0.0550202866811	0.0296856523898	0.534876505416
0.0154159959921	1.43171824973e-20	2.02662737277e-13	0.0550202953167	0.0296856437543	0.534876656438
0.0154159959921	1.27166868141e-20	1.91336986194e-13	0.0550203034409	0.02968563563	0.534876798518
0.0154159959921	1.12951080449e-20	1.80644171407e-13	0.055020311084	0.0296856279869	0.534876932185
0.0154159959921	1.00324453508e-20	1.70548921474e-13	0.0550203182746	0.0296856207963	0.534877057937
0.0154159959921	8.9109337546e-21	1.61017841675e-13	0.0550203250394	0.0296856140315	0.534877176243
0.0154159959921	7.91479419727e-21	1.52019403539e-13	0.0550203314037	0.0296856076673	0.534877287544
0.0154159959921	7.03001153552e-21	1.43523840553e-13	0.0550203373911	0.0296856016799	0.534877392255
0.0154159959921	6.24413735658e-21	1.35503049696e-13	0.0550203430239	0.029685596047	0.534877490765
0.0154159959921	5.54611483593e-21	1.27930498472e-13	0.0550203483233	0.0296855907477	0.534877583443
0.0154159959921	4.92612317389e-21	1.20781137145e-13	0.0550203533088	0.0296855857621	0.534877670632
0.0154159959921	4.37543942247e-21	1.14031315876e-13	0.0550203579991	0.0296855810718	0.534877752659
0.0154159959921	3.88631575821e-21	1.07658706487e-13	0.0550203624117	0.0296855766592	0.534877829829
0.0154159959921	3.45187047468e-21	1.01642228605e-13	0.0550203665631	0.0296855725078	0.53487790243
0.0154159959921	3.06599116055e-21	9.59619799255e-14	0.0550203704686	0.0296855686023	0.534877970732
0.0154159959921	2.72314006551e-21	9.07747563656e-14	0.0550203741428	0.0296855649281	0.534878034989
0.0154159959921	2.4179049786e-21	8.61685470018e-14	0.0550203775927	0.0296855614782	0.534878095322
0.0154159959921	2.14688350193e-21	8.17960718006e-14	0.0550203808196	0.0296855582513	0.534878151756
0.0154159959921	1.90624065364e-21	7.76454703283e-14	0.055020383838	0.0296855552329	0.534878204543
0.0154159959921	1.6925713125e-21	7.37054839876e-14	0.0550203866613	0.0296855524096	0.534878253919
0.0154159959921	1.50285203509e-21	6.9965425479e-14	0.0550203893022	0.0296855497687	0.534878300104
0.0154159959921	1.33439827385e-21	6.6415149811e-14	0.0550203917724	0.0296855472985	0.534878343304
0.0154159959921	1.18482639042e-21	6.30450267818e-14	0.0550203940829	0.029685544988	0.534878383712
0.0154159959921	1.05201992694e-21	5.98459148575e-14	0.0550203962442	0.0296855428268	0.534878421509
0.0154159959921	9.34099657953e-22	5.6809136375e-14	0.0550203982657	0.0296855408052	0.534878456863
0.0154159959921	8.29396999211e-22	5.39264540042e-14	0.0550204001566	0.0296855389143	0.534878489933
0.0154159959921	7.36430397005e-22	5.11900484039e-14	0.0550204019254	0.0296855371456	0.534878520865
0.0154159959921	6.53884364051e-22	4.85924970115e-14	0.0550204035798	0.0296855354911	0.534878549798
0.0154159959921	5.80590865203e-22	4.61267539098e-14	0.0550204051273	0.0296855339436	0.534878576862
0.0154159959921	5.15512789644e-22	4.37861307139e-14	0.0550204065748	0.0296855324962	0.534878602176
0.0154159959921	4.57729275657e-22	4.15642784298e-14	0.0550204079287	0.0296855311422	0.534878625855
0.0154159959921	4.06422680341e-22	3.94551702319e-14	0.0550204091951	0.0296855298758	0.534878648003
0.0154159959921	3.60867009876e-22	3.74530851154e-14	0.0550204103797	0.0296855286912	0.53487866872
0.0154159959921	3.20417646638e-22	3.55525923782e-14	0.0550204114878	0.0296855275831	0.534878688098
0.0154159959921	2.84502227791e-22	3.37485368896e-14	0.0550204125242	0.0296855265467	0.534878706224
0.0154159959921	2.52612546297e-22	3.2036025107e-14	0.0550204134937	0.0296855255772	0.534878723178
0.0154159959921	2.24297359727e-22	3.04104118024e-14	0.0550204144005	0.0296855246704	0.534878739037
0.0154159959921	1.99156005137e-22	2.88672874616e-14	0.0550204152487	0.0296855238222	0.534878753871
0.0154159959921	1.76832729647e-22	2.74024663237e-14	0.0550204160421	0.0296855230288	0.534878767746
0.0154159959921	1.57011656496e-22	2.60119750272e-14	0.0550204167842	0.0296855222867	0.534878780725
0.0154159959921	1.39412315356e-22	2.46920418316e-14	0.0550204174784	0.0296855215926	0.534878792865
0.0154159959921	1.23785673643e-22	2.34390863872e-14	0.0550204181276	0.0296855209433	0.53487880422
0.0154159959921	1.09910612685e-22	2.22497100229e-14	0.055020418735	0.0296855203359	0.534878814841
0.0154159959921	9.75907988642e-23	2.11206865271e-14	0.0550204193031	0.0296855197678	0.534878824776
0.0154159959921	8.6651905479e-23	2.0048953397e-14	0.0550204198344	0.0296855192365	0.534878834069
0.0154159959921	7.69322734949e-23	1.90777822139e-14	0.0550204203315	0.0296855187394	0.534878842762
0.0154159959921	6.82927121576e-23	1.8178869497e-14	0.0550204207952	0.0296855182757	0.534878850872
0.0154159959921	6.06233810772e-23	1.73223120207e-14	0.0550204212272	0.0296855178437	0.534878858427
0.0154159959921	5.38153225529e-23	1.65061140781e-14	0.0550204216297	0.0296855174412	0.534878865466
0.0154159959921	4.77718149282e-23	1.57283739965e-14	0.0550204220046	0.0296855170663	0.534878872023
0.0154159959921	4.24069984723e-23	1.49872797069e-14	0.0550204223539	0.029685516717	0.534878878132
0.0154159959921	3.76446555767e-23	1.42811045219e-14	0.0550204226793	0.0296855163916	0.534878883822
0.0154159959921	3.34171279367e-23	1.36082031127e-14	0.0550204229825	0.0296855160884	0.534878889124
0.0154159959921	2.96643553336e-23	1.29670076755e-14	0.0550204232649	0.029685515806	0.534878894063
0.0154159959921	2.63330223637e-23	1.23560242787e-14	0.0550204235279	0.029685515543	0.534878898663
0.0154159959921	2.33758009893e-23	1.17738293824e-14	0.055020423773	0.0296855152979	0.53487890295
0.0154159959921	2.07506781526e-23	1.12190665214e-14	0.0550204240014	0.0296855150696	0.534878906943
0.0154159959921	1.84203588985e-23	1.06904431447e-14	0.0550204242141	0.0296855148569	0.534878910663
0.0154159959921	1.63517365281e-23	1.01867276042e-14	0.0550204244122	0.0296855146587	0.534878914128
0.0154159959921	1.45154222532e-23	9.70674628496e-15	0.0550204245968	0.0296855144741	0.534878917356
0.0154159959921	1.28853276725e-23	9.24938087086e-15	0.0550204247688	0.0296855143021	0.534878920364
0.0154159959921	1.14382941345e-23	8.81356573881e-15	0.055020424929	0.0296855141419	0.534878923166
0.0154159959921	1.01537637247e-23	8.39828547613e-15	0.0550204250782	0.0296855139927	0.534878925776
0.0154159959921	9.0134872001e-24	8.00257251464e-15	0.0550204252173	0.0296855138536	0.534878928207
0.0154159959921	8.00126472371e-24	7.62550487633e-15	0.0550204253468	0.0296855137241	0.534878930473
0.0154159959921	7.10271571426e-24	7.26620402522e-15	0.0550204254675	0.0296855136034	0.534878932583
0.0154159959921	6.2996522161e-24	7.0701214121e-15	0.0550204255799	0.029685513491	0.534878934549
0.0154159959921	5.58125336426e-24	6.95008184038e-15	0.0550204256823	0.0296855133886	0.534878936341
0.0154159959921	4.94477917925e-24	6.83208035224e-15	0.0550204257747	0.0296855132962	0.534878937956
0.0154159959921	4.38088714752e-24	6.71608234425e-15	0.0550204258579	0.029685513213	0.534878939412
0.0154159959921	3.88130015576e-24	6.60205380045e-15	0.0550204259329	0.029685513138	0.534878940723
0.0154159959921	3.43868499493e-24	6.48996128244e-15	0.0550204260006	0.0296855130704	0.534878941906
0.0154159959921	3.04654471941e-24	6.37977191954e-15	0.0550204260615	0.0296855130094	0.534878942971
0.0154159959921	2.69912328138e-24	6.27145339916e-15	0.0550204261164	0.0296855129545	0.534878943932
0.0154159959921	2.39132104035e-24	6.16497395734e-15	0.0550204261659	0.029685512905	0.534878944797
0.0154159959921	2.11861990794e-24	6.06030236941e-15	0.0550204262105	0.0296855128604	0.534878945578
0.0154159959921	1.87701702887e-24	5.95740794084e-15	0.0550204262507	0.0296855128202	0.534878946281
0.0154159959921	1.66296602491e-24	5.85626049827e-15	0.0550204262869	0.029685512784	0.534878946914
0.0154159959921	1.47332493921e-24	5.7568303806e-15	0.0550204263196	0.0296855127513	0.534878947485
0.0154159959921	1.30531011696e-24	5.65908843037e-15	0.055020426349	0.0296855127219	0.534878948
0.0154159959921	1.15645534537e-24	5.56300598513e-15	0.0550204263756	0.0296855126954	0.534878948464
0.0154159959921	1.02457565328e-24	5.4685548691e-15	0.0550204263995	0.0296855126715	0.534878948882
0.0154159959921	9.07735238965e-25	5.37570738486e-15	0.055020426421	0.0296855126499	0.534878949259
0.0154159959921	8.04219055387e-25	5.28443630527e-15	0.0550204264404	0.0296855126305	0.534878949599
0.0154159959921	7.12507635794e-25	5.19471486544e-15	0.0550204264579	0.029685512613	0.534878949905
0.0154159959921	6.31254790172e-25	5.10651675493e-15	0.0550204264737	0.0296855125972	0.53487895018
0.0154159959921	5.59268305119e-25	5.01962260143e-15	0.0550204264879	0.029685512583	0.534878950429
0.0154159959921	4.95493248591e-25	4.93397161546e-15	0.0550204265007	0.0296855125702	0.534878950653
0.0154159959921	4.38990654666e-25	4.84978211214e-15	0.0550204265123	0.0296855125586	0.534878950855
0.0154159959921	3.88931222435e-25	4.76702915387e-15	0.0550204265227	0.0296855125482	0.534878951037
0.0154159959921	3.44580218682e-25	4.68568822853e-15	0.0550204265321	0.0296855125388	0.534878951201
0.0154159959921	3.05286694041e-25	4.60573524229e-15	0.0550204265405	0.0296855125304	0.534878951349
0.0154159959921	2.70473928871e-25	4.52714651241e-15	0.0550204265481	0.0296855125228	0.534878951483
0.0154159959921	2.39630968617e-25	4.44989876028e-15	0.055020426555	0.0296855125159	0.534878951603
0.0154159959921	2.12305124415e-25	4.37396910448e-15	0.0550204265612	0.0296855125097	0.534878951711
0.0154159959921	1.88095328883e-25	4.29933505402e-15	0.0550204265668	0.0296855125041	0.534878951809
0.0154159959921	1.66646249568e-25	4.2259745017e-15	0.0550204265718	0.0296855124991	0.534878951897
0.0154159959921	1.47643073646e-25	4.15386571751e-15	0.0550204265764	0.0296855124946	0.534878951976
0.0154159959921	1.30806887357e-25	4.08298734225e-15	0.0550204265804	0.0296855124905	0.534878952047
0.0154159959921	1.15890582318e-25	4.01331838116e-15	0.0550204265841	0.0296855124868	0.534878952112
0.0154159959921	1.02675228662e-25	3.94483819773e-15	0.0550204265875	0.0296855124835	0.53487895217
0.0154159959921	9.09668617579e-26	3.87752650757e-15	0.0550204265904	0.0296855124805	0.534878952222
0.0154159959921	8.05936353482e-26	3.81136337242e-15	0.0550204265931	0.0296855124778	0.534878952269
0.0154159959921	7.14032993236e-26	3.74632919419e-15	0.0550204265956	0.0296855124753	0.534878952312
0.0154159959921	6.32609651155e-26	3.68240470925e-15	0.0550204265978	0.0296855124731	0.53487895235
0.0154159959921	5.60471259067e-26	3.61957098265e-15	0.0550204265997	0.0296855124712	0.534878952385
0.0154159959921	4.96559026037e-26	3.5578094025e-15	0.0550204266015	0.0296855124694	0.534878952416
0.0154159959921	4.39549563982e-26	3.54830698074e-15	0.0550204266031	0.0296855124678	0.534878952444
0.0154159959921	3.89042246526e-26	3.54245155116e-15	0.0550204266046	0.0296855124664	0.534878952469
0.0154159959921	3.44338572904e-26	3.53660578423e-15	0.0550204266058	0.0296855124651	0.534878952491
0.0154159959921	3.0477166387e-26	3.53076966401e-15	0.0550204266069	0.029685512464	0.534878952511
0.0154159959921	2.69751269266e-26	3.52494317458e-15	0.0550204266079	0.029685512463	0.534878952528
0.0154159959921	2.38754962802e-26	3.51912630004e-15	0.0550204266088	0.0296855124621	0.534878952543
0.0154159959921	2.11320348623e-26	3.51331902453e-15	0.0550204266096	0.0296855124613	0.534878952557
0.0154159959921	1.87038163387e-26	3.50752133221e-15	0.0550204266103	0.0296855124606	0.534878952569
0.0154159959921	1.65546170973e-26	3.50173320726e-15	0.0550204266109	0.02968551246	0.53487895258
0.0154159959921	1.46523758721e-26	3.49595463389e-15	0.0550204266114	0.0296855124595	0.534878952589
0.0154159959921	1.29687154608e-26	3.49018559636e-15	0.0550204266119	0.029685512459	0.534878952598
0.0154159959921	1.14785194e-26	3.4844260789e-15	0.0550204266123	0.0296855124586	0.534878952605
0.0154159959921	1.01595572833e-26	3.47867606583e-15	0.0550204266127	0.0296855124582	0.534878952612
0.0154159959921	8.99215313376e-27	3.47293554145e-15	0.0550204266131	0.0296855124579	0.534878952618
0.0154159959921	7.9588918814e-27	3.4672044901e-15	0.0550204266134	0.0296855124576	0.534878952623
