0.0	0.259758131922	0.694875163298	1.0	0.0	0.0
2.91068609337e-12	0.259758094344	0.694875112158	1.00000003936	2.91068617396e-08	0.0001
3.63278057284e-12	0.259758089651	0.694875105772	1.00000004428	3.37409973012e-08	0.000107666666166
4.53401508525e-12	0.259758084212	0.694875098369	1.00000004998	3.91129386901e-08	0.000115921109984
5.65883138774e-12	0.259758077906	0.694875089788	1.00000005658	4.5340152575e-08	0.000124808394383
7.06269651928e-12	0.259758070596	0.69487507984	1.00000006424	5.25588079856e-08	0.000134377037106
8.8148379943e-12	0.259758062123	0.694875068704	1.00000007312	6.09267532608e-08	0.000144679275585
1.10016575513e-11	0.2597580523	0.694875055834	1.00000008341	7.06269681706e-08	0.000155771352107
1.37309917983e-11	0.259758040914	0.694875040915	1.00000009533	8.18715645973e-08	0.00016771382086
1.71374298525e-11	0.259758027715	0.69487502362	1.00000010916	9.49064251488e-08	0.000180571878503
2.13889501989e-11	0.259758012414	0.694875003572	1.00000012519	1.10016579622e-07	0.000194415720089
2.66952040403e-11	0.259757994677	0.694874980333	1.00000014377	1.27532437555e-07	0.000209320922269
3.33178536095e-11	0.259757974117	0.694874953393	1.0000001653	1.47837013314e-07	0.000225368855872
4.15834752386e-11	0.259757950283	0.694874922164	1.00000019027	1.71374301246e-07	0.000242647130121
5.18996634601e-11	0.259757922654	0.694874885964	1.00000021921	1.98658984432e-07	0.000261250070901
6.47751302556e-11	0.259757890626	0.694874844	1.00000025276	2.30287689065e-07	0.000281279235692
8.08447905761e-11	0.2597578535	0.694874795354	1.00000029165	2.66952030494e-07	0.000302843967973
1.00901071134e-10	0.259757810462	0.694874738964	1.00000033674	3.09453736353e-07	0.000326061994136
1.25932986343e-10	0.259757760573	0.694874673596	1.000000389	3.58722177955e-07	0.000351060066151
1.57174908275e-10	0.25975770274	0.69487459782	1.00000044958	4.15834692068e-07	0.000377974653499
1.96167435541e-10	0.2597576357	0.694874509981	1.0000005198	4.82040138368e-07	0.00040695268815
2.44833362562e-10	0.259757557986	0.694874408156	1.00000060121	5.58786207702e-07	0.000438152366638
3.0557249533e-10	0.2597574679	0.694874290119	1.00000069558	6.47751077858e-07	0.000471744013631
3.8137998904e-10	0.259757363471	0.69487415329	1.00000080497	7.50880108152e-07	0.000507911011681
4.75994042811e-10	0.259757242416	0.694873994677	1.00000093178	8.70428378567e-07	0.000546850802251
5.94080234265e-10	0.259757102087	0.69487381081	1.00000107878	1.00900999797e-06	0.000588775963453
7.41461583354e-10	0.259756939417	0.69487359767	1.00000124918	1.16965526512e-06	0.0006339153704
9.25405689586e-10	0.259756750848	0.694873350596	1.00000144671	1.35587692819e-06	0.000682515444479
1.15498310086e-09	0.259756532257	0.694873064185	1.00000167569	1.57174699419e-06	0.000734841498357
1.44151458423e-09	0.259756278864	0.694872732175	1.00000194112	1.82198576464e-06	0.000791179184067
1.79912935203e-09	0.259755985129	0.694872347305	1.00000224882	2.11206504768e-06	0.000851836052036
2.24546176736e-09	0.259755644628	0.69487190116	1.0000026055	2.44832779938e-06	0.000917143229569
2.80252087994e-09	0.259755249918	0.694871383986	1.00000301898	2.83812681159e-06	0.000987457227918
3.49777566383e-09	0.259754792365	0.694870784472	1.00000349828	3.28998547792e-06	0.00106316188777
4.36550946206e-09	0.259754261968	0.69487008951	1.00000405388	3.81378415142e-06	0.00114467047372
5.44851041374e-09	0.259753647127	0.694869283905	1.00000469795	4.42097616621e-06	0.00123242792918
6.80018120055e-09	0.2597529344	0.694868350041	1.00000544456	5.12483824726e-06	0.00132691330386
8.48717211727e-09	0.259752108202	0.694867267499	1.00000631003	5.94076077619e-06	0.00142864236709
1.05926672635e-08	0.25975115047	0.69486601261	1.00000731329	6.88658425954e-06	0.00153817042116
1.32204858396e-08	0.259750040264	0.694864557934	1.00000847628	7.98298934902e-06	0.00165609532982
1.65002006967e-08	0.25974875331	0.694862871667	1.00000982442	9.25394893365e-06	0.00178306077843
2.05935264085e-08	0.259747261472	0.694860916939	1.00001138719	1.07272521802e-05	0.00191975978333
2.57022916771e-08	0.259745532134	0.694858651012	1.00001319876	1.24351119639e-05	0.00206693846938
3.20783889216e-08	0.259743527489	0.694856024345	1.00001529874	1.44148689539e-05	0.00222540013593
4.00361912684e-08	0.259741203715	0.694852979512	1.00001773304	1.67098077215e-05	0.00239600963317
4.99680486522e-08	0.259738510011	0.694849449946	1.00002055488	1.93701026805e-05	0.00257969807227
6.23636263019e-08	0.259735387498	0.694845358484	1.00002382596	2.24539144976e-05	0.00277746789436
7.78340379771e-08	0.259731767921	0.694840615685	1.00002761777	2.60286608799e-05	0.00299039832551
9.71419621958e-08	0.259727572171	0.694835117873	1.00003201322	3.01724894418e-05	0.00321965124646
1.21239223917e-07	0.259722708548	0.694828744871	1.00003710838	3.49759847399e-05	0.00346647750818
1.51313691102e-07	0.259717070767	0.694821357383	1.00004301463	4.05441466447e-05	0.00373222372629
1.88847793222e-07	0.259710535638	0.694812793948	1.00004986106	4.69986830971e-05	0.00401833958982
2.35691539407e-07	0.259702960379	0.69480286742	1.0000577973	5.44806671009e-05	0.00432638572203
2.941536254e-07	0.259694179503	0.694791360882	1.00006699679	6.31536156638e-05	0.00465804213367
3.6711510533e-07	0.259684001218	0.694778022919	1.00007766056	7.32070575024e-05	0.00501511731148
4.58171209587e-07	0.259672203248	0.694762562133	1.00009002159	8.48606668295e-05	0.00539955798747
5.71808267272e-07	0.259658528	0.694744640797	1.00010434994	9.83690526879e-05	0.00581345963723
7.13624407234e-07	0.259642676965	0.694723867503	1.00012095858	0.000114027307307	0.00625907775821
8.90604848005e-07	0.259624304237	0.694699788638	1.00014021024	0.000132177433132	0.00673883998159
1.11146524633e-06	0.25960300901	0.694671878528	1.00016252527	0.0001532157868	0.00725535907404
1.38707988305e-06	0.259578326898	0.69463952801	1.00018839083	0.000177601699826	0.00781144688785
1.7310155808e-06	0.259549719891	0.694602031222	1.0002183714	0.000205867460425	0.00841012932041
2.16019736331e-06	0.259516564741	0.694558570293	1.0002531211	0.00023862986929	0.00905466234529
2.69573822099e-06	0.259478139535	0.694508197645	1.00029339779	0.000276603614674	0.00974854917878
3.36397323479e-06	0.259433608177	0.694449815515	1.00034007955	0.000320616749413	0.0104955586456
4.19774809119e-06	0.25938200247	0.694382152277	1.00039418358	0.000371628595106	0.011299744807
5.23802413872e-06	0.259322201432	0.694303735074	1.00045688815	0.000430750447231	0.0121654679121
6.53587712799e-06	0.259252907436	0.694212858196	1.00052955796	0.000499269510165	0.01309741673
8.1549853e-06	0.259172618709	0.69410754658	1.0006137734	0.000578676553576	0.0141006323111
1.01747253336e-05	0.259079597674	0.693985513671	1.00071136437	0.000670697852154	0.0151805332207
1.26940227855e-05	0.258971834526	0.693844112851	1.00082444923	0.000777332049716	0.0163429422699
1.58361381926e-05	0.258847005402	0.693680281472	1.00095547982	0.00090089267691	0.0175941147531
1.97546123031e-05	0.258702424395	0.693490476441	1.0011072932	0.00104405714924	0.0189407681749
2.46406455323e-05	0.25853498862	0.693270600173	1.00128317126	0.00120992317892	0.0203901134172
3.07322495136e-05	0.25834111544	0.693015915581	1.00148690917	0.00140207364961	0.0219498872526
3.83255845851e-05	0.258116670925	0.692720948647	1.00172289398	0.00162465112578	0.0236283860578
4.7788988469e-05	0.257856888549	0.692379376952	1.00199619465	0.00188244329637	0.0254345005082
5.95803106535e-05	0.257556277101	0.691983902446	1.002312665	0.00218098078081	0.0273777509455
7.42682964499e-05	0.257208516833	0.691526106589	1.00267906115	0.00252664884913	0.0294683230015
9.25589165141e-05	0.256806342881	0.690996285937	1.00310317512	0.00292681471722	0.0317171029177
0.000115327713285	0.256341415212	0.690383266215	1.00359398643	0.00338997216076	0.0341357118328
0.00014365943561	0.255804174558	0.68967419297	1.00416183321	0.00392590522904	0.0367365380941
0.000178896454968	0.255183684248	0.688854297083	1.00481860487	0.00454587280837	0.0395327663944
0.000222697696006	0.254467458473	0.687906633763	1.00557795742	0.00526281565059	0.0425384022208
0.000277110060249	0.253641278412	0.686811794234	1.00645555284	0.00609158720145	0.04576828973
0.00034465455682	0.252688998903	0.685547590224	1.00746932304	0.007049209079	0.0492381207203
0.00042842954912	0.251592350057	0.684088712691	1.00863975791	0.00815515128851	0.0529644318504
0.000532233637717	0.250330740439	0.682406368084	1.00999021605	0.00943163612507	0.0569645866584
0.000660710663161	0.248881071387	0.680467897964	1.01154725473	0.0109039630907	0.0612567382572
0.000819519038202	0.247217575692	0.678236391244	1.01334097321	0.0126008499	0.0658597678346
0.00101552698447	0.245311698404	0.675670302651	1.0154053605	0.014554781602	0.07079319329
0.00125703409493	0.243132042911	0.672723096648	1.01777863434	0.0168023558241	0.0760770415276
0.00155401777083	0.240644411596	0.669342942851	1.02050355306	0.019384606951	0.0817316771547
0.00191840025641	0.237811977083	0.665472497192	1.02362767569	0.0223472855071	0.0877775796906
0.00236432796092	0.234595626779	0.661048812416	1.02720353802	0.025741060974	0.0942350609984
0.00290844927534	0.230954529276	0.656003431703	1.03128870403	0.0296216067053	0.101123914674
0.00357016999198	0.226846974897	0.650262729503	1.03594564287	0.0340495146213	0.10846298977
0.00437185672163	0.22223154237	0.643748572883	1.04124137263	0.0390899753872	0.11626968275
0.00533894867936	0.21706863699	0.636379383067	1.04724680432	0.0448121476132	0.12455934428
0.00649992765977	0.211322429804	0.62807167789	1.05403571474	0.051288128639	0.133344601585
0.00788609536848	0.204963169802	0.618764134069	1.06168327714	0.0585915025621	0.142634603023
0.00953158334703	0.197968243732	0.608731885479	1.07026391218	0.0667991832166	0.152433872406
0.0114711746916	0.190330144085	0.597560471545	1.07984414037	0.0759807332261	0.162736375102
0.0137402472022	0.182053942784	0.585184510229	1.09048818758	0.0861997615043	0.17353491432
0.0163727603135	0.173162428278	0.571551868846	1.10225022571	0.0975087707164	0.184815228101
0.0193991681382	0.163698605709	0.556628205942	1.11517030589	0.109944116318	0.196555251666
0.0228450531009	0.153724922861	0.540862509597	1.12927018049	0.123526974748	0.208724550377
0.0267268512057	0.143328618921	0.524025402763	1.14453790571	0.138253828135	0.22127424079
0.0310482580872	0.132619619738	0.505965867152	1.1609394128	0.154077402375	0.234151135305
0.0358003553132	0.121723280201	0.486967685442	1.17841491151	0.170916391739	0.247297233078
0.0409621202502	0.110773489937	0.467513660819	1.19686612577	0.188670699706	0.260641215325
0.0464887764727	0.099925109438	0.447131047359	1.21614781419	0.20716513791	0.274094351928
0.0523239065517	0.0893233076017	0.42649927279	1.2361034203	0.226195474912	0.287577291332
0.0583975558314	0.0791062729681	0.405605735583	1.25652810942	0.245539164946	0.300992059622
0.0646208048268	0.0694066291534	0.384541187019	1.27720085138	0.264901562192	0.314243048196
0.0709063357576	0.0603232508608	0.363826069227	1.29789068849	0.284017814191	0.327237934697
0.0771509003503	0.0519465088352	0.343216265034	1.31834371215	0.302563323975	0.339875754321
0.0832657058881	0.0443227254428	0.323304949914	1.33833300923	0.320277432589	0.352074813481
0.0891548338913	0.0374867627516	0.303856956485	1.35762248271	0.336872210437	0.363745924495
0.0947461691075	0.0314326231086	0.285235028197	1.37602265913	0.35215560247	0.374823410199
0.0999694770884	0.0261444236708	0.267414688584	1.39336032983	0.365937207131	0.385243686524
0.10478118877	0.0215775885585	0.250392169903	1.40950864722	0.378138364996	0.394961724295
0.109148108907	0.0176802577646	0.234416221393	1.424382365	0.38870739138	0.403947516901
0.113054765567	0.0143909317173	0.219155719326	1.43792587011	0.397668495029	0.412179216555
0.116504854456	0.0116405541418	0.205021116791	1.45014056928	0.405102433706	0.419661084913
0.11950866261	0.0093646946586	0.191621226486	1.46103806678	0.411117506596	0.426396638674
0.122094260387	0.00749553525207	0.179107116609	1.47067953555	0.415869914544	0.432415010551
0.124292506264	0.00597319581993	0.167384158759	1.47913641651	0.419515940563	0.43774883617
0.126141931128	0.00474139185744	0.156357394666	1.48649915571	0.42222742014	0.442441503844
0.127682349346	0.00375078837626	0.146072140531	1.49286835628	0.424164389363	0.446543138485
0.128953337596	0.00295869572766	0.136374784717	1.49834441084	0.425476553032	0.450105000738
0.129993671716	0.00232816206908	0.12726677146	1.5030311901	0.426297028056	0.45318250204
0.130838918065	0.00182831313995	0.118661131154	1.50702616439	0.426740239649	0.455829070694
0.13152127899	0.00143340955195	0.110559066614	1.51042156565	0.426901267319	0.458096900808
0.13206892661	0.00112239659827	0.102836496279	1.51330027029	0.426857815949	0.460034038369
0.132506621219	0.000877883258962	0.0955493649708	1.51573877821	0.426671742388	0.461686103867
0.132854819381	0.000686127684691	0.0886513750142	1.51780209531	0.426390724907	0.463092523257
0.133130992491	0.000535911513461	0.0821334340422	1.51954756302	0.426052176686	0.46428878899
0.133349463876	0.000418349736375	0.0760277883041	1.5210241964	0.425683837386	0.465305728828
0.133521819381	0.000326460288892	0.0703028340206	1.52227303211	0.425306117219	0.466169491005
0.133657027751	0.000254949107035	0.0643552487733	1.52332939012	0.424930917958	0.466902901464
0.133762699599	0.000199442531574	0.0572910546508	1.52423226583	0.424558909654	0.467531862377
0.133843890792	0.000157047252682	0.0488037255019	1.52502674249	0.424171347434	0.468087004248
0.133907610561	0.000123954611277	0.0410685851708	1.52576178707	0.423754962522	0.468602114405
0.133958039165	9.78995796717e-05	0.0343145978178	1.52645169125	0.423316718896	0.469086968738
0.133997851001	7.743146013e-05	0.0283278645737	1.52710418979	0.422862493337	0.469546817727
0.134029347877	6.13153984969e-05	0.0231892106504	1.52772959986	0.422393634411	0.469988791812
0.134054364015	4.85749492024e-05	0.0189278907694	1.52833478273	0.421912547649	0.470417641471
0.134074285128	3.84758148259e-05	0.015471751196	1.52892231337	0.421423646167	0.470835113212
0.13409016885	3.04597588793e-05	0.012699522907	1.5294917876	0.420932659682	0.471240842149
0.134102830352	2.40980815295e-05	0.0104721518798	1.53004115864	0.42044573417	0.471633281299
0.134112913638	1.9053574361e-05	0.0086721009688	1.53056835455	0.419968174654	0.472010848308
0.13412093684	1.50563586801e-05	0.00721057188491	1.53107182548	0.419504126758	0.472372320881
0.134127312729	1.18925113269e-05	0.00601262798202	1.53155041964	0.419056805947	0.472716754235
0.134132374243	9.39044886169e-06	0.00502471974311	1.53200385759	0.418628152297	0.473043828753
0.134136388873	7.41308211231e-06	0.00420453264942	1.53243237705	0.418219259151	0.473353601186
0.134139570114	5.85157572767e-06	0.00351944907072	1.53283672905	0.41783043536	0.473646506468
0.13414208894	4.6192326844e-06	0.00294369130367	1.53321810511	0.41746133623	0.473923308585
0.134144082011	3.64711376049e-06	0.00245778283895	1.53357810567	0.417111036666	0.474185080226
0.134145657706	2.8808035649e-06	0.00204448262516	1.53391858818	0.416778213651	0.474433094004
0.134146902868	2.27690885387e-06	0.0016920352428	1.53424193934	0.416460907816	0.474669021846
0.134147886301	1.80119933691e-06	0.00139005185282	1.53455077467	0.416156841547	0.474894717248
0.134148662086	1.42687196482e-06	0.00112911249064	1.53484818641	0.415863187741	0.475112396939
0.134149273886	1.13238073999e-06	0.000903694538193	1.53513825384	0.415576080765	0.475325016661
0.134149755887	9.00912654813e-07	0.000708608436257	1.53542588155	0.415290783062	0.475536156626
0.134150135017	7.19267402579e-07	0.000539484153576	1.53571770807	0.415000787473	0.475750693816
0.134150432275	5.77180679006e-07	0.00039351074066	1.53602370589	0.414696223814	0.475975990868
0.134150663484	4.6693041783e-07	0.000267292172762	1.53636027221	0.414360771965	0.476224199857
0.134150851002	3.77756652048e-07	0.000191011997521	1.5367609444	0.413961002733	0.476520240565
0.134151014769	3.00144928749e-07	0.000153624218039	1.53721438073	0.413508353862	0.476855997002
0.134151147562	2.37449247053e-07	0.000126532948521	1.53766235444	0.413061017609	0.477188472654
0.134151253007	1.87848277137e-07	0.000104094703655	1.53809268413	0.412631193277	0.477508570943
0.134151336622	1.48655749348e-07	8.54488557755e-05	1.53850655235	0.412217725159	0.477817089992
0.134151403008	1.17644964377e-07	7.01472603069e-05	1.53890558038	0.4118190143	0.478115166195
0.134151455762	9.30830599118e-08	5.76844983806e-05	1.53929029038	0.411434555991	0.47840312459
0.134151497678	7.36293994578e-08	4.75296918546e-05	1.53966048138	0.411064564684	0.478680752534
0.134151530969	5.82261822983e-08	3.92365800603e-05	1.54001590381	0.41070930064	0.478947801719
0.134151557398	4.60336819077e-08	3.24470877619e-05	1.54035641424	0.410368915779	0.479204104608
0.134151578366	3.6387662172e-08	2.68661015811e-05	1.54068198698	0.410043442548	0.479449583985
0.134151594996	2.87585663165e-08	2.22684067315e-05	1.54099283042	0.409732677922	0.479684341769
0.134151608179	2.27260135033e-08	1.84731171024e-05	1.54128925455	0.409436316207	0.479908560063
0.134151618626	1.79572285359e-08	1.53338577634e-05	1.54157165191	0.409153968254	0.480122487232
0.134151626903	1.41879845161e-08	1.27347132359e-05	1.54184049947	0.408885159793	0.480326439606
0.134151633458	1.12091913827e-08	1.05802061669e-05	1.54209629265	0.408629397557	0.480520751563
0.13415163865	8.85535578478e-09	8.7929124045e-06	1.54233955517	0.408386159513	0.480705782921
0.13415164276	6.99546863732e-09	7.30963031868e-06	1.54257081722	0.408154916828	0.480881902177
0.134151646014	5.52600742422e-09	6.07787453788e-06	1.54279059663	0.407935152733	0.481049471972
0.134151648589	4.36506536752e-09	5.05476503403e-06	1.54299941	0.407726351478	0.481208857296
0.134151650627	3.44790217408e-09	4.20470110975e-06	1.54319775434	0.407528016714	0.481360411257
0.13415165224	2.7233642801e-09	3.49822781234e-06	1.54338611052	0.407339668107	0.481504477424
0.134151653516	2.15100543449e-09	2.91105994108e-06	1.54356494298	0.407160841629	0.481641389382
0.134151654526	1.69888464097e-09	2.42289558483e-06	1.54373469166	0.406991097684	0.481771464294
0.134151655324	1.34175056346e-09	2.01702838961e-06	1.54389578266	0.406830010423	0.481895010876
0.134151655956	1.05965423561e-09	1.67951508586e-06	1.54404861903	0.406677177012	0.482012322098
0.134151656455	8.36838507404e-10	1.39879314629e-06	1.54419358662	0.406532211768	0.482123679504
0.13415165685	6.60847596466e-10	1.16530201083e-06	1.54433105454	0.406394745695	0.482229353404
0.134151657163	5.21848763698e-10	9.71026446778e-07	1.54446137048	0.406264431209	0.482329599088
0.13415165741	4.12068270957e-10	8.09383241101e-07	1.54458487103	0.406140931819	0.482424664619
0.134151657605	3.25367807346e-10	6.74845313119e-07	1.54470187209	0.406023931665	0.482514783374
0.134151657759	2.56898019728e-10	5.62850628955e-07	1.54481267824	0.405913126237	0.482600181066
0.134151657881	2.0282628161e-10	4.69605887864e-07	1.54491757907	0.40580822598	0.482681072869
0.134151657978	1.60127889782e-10	3.91940074263e-07	1.54501684929	0.405708956212	0.482757663376
0.134151658054	1.26410840928e-10	3.27253575763e-07	1.54511075494	0.40561505091	0.482830151312
0.134151658114	9.97881799855e-11	2.73343434843e-07	1.54519954407	0.405526262062	0.482898722234
0.134151658162	7.87676313976e-11	2.28415110056e-07	1.54528346012	0.405442346236	0.48296355883
0.134151658199	6.21713452692e-11	1.90951557285e-07	1.54536273061	0.405363075923	0.48302483209
0.134151658229	4.90689082268e-11	1.59706499808e-07	1.54543757667	0.405288229995	0.483082708621
0.134151658252	3.87250808718e-11	1.3363764957e-07	1.54550820818	0.405217598604	0.483137346808
0.134151658271	3.05598191396e-11	1.11877780846e-07	1.54557482597	0.405150980897	0.483188898527
0.134151658285	2.41143715314e-11	9.37111735918e-08	1.54563762388	0.405088183055	0.483237510622
0.134151658297	1.90270795543e-11	7.85335103164e-08	1.54569678465	0.40502902234	0.483283321728
0.134151658306	1.50117877962e-11	6.58531072287e-08	1.54575248742	0.404973319613	0.48332646803
0.134151658313	1.18430138386e-11	5.52485994563e-08	1.54580489881	0.404920908249	0.483367076324
0.134151658319	9.34229619825e-12	4.63817911976e-08	1.54585418441	0.404871622682	0.483405272859
0.134151658324	7.369074088e-12	3.89591718629e-08	1.54590049647	0.404825310641	0.483441173829
0.134151658327	5.81208826034e-12	3.27467734319e-08	1.5459439875	0.404781819624	0.48347489583
0.13415165833	4.58371071223e-12	2.754088808e-08	1.54598479766	0.404741009477	0.483506546087
0.134151658332	3.61460095023e-12	2.31792499936e-08	1.54602306705	0.404702740098	0.483536231966
0.134151658334	2.85014806218e-12	1.95202034543e-08	1.5460589246	0.404666882562	0.483564052327
0.134151658335	2.24714075128e-12	1.64512351195e-08	1.54609249909	0.40463330807	0.48359010608
0.134151658336	1.77156051548e-12	1.3873503359e-08	1.54612390886	0.404601898306	0.483614484134
0.134151658337	1.39647952336e-12	1.17090429619e-08	1.54615327244	0.404572534729	0.483637277688
0.134151658338	1.10071612521e-12	9.88883617052e-09	1.54618069817	0.404545109003	0.483658570129
0.134151658338	8.67495766371e-13	8.35837785999e-09	1.54620629468	0.4045195125	0.483678445167
0.134151658339	6.83628170499e-13	7.06985011471e-09	1.54623016186	0.404495645321	0.483696979816
0.134151658339	5.38669649357e-13	5.98481664735e-09	1.54625239856	0.404473408618	0.483714250353
0.134151658339	4.2440803197e-13	5.0702599167e-09	1.54627309697	0.40445271021	0.483730327944
0.13415165834	3.34344440322e-13	4.29887186971e-09	1.54629234664	0.40443346055	0.483745281769
0.13415165834	2.63364695019e-13	3.64795284374e-09	1.54631023264	0.404415574543	0.483759177604
0.13415165834	2.07431032633e-13	3.09795063145e-09	1.54632683562	0.404398971564	0.4837720778
0.13415165834	1.63356016261e-13	2.63334523124e-09	1.5463422342	0.404383572989	0.483784043196
0.13415165834	1.28633334709e-13	2.24018355765e-09	1.54635650052	0.404369306665	0.483795129637
0.13415165834	1.01278280083e-13	1.90742599072e-09	1.54636970611	0.404356101073	0.483805392512
0.13415165834	7.97317764724e-14	1.62554059476e-09	1.54638191735	0.404343889839	0.48381488324
0.13415165834	6.27617148522e-14	1.38644044391e-09	1.54639319782	0.404332609364	0.483823651106
0.13415165834	4.93968171186e-14	1.18370362493e-09	1.54640360877	0.404322198423	0.483831743575
0.13415165834	3.88739979198e-14	1.01147260303e-09	1.54641320619	0.404312600996	0.483839204086
0.13415165834	3.05887352388e-14	8.65073684944e-10	1.54642204526	0.404303761933	0.483846075417
0.13415165834	2.40662006721e-14	7.40601238946e-10	1.54643017752	0.404295629665	0.483852397577
0.13415165834	1.89323805523e-14	6.34595085735e-10	1.5464376511	0.404288156091	0.483858207894
0.13415165834	1.48916545943e-14	5.44273318694e-10	1.54644451254	0.404281294645	0.483863542513
0.13415165834	1.17118192573e-14	4.67277568111e-10	1.54645080521	0.404275001978	0.483868435086
0.13415165834	9.20992263049e-15	4.01537110314e-10	1.54645656969	0.404269237502	0.48387291713
0.13415165834	7.24146847754e-15	3.45370519347e-10	1.54646184493	0.404263962263	0.483877018897
0.13415165834	5.69294865803e-15	2.97373009649e-10	1.54646666723	0.404259139958	0.483880768582
0.13415165834	4.47507018202e-15	2.56284801869e-10	1.54647107025	0.404254736942	0.483884192323
0.13415165834	3.51723675539e-15	2.21077651816e-10	1.54647508624	0.404250720951	0.483887315186
0.13415165834	2.76400518898e-15	1.90911683618e-10	1.54647874533	0.404247061857	0.483890160579
0.13415165834	2.17182122507e-15	1.6502411612e-10	1.54648207518	0.404243732012	0.48389274999
0.13415165834	1.70629816727e-15	1.42782892079e-10	1.54648510206	0.404240705131	0.483895103843
0.13415165834	1.34036542625e-15	1.23656430291e-10	1.54648785057	0.404237956614	0.483897241258
0.13415165834	1.05275074292e-15	1.07211538278e-10	1.5464903436	0.404235463588	0.483899180014
0.13415165834	8.2675498146e-16	9.30446694074e-11	1.54649260202	0.404233205167	0.483900936347
0.13415165834	6.49192932385e-16	8.08285942596e-11	1.54649464567	0.404231161514	0.483902525676
0.13415165834	5.09691626741e-16	7.02843957109e-11	1.54649649295	0.404229314242	0.483903962296
0.13415165834	4.0010704004e-16	6.11800077146e-11	1.54649816085	0.404227646337	0.483905259435
0.13415165834	3.14040697912e-16	5.33110701381e-11	1.546499665	0.404226142191	0.483906429227
0.13415165834	2.46458100435e-16	4.65003888414e-11	1.54650101985	0.404224787337	0.48390748292
0.13415165834	1.93394301206e-16	4.05999938695e-11	1.54650223887	0.404223568318	0.483908430979
0.13415165834	1.51733270679e-16	3.5483212264e-11	1.54650333445	0.404222472742	0.483909283038
0.13415165834	1.19029451516e-16	3.10419311152e-11	1.54650431797	0.404221489223	0.483910047952
0.13415165834	9.33602919944e-17	2.71867473945e-11	1.54650519989	0.4042206073	0.483910733855
0.13415165834	7.32176530866e-17	2.38341743635e-11	1.54650598971	0.404219817476	0.483911348132
0.13415165834	5.74136366193e-17	2.09159427696e-11	1.54650669626	0.404219110928	0.483911897644
0.13415165834	4.5015256338e-17	1.83734010402e-11	1.5465073276	0.404218479588	0.483912388666
0.13415165834	3.52893149465e-17	1.61559719413e-11	1.5465078911	0.404217916085	0.483912826928
0.13415165834	2.76607702719e-17	1.42202582523e-11	1.54650839349	0.4042174137	0.483913217658
0.13415165834	2.16781903551e-17	1.25288944403e-11	1.54650884088	0.404216966313	0.483913565613
0.13415165834	1.69871181168e-17	1.10496575671e-11	1.54650923883	0.404216568356	0.483913875126
0.13415165834	1.33092492867e-17	9.75520712534e-12	1.54650959242	0.404216214767	0.483914150131
0.13415165834	1.04262749203e-17	8.62113731123e-12	1.54650990622	0.404215900974	0.483914394186
0.13415165834	8.16674150762e-18	7.62644641742e-12	1.54651018437	0.404215622816	0.483914610525
0.13415165834	6.39605730927e-18	6.75318011082e-12	1.54651043067	0.404215376522	0.483914802082
0.13415165834	5.00863813597e-18	5.98579104633e-12	1.5465106485	0.404215158685	0.483914971506
0.13415165834	3.92166670999e-18	5.31080431769e-12	1.54651084096	0.404214966232	0.483915121189
0.13415165834	3.07018996483e-18	4.7165390275e-12	1.5465110108	0.404214796393	0.483915253283
0.13415165834	2.40327394864e-18	4.19284737362e-12	1.54651116051	0.404214646677	0.483915369727
0.13415165834	1.88098243414e-18	3.73091294052e-12	1.54651129234	0.404214514844	0.483915472261
0.13415165834	1.47200589665e-18	3.32307154592e-12	1.5465114083	0.404214398887	0.483915562448
0.13415165834	1.15180153666e-18	2.96265136735e-12	1.54651151018	0.404214297005	0.483915641688
0.13415165834	9.01133280172e-19	2.64384100474e-12	1.5465115996	0.404214207587	0.483915711234
0.13415165834	7.04926159123e-19	2.3615739467e-12	1.546511678	0.404214129194	0.483915772205
0.13415165834	5.51367887059e-19	2.11142870817e-12	1.54651174665	0.404214060539	0.483915825602
0.13415165834	4.31203745878e-19	1.88954514703e-12	1.54651180671	0.404214000478	0.483915872316
0.13415165834	3.37183882749e-19	1.69254832356e-12	1.5465118592	0.404213947991	0.483915913138
0.13415165834	2.63629718351e-19	1.51748562144e-12	1.54651190502	0.404213902171	0.483915948775
0.13415165834	2.06093938938e-19	1.36177258227e-12	1.54651194498	0.404213862214	0.483915979853
0.13415165834	1.61094026204e-19	1.22314385756e-12	1.54651197978	0.404213827405	0.483916006926
0.13415165834	1.2590328747e-19	1.09961305916e-12	1.54651201008	0.404213797113	0.483916030486
0.13415165834	9.83867652193e-20	9.89514277913e-13	1.54651203641	0.404213770778	0.483916050968
0.13415165834	7.68750685056e-20	8.91249977651e-13	1.54651205928	0.404213747909	0.483916068755
0.13415165834	6.00600862623e-20	8.03457348995e-13	1.54651207912	0.404213728071	0.483916084184
0.13415165834	4.69179441156e-20	7.24950041512e-13	1.54651209631	0.404213710878	0.483916097557
0.13415165834	3.66476047006e-20	6.54683432825e-13	1.5465121112	0.404213695992	0.483916109134
0.13415165834	2.86221069506e-20	5.91733422332e-13	1.54651212407	0.404213683118	0.483916119147
0.13415165834	2.23512435393e-20	5.35285491884e-13	1.5465121352	0.404213671992	0.4839161278
0.13415165834	1.74520297426e-20	4.84624198732e-13	1.5465121448	0.404213662389	0.48391613527
0.13415165834	1.36249292277e-20	4.39123969071e-13	1.54651215308	0.404213654106	0.483916141712
0.13415165834	1.06356761067e-20	3.9828389098e-13	1.54651216022	0.40421364697	0.483916147262
0.13415165834	8.30146927579e-21	3.61538451287e-13	1.54651216636	0.404213640828	0.483916152039
0.13415165834	6.47895636004e-21	3.284486122e-13	1.54651217164	0.404213635547	0.483916156146
0.13415165834	5.05600677674e-21	2.98622776407e-13	1.54651217618	0.40421363101	0.483916159675
0.13415165834	3.94507628973e-21	2.71714328214e-13	1.54651218007	0.404213627116	0.483916162704
0.13415165834	3.07785251113e-21	2.47427326347e-13	1.54651218341	0.404213623776	0.483916165301
0.13415165834	2.40095906718e-21	2.25526689333e-13	1.54651218627	0.404213620915	0.483916167526
0.13415165834	1.87278116284e-21	2.05720838804e-13	1.54651218872	0.404213618467	0.483916169431
0.13415165834	1.46066761264e-21	1.87793779836e-13	1.54651219082	0.404213616373	0.483916171059
0.13415165834	1.13910021422e-21	1.71551527475e-13	1.54651219261	0.404213614584	0.483916172451
0.13415165834	8.8821293416e-22	1.56838526642e-13	1.54651219413	0.404213613057	0.483916173639
0.13415165834	6.92503855503e-22	1.43517014874e-13	1.54651219544	0.404213611754	0.483916174652
0.13415165834	5.39881318142e-22	1.31419605456e-13	1.54651219654	0.404213610644	0.483916175515
0.13415165834	4.20851432532e-22	1.20423266558e-13	1.54651219749	0.404213609699	0.48391617625
0.13415165834	3.28024373665e-22	1.10422731494e-13	1.54651219829	0.404213608896	0.483916176875
0.13415165834	2.55639103234e-22	1.01349866308e-13	1.54651219898	0.404213608212	0.483916177406
0.13415165834	1.99215938431e-22	9.30838503296e-14	1.54651219956	0.404213607632	0.483916177857
0.13415165834	1.55230669687e-22	8.55457138877e-14	1.54651220005	0.40421360714	0.48391617824
0.13415165834	1.20942036176e-22	7.86742425371e-14	1.54651220047	0.404213606723	0.483916178565
0.13415165834	9.42169123966e-23	7.24185656441e-14	1.54651220082	0.404213606369	0.48391617884
0.13415165834	7.33937994631e-23	6.67009623886e-14	1.54651220112	0.40421360607	0.483916179073
0.13415165834	5.71661720563e-23	6.14697866945e-14	1.54651220137	0.404213605817	0.483916179269
0.13415165834	4.45206860885e-23	5.66991727486e-14	1.54651220159	0.404213605603	0.483916179436
0.13415165834	3.46704354413e-23	5.23335597554e-14	1.54651220177	0.404213605422	0.483916179576
0.13415165834	2.69971925214e-23	4.83302556927e-14	1.54651220192	0.40421360527	0.483916179695
0.13415165834	2.10195629036e-23	4.46667706831e-14	1.54651220205	0.404213605141	0.483916179795
0.13415165834	1.63641652388e-23	4.13120527594e-14	1.54651220216	0.404213605033	0.483916179879
0.13415165834	1.27389765199e-23	3.82287249418e-14	1.54651220225	0.404213604942	0.48391617995
0.13415165834	9.91567780272e-24	3.53998798292e-14	1.54651220232	0.404213604865	0.483916180009
0.13415165834	7.71743804473e-24	3.28056504146e-14	1.54651220239	0.404213604801	0.483916180059
0.13415165834	6.00616335934e-24	3.04158139415e-14	1.54651220244	0.404213604747	0.483916180102
0.13415165834	4.67377994335e-24	2.82198013314e-14	1.54651220249	0.404213604701	0.483916180137
0.13415165834	3.63670218318e-24	2.62011243539e-14	1.54651220253	0.404213604663	0.483916180166
0.13415165834	2.82954821545e-24	2.43371956111e-14	1.54651220256	0.404213604631	0.483916180191
0.13415165834	2.20126323053e-24	2.26236796945e-14	1.54651220258	0.404213604605	0.483916180212
0.13415165834	1.71241355385e-24	2.10431833151e-14	1.54651220261	0.404213604582	0.48391618023
0.13415165834	1.33200408635e-24	1.95804471671e-14	1.54651220263	0.404213604564	0.483916180244
0.13415165834	1.03596431038e-24	1.82367972924e-14	1.54651220264	0.404213604548	0.483916180256
0.13415165834	8.05705688887e-25	1.6991725986e-14	1.54651220265	0.404213604535	0.483916180266
0.13415165834	6.26553385883e-25	1.5840837702e-14	1.54651220267	0.404213604524	0.483916180275
0.13415165834	4.87200606196e-25	1.47784268958e-14	1.54651220267	0.404213604515	0.483916180282
0.13415165834	3.78817920731e-25	1.37916041398e-14	1.54651220268	0.404213604507	0.483916180288
0.13415165834	2.9450829082e-25	1.28819173737e-14	1.54651220269	0.404213604501	0.483916180293
0.13415165834	2.28958550577e-25	1.20367768203e-14	1.54651220269	0.404213604496	0.483916180297
0.13415165834	1.77978207551e-25	1.12534651777e-14	1.5465122027	0.404213604491	0.4839161803
0.13415165834	1.38341127304e-25	1.05279408363e-14	1.5465122027	0.404213604488	0.483916180303
0.13415165834	1.07523750859e-25	9.85209001794e-15	1.5465122027	0.404213604485	0.483916180305
0.13415165834	8.35615211232e-26	9.22779937129e-15	1.54651220271	0.404213604482	0.483916180307
0.13415165834	6.49380437398e-26	8.64502885004e-15	1.54651220271	0.40421360448	0.483916180309
0.13415165834	5.04590645338e-26	8.10520750075e-15	1.54651220271	0.404213604478	0.48391618031
0.13415165834	3.92077095722e-26	7.60197216762e-15	1.54651220271	0.404213604477	0.483916180311
0.13415165834	3.04617764694e-26	7.13391405039e-15	1.54651220271	0.404213604476	0.483916180312
0.13415165834	2.36658906692e-26	6.69837380115e-15	1.54651220271	0.404213604475	0.483916180313
0.13415165834	1.83844475394e-26	6.291775129e-15	1.54651220272	0.404213604474	0.483916180314
0.13415165834	1.42806111263e-26	5.91396225713e-15	1.54651220272	0.404213604473	0.483916180314
0.13415165834	1.10922277022e-26	5.56009781748e-15	1.54651220272	0.404213604473	0.483916180315
