0.0	10.876981462	8.35423695332	1.0	0.0	0.0
3.499411001e-11	10.8769629912	8.35422538066	1.00000096046	3.49941222554e-07	0.0001
4.36755774283e-11	10.876960363	8.35422373396	1.00000109712	4.05655701342e-07	0.000107666661663
5.45107732268e-11	10.8769573163	8.3542218251	1.00000125555	4.70240524883e-07	0.000115921099881
6.8034000884e-11	10.8769537846	8.35421961232	1.00000143919	5.45107944403e-07	0.000124808377259
8.49121151122e-11	10.8769496905	8.35421704725	1.00000165208	6.31895054337e-07	0.000134377011146
1.05977405295e-10	10.8769449447	8.35421407378	1.00000189886	7.32499590332e-07	0.000144679238479
1.322686366e-10	10.8769394433	8.35421062692	1.00000218493	8.49121424256e-07	0.000155771300937
1.65082272478e-10	10.876933066	8.35420663128	1.00000251654	9.84310666553e-07	0.000167713751943
2.06036404268e-10	10.8769256733	8.35420199949	1.00000290095	1.14102342654e-06	0.000180571787204
2.57150540176e-10	10.8769171037	8.35419663028	1.00000334656	1.32268644869e-06	0.000194415600585
3.20945187837e-10	10.8769071697	8.35419040623	1.00000386312	1.53327204053e-06	0.000209320767251
4.00566140597e-10	10.8768956542	8.35418319127	1.00000446192	1.77738492717e-06	0.000225368656179
4.99939595579e-10	10.8768823052	8.35417482762	1.00000515605	2.06036293321e-06	0.00024264687428
6.23965751718e-10	10.876866831	8.3541651324	1.0000059607	2.38839369227e-06	0.000261249744551
7.78760432932e-10	10.8768488932	8.35415389363	1.00000689345	2.76864993475e-06	0.000281278820863
9.71956649198e-10	10.8768280996	8.35414086557	1.00000797471	3.20944631191e-06	0.000302843442195
1.21308096295e-09	10.8768039955	8.35412576335	1.00000922811	3.72042118171e-06	0.000326061329315
1.51402321562e-09	10.8767760539	8.35410825676	1.00001068106	4.31274733165e-06	0.000351059227175
1.88962277081e-09	10.8767436639	8.35408796303	1.00001236534	4.99937624037e-06	0.000377973596492
2.35840017344e-09	10.8767061172	8.35406443844	1.00001431776	5.7953212174e-06	0.000406951358293
2.9434702904e-09	10.876662593	8.35403716866	1.00001658102	6.7179856044e-06	0.000438150695456
3.67368194154e-09	10.8766121397	8.35400555747	1.00001920461	7.78754320775e-06	0.000471741915595
4.58504018936e-09	10.8765536542	8.35396891375	1.00002224589	9.02737926985e-06	0.000507908379978
5.72248138109e-09	10.876485858	8.35392643639	1.00002577135	1.04646016087e-05	0.000546847503496
7.14208841326e-09	10.8764072689	8.35387719675	1.00002985807	1.21306330813e-05	0.000588771831095
8.9138553694e-09	10.8763161689	8.3538201184	1.0000345954	1.40618983022e-05	0.000633910196487
1.11251377333e-08	10.8762105667	8.35375395361	1.00004008692	1.63006195962e-05	0.000682508969381
1.38849581293e-08	10.876088154	8.35367725608	1.00004645269	1.88957395463e-05	0.000734833397945
1.73293796477e-08	10.8759462552	8.35358834937	1.00005383185	2.19039902432e-05	0.000791169053701
2.1628211337e-08	10.8757817691	8.35348529031	1.00006238574	2.53911325362e-05	0.000851823386592
2.6993375964e-08	10.875591101	8.35336582658	1.00007230133	2.94333922664e-05	0.000917127398505
3.36893518639e-08	10.8753700847	8.35322734755	1.00008379537	3.4119124738e-05	0.000987437444158
4.2046202615e-08	10.8751138912	8.3530668274	1.00009711908	3.9550743617e-05	0.00106313716887
5.2475835363e-08	10.8748169237	8.35288075907	1.00011256367	4.58469561592e-05	0.00114463959341
6.5492287072e-08	10.8744726956	8.3526650779	1.00013046665	5.31453532759e-05	0.00123238935687
8.17370355089e-08	10.8740736893	8.35241507311	1.00015121925	6.16054105714e-05	0.00132686512918
1.02010577965e-07	10.8736111927	8.3521252852	1.00017527489	7.14119653094e-05	0.0014285822057
1.27311827504e-07	10.8730751099	8.35178938727	1.00020315913	8.27792444352e-05	0.0015380952972
1.58887258696e-07	10.8724537417	8.35140004755	1.00023548105	9.5955530528e-05	0.00165600152926
1.98292210813e-07	10.871733532	8.35094877015	1.00027294656	0.000111228566087	0.00178294366606
2.4746734899e-07	10.8708987742	8.35042571095	1.00031637376	0.000128931812149	0.00191961357441
3.08834021366e-07	10.8699312712	8.34981946433	1.0003667107	0.000149451695166	0.00206675594472
3.85413167529e-07	10.8688099425	8.34911681665	1.00042505599	0.000173235996679	0.00222517228641
4.8097357405e-07	10.86751037	8.34830246104	1.00049268264	0.000200803563968	0.0023957252163
6.00216689861e-07	10.866004273	8.34735866776	1.00057106564	0.000232755546956	0.0025793430589
7.49006973437e-07	10.8642589014	8.34626490333	1.0006619139	0.000269788397555	0.00277702477864
9.34658926036e-07	10.862236336	8.34499739058	1.00076720715	0.000312708902997	0.0029898452641
1.16629466959e-06	10.8598926809	8.34352860104	1.00088923867	0.000362451564772	0.00321896098511
1.45528927535e-06	10.857177132	8.34182666937	1.00103066457	0.000420098680289	0.00346561604304
1.81582518723e-06	10.8540309056	8.33985471861	1.00119456088	0.000486903535666	0.00373114863491
2.26558219054e-06	10.8503860046	8.33757008333	1.00138448929	0.000564317175646	0.00401699795045
2.82659566758e-06	10.8461638011	8.33492341632	1.00160457315	0.000654019280918	0.00432471152027
3.52632361379e-06	10.841273411	8.33185766258	1.00185958501	0.000757953754249	0.00465595303079
4.39897236742e-06	10.8356098313	8.32830688286	1.0021550475	0.000878369694941	0.00501251061838
5.48714259178e-06	10.8290518116	8.32419490696	1.00249734944	0.0010178685257	0.00539630565029
6.84387115838e-06	10.8214594269	8.31943379557	1.00289387931	0.00117945812634	0.00580940199434
8.53516168733e-06	10.8126713168	8.31392208768	1.00335317838	0.00136661492298	0.00625401577025
1.06431171387e-05	10.8025015575	8.30754280963	1.00388511636	0.00158335497746	0.00673252556569
1.32698125886e-05	10.7907361298	8.30016122115	1.00450109221	0.00183431521448	0.00724748308566
1.65420757583e-05	10.7771289504	8.29162227434	1.0052142634	0.00212484600905	0.00780162418687
2.06173775596e-05	10.761397438	8.28174776314	1.00603980693	0.00246111642403	0.00839788022681
2.56910753502e-05	10.743217593	8.27033314457	1.0069952156	0.00285023342679	0.00903938963025
3.20052980171e-05	10.7222185829	8.25714401966	1.0081006331	0.00330037640772	0.00972950954266
3.98598143253e-05	10.6979768457	8.2419122718	1.00937923143	0.00382094825141	0.0104718273999
4.96252834687e-05	10.6700097504	8.22433187565	1.01085763381	0.00442274404501	0.0112701721953
6.1759347785e-05	10.6377688951	8.20405441073	1.0125663859	0.00511813821192	0.0121286251681
7.68260891165e-05	10.600633174	8.18068434372	1.0145404769	0.00592129038675	0.013051529571
9.55194272984e-05	10.5579018169	8.15377418271	1.01681991099	0.00684836964488	0.0140434990983
0.000118691084031	10.5087876964	8.12281965863	1.01945032737	0.00791779569825	0.0151094244713
0.000147383756652	10.4524113093	8.08725515488	1.02248366413	0.00915049429409	0.0162544775866
0.000182870128285	10.3877959825	8.04644968824	1.0259788578	0.0105701622185	0.0174841125354
0.000226698262253	10.3138650152	7.99970384247	1.03000256468	0.0122035349285	0.0188040627099
0.000280743762309	10.2294416596	7.9462481702	1.03462988434	0.014080646835	0.0202203331296
0.000347268792833	10.1332530411	7.88524370488	1.03994505747	0.0162350705876	0.0217391870584
0.000428987606757	10.0239393156	7.8157853549	1.04604210113	0.0187041173594	0.0233671259638
0.00052914023307	9.90006807915	7.73742379315	1.0530253364	0.0215290853082	0.0251108619087
0.000651563105728	9.76016528126	7.64888284676	1.06100927064	0.024755220044	0.0269771702423
0.000800764131033	9.60274265433	7.54896307546	1.07011933355	0.028431523652	0.0289730103854
0.000981997913748	9.42634174349	7.43662408723	1.08049161243	0.0326106755159	0.031105446062
0.00120132628278	9.22959312163	7.31085108266	1.09227210251	0.0373485571698	0.0333815470059
0.0014656631749	9.01128538917	7.17069403095	1.10561560022	0.0427035710586	0.0358083177957
0.00178279333405	8.77044503872	7.01531438051	1.12068402426	0.048735672968	0.0383926209723
0.00216137172349	8.50641927206	6.84508341826	1.13764411057	0.0555055444673	0.0411410974487
0.00261085989608	8.21898825911	6.65929757467	1.15666194441	0.0630734513108	0.0440596969357
0.00314134148705	7.90844721364	6.45711042102	1.17790198479	0.0714950340399	0.0471540770621
0.00376341731762	7.57565400694	6.23866775865	1.20152395088	0.080820864599	0.0504296835034
0.00448804376569	7.22208322303	6.00661478759	1.2276767807	0.091095940384	0.053891469612
0.00532603317874	6.84995412954	5.76036380108	1.25648544549	0.102354454259	0.0575428079053
0.00628776160097	6.4621046438	5.50096138417	1.28805892518	0.114615767253	0.0613872588472
0.00738319456679	6.06190350309	5.23302753191	1.32248155467	0.127890924591	0.0654280023673
0.00862061967536	5.65340261752	4.95550797666	1.3597920472	0.142166857976	0.0696659294026
0.0100074400523	5.24081621748	4.67419747235	1.40001188525	0.1574195403	0.07410347466
0.0115486971604	4.82875297395	4.38863407128	1.44310390973	0.173600507813	0.0787402035148
0.0132482183471	4.42161574466	4.10524250613	1.4890141303	0.190650381548	0.0835777090814
0.0151065776933	4.02389527998	3.82374138851	1.53761981009	0.208479580586	0.0886140591307
0.0171235342243	3.63946450151	3.54824816798	1.58878565084	0.226997356008	0.0938497208702
0.0192958061299	3.27185859442	3.2814487218	1.64232683813	0.246084803913	0.0992834597592
0.0216183170643	2.92399711056	3.02422559915	1.69802045264	0.265614493968	0.104913245273
0.0240850624627	2.598026066	2.77868775123	1.75562943629	0.285456728812	0.110738233682
0.0266881088119	2.29546756803	2.54736704226	1.81488790296	0.305467779515	0.11675680514
0.0294173826878	2.0172704374	2.32975783165	1.87548950827	0.325492742005	0.12296477835
0.0322631636658	1.76363268535	2.12643235756	1.93713505003	0.345388428107	0.12935964266
0.0352150530256	1.53422615561	1.93760050378	1.99951576168	0.36501332863	0.135938200846
0.0382616959657	1.32830340932	1.76365362647	2.06231730485	0.384223389504	0.142696384046
0.0413908235964	1.14479758488	1.60418704098	2.12521196092	0.402879015821	0.149627690443
0.0445895162224	0.982379256987	1.45817127155	2.18787394876	0.42084617241	0.156724046252
0.0478450325484	0.839510495681	1.32492710548	2.24999641735	0.438003442921	0.163977097104
0.0511452146069	0.714536740247	1.20365579926	2.31128350396	0.454254268426	0.17137664165
0.0544763256121	0.605805425984	1.09353178517	2.37145243439	0.469497404101	0.17891026706
0.0578242965514	0.511679874738	0.994114226642	2.43023604186	0.48364707676	0.186563139222
0.0611735550532	0.430602533454	0.904363121201	2.4873684336	0.496628841046	0.19431532298
0.0645078957127	0.361088090204	0.823222791528	2.54261052539	0.508381232476	0.202144420187
0.0678114106027	0.301734532206	0.749898622202	2.59575620267	0.518865711243	0.21002614327
0.0710681834396	0.251249818287	0.683632376262	2.64662439005	0.528067384242	0.217932887722
0.0742606717758	0.20847618509	0.623913969544	2.69505930086	0.535972951464	0.225833604943
0.0773706189699	0.172378179036	0.570331841121	2.74092213672	0.542588604396	0.233692287011
0.0803784112092	0.142042355187	0.521896284152	2.7840884988	0.547933765911	0.241467073029
0.0832672215718	0.116635958274	0.478058422202	2.82448856083	0.552059138351	0.249117729693
0.086020737867	0.0954313118064	0.438325561802	2.86208206153	0.555028218101	0.256602286138
0.088623427948	0.0777975285624	0.402817345591	2.8968575901	0.556913853244	0.263877972404
0.0910586910631	0.0632031388807	0.370586704306	2.92879593132	0.55780166293	0.270894128289
0.0933163592458	0.0511645987427	0.341261746319	2.95794763082	0.557803113153	0.277610162816
0.0953887045367	0.0412696881179	0.31473214888	2.98438951232	0.557032271866	0.283988844757
0.0972697524077	0.0331725122927	0.29080629635	3.00820829637	0.55560475122	0.289994154664
0.0989573952376	0.0265763672577	0.268920167401	3.02950979937	0.553645490395	0.295595046477
0.100455622372	0.0212204841754	0.248964670931	3.04844205601	0.551281820119	0.30077380805
0.101770163541	0.0168904082759	0.230933096626	3.06515807536	0.54862611397	0.305518393755
0.102909683909	0.0134059879371	0.214325914652	3.07981226538	0.54578968683	0.309822369019
0.103887400472	0.0106104795825	0.199136351789	3.09258773258	0.542870697511	0.313694010084
0.104716898666	0.00837712116689	0.185251634618	3.10365869575	0.539949440207	0.317146077497
0.105413437403	0.00659929995581	0.172380574811	3.1131980864	0.537096352651	0.320197988687
0.105993054827	0.00518803200186	0.160566437658	3.12138176378	0.534362216566	0.322877044688
0.106470841409	0.00407180639766	0.149592063252	3.12836866086	0.531785363204	0.325211492695
0.106861750713	0.00319086749369	0.139382571141	3.13431306578	0.529390870614	0.327233728703
0.107179241702	0.00249738948207	0.129868420179	3.13935496631	0.52719132353	0.328976265656
0.107435472233	0.00195261393227	0.120951325839	3.14362060177	0.5251912374	0.330470999673
0.107641103279	0.00152544421837	0.112576827793	3.1472232662	0.523387194061	0.331748654193
0.107805351915	0.00119096214316	0.104659576741	3.15026246536	0.521771283453	0.332837740446
0.107936019105	0.000929358625055	0.097219153981	3.15282553291	0.520331411768	0.33376449321
0.108039575207	0.000725027215286	0.0901502892997	3.15498624375	0.519054694923	0.334551837964
0.108121474372	0.000565423036195	0.0835103070431	3.15680936222	0.517926535731	0.335220614793
0.108186070524	0.000440866242806	0.0772963718662	3.15834790766	0.51693331843	0.335788251556
0.108236913392	0.000343711567401	0.0714549299222	3.15964657077	0.516061989682	0.336269755712
0.108276801971	0.000268073747422	0.0655448291821	3.16074363857	0.515298924028	0.336678242085
0.108307942703	0.000209408661716	0.0588628865307	3.16167768458	0.514624798293	0.337027301013
0.108331881161	0.000164560972382	0.050468504311	3.16249096411	0.514010792402	0.337332203145
0.108350511786	0.000129827317277	0.0424934657324	3.16323682181	0.513419667016	0.337612646179
0.108365249393	0.000102476763665	0.0355624184272	3.16393599138	0.512842632295	0.337876261974
0.108376865361	8.10122377074e-05	0.0294163455965	3.16459566527	0.512279026213	0.338125645287
0.108386042439	6.41239012255e-05	0.0241099371809	3.16522629532	0.511724145651	0.338364658203
0.108393316839	5.07899469456e-05	0.0196771089687	3.16583544688	0.51117492543	0.338596105382
0.108399102041	4.02265737191e-05	0.0160756600304	3.1664267235	0.510631223252	0.338821308701
0.108403709581	3.18452692403e-05	0.0131819065557	3.16700002999	0.510095737915	0.339040188952
0.108407378961	2.51950966977e-05	0.0108574682937	3.16755360824	0.509572226139	0.339252029242
0.108410299466	1.99210678213e-05	0.00898517738938	3.16808543754	0.509064285382	0.339456005963
0.108412621618	1.57420499249e-05	0.00746483522971	3.16859365105	0.508575034014	0.339651348722
0.108414465729	1.24343117541e-05	0.00622068456868	3.16907713055	0.508106588562	0.339837571172
0.108415929063	9.8178525693e-06	0.00519698003548	3.16953548028	0.50766015	0.340014464548
0.10841708887	7.75032722324e-06	0.00434755095263	3.16996874568	0.507236311128	0.340181991949
0.108418007455	6.11746915722e-06	0.00363904249648	3.17037766349	0.506834848752	0.340340387109
0.108418734382	4.82877258818e-06	0.00304446077677	3.17076333152	0.506455072755	0.340490028415
0.108419309272	3.81219273941e-06	0.0025426274674	3.17112726231	0.506095795813	0.340631460706
0.108419763574	3.01077445168e-06	0.00211687246263	3.17147132872	0.50575540271	0.340765374934
0.108420122448	2.37913269959e-06	0.00175424684609	3.17179775475	0.505431875153	0.340892605124
0.108420405635	1.88177532176e-06	0.0014426964909	3.1721090503	0.50512286436	0.3410141033
0.108420629049	1.49019916816e-06	0.00117474622324	3.17240846428	0.504825251098	0.341131116803
0.108420805169	1.18212288265e-06	0.000943273251269	3.17269967226	0.504535461275	0.341245067307
0.108420943861	9.39976770573e-07	0.000742710202409	3.17298737134	0.504248877976	0.341357784495
0.10842105294	7.49889749193e-07	0.000569124575965	3.17327790963	0.503959216452	0.341471755311
0.108421138518	6.01035138108e-07	0.000418823430621	3.17358036566	0.503657447709	0.341590552282
0.108421205197	4.85272439212e-07	0.000288620670396	3.1739097213	0.503328627136	0.34172009046
0.108421258119	3.9358145862e-07	0.000200568942396	3.17429546153	0.502943311242	0.341872038622
0.108421304547	3.13355807771e-07	0.000159488981613	3.17474547516	0.502493669421	0.34204962408
0.108421342499	2.47973968197e-07	0.000131134118633	3.17519604286	0.502043405219	0.342227773433
0.108421372671	1.96150224104e-07	0.000107947013859	3.17562974438	0.501609944619	0.342399581296
0.108421396574	1.55213716339e-07	8.86232847275e-05	3.17604654315	0.50119333645	0.342564996493
0.108421415535	1.22831335714e-07	7.27421439492e-05	3.17644830888	0.500791721696	0.342724727574
0.10842143059	9.71881271364e-08	5.9791951097e-05	3.17683570409	0.500404446212	0.342879008165
0.108421442545	7.68784955994e-08	4.92430887641e-05	3.17720864706	0.500031598191	0.343027777505
0.108421452036	6.07950671103e-08	4.0641344228e-05	3.17756688619	0.499673434347	0.343170907634
0.108421459566	4.80654040938e-08	3.35963981914e-05	3.17791017206	0.499330208139	0.343308271831
0.108421465537	3.79938667967e-08	2.78103063652e-05	3.17823852258	0.49900190488	0.343439851016
0.108421470271	3.00275181345e-08	2.30475497568e-05	3.17855210181	0.498688363079	0.343565685892
0.108421474022	2.37286869955e-08	1.91158290965e-05	3.17885117344	0.498389321062	0.343685858639
0.108421476992	1.87492969154e-08	1.58656021955e-05	3.17913614465	0.498104373299	0.34380051076
0.108421479345	1.48135667647e-08	1.31749464332e-05	3.17940746815	0.497833068339	0.343909803926
0.108421481208	1.17032846039e-08	1.09448567726e-05	3.17966563886	0.497574912299	0.344013918611
0.108421482682	9.24552348901e-09	9.09548866799e-06	3.17991118301	0.497329379755	0.344113049715
0.108421483849	7.30358990234e-09	7.56059252994e-06	3.18014462104	0.497095950895	0.344207391516
0.108421484773	5.76932283721e-09	6.28620238937e-06	3.18036648127	0.496874097921	0.344297143075
0.108421485504	4.55718935366e-09	5.22776100374e-06	3.18057727938	0.496663305554	0.344382499854
0.108421486082	3.59961275433e-09	4.34834478327e-06	3.18077751505	0.49646307441	0.344463652236
0.108421486539	2.84315276334e-09	3.61760584159e-06	3.18096767561	0.496272917436	0.34454078686
0.1084214869	2.24559402086e-09	3.01022480069e-06	3.18114822449	0.496092371389	0.344614081857
0.108421487186	1.77357343821e-09	2.50531180246e-06	3.18131961001	0.495920988113	0.344683710287
0.108421487413	1.40072233643e-09	2.0855361488e-06	3.18148225996	0.495758339934	0.344749837854
0.108421487592	1.10621915852e-09	1.73644827541e-06	3.18163658076	0.495604020532	0.344812622453
0.108421487733	8.73602972853e-10	1.44615418373e-06	3.1817829642	0.495457638198	0.344872216838
0.108421487845	6.89876754563e-10	1.20467355065e-06	3.1819217783	0.495318824974	0.344928764816
0.108421487933	5.44769270844e-10	1.00378339345e-06	3.18205337853	0.495187225434	0.344982405751
0.108421488003	4.30164761486e-10	8.36631965833e-07	3.18217810154	0.495062502966	0.345033271935
0.108421488058	3.39656171563e-10	6.97511201888e-07	3.18229626766	0.49494433728	0.345081489551
0.108421488102	2.68177673577e-10	5.81724732258e-07	3.18240818532	0.49483241996	0.345127180429
0.108421488136	2.11731962708e-10	4.85310061566e-07	3.18251414296	0.494726462586	0.345170458685
0.108421488164	1.67158300105e-10	4.05027158384e-07	3.18261442206	0.4946261837	0.345211435996
0.108421488185	1.3196129244e-10	3.3814809172e-07	3.18270928628	0.494531319645	0.345250217136
0.108421488202	1.04169968549e-10	2.82423640358e-07	3.18279899051	0.494441615552	0.345286903622
0.108421488216	8.22264797479e-11	2.35982024804e-07	3.1828837774	0.494356828765	0.345321592279
0.108421488226	6.49017977903e-11	1.97258073789e-07	3.18296387754	0.494276728704	0.345354375267
0.108421488235	5.12238390161e-11	1.64968822017e-07	3.18303951469	0.494201091626	0.345385342197
0.108421488241	4.04260867519e-11	1.3802458719e-07	3.1831108978	0.494129708563	0.345414576859
0.108421488247	3.19021424901e-11	1.15542820278e-07	3.18317823297	0.494062373431	0.345442162066
0.108421488251	2.51738440328e-11	9.67687376334e-08	3.18324171117	0.49399889527	0.345468174622
0.108421488254	1.98631135891e-11	8.10903970944e-08	3.18330152099	0.49393908547	0.345492690535
0.108421488257	1.56715865422e-11	6.79878674946e-08	3.18335783882	0.493882767663	0.345515780948
0.108421488259	1.23636330797e-11	5.70356401919e-08	3.18341083675	0.493829769744	0.345537515394
0.10842148826	9.75312244303e-12	4.78750735216e-08	3.18346067769	0.493779928825	0.345557959751
0.108421488261	7.6932132226e-12	4.02102674851e-08	3.183507519	0.493733087518	0.345577177753
0.108421488262	6.06782866127e-12	3.37933905945e-08	3.18355151101	0.493689095519	0.345595230329
0.108421488263	4.78546412741e-12	2.84186206152e-08	3.1835927979	0.493647808635	0.345612175994
0.108421488264	3.77375629496e-12	2.39143326779e-08	3.18363151822	0.493609088315	0.345628071028
0.108421488264	2.97568702532e-12	2.01374433108e-08	3.18366780433	0.493572802208	0.345642969239
0.108421488265	2.34616040338e-12	1.6968659336e-08	3.18370178362	0.493538822922	0.34565692247
0.108421488265	1.84965122024e-12	1.43086394089e-08	3.18373357781	0.493507028735	0.345669980292
0.108421488265	1.45806740316e-12	1.20741112223e-08	3.18376330371	0.493477302841	0.345682190313
0.108421488265	1.14927536785e-12	1.0196225074e-08	3.18379107342	0.493449533127	0.345693598261
0.108421488266	9.0578684099e-13	8.61656056427e-09	3.18381699366	0.493423612893	0.345704247684
0.108421488266	7.13810000112e-13	7.28751202559e-09	3.18384116781	0.493399438741	0.345714180811
0.108421488266	5.62465324996e-13	6.16785164408e-09	3.18386369294	0.493376913615	0.345723437302
0.108421488266	4.43157916415e-13	5.22476208047e-09	3.18388466447	0.493355942085	0.345732056177
0.108421488266	3.49123920599e-13	4.42911690335e-09	3.1839041703	0.493336436255	0.34574007339
0.108421488266	2.7500957561e-13	3.75792896493e-09	3.18392229784	0.493318308717	0.345747524716
0.108421488266	2.16607716368e-13	3.19099965171e-09	3.18393912765	0.493301478903	0.345754443141
0.108421488266	1.70587319966e-13	2.71186435538e-09	3.18395473865	0.493285867905	0.34576086099
0.108421488266	1.34329295504e-13	2.30672045381e-09	3.18396920522	0.493271401336	0.345766808743
0.108421488266	1.05766003596e-13	1.96365501547e-09	3.18398259784	0.493258008715	0.345772315291
0.108421488266	8.32652897838e-14	1.67323783231e-09	3.18399498505	0.493245621503	0.34577740874
0.108421488266	6.55448257414e-14	1.4269643116e-09	3.18400642968	0.493234176876	0.345782114857
0.108421488266	5.15888816276e-14	1.21801131357e-09	3.18401699355	0.493223613003	0.34578645901
0.108421488266	4.05994348989e-14	1.04065704521e-09	3.18402673459	0.493213871971	0.345790464967
0.108421488266	3.19473610055e-14	8.89884949402e-10	3.18403570711	0.493204899446	0.34579415503
0.108421488266	2.51356716945e-14	7.61687604092e-10	3.18404396379	0.493196642764	0.345797550821
0.108421488266	1.97740048852e-14	6.52579641882e-10	3.18405155341	0.493189053147	0.345800672372
0.108421488266	1.55541401064e-14	5.59591906635e-10	3.18405852239	0.493182084168	0.34580353875
0.108421488266	1.22330861256e-14	4.80333631141e-10	3.18406491509	0.493175691468	0.345806168179
0.108421488266	9.61997642897e-15	4.1270109666e-10	3.18407077248	0.493169834077	0.34580857749
0.108421488266	7.56412098992e-15	3.54912758603e-10	3.18407613354	0.493164473013	0.345810782702
0.108421488266	5.94676529858e-15	3.05518338027e-10	3.18408103529	0.493159571267	0.345812799024
0.108421488266	4.67462301106e-15	2.63266773011e-10	3.184085512	0.493155094561	0.345814640545
0.108421488266	3.67419219827e-15	2.27070771812e-10	3.18408959582	0.493151010739	0.345816320482
0.108421488266	2.88745703699e-15	1.96033097451e-10	3.18409331732	0.49314728924	0.345817851399
0.108421488266	2.26884034805e-15	1.69424826025e-10	3.18409670501	0.493143901544	0.34581924502
0.108421488266	1.78255355531e-15	1.4656935535e-10	3.18409978498	0.493140821578	0.345820512067
0.108421488266	1.40031292042e-15	1.26918329942e-10	3.18410258215	0.493138024405	0.345821662791
0.108421488266	1.09987848208e-15	1.10007448717e-10	3.18410511974	0.493135486816	0.345822706738
0.108421488266	8.63771387371e-16	9.54562445803e-11	3.1841074193	0.49313318726	0.34582365277
0.108421488266	6.78268965761e-16	8.29108843724e-11	3.18410950051	0.493131106048	0.345824508984
0.108421488266	5.32537888059e-16	7.20847982499e-11	3.18411138205	0.49312922451	0.345825283059
0.108421488266	4.18057230568e-16	6.27332849058e-11	3.18411308119	0.493127525367	0.3458259821
0.108421488266	3.28137779642e-16	5.46516975448e-11	3.1841146139	0.493125992653	0.345826612676
0.108421488266	2.57523236731e-16	4.76619948822e-11	3.18411599485	0.493124611708	0.345827180816
0.108421488266	2.02080200344e-16	4.16076041985e-11	3.18411723756	0.493123369002	0.345827692086
0.108421488266	1.58553736006e-16	3.63584332636e-11	3.18411835461	0.493122251944	0.345828151664
0.108421488266	1.24384370923e-16	3.1802848197e-11	3.1841193576	0.493121248954	0.345828564314
0.108421488266	9.75644833269e-17	2.78455791279e-11	3.18412025715	0.493120349405	0.345828934409
0.108421488266	7.65161087832e-17	2.44066404238e-11	3.18412106302	0.493119543542	0.34582926596
0.108421488266	6.00005629926e-17	2.14146908969e-11	3.18412178407	0.493118822483	0.345829562621
0.108421488266	4.70438891398e-17	1.88083195396e-11	3.18412242849	0.493118178063	0.345829827753
0.108421488266	3.68804583794e-17	1.6535703091e-11	3.18412300377	0.493117602782	0.345830064439
0.108421488266	2.89090280478e-17	1.45522173194e-11	3.18412351675	0.493117089803	0.345830275493
0.108421488266	2.26573308994e-17	1.28193595047e-11	3.18412397366	0.493116632893	0.345830463479
0.108421488266	1.77550554586e-17	1.13040452731e-11	3.18412438017	0.493116226385	0.345830630729
0.108421488266	1.39114872203e-17	9.97773157974e-12	3.18412474143	0.493115865129	0.34583077936
0.108421488266	1.08984219549e-17	8.81575515187e-12	3.18412506211	0.493115544451	0.345830911297
0.108421488266	8.536747853e-18	7.79680365774e-12	3.18412534644	0.493115260116	0.345831028282
0.108421488266	6.68589276804e-18	6.90280553813e-12	3.18412559827	0.493115008288	0.345831131892
0.108421488266	5.23564421521e-18	6.11732704223e-12	3.18412582104	0.493114785516	0.345831223547
0.108421488266	4.09944046176e-18	5.42653888755e-12	3.18412601789	0.493114588666	0.345831304538
0.108421488266	3.20939073833e-18	4.8184604058e-12	3.18412619164	0.493114414914	0.345831376025
0.108421488266	2.51225710152e-18	4.28268368705e-12	3.18412634484	0.49311426172	0.345831439054
0.108421488266	1.96629654053e-18	3.81016602204e-12	3.18412647976	0.4931141268	0.345831494565
0.108421488266	1.53878275348e-18	3.39304873826e-12	3.18412659845	0.493114008105	0.3458315434
0.108421488266	1.20406216583e-18	3.02449182306e-12	3.18412670276	0.493113903798	0.345831586316
0.108421488266	9.42027965942e-19	2.69853732846e-12	3.18412679432	0.493113812234	0.345831623988
0.108421488266	7.36922662829e-19	2.40999289814e-12	3.18412687461	0.493113731944	0.345831657023
0.108421488266	5.76399088474e-19	2.15432663815e-12	3.18412694494	0.493113661615	0.345831685958
0.108421488266	4.50783368156e-19	1.92758332486e-12	3.18412700648	0.493113600078	0.345831711277
0.108421488266	3.52497236463e-19	1.726305392e-12	3.18412706027	0.49311354629	0.345831733407
0.108421488266	2.75604836823e-19	1.5474678765e-12	3.18412710723	0.493113499326	0.34583175273
0.108421488266	2.15457210856e-19	1.38844248437e-12	3.18412714819	0.493113458363	0.345831769583
0.108421488266	1.68414116782e-19	1.24696184531e-12	3.18412718389	0.493113422672	0.345831784268
0.108421488266	1.31626959146e-19	1.12092001669e-12	3.18412721495	0.493113391608	0.345831797049
0.108421488266	1.02863422671e-19	1.00853052171e-12	3.18412724196	0.4931133646	0.345831808161
0.108421488266	8.03762607674e-20	9.08223388345e-13	3.18412726542	0.493113341141	0.345831817813
0.108421488266	6.27980676722e-20	8.18619215557e-13	3.18412728577	0.493113320786	0.345831826187
0.108421488266	4.90588424966e-20	7.38504165316e-13	3.18412730341	0.493113303143	0.345831833446
0.108421488266	3.83206652976e-20	6.66803917505e-13	3.18412731869	0.493113287864	0.345831839733
0.108421488266	2.99290320919e-20	6.0257707558e-13	3.18412733191	0.493113274646	0.345831845171
0.108421488266	2.33720279845e-20	5.44993778886e-13	3.18412734334	0.493113263222	0.345831849871
0.108421488266	1.82491964716e-20	4.93336786325e-13	3.1841273532	0.493113253359	0.345831853929
0.108421488266	1.42473778744e-20	4.47006382167e-13	3.18412736171	0.493113244851	0.34583185743
0.108421488266	1.11220286447e-20	4.0536354025e-13	3.18412736904	0.49311323752	0.345831860446
0.108421488266	8.68144706464e-21	3.67901590272e-13	3.18412737535	0.493113231209	0.345831863042
0.108421488266	6.7756886445e-21	3.34169662289e-13	3.18412738078	0.493113225782	0.345831865275
0.108421488266	5.28761333072e-21	3.03768018946e-13	3.18412738544	0.493113221118	0.345831867194
0.108421488266	4.12582786426e-21	2.76344740387e-13	3.18412738944	0.493113217115	0.345831868841
0.108421488266	3.21887048968e-21	2.51643852223e-13	3.18412739288	0.493113213681	0.345831870254
0.108421488266	2.51106966294e-21	2.29330428561e-13	3.18412739582	0.493113210739	0.345831871465
0.108421488266	1.95875156645e-21	2.09154416966e-13	3.18412739834	0.493113208221	0.345831872501
0.108421488266	1.52773274902e-21	1.908928233e-13	3.18412740049	0.493113206067	0.345831873387
0.108421488266	1.19141094443e-21	1.7435030461e-13	3.18412740233	0.493113204226	0.345831874144
0.108421488266	9.29002204881e-22	1.59397268539e-13	3.1841274039	0.493113202654	0.345831874791
0.108421488266	7.24336169218e-22	1.45833255961e-13	3.18412740524	0.493113201314	0.345831875343
0.108421488266	5.64712334259e-22	1.33516769334e-13	3.18412740639	0.493113200171	0.345831875813
0.108421488266	4.40211563546e-22	1.22322410857e-13	3.18412740736	0.493113199198	0.345831876213
0.108421488266	3.4311424707e-22	1.1216416159e-13	3.18412740819	0.493113198371	0.345831876553
0.108421488266	2.67410366728e-22	1.02930468039e-13	3.18412740889	0.493113197667	0.345831876843
0.108421488266	2.08394977412e-22	9.45188050349e-14	3.18412740949	0.49311319707	0.345831877089
0.108421488266	1.62384418531e-22	8.68485265388e-14	3.18412740999	0.493113196563	0.345831877297
0.108421488266	1.26515605835e-22	7.987240658e-14	3.18412741042	0.493113196132	0.345831877474
0.108421488266	9.85630134652e-23	7.35088182235e-14	3.18412741079	0.493113195768	0.345831877624
0.108421488266	7.67800036834e-23	6.76927594834e-14	3.1841274111	0.49311319546	0.345831877751
0.108421488266	5.98039353574e-23	6.23779733201e-14	3.18412741136	0.493113195199	0.345831877858
0.108421488266	4.65759140885e-23	5.75320694239e-14	3.18412741158	0.493113194978	0.345831877949
0.108421488266	3.62722312768e-23	5.30931202157e-14	3.18412741176	0.493113194792	0.345831878026
0.108421488266	2.82447163424e-23	4.90228063002e-14	3.18412741192	0.493113194635	0.34583187809
0.108421488266	2.1990864101e-23	4.53068252145e-14	3.18412741205	0.493113194503	0.345831878145
0.108421488266	1.71210591669e-23	4.1896885726e-14	3.18412741217	0.493113194391	0.345831878191
0.108421488266	1.33283054015e-23	3.87629028685e-14	3.18412741226	0.493113194297	0.345831878229
0.108421488266	1.03743956048e-23	3.58945297146e-14	3.18412741234	0.493113194218	0.345831878262
0.108421488266	8.07479774561e-24	3.32583944049e-14	3.18412741241	0.493113194151	0.345831878289
0.108421488266	6.28433392554e-24	3.08300364829e-14	3.18412741246	0.493113194096	0.345831878312
0.108421488266	4.89024225635e-24	2.860411713e-14	3.18412741251	0.493113194049	0.345831878332
0.108421488266	3.80529108171e-24	2.65534516732e-14	3.18412741255	0.493113194009	0.345831878348
0.108421488266	2.96074367282e-24	2.46601212306e-14	3.18412741258	0.493113193976	0.345831878361
0.108421488266	2.30332894328e-24	2.29238099484e-14	3.18412741261	0.493113193949	0.345831878373
0.108421488266	1.79185337029e-24	2.13186395628e-14	3.18412741263	0.493113193926	0.345831878382
0.108421488266	1.39379674053e-24	1.98367032565e-14	3.18412741265	0.493113193906	0.34583187839
0.108421488266	1.08406748489e-24	1.84724116761e-14	3.18412741267	0.49311319389	0.345831878397
0.108421488266	8.43124143955e-25	1.72082116528e-14	3.18412741268	0.493113193877	0.345831878402
0.108421488266	6.55651678274e-25	1.60426603017e-14	3.18412741269	0.493113193865	0.345831878407
0.108421488266	5.09848004984e-25	1.49642134886e-14	3.1841274127	0.493113193856	0.345831878411
0.108421488266	3.96428584713e-25	1.39639352967e-14	3.18412741271	0.493113193848	0.345831878414
0.108421488266	3.08206735759e-25	1.3041639914e-14	3.18412741272	0.493113193842	0.345831878417
0.108421488266	2.3961003804e-25	1.21838906911e-14	3.18412741272	0.493113193836	0.345831878419
0.108421488266	1.8625801471e-25	1.13910053886e-14	3.18412741273	0.493113193832	0.345831878421
0.108421488266	1.44782198715e-25	1.06548378053e-14	3.18412741273	0.493113193828	0.345831878422
0.108421488266	1.125299856e-25	9.97084071961e-15	3.18412741273	0.493113193825	0.345831878424
0.108421488266	8.74556333629e-26	9.33748544814e-15	3.18412741273	0.493113193822	0.345831878425
0.108421488266	6.79648181859e-26	8.74627766031e-15	3.18412741274	0.49311319382	0.345831878426
0.108421488266	5.28109710328e-26	8.20013403375e-15	3.18412741274	0.493113193818	0.345831878426
0.108421488266	4.10355183207e-26	7.68968361197e-15	3.18412741274	0.493113193817	0.345831878427
0.108421488266	3.18818620121e-26	7.21622504699e-15	3.18412741274	0.493113193816	0.345831878428
0.108421488266	2.47696344544e-26	6.77451976603e-15	3.18412741274	0.493113193815	0.345831878428
0.108421488266	1.92418722609e-26	6.36329894989e-15	3.18412741274	0.493113193814	0.345831878428
0.108421488266	1.49472346847e-26	5.98022106759e-15	3.18412741274	0.493113193813	0.345831878429
0.108421488266	1.16100164884e-26	5.62239200392e-15	3.18412741274	0.493113193812	0.345831878429
