0.0	0.00529393483842	0.162894638085	1.0	0.0	0.0
6.82331406591e-13	0.00529393387395	0.162894624321	1.00000000573	6.82331408937e-09	0.0001
8.51606870809e-13	0.00529393377369	0.16289462289	1.00000000633	7.90966141878e-09	0.000107666666057
1.06287685637e-12	0.00529393365747	0.162894621231	1.00000000702	9.16896739009e-09	0.000115921109759
1.32655952756e-12	0.00529393352274	0.162894619308	1.00000000782	1.0628768641e-08	0.00012480839403
1.65565762686e-12	0.00529393336656	0.162894617079	1.00000000875	1.23209864125e-08	0.000134377036609
2.06639966667e-12	0.00529393318551	0.162894614495	1.00000000983	1.42826241015e-08	0.000144679274923
2.5790401903e-12	0.00529393297564	0.1628946115	1.00000001108	1.6556576058e-08	0.000155771351256
3.2188585644e-12	0.00529393273235	0.162894608028	1.00000001252	1.91925663897e-08	0.00016771381979
4.01740555527e-12	0.00529393245034	0.162894604003	1.0000000142	2.22482354252e-08	0.000180571877177
5.01405915991e-12	0.00529393212342	0.162894599337	1.00000001614	2.57904007049e-08	0.000194415718457
6.25796641268e-12	0.00529393174445	0.162894593928	1.0000000184	2.98965177003e-08	0.000209320920269
7.81046692135e-12	0.00529393130515	0.162894587658	1.00000002101	3.46563736799e-08	0.000225368853427
9.74811764119e-12	0.0052939307959	0.16289458039	1.00000002404	4.01740509151e-08	0.000242647127133
1.21664680434e-11	0.00529393020558	0.162894571965	1.00000002755	4.65702028568e-08	0.000261250067248
1.51847718372e-11	0.00529392952127	0.162894562199	1.00000003161	5.39846920222e-08	0.000281279231222
1.89518675873e-11	0.00529392872802	0.162894550877	1.00000003633	6.25796486548e-08	0.000302843962495
2.36535182079e-11	0.00529392780846	0.162894537754	1.0000000418	7.25430158832e-08	0.000326061987414
2.95215712509e-11	0.00529392674251	0.16289452254	1.00000004814	8.40926589812e-08	0.000351060057888
3.6845391694e-11	0.00529392550684	0.162894504905	1.00000005548	9.74811298802e-08	0.000377974643328
4.59861309867e-11	0.00529392407444	0.162894484462	1.000000064	1.1300118896e-07	0.000406952675609
5.73945359716e-11	0.00529392241399	0.162894460763	1.00000007387	1.3099220702e-07	0.000438152351156
7.16331758454e-11	0.00529392048918	0.162894433292	1.00000008532	1.51847585874e-07	0.000471743994493
8.94041831756e-11	0.00529391825792	0.162894401448	1.00000009858	1.76023360434e-07	0.000507910987997
1.11583876876e-10	0.00529391567142	0.162894364533	1.00000011396	2.04048170358e-07	0.000546850772909
1.39265974383e-10	0.00529391267312	0.162894321741	1.00000013179	2.3653481896e-07	0.000588775927069
1.73815523785e-10	0.00529390919746	0.162894272136	1.00000015245	2.7419367308e-07	0.000633915325246
2.16936215217e-10	0.00529390516845	0.162894214634	1.00000017641	3.17848194878e-07	0.0006825153884
2.70754390514e-10	0.00529390049797	0.162894147976	1.00000020418	3.68452947397e-07	0.000734841428665
3.37923893419e-10	0.00529389508391	0.162894070707	1.00000023637	4.27114466111e-07	0.000791179097409
4.21756930142e-10	0.00529388880789	0.162893981135	1.00000027368	4.95115452524e-07	0.000851835944227
5.26387392454e-10	0.00529388153266	0.162893877302	1.00000031694	5.73942820041e-07	0.000917143095391
6.56974695903e-10	0.00529387309916	0.162893756938	1.00000036708	6.65320203813e-07	0.000987457060858
8.19958183093e-10	0.00529386332298	0.162893617411	1.00000042521	7.71245645052e-07	0.0010631616797
1.02337463466e-09	0.00529385199036	0.16289345567	1.00000049259	8.94035274651e-07	0.0011446702145
1.27725454137e-09	0.0052938388535	0.162893268179	1.0000005707	1.03637394906e-06	0.00123242760617
1.59411667316e-09	0.00529382362518	0.162893050837	1.00000066124	1.20137394609e-06	0.00132691290126
1.98958532548e-09	0.00529380597242	0.162892798893	1.0000007662	1.39264300224e-06	0.0014286418652
2.48316066978e-09	0.00529378550926	0.162892506838	1.00000088787	1.61436317755e-06	0.00153816979539
3.09918017949e-09	0.0052937617883	0.162892168286	1.00000102891	1.87138227116e-06	0.00165609454948
3.86801851824e-09	0.00529373429091	0.162891775835	1.00000119241	2.16931978264e-06	0.00178305980524
4.82758502576e-09	0.0052937024159	0.162891320904	1.00000138193	2.5146897336e-06	0.0019197585695
6.02519259681e-09	0.00529366546642	0.162890793546	1.00000160163	2.91504302789e-06	0.00206693695528
7.51989004124e-09	0.00529362263467	0.162890182232	1.0000018563	3.37913245948e-06	0.00222539824712
9.3853728368e-09	0.00529357298432	0.162889473597	1.00000215151	3.91710396351e-06	0.00239600727678
1.17136156626e-08	0.00529351542999	0.162888652147	1.00000249373	4.54071828259e-06	0.00257969513237
1.46194056281e-08	0.0052934487136	0.162887699924	1.00000289042	5.26360787684e-06	0.00277746422627
1.82459994318e-08	0.00529337137688	0.162886596113	1.00000335026	6.1015746737e-06	0.00299039374868
2.27721829704e-08	0.0052932817295	0.162885316584	1.00000388331	7.07293513702e-06	0.00321964553554
2.84210808762e-08	0.00529317781225	0.162883833368	1.00000450121	8.19892016014e-06	0.00346647038194
3.54711494668e-08	0.00529305735423	0.162882114044	1.00000521747	9.50413847286e-06	0.00373221483375
4.42698938409e-08	0.00529291772333	0.162880121036	1.00000604775	1.10171136201e-05	0.00401832849291
5.52509835847e-08	0.00529275586887	0.162877810787	1.00000701018	1.27709061545e-05	0.00432637187405
6.89556082753e-08	0.00529256825511	0.162875132811	1.00000812581	1.48038345166e-05	0.00465802485232
8.60591217759e-08	0.00529235078421	0.162872028595	1.000009419	1.71603101831e-05	0.00501509574521
1.07404283296e-07	0.00529209870708	0.162868430318	1.00001091801	1.98918051055e-05	0.00539953107352
1.34042725854e-07	0.00529180652004	0.162864259378	1.00001265558	2.3057972269e-05	0.00581342604925
1.67286684662e-07	0.00529146784526	0.162859424674	1.00001466966	2.67279434378e-05	0.00625903584088
2.08773518393e-07	0.00529107529225	0.162853820632	1.00001700423	3.09818318812e-05	0.00673878766906
2.60546179139e-07	0.00529062029763	0.162847324902	1.00001971026	3.59124721504e-05	0.0072552937881
3.25153561801e-07	0.00529009293964	0.162839795702	1.00002284679	4.16274338982e-05	0.00781136541091
4.05775627296e-07	0.00528948172363	0.162831068739	1.00002648227	4.8251352356e-05	0.00841002763694
5.0637939149e-07	0.0052887733339	0.162820953651	1.00003069599	5.59286245275e-05	0.00905453544405
6.31913359049e-07	0.00528795234695	0.162809229879	1.00003557981	6.48265275021e-05	0.00974839080596
7.88549826872e-07	0.0052870009	0.162795641905	1.00004124015	7.51388236481e-05	0.0104953609968
9.83986769693e-07	0.00528589830827	0.162779893735	1.0000478003	8.70899269202e-05	0.0112994981431
1.22782385369e-06	0.00528462062319	0.162761642527	1.00005540304	0.000100939715219	0.0121651600798
1.5320306279e-06	0.00528314012284	0.162740491226	1.0000642137	0.000116989085758	0.0130970325636
1.91152927036e-06	0.00528142472476	0.162715980064	1.00007442377	0.000135586363833	0.0141001528866
2.38491959948e-06	0.00527943730981	0.162687576739	1.00008625487	0.000157134690267	0.015179934925
2.97538062268e-06	0.00527713494464	0.162654665106	1.00009996356	0.000182100529171	0.0163421956405
3.71179094473e-06	0.00527446798859	0.162616532128	1.00011584667	0.000211023455414	0.0175931830302
4.63012020864e-06	0.00527137906952	0.162572352866	1.00013424762	0.000244527400158	0.0189396054969
5.77515575111e-06	0.00526780191139	0.162521173218	1.00015556353	0.000283333552715	0.0203886625699
7.20264323534e-06	0.00526365999498	0.16246189009	1.00018025347	0.000328275137142	0.0219480768647
8.98193763962e-06	0.00525886503177	0.162393228677	1.00020884788	0.000380314301708	0.023626127105
1.11992821325e-05	0.00525331523019	0.162313716443	1.00024195937	0.000440561377224	0.0254316819573
1.39618575782e-05	0.00524689333269	0.162221653424	1.00028029498	0.000510296774446	0.027374234329
1.74027751975e-05	0.0052394644028	0.162115078391	1.00032467024	0.000590995798759	0.0294639356612
2.1687219685e-05	0.00523087334279	0.161991730428	1.00037602497	0.00068435665845	0.0317116295953
2.70199901094e-05	0.005220942126	0.161849005445	1.0004354413	0.000792331926268	0.0341288842062
3.36547311244e-05	0.0052094667338	0.161683907184	1.00050416377	0.000917163676095	0.0367280217654
4.19051967704e-05	0.00519621379662	0.161492992279	1.00058362198	0.00106142244868	0.0395221447183
5.21589419748e-05	0.00518091695211	0.161272309045	1.00067545565	0.0012280500915	0.0425251562214
6.4893889966e-05	0.00516327295354	0.161017329763	1.00078154227	0.00142040635335	0.0457517731801
8.06982724967e-05	0.00514293758922	0.16072287647	1.00090402735	0.00164231887662	0.0492175292491
0.00010029447662	0.00511952151111	0.160383040528	1.00104535695	0.00189813589715	0.0529387646946
0.000124567345631	0.00509258612049	0.159991096705	1.00120831226	0.00219278050729	0.0569325993709
0.00015459745658	0.00506163972259	0.159539413061	1.00139604555	0.00253180473273	0.0612168843328
0.000191699810049	0.00502613424342	0.159019358749	1.00161211648	0.00292144088512	0.0658101267991
0.000237468189446	0.00498546290147	0.158421212844	1.00186052739	0.00336864664995	0.0707313823239
0.00029382513789	0.00493895934595	0.157734078643	1.00214575557	0.0038811391255	0.0760001071614
0.000363077012661	0.00488589890903	0.156945809512	1.0024727797	0.00446741153189	0.0816359629933
0.000447972854359	0.00482550276695	0.156042954295	1.00284709712	0.00513672457361	0.0876585655178
0.000551764791385	0.00475694595195	0.155010732586	1.00327472715	0.00589906252129	0.094087168028
0.000678266337321	0.00467937028435	0.153833052665	1.00376219507	0.00676504210436	0.100940271209
0.000831903198707	0.00459190337151	0.152492587442	1.00431649017	0.00774576049801	0.108235151212
0.00101774911059	0.00449368480549	0.150970926153	1.00494499018	0.00885256739312	0.115987299927
0.00124153685652	0.00438390052827	0.149248821209	1.00565534411	0.010096745864	0.124209774559
0.00150963223392	0.00426182595821	0.147306550104	1.00645530535	0.0114890881651	0.132912458552
0.00182895669209	0.00412687781691	0.145124410676	1.00735250772	0.0130393565119	0.142101242772
0.00220684330052	0.00397867360888	0.142683363514	1.00835417987	0.0147556262108	0.151777144885
0.0026508114036	0.00381709637371	0.139965826872	1.00946679696	0.0166435199695	0.161935395924
0.00316824872146	0.00364236070577	0.13695661651	1.01069567493	0.018705358223	0.172564535516
0.00376599665852	0.00345507428005	0.133644005081	1.01204452063	0.0209392704913	0.183645570221
0.00444984574101	0.00325628751765	0.13002085383	1.01351496073	0.0233383355586	0.195151261074
0.00522396324651	0.00304752298005	0.126085745399	1.01510608271	0.0258898405549	0.207045614588
0.00609029289417	0.00283077607363	0.121844023873	1.01681403044	0.028574766105	0.219283653474
0.00704913274188	0.00260822110595	0.117890520281	1.01863174547	0.0313728861395	0.231811536829
0.00809883849422	0.00238201341179	0.114137404647	1.02054041134	0.0342716081149	0.244504700469
0.00922794271075	0.00215572010524	0.110145782599	1.02251817471	0.037225637744	0.257234569628
0.0104237192521	0.00193242953681	0.105933290266	1.02454636783	0.0401919407832	0.269911846533
0.0116695840983	0.00171527894909	0.101524449853	1.0266034205	0.0431240651014	0.282442227887
0.0129457576383	0.00150727141296	0.09695022814	1.02866573201	0.0459745268951	0.294729566901
0.0142302992305	0.00131109539834	0.0922471486983	1.03070876115	0.0486975289409	0.306679353082
0.0155004217934	0.00112896830777	0.087455995998	1.03270823907	0.0512517223481	0.318202273768
0.0167339392498	0.000962522668625	0.0826202031735	1.03464138531	0.0536026861568	0.329217590735
0.0179106698314	0.000812747291125	0.0777840581798	1.03648800198	0.0557248218965	0.339656069005
0.0190136225095	0.000679986991742	0.0729908866507	1.03823133778	0.057602442596	0.349462234239
0.0200298318265	0.000563995543973	0.0682813693698	1.03985864798	0.0592299606026	0.358595803388
0.0209507684336	0.000464029395007	0.0636921287693	1.04136142127	0.0606112169177	0.367032219504
0.0217723230024	0.000378965736098	0.0592546780838	1.04273528969	0.0617581149907	0.374762311767
0.0224944234887	0.000307428079115	0.0549947774778	1.04397967419	0.0626887997929	0.381791182766
0.0231203878789	0.000247904975435	0.0509321929034	1.04509724158	0.0634256479537	0.388136486444
0.0236561314507	0.000198851751903	0.0470808132107	1.0460932555	0.063993310864	0.393826295676
0.0241015154828	0.000159457781173	0.0414455383822	1.04697481277	0.0643946792428	0.398896766826
0.0244709397123	0.000127840449188	0.0358548906291	1.04779051233	0.0646304688652	0.403626516926
0.024780379405	0.000102205998481	0.0308949051692	1.04855613176	0.0647356672587	0.40810825035
0.0250366034974	8.16523208269e-05	0.0262582741794	1.04927406493	0.0647310371355	0.412355631997
0.025249582689	6.51038513711e-05	0.0222857357097	1.04995475808	0.0646371300544	0.416429339293
0.0254255557362	5.18550792131e-05	0.0187900549258	1.0505988728	0.0644730145791	0.420331479339
0.025570807082	4.12538736865e-05	0.0158109424352	1.05121098803	0.0642532930805	0.424087143648
0.0256904117931	3.27871497232e-05	0.0132805617564	1.05179260089	0.0639917920529	0.427702425797
0.0257887227791	2.60329091797e-05	0.0111517476407	1.05234520805	0.0636999505903	0.431182980303
0.0258693813015	2.06507628724e-05	0.00936568084628	1.05286956202	0.0633876953371	0.434529447114
0.0259353773354	1.63699458775e-05	0.00786600296916	1.05336629299	0.0630630696431	0.437741361563
0.0259893054105	1.29663680586e-05	0.00661207310029	1.05383629566	0.0627325850419	0.440819796225
0.026033242362	1.02654931336e-05	0.00555603547931	1.05428011937	0.0624015689842	0.443763513935
0.0260689882502	8.12303153683e-06	0.00467110220735	1.05469903674	0.0620737647765	0.44657614357
0.0260980061074	6.42544015527e-06	0.00392619860061	1.05509393367	0.0617523222992	0.449258954692
0.0261215214424	5.08121571744e-06	0.0032978049626	1.05546605994	0.0614393318408	0.451815944806
0.0261405372002	4.01792621823e-06	0.0027665278358	1.05581680749	0.0611361072873	0.454252467761
0.0261558891033	3.17737121034e-06	0.00231396490153	1.05614774036	0.0608433143796	0.456575516644
0.0261682736492	2.5127592223e-06	0.0019321426464	1.05646088166	0.0605607682602	0.458795834813
0.0261782261085	1.98880266886e-06	0.00160203140024	1.05675766944	0.0602884360106	0.460920554608
0.026186247539	1.57419943553e-06	0.00132231353492	1.05704113591	0.0600245793918	0.462968803972
0.02619266586	1.24827937563e-06	0.00107881502308	1.05731309982	0.059768229341	0.464951644743
0.0261977977475	9.92113468362e-07	0.000831260849181	1.05757752266	0.0595162319021	0.466896445189
0.0262015944322	8.05785655427e-07	0.000559698083166	1.05785025739	0.0592526480475	0.468920217834
0.0262047357038	6.54554175126e-07	0.000376963571684	1.05817888627	0.0589315520911	0.471383311022
0.0262073453507	5.31811942413e-07	0.000253985708011	1.05857469689	0.0585419612216	0.474386342051
0.0262096928203	4.24551839817e-07	0.000203042262178	1.05905117916	0.0580710306232	0.478055436714
0.0262116855888	3.36362151399e-07	0.000167761027111	1.05952700671	0.0575998747357	0.481779813139
0.0262133152352	2.66478261317e-07	0.000138504634606	1.05998346573	0.0571472032207	0.485410675475
0.0262146451615	2.11158846449e-07	0.000114146705072	1.0604216449	0.0567120892593	0.488950965776
0.0262157308514	1.67312371438e-07	9.40672784616e-05	1.06084310131	0.0562931149928	0.492408031848
0.0262166162895	1.32562107811e-07	7.7515933074e-05	1.0612484624	0.0558897624228	0.495782182195
0.0262173391355	1.04969417725e-07	6.41775875425e-05	1.06163833324	0.0555015188829	0.499073835019
0.0262179277821	8.30939945088e-08	5.31872245225e-05	1.06201134714	0.0551298204832	0.502266707357
0.026218405982	6.57759587128e-08	4.40286978457e-05	1.06236776487	0.0547744639088	0.505358125226
0.0262187937541	5.2077393466e-08	3.64012730978e-05	1.06270869829	0.0544343851564	0.508353108069
0.0262191082753	4.12293495203e-08	3.00938044399e-05	1.06303528742	0.054108484744	0.511257469268
0.0262193630661	3.26419031581e-08	2.485939457e-05	1.0633481288	0.0537961977749	0.514072640595
0.0262195693366	2.58427259343e-08	2.05313035129e-05	1.06364804382	0.0534967288789	0.516802408902
0.0262197362144	2.04587733946e-08	1.69560553552e-05	1.06393561717	0.0532095143548	0.519448752876
0.0262198711112	1.61957116932e-08	1.40028382778e-05	1.0642113516	0.0529340683467	0.522013163661
0.026219980069	1.28203646574e-08	1.15635413021e-05	1.06447572981	0.0526699218397	0.524497183938
0.0262200683422	1.01378916932e-08	9.63921333603e-06	1.06472921518	0.0524166232125	0.526902400967
0.0262201396046	8.01191930556e-09	8.05305462891e-06	1.06496974732	0.0521762410718	0.529206332218
0.0262201969324	6.33141999994e-09	6.7276143385e-06	1.06519734489	0.0519487635876	0.531406027466
0.0262202430072	5.00313757581e-09	5.6200965892e-06	1.06541269765	0.0517335069131	0.53350521104
0.0262202800049	3.95331673792e-09	4.69471839208e-06	1.06561645911	0.051529822273	0.535507572437
0.0262203096885	3.12363052086e-09	3.92156285363e-06	1.06580924842	0.0513370943346	0.537416755466
0.0262203334844	2.46795693912e-09	3.27561943199e-06	1.06599165215	0.0511547396273	0.539236348698
0.0262203525457	1.94982809583e-09	2.73598082971e-06	1.06616422588	0.0509822050134	0.540969877164
0.0262203678032	1.54041169986e-09	2.28517103648e-06	1.06632749588	0.0508189662139	0.542620795205
0.0262203800073	1.21691405056e-09	1.90858316667e-06	1.06648196058	0.0506645263893	0.544192480409
0.026220389755	9.61511085477e-10	1.59082446966e-06	1.06662809201	0.0505184147623	0.545688228548
0.0262203975393	7.59790669049e-10	1.32516167394e-06	1.06676664095	0.0503798815954	0.547114384775
0.0262204037562	6.00370652919e-10	1.10383581863e-06	1.06689809318	0.0502484419261	0.548474767355
0.0262204087185	4.74385545322e-10	9.19453174992e-07	1.06702281032	0.0501237347816	0.549772050991
0.0262204126773	3.74826734586e-10	7.65851832809e-07	1.06714113574	0.0500054173085	0.551008836138
0.026220415834	2.96153855866e-10	6.37896715577e-07	1.06725339549	0.0498931638941	0.552187647536
0.02622041835	2.33987425233e-10	5.31308658079e-07	1.06735989909	0.0497866653259	0.55331093321
0.0262204203542	1.84865764594e-10	4.42521896089e-07	1.06746094042	0.0496856279883	0.554381063887
0.0262204219503	1.46052783043e-10	3.68565253175e-07	1.06755679849	0.049589773096	0.555400332796
0.0262204232206	1.15385984362e-10	3.0696309046e-07	1.06764773815	0.0494988359617	0.556370955797
0.0262204242314	9.11562899341e-11	2.55652737061e-07	1.06773401082	0.0494125652988	0.55729507181
0.0262204250358	7.20025881889e-11	2.13651986392e-07	1.06781585515	0.0493307225562	0.558174743509
0.0262204256773	5.68220136435e-11	1.79319128801e-07	1.06789321943	0.0492533595515	0.559008953015
0.0262204261867	4.4841008304e-11	1.50500894976e-07	1.06796597022	0.0491806097644	0.559795812279
0.0262204265904	3.53990954509e-11	1.25854283866e-07	1.06803438181	0.049112198968	0.560537868008
0.0262204269106	2.79508345488e-11	1.0514741754e-07	1.0680989707	0.0490476107035	0.561240360492
0.0262204271646	2.20693678835e-11	8.78463075766e-08	1.06816001811	0.0489865637933	0.561906038747
0.0262204273662	1.74252051983e-11	7.33910335728e-08	1.06821771772	0.0489288645811	0.562536739801
0.0262204275261	1.37581225247e-11	6.13136783656e-08	1.06827225267	0.0488743299457	0.563134218689
0.0262204276531	1.08579642017e-11	5.14856166281e-08	1.06832379613	0.0488227867341	0.563700151079
0.0262204277539	8.56418842044e-12	4.33343096101e-08	1.06837224317	0.0487743398936	0.564233177004
0.0262204278338	6.75487670355e-12	3.64731317104e-08	1.0684176469	0.0487289363177	0.564733682617
0.026220427897	5.32773291576e-12	3.06979750977e-08	1.06846019813	0.0486863852151	0.565203591841
0.026220427947	4.20154374763e-12	2.58753060399e-08	1.06850007573	0.0486465077105	0.565644722026
0.0262204279866	3.31280532056e-12	2.18255361526e-08	1.06853738762	0.0486091959001	0.566058125952
0.026220428018	2.61202672893e-12	1.84094381673e-08	1.06857226797	0.0485743156041	0.566445164109
0.0262204280427	2.05946461407e-12	1.55278947379e-08	1.06860487502	0.0485417086075	0.566807480646
0.0262204280623	1.62358692776e-12	1.31199404466e-08	1.0686353567	0.04851122696	0.56714662186
0.0262204280778	1.27962198409e-12	1.10970754314e-08	1.06866379888	0.0484827848104	0.567463456299
0.02622042809	1.00851777535e-12	9.38603567358e-09	1.06869030299	0.0484562807229	0.567759036488
0.0262204280997	7.94843132462e-13	7.93876694446e-09	1.06871500095	0.0484315827897	0.568034765377
0.0262204281073	6.26390276461e-13	6.72570751999e-09	1.06873801569	0.0484085680608	0.568291956305
0.0262204281134	4.93449006332e-13	5.70758055665e-09	1.06875942497	0.0483871587879	0.568531425973
0.0262204281181	3.88719323536e-13	4.84354979953e-09	1.06877929974	0.0483672840341	0.568753921426
0.0262204281219	3.06215242106e-13	4.11029793151e-09	1.06879774987	0.0483488339077	0.568960632186
0.0262204281249	2.4121774849e-13	3.48901780213e-09	1.06881487741	0.0483317063735	0.569152666296
0.0262204281272	1.89991640148e-13	2.96384765321e-09	1.06883077243	0.0483158113638	0.56933100322
0.0262204281291	1.49643251148e-13	2.51771633751e-09	1.06884551068	0.0483010731142	0.569496466611
0.0262204281305	1.17862968716e-13	2.13873057433e-09	1.0688591763	0.0482874074959	0.569649978095
0.0262204281317	9.28315041883e-14	1.8167862512e-09	1.06887184731	0.048274736491	0.56979239439
0.0262204281326	7.3115816009e-14	1.54329936727e-09	1.06888359605	0.0482629877496	0.569924511728
0.0262204281333	5.75871196057e-14	1.31097741708e-09	1.06889448962	0.0482520941792	0.570047069994
0.0262204281338	4.53524131608e-14	1.11583432803e-09	1.06890459024	0.048241993563	0.570160756606
0.0262204281343	3.56753739807e-14	9.56736948123e-10	1.06891393626	0.0482326475449	0.570265992349
0.0262204281346	2.80630528861e-14	8.20321794831e-10	1.06892251079	0.0482240730149	0.570362577075
0.0262204281349	2.20749477997e-14	7.03355556381e-10	1.06893037749	0.0482162063128	0.570451218966
0.0262204281351	1.73645278252e-14	6.03065727606e-10	1.06893759478	0.0482089890274	0.570532568702
0.0262204281353	1.36591890489e-14	5.17074957e-10	1.06894421624	0.0482023675646	0.570607224058
0.0262204281354	1.07440315915e-14	4.43774767447e-10	1.06895029105	0.0481962927507	0.57067573414
0.0262204281355	8.446465608e-15	3.82141818962e-10	1.0689558587	0.0481907251028	0.570738539724
0.0262204281356	6.64020748366e-15	3.29068141379e-10	1.06896094173	0.048185642071	0.570795891302
0.0262204281357	5.22020151304e-15	2.83365178263e-10	1.06896558232	0.048181001483	0.570848261386
0.0262204281357	4.1038545622e-15	2.44009394512e-10	1.06896981897	0.0481767648349	0.570896081733
0.0262204281358	3.22623359635e-15	2.10119369587e-10	1.06897368683	0.0481728969722	0.570939746835
0.0262204281358	2.53628985556e-15	1.80936081612e-10	1.06897721801	0.048169365799	0.570979617109
0.0262204281358	1.99388995797e-15	1.55806054841e-10	1.06898044179	0.0481661420119	0.571016021813
0.0262204281359	1.56748301739e-15	1.34166188208e-10	1.06898338494	0.0481631988607	0.571049261687
0.0262204281359	1.23226443717e-15	1.15531780503e-10	1.06898607189	0.0481605119189	0.57107961149
0.0262204281359	9.68733792404e-16	9.94854384783e-11	1.06898852492	0.0481580588852	0.571107322189
0.0262204281359	7.61560647321e-16	8.56677313471e-11	1.06899076441	0.0481558193993	0.571132623013
0.0262204281359	5.98692878304e-16	7.3769142612e-11	1.06899280893	0.0481537748728	0.57115572332
0.0262204281359	4.70655655448e-16	6.35231391957e-11	1.06899467547	0.0481519083349	0.571176814317
0.0262204281359	3.70000314683e-16	5.470021718e-11	1.06899637951	0.0481502042918	0.571196070628
0.0262204281359	2.9087107021e-16	4.71027354917e-11	1.06899793521	0.0481486485988	0.57121365172
0.0262204281359	2.28664451359e-16	4.05604734096e-11	1.06899935546	0.0481472283425	0.571229703217
0.0262204281359	1.79761421877e-16	3.49268745916e-11	1.06900065207	0.0481459317327	0.571244358111
0.0262204281359	1.41316891775e-16	3.00757366499e-11	1.0690018358	0.0481447480053	0.571257737843
0.0262204281359	1.11094209313e-16	2.5898384541e-11	1.06900291647	0.0481436673335	0.571269953308
0.0262204281359	8.73350457479e-17	2.23012364569e-11	1.06900390306	0.0481426807455	0.571281105767
0.0262204281359	6.86571046463e-17	1.92037077238e-11	1.06900480376	0.0481417800508	0.571291287683
0.0262204281359	5.39737047478e-17	1.65364096745e-11	1.06900562603	0.0481409577717	0.571300583481
0.0262204281359	4.2430563266e-17	1.42395841282e-11	1.06900637672	0.0481402070816	0.571309070248
0.0262204281359	3.33560960052e-17	1.2261773663e-11	1.06900706206	0.0481395217483	0.57131681837
0.0262204281359	2.62223431477e-17	1.05586695897e-11	1.06900768772	0.0481388960818	0.571323892114
0.0262204281359	2.0614255401e-17	9.09211722748e-12	1.06900825892	0.0481383248875	0.57133035016
0.0262204281359	1.62055469898e-17	7.82926120337e-12	1.06900878038	0.0481378034229	0.571336246084
0.0262204281359	1.27397126465e-17	6.74180945072e-12	1.06900925645	0.0481373273587	0.571341628802
0.0262204281359	1.00151042645e-17	5.80539942432e-12	1.06900969106	0.0481368927422	0.571346542977
0.0262204281359	7.87319886982e-18	4.99905316652e-12	1.06901008784	0.0481364959648	0.571351029384
0.0262204281359	6.18937630422e-18	4.30470465165e-12	1.06901045007	0.0481361337324	0.571355125253
0.0262204281359	4.86566810818e-18	3.7067979878e-12	1.06901078077	0.0481358030373	0.571358864574
0.0262204281359	3.82505786898e-18	3.19193792257e-12	1.06901108267	0.0481355011338	0.571362278379
0.0262204281359	3.00700034266e-18	2.74858971421e-12	1.06901135829	0.0481352255153	0.571365395002
0.0262204281359	2.36389885426e-18	2.366820723e-12	1.06901160991	0.0481349738933	0.57136824031
0.0262204281359	1.85833605235e-18	2.03807789237e-12	1.06901183963	0.0481347441785	0.57137083792
0.0262204281359	1.46089690288e-18	1.75499617646e-12	1.06901204934	0.0481345344637	0.571373209391
0.0262204281359	1.14845726084e-18	1.5112335005e-12	1.0690122408	0.0481343430077	0.57137537441
0.0262204281359	9.02838496799e-19	1.3013285149e-12	1.06901241559	0.0481341682206	0.571377350948
0.0262204281359	7.0974977784e-19	1.12057853303e-12	1.06901257515	0.0481340086514	0.571379155411
0.0262204281359	5.57956613438e-19	9.64934047789e-13	1.06901272083	0.048133862975	0.57138080278
0.0262204281359	4.38627205431e-19	8.30908008986e-13	1.06901285382	0.0481337299819	0.57138230673
0.0262204281359	3.4481859151e-19	7.15497701341e-13	1.06901297524	0.0481336085678	0.571383679746
0.0262204281359	2.71072685268e-19	6.16117473068e-13	1.06901308608	0.0481334977246	0.571384933227
0.0262204281359	2.13098709447e-19	5.30540821186e-13	1.06901318727	0.0481333965319	0.571386077578
0.0262204281359	1.67523546734e-19	4.56850474295e-13	1.06901327966	0.0481333041496	0.571387122301
0.0262204281359	1.31695483235e-19	3.93395459906e-13	1.069013364	0.0481332198106	0.571388076069
0.0262204281359	1.03529921431e-19	3.38754128209e-13	1.06901344099	0.0481331428145	0.571388946799
0.0262204281359	8.13880931106e-20	2.91702290818e-13	1.06901351128	0.0481330725221	0.571389741722
0.0262204281359	6.39817107396e-20	2.51185794274e-13	1.06901357546	0.0481330083497	0.571390467437
0.0262204281359	5.02980108247e-20	2.1629690295e-13	1.06901363404	0.0481329497645	0.571391129969
0.0262204281359	3.95408280814e-20	1.86253962239e-13	1.06901368753	0.04813289628	0.571391734819
0.0262204281359	3.108427188e-20	1.60383889375e-13	1.06901373635	0.0481328474522	0.571392287009
0.0262204281359	2.44363100832e-20	1.38107084407e-13	1.06901378093	0.0481328028755	0.571392791123
0.0262204281359	1.92101407599e-20	1.18924454286e-13	1.06901382163	0.04813276218	0.571393251347
0.0262204281359	1.51016867869e-20	1.0240622864e-13	1.06901385878	0.0481327250276	0.571393671503
0.0262204281359	1.18719036347e-20	8.81823306723e-14	1.0690138927	0.0481326911099	0.571394055078
0.0262204281359	9.33287093685e-21	7.593408595e-14	1.06901392366	0.0481326601452	0.571394405257
0.0262204281359	7.33685863389e-21	6.53870828094e-14	1.06901395193	0.0481326318765	0.571394724949
0.0262204281359	5.76773152372e-21	5.63050245202e-14	1.06901397774	0.048132606069	0.571395016807
0.0262204281359	4.53419210459e-21	4.84844353688e-14	1.0690140013	0.0481325825085	0.571395283254
0.0262204281359	3.5644685842e-21	4.17501009408e-14	1.06901402281	0.0481325609992	0.571395526503
0.0262204281359	2.80213891889e-21	3.59511440029e-14	1.06901404244	0.0481325413627	0.571395748574
0.0262204281359	2.20284798823e-21	3.0957643664e-14	1.06901406037	0.0481325234358	0.57139595131
0.0262204281359	1.73172685569e-21	2.66577246119e-14	1.06901407674	0.0481325070697	0.571396136395
0.0262204281359	1.36136396889e-21	2.2955050645e-14	1.06901409168	0.0481324921286	0.571396305366
0.0262204281359	1.07021025687e-21	1.97666663429e-14	1.06901410532	0.0481324784883	0.571396459626
0.0262204281359	8.41325327219e-22	1.70211385641e-14	1.06901411777	0.0481324660356	0.571396600454
0.0262204281359	6.61391812687e-22	1.46569559446e-14	1.06901412914	0.0481324546671	0.571396729022
0.0262204281359	5.19940519379e-22	1.26211508152e-14	1.06901413952	0.0481324442884	0.571396846396
0.0262204281359	4.08741289528e-22	1.08681125896e-14	1.06901414899	0.0481324348133	0.57139695355
0.0262204281359	3.21324141531e-22	9.35856584475e-15	1.06901415764	0.0481324261632	0.571397051376
0.0262204281359	2.52602822775e-22	8.05869038728e-15	1.06901416554	0.0481324182662	0.571397140684
0.0262204281359	1.98578872841e-22	6.93936354018e-15	1.06901417275	0.0481324110568	0.571397222216
