0.0	0.0855732368881	0.633733680927	1.0	0.0	0.0
2.65457714706e-12	0.0855732179041	0.633733608124	1.00000002639	2.65457722085e-08	0.0001
3.31313508773e-12	0.0855732157683	0.633733599933	1.00000002936	3.07721536553e-08	0.000107666665914
4.13507065791e-12	0.0855732132925	0.633733590439	1.0000000328	3.56714218762e-08	0.000115921109439
5.16091521206e-12	0.0855732104224	0.633733579432	1.00000003679	4.13507079243e-08	0.000124808393487
6.44125527689e-12	0.0855732070955	0.633733566674	1.00000004142	4.79341990882e-08	0.000134377035785
8.03922707518e-12	0.0855732032389	0.633733551884	1.00000004678	5.55658548273e-08	0.000144679273745
1.00336298998e-11	0.0855731987682	0.633733534739	1.000000053	6.44125544712e-08	0.00015577134963
1.25228118637e-11	0.0855731935858	0.633733514864	1.0000000602	7.46677464061e-08	0.000167713817598
1.56295196396e-11	0.0855731875783	0.633733491826	1.00000006855	8.6555677905e-08	0.000180571874271
1.95069513376e-11	0.0855731806143	0.633733465119	1.00000007823	1.00336299083e-07	0.000194415714652
2.43463109997e-11	0.0855731725416	0.63373343416	1.00000008946	1.16310946779e-07	0.000209320915331
3.03862372335e-11	0.0855731631836	0.633733398273	1.00000010247	1.34828933602e-07	0.000225368847062
3.79245709266e-11	0.0855731523357	0.633733356671	1.00000011755	1.56295187123e-07	0.000242647118975
4.73330423246e-11	0.0855731397607	0.633733308447	1.00000013503	1.81179102757e-07	0.000261250056839
5.90756017108e-11	0.0855731251837	0.633733252544	1.00000015529	2.10024809287e-07	0.000281279217986
7.37312975955e-11	0.0855731082858	0.633733187741	1.00000017879	2.43463066052e-07	0.000302843945715
9.20228305632e-11	0.0855730886976	0.633733112621	1.00000020602	2.82225055611e-07	0.000326061966192
1.14852190791e-10	0.0855730659907	0.633733025541	1.00000023759	3.27158372386e-07	0.000351060031102
1.4334513655e-10	0.0855730396687	0.633732924597	1.00000027418	3.79245555795e-07	0.000377974609575
1.78906706941e-10	0.0855730091559	0.633732807581	1.0000003166	4.39625575629e-07	0.000406952633138
2.23290506215e-10	0.0855729737852	0.633732671935	1.00000036577	5.09618735626e-07	0.000438152297778
2.78685176066e-10	0.0855729327831	0.633732514693	1.00000042278	5.90755544434e-07	0.000471743927474
3.47822319817e-10	0.085572885253	0.633732332417	1.00000048885	6.84810180888e-07	0.000507910903923
4.34111200139e-10	0.0855728301557	0.63373212112	1.00000056545	7.93839288397e-07	0.000546850667517
5.41806852049e-10	0.0855727662863	0.633731876183	1.00000065424	9.2022694415e-07	0.000588775795035
6.76219900538e-10	0.0855726922483	0.633731592249	1.00000075717	1.06673678851e-06	0.000633915159924
8.43978428375e-10	0.0855726064228	0.633731263109	1.00000087649	1.23657245276e-06	0.000682515181489
1.05335480592e-09	0.085572506933	0.633730881568	1.00000101481	1.4334476062e-06	0.000734841169807
1.31467359758e-09	0.0855723916036	0.633730439282	1.00000117514	1.6616671553e-06	0.000791178773667
1.64082065659e-09	0.0855722579128	0.633729926579	1.000001361	1.92622136689e-06	0.000851835539456
2.04787850847e-09	0.0855721029374	0.63372933225	1.00000157646	2.2328949771e-06	0.000917142589432
2.55591934882e-09	0.0855719232886	0.633728643299	1.00000182621	2.58839366547e-06	0.000987456428551
3.18999475112e-09	0.0855717150386	0.63372784466	1.00000211573	3.0004906631e-06	0.00106316088964
3.98137087573e-09	0.0855714736338	0.633726918872	1.00000245134	3.47819669488e-06	0.00114466922748
4.9690700722e-09	0.0855711937961	0.633725845692	1.00000284038	4.03195697135e-06	0.00123242637325
6.20179486721e-09	0.0855708694068	0.633724601655	1.00000329136	4.67387953282e-06	0.00132691136136
7.7403291744e-09	0.0855704933736	0.633723159559	1.00000381414	5.41799993372e-06	0.00142863994208
9.66053507771e-09	0.085570057475	0.633721487875	1.00000442015	6.28058804913e-06	0.0015381673939
1.20570928833e-08	0.0855695521808	0.633719550051	1.00000512264	7.28050370108e-06	0.00165609155084
1.50481687501e-08	0.085568966444	0.63371730372	1.00000593697	8.43960887072e-06	0.00178305606121
1.87812398964e-08	0.0855682874593	0.633714699769	1.00000688094	9.78324549153e-06	0.00191975389505
2.34403643858e-08	0.0855675003832	0.633711681267	1.0000079752	1.13407892494e-05	0.00206693111947
2.9255253618e-08	0.0855665880101	0.633708182225	1.00000924366	1.31462914701e-05	0.00222539096172
3.65125943839e-08	0.0855655303962	0.633704126147	1.00001071405	1.52392230862e-05	0.00239599818206
4.55701780418e-08	0.085564304424	0.633699424364	1.00001241853	1.76653369007e-05	0.00257968377933
5.68745324557e-08	0.0855628832979	0.633693974097	1.00001439434	2.04776669262e-05	0.00277745005456
7.09829245783e-08	0.0855612359591	0.63368765621	1.00001668469	2.37376865531e-05	0.0029903760589
8.85908163747e-08	0.0855593264079	0.63368033261	1.00001933963	2.75166507396e-05	0.00321962345483
1.10566124677e-07	0.0855571129185	0.633671843234	1.0000224172	3.18971513944e-05	0.00346644282093
1.3799196959e-07	0.0855545471294	0.633662002553	1.00002598464	3.69749197229e-05	0.00373218043283
1.72220012513e-07	0.0855515729891	0.633650595528	1.00003011993	4.28609146254e-05	0.00401828555529
2.14937003938e-07	0.0855481255356	0.633637372916	1.00003491343	4.9683742382e-05	0.00432631828208
2.68247808095e-07	0.0855441294817	0.633622045842	1.00004046987	5.75924599499e-05	0.00465795796318
3.34778977544e-07	0.085539497578	0.6336042795	1.00004691062	6.67598223936e-05	0.0050150122607
4.1780795478e-07	0.085534128716	0.633583685867	1.00005437639	7.73860444064e-05	0.0053994268776
5.21424228085e-07	0.0855279057327	0.633559815255	1.00006303021	8.97031567642e-05	0.00581329600533
6.50730324959e-07	0.0855206928697	0.633532146536	1.00007306102	0.00010398005108	0.00625887353887
8.12092462617e-07	0.0855123328325	0.633500075821	1.00008468781	0.000120528320626	0.00673858510986
1.01345308269e-06	0.0855026433882	0.633462903352	1.00009816429	0.000139709021525	0.00725504098991
1.26472048976e-06	0.0854914134311	0.633419818338	1.00011378449	0.000161940497569	0.00781104991816
1.57825452976e-06	0.0854783984344	0.6333698814	1.00013188904	0.000187707433608	0.00840963390776
1.96947185679e-06	0.0854633151936	0.633312004279	1.00015287262	0.000217571327211	0.00905404408624
2.4576000551e-06	0.085445835756	0.633244926355	1.00017719241	0.000252182596477	0.00974777762424
3.06661696586e-06	0.0854255804125	0.633167187525	1.000205378	0.000292294573871	0.0104945958047
3.82642032834e-06	0.0854021096152	0.633077096853	1.00023804275	0.000338779672096	0.0112985432817
4.77428366569e-06	0.0853749146595	0.632972696382	1.00027589694	0.000392648048717	0.0121639685714
5.95666768546e-06	0.0853434069563	0.632851719375	1.00031976295	0.000455069141733	0.01309554581
7.43147287906e-06	0.0853069056918	0.632711542157	1.00037059281	0.000527396498869	0.0140982978021
9.27083915087e-06	0.0852646236508	0.632549128642	1.00042948833	0.000611196379017	0.015177620364
1.15646229646e-05	0.0852156509562	0.632360966484	1.00049772439	0.000708280664849	0.016339307949
1.44247125685e-05	0.085158936449	0.632142993684	1.00057677569	0.000820744690703	0.017589580508
1.79903783928e-05	0.0850932664128	0.631890514331	1.00066834746	0.000951010658265	0.0189351115065
2.24348998727e-05	0.0850172403218	0.631598102036	1.00077441071	0.00110187738276	0.0203830569649
2.79737630121e-05	0.0849292432759	0.63125948947	1.00089724265	0.00127657718147	0.0219410853351
3.48747863105e-05	0.0848274147783	0.630867442282	1.00103947279	0.00147884078046	0.0236174079398
4.34706075258e-05	0.0847096135148	0.630413615566	1.0012041356	0.00171297116829	0.0254208096128
5.41740512696e-05	0.0845733778164	0.629888390982	1.00139473036	0.00198392735919	0.0273606790472
6.7496998343e-05	0.0844158815407	0.629280692597	1.00161528894	0.00229741903032	0.0294470382161
8.40734919275e-05	0.084233885193	0.628577779586	1.00187045237	0.00266001295325	0.031690570038
0.000104687941855	0.0840236822567	0.62776501412	1.00216555682	0.00307925202643	0.0341026432352
0.000130309422678	0.0837810409097	0.626825603131	1.00250672973	0.00356378750484	0.036695333058
0.000162133197404	0.0835011416192	0.625740313259	1.00290099633	0.00412352467867	0.0394814362158
0.000201630725173	0.0831785115312	0.6244871592	1.0033563969	0.00476978172588	0.0424744779635
0.000250609509636	0.0828069571617	0.623041067054	1.00388211443	0.00551546069457	0.0456887088299
0.000311284188129	0.0823794976706	0.621373516208	1.00448861177	0.00637522848524	0.0491390879396
0.000386360210137	0.0818883020126	0.61945216591	1.00518777646	0.00736570421098	0.0528412492728
0.000479131251684	0.0813246345388	0.617240476246	1.00599307047	0.00850564731167	0.0568114465343
0.000593591085193	0.0806788152083	0.614697337825	1.00691968024	0.00981613817155	0.0610664715768
0.000734559874956	0.0799402024627	0.611776730336	1.00798466057	0.0113207396212	0.0656235405825
0.000907823676315	0.0790972090072	0.608427437371	1.0092070635	0.0130456234901	0.0705001414939
0.00112028414186	0.0781373631325	0.604592853642	1.01060803989	0.0150196412485	0.0757138355826
0.00138011293138	0.0770474306383	0.600210930679	1.01221089847	0.0172743117522	0.0812820056684
0.00169690194868	0.0758136145808	0.595214318158	1.01404110212	0.0198436923309	0.0872215435037
0.00208179986851	0.0744218401452	0.589562083654	1.01612617779	0.022764133278	0.0935484694267
0.00254763125057	0.0728580959689	0.583207593819	1.01849540756	0.0260740971034	0.100277134875
0.00310886072073	0.0711091849964	0.576021008901	1.0211794552	0.0298126411799	0.107419702975
0.00378160675276	0.0691631877312	0.567922056027	1.02421011488	0.0340189148668	0.114986371982
0.00458343995629	0.0670103746058	0.558831239246	1.02761938755	0.0387306063721	0.122984156292
0.00553303715273	0.0646441627639	0.548672696049	1.03143849019	0.0439821055817	0.131416151867
0.0066496334681	0.0620621656121	0.537377710648	1.03569660919	0.0498022413756	0.14028077113
0.00795224401148	0.0592672723956	0.524888840874	1.04041940195	0.056211614503	0.149570982548
0.00945871368552	0.0562685429035	0.511270882522	1.04562728284	0.063220097274	0.159273601761
0.0111845576053	0.053081890647	0.496497191724	1.05133254209	0.0708250245968	0.169366678753
0.0131409562287	0.0497315009979	0.480480691408	1.05753833916	0.0790033707168	0.17982099332
0.0153338745881	0.0462488678193	0.463252512135	1.06423777881	0.0877126211629	0.190601446931
0.0177624831327	0.042672647403	0.444913926537	1.07141156826	0.0968881446566	0.201665571625
0.0204186728446	0.039046608799	0.425750432823	1.07902654364	0.106446798643	0.212963077197
0.0232841649994	0.0354205204734	0.405666330158	1.08703256007	0.116277375119	0.224432563838
0.0263323473585	0.0318451056495	0.384819645558	1.09536972156	0.126249654631	0.236012940501
0.0295289026014	0.0283697469641	0.363594578439	1.10396649893	0.136221292754	0.247639632002
0.0328319520869	0.0250409326451	0.342069170286	1.11273771638	0.146041755701	0.259240051135
0.0361936378581	0.0218998149261	0.320370252207	1.12159420255	0.155552945688	0.270744583211
0.0395644817299	0.0189786520476	0.298877217057	1.1304461532	0.164607455078	0.282088000437
0.0428951964503	0.0163004002875	0.277734293736	1.13920063881	0.173077912202	0.293202501761
0.0461369804161	0.013879820523	0.257015265858	1.14777057391	0.180848477488	0.304026213164
0.0492472502109	0.0117212596467	0.237019570915	1.1560802684	0.187834573491	0.314507629086
0.0521909723141	0.00982016182768	0.217899698083	1.16406058878	0.193990081686	0.324596764576
0.0549378514618	0.00816685273468	0.199620084148	1.17165334576	0.199287389977	0.334249187477
0.0574675059207	0.00674529128873	0.182276517317	1.178818439	0.203731019323	0.343434773365
0.0597702830113	0.00553462797743	0.166288895934	1.18552853299	0.207362138585	0.352130914728
0.0618389725095	0.00451466954441	0.151297520927	1.19175449786	0.210233743527	0.360303699808
0.0636756923613	0.00366306735289	0.137317201021	1.19749295151	0.212411845749	0.367945356225
0.0652884776402	0.00295781062939	0.124350363378	1.20275011893	0.213973379946	0.375055290545
0.0666959079954	0.00237563780813	0.114028364897	1.20754000197	0.215025013624	0.381639105732
0.0679142284491	0.00189724940296	0.105241470102	1.21181847131	0.215714791556	0.387615947357
0.0689491492883	0.00150968830786	0.0970056392281	1.21558605248	0.216100020975	0.392961672679
0.0698193387874	0.00119746178654	0.0893124273317	1.21888824161	0.216238960384	0.397716751681
0.070544233124	0.000947173741766	0.0821479221774	1.22177043305	0.216185783341	0.401925025056
0.0711430296564	0.000747411194267	0.075493765589	1.22427676241	0.215988838384	0.405632102242
0.0716339442265	0.000588578253494	0.0693281906094	1.22644922076	0.21568974859	0.408883941891
0.0720337191426	0.000462700209819	0.0636270061564	1.22832703579	0.215323185848	0.411725665775
0.0723573476456	0.000363216648316	0.058364483049	1.22994629346	0.214917137304	0.414200627447
0.0726179706219	0.000284777830831	0.0535141154752	1.23133976133	0.214493491942	0.416349732209
0.0728268998086	0.000223053994157	0.0490492485169	1.23253687046	0.214068802317	0.418210987073
0.0729931509123	0.000174728433263	0.0440067749172	1.23356381402	0.213653010601	0.419819248453
0.0731216759886	0.000137893412144	0.0376793721316	1.2344631185	0.213223888802	0.421236876237
0.0732246013829	0.000108776463908	0.0322525582275	1.2352937253	0.21276814754	0.422554366802
0.0733064352283	8.59085196249e-05	0.0272426188095	1.23606051356	0.212298161673	0.423777956544
0.0733717847713	6.78582402618e-05	0.022964692295	1.23677844186	0.211816311272	0.424930261681
0.0734239450068	5.36101157468e-05	0.0192674721091	1.2374519266	0.211330544364	0.426017352842
0.0734655542479	4.23640215542e-05	0.0161329394301	1.23808669231	0.210844983581	0.427047565422
0.0734987709011	3.34769421309e-05	0.0134921595049	1.23868622955	0.210364143942	0.428025766446
0.0735252897934	2.64504321087e-05	0.0112862707443	1.23925310438	0.209891718085	0.428955413937
0.0735464582295	2.08934345453e-05	0.00944850286103	1.23978884823	0.209431127535	0.429838340089
0.0735633352684	1.65020446794e-05	0.00791324426773	1.24029460696	0.208985104751	0.430675790917
0.0735767932522	1.30296819204e-05	0.00663611173689	1.24077177923	0.208555428983	0.431469479159
0.0735875075908	1.02872575588e-05	0.00556480905688	1.24122123575	0.208143682071	0.432220288345
0.0735960365744	8.12069239191e-06	0.00467010541594	1.24164455981	0.207750297924	0.432930340564
0.0736028193684	6.4100307967e-06	0.00391921919158	1.24204287884	0.20737573027	0.433601048596
0.0736082103285	5.05959816274e-06	0.00328730204261	1.24241763791	0.20701980472	0.434234409682
0.0736124906529	3.9942351592e-06	0.00275431395094	1.24277040008	0.206681963078	0.434832674066
0.0736158867349	3.15406613085e-06	0.00230097025788	1.24310285113	0.206361325605	0.435398353666
0.0736185820598	2.49107472732e-06	0.00191877217792	1.24341715975	0.206056374469	0.435934837741
0.0736207148104	1.96930920599e-06	0.001589438428	1.2437149011	0.205766023722	0.436444555681
0.0736224083382	1.55713734745e-06	0.00130973149387	1.24399909221	0.205487690801	0.436932457645
0.0736237445383	1.23353860422e-06	0.00106763028852	1.24427182595	0.205219571432	0.437401965919
0.0736247965126	9.79980916707e-07	0.000812037931145	1.24453689743	0.204958126983	0.4378594885
0.0736255660384	7.95348455788e-07	0.000545993468086	1.24481373763	0.204683936223	0.438338599629
0.0736261936605	6.45532233811e-07	0.000367145218727	1.24514772455	0.204352106883	0.43891835618
0.0736267067358	5.23816067509e-07	0.000248362627322	1.24555059192	0.203951000048	0.439620234898
0.0736271614548	4.16782170482e-07	0.00019999115886	1.24603348433	0.203469664065	0.440465240181
0.0736275345477	3.29722036085e-07	0.000165041362407	1.24651066107	0.202993760601	0.441304241476
0.073627832204	2.60851553653e-07	0.000136069217877	1.24696818692	0.20253724765	0.442112450261
0.0736280693828	2.06419747756e-07	0.000112013091909	1.24740729196	0.202098947484	0.442891603925
0.0736282585633	1.63342910083e-07	9.22083800433e-05	1.24782946027	0.201677419455	0.443643944724
0.0736284094126	1.29253083602e-07	7.59040586932e-05	1.24823534123	0.201272047733	0.444370274054
0.0736285299612	1.02208880226e-07	6.28174859489e-05	1.24862555965	0.200882235257	0.445071378168
0.0736286260053	8.08126691529e-08	5.20103443787e-05	1.24899847456	0.200509643006	0.445743976218
0.0736287024377	6.38993930661e-08	4.30026706685e-05	1.24935464591	0.200153727846	0.446388745609
0.0736287632162	5.05362155443e-08	3.55212576637e-05	1.24969531533	0.199813261705	0.4470076309
0.0736288115845	3.99669622368e-08	2.93410115145e-05	1.25002153082	0.199487207639	0.447602265075
0.0736288500502	3.16111259093e-08	2.42146267637e-05	1.2503339029	0.199174963687	0.448173514461
0.0736288806474	2.50021169338e-08	1.99827312268e-05	1.25063330907	0.198875659237	0.448722758749
0.0736289049811	1.97745718301e-08	1.64902250456e-05	1.25092030169	0.19858874737	0.449250805858
0.0736289243289	1.56397980837e-08	1.36079654108e-05	1.25119539339	0.19831371976	0.449758409322
0.0736289397089	1.23694157904e-08	1.12293570653e-05	1.2514590758	0.198050088204	0.450246301
0.0736289519973	9.76902429216e-09	9.37012120463e-06	1.25171182041	0.197797384166	0.450715191271
0.073628961753	7.7140656606e-09	7.82333112814e-06	1.25195106856	0.19755816818	0.451160162651
0.0736289694908	6.09127829659e-09	6.53179950111e-06	1.25217736985	0.19733189236	0.45158206033
0.0736289756264	4.80979855741e-09	5.45341924783e-06	1.2523914227	0.197117859674	0.451982026021
0.0736289804905	3.79786056929e-09	4.55302570532e-06	1.25259388808	0.196915410257	0.452361150627
0.0736289843458	2.99878381385e-09	3.80125272221e-06	1.2527853915	0.196723919475	0.452720475901
0.0736289874007	2.3678033239e-09	3.1735770863e-06	1.25296652488	0.196542796097	0.453060996122
0.073628989821	1.86956563867e-09	2.64952030653e-06	1.25313784835	0.196371480548	0.45338365977
0.0736289917381	1.4761507618e-09	2.2119818626e-06	1.25329989192	0.196209443244	0.453689371202
0.0736289932564	1.16550968442e-09	1.84668228932e-06	1.2534531571	0.196056183016	0.453978992309
0.0736289944572	9.20514256424e-10	1.53793339749e-06	1.25359811843	0.195911225602	0.454253344162
0.073628995408	7.27035892995e-10	1.28061273379e-06	1.25373560243	0.195773744697	0.454513924713
0.0736289961609	5.7421865946e-10	1.06633850013e-06	1.25386601705	0.195643332529	0.454761449076
0.073628996757	4.53518555218e-10	8.87911131133e-07	1.25398972512	0.195519626396	0.454996553602
0.0736289972289	3.58186584432e-10	7.39334873825e-07	1.25410707093	0.195402282124	0.45521984539
0.0736289976025	2.82891724301e-10	6.15616570119e-07	1.25421838114	0.195290973129	0.455431903466
0.0736289978981	2.23423067028e-10	5.1259805879e-07	1.25432396569	0.195185389531	0.455633279913
0.073628998132	1.76454514596e-10	4.26816582721e-07	1.25442411868	0.195085237303	0.45582450098
0.0736289983171	1.39358893436e-10	3.5538852411e-07	1.25451911912	0.194990237467	0.456006068168
0.0736289984636	1.10061112395e-10	2.95912571035e-07	1.25460923173	0.194900125332	0.456178459266
0.0736289985794	8.6922165466e-11	2.46389069271e-07	1.25469470767	0.194814649764	0.456342129375
0.0736289986712	6.86219922983e-11	2.0618413148e-07	1.25477578523	0.194733572498	0.456497511883
0.073628998744	5.41386386213e-11	1.73014621869e-07	1.25485227769	0.194657080274	0.456644227352
0.0736289988014	4.27118876191e-11	1.45180562285e-07	1.2549241984	0.194585159749	0.456782280571
0.0736289988467	3.37167554729e-11	1.21276621208e-07	1.25499182033	0.194517537971	0.456912176475
0.0736289988826	2.66161006315e-11	1.01304465553e-07	1.25505572481	0.194453633607	0.457035015562
0.0736289989109	2.10107288572e-11	8.46210860914e-08	1.25511611869	0.194393239811	0.457151181649
0.0736289989332	1.65857818213e-11	7.0684987627e-08	1.25517319468	0.194336163899	0.457261033028
0.0736289989509	1.30926940844e-11	5.90438189984e-08	1.25522713489	0.194282223746	0.457364909203
0.0736289989649	1.03271904259e-11	4.96451834393e-08	1.25527811147	0.194231247208	0.457463131823
0.073628998976	8.14405510158e-12	4.17797170923e-08	1.25532593419	0.194183424522	0.457555324994
0.0736289989847	6.42240238396e-12	3.51603045615e-08	1.25537074852	0.194138610221	0.457641760295
0.0736289989916	5.06468824659e-12	2.95895661607e-08	1.25541274359	0.194096615178	0.457722794643
0.073628998997	3.9930802407e-12	2.49492206644e-08	1.25545209664	0.194057262139	0.457798763157
0.0736289990013	3.14799147756e-12	2.10422586097e-08	1.25548889479	0.194020464003	0.457869827824
0.0736289990047	2.48174803749e-12	1.77470732258e-08	1.25552329223	0.193986066575	0.457936280915
0.0736289990074	1.95650311607e-12	1.49678771591e-08	1.2555554455	0.193953913313	0.457998420036
0.0736289990095	1.54202901793e-12	1.26528543387e-08	1.25558550096	0.193923857868	0.458056523796
0.0736289990112	1.21521038619e-12	1.07011874061e-08	1.25561352401	0.193895834823	0.45811071491
0.0736289990125	9.57655486453e-13	9.05054347461e-09	1.25563963593	0.193869722908	0.458161224547
0.0736289990135	7.5468567425e-13	7.6544964885e-09	1.255663967	0.193845391834	0.458208301808
0.0736289990144	5.94609061126e-13	6.48900811824e-09	1.25568663865	0.19382272019	0.458252179072
0.073628999015	4.68374246453e-13	5.50640012152e-09	1.25570771005	0.193801648789	0.458292968644
0.0736289990155	3.68938194461e-13	4.67257857845e-09	1.25572727018	0.19378208866	0.458330840768
0.0736289990159	2.90611915835e-13	3.96501562365e-09	1.2557454274	0.193763931442	0.458366003518
0.0736289990162	2.28908950294e-13	3.36634886055e-09	1.25576228231	0.193747076539	0.458398650212
0.0736289990165	1.80285728366e-13	2.85952300635e-09	1.25577791977	0.193731439071	0.45842894397
0.0736289990167	1.41990492002e-13	2.42900058016e-09	1.25579241868	0.193716940163	0.45845703647
0.0736289990168	1.1182954746e-13	2.0632945164e-09	1.25580586191	0.193703496935	0.458483087331
0.0736289990169	8.8075132154e-14	1.75264695103e-09	1.25581832631	0.193691032537	0.458507244646
0.073628999017	6.93664571015e-14	1.48876894093e-09	1.25582988314	0.193679475709	0.458529645805
0.0736289990171	5.46317654915e-14	1.2646193557e-09	1.25584059847	0.193668760381	0.458550418264
0.0736289990172	4.30192698726e-14	1.07869351369e-09	1.25585053356	0.193658825289	0.458569680257
0.0736289990172	3.38388252553e-14	9.24870036852e-10	1.25585970536	0.193649653487	0.458587464171
0.0736289990173	2.66174884656e-14	7.92981520336e-10	1.25586811984	0.193641239005	0.45860378116
0.0736289990173	2.09371932923e-14	6.79900188206e-10	1.25587583953	0.193633519317	0.458618752097
0.0736289990173	1.64690851595e-14	5.82944240335e-10	1.25588292179	0.19362643706	0.458632487916
0.0736289990173	1.29544847405e-14	4.99814267741e-10	1.25588941924	0.193619939605	0.458645090424
0.0736289990173	1.0189043199e-14	4.29386032015e-10	1.25589538018	0.193613978668	0.458656653051
0.0736289990174	8.00998340418e-15	3.69746398407e-10	1.25590083764	0.193608521207	0.458667239701
0.0736289990174	6.29693988752e-15	3.18390291847e-10	1.25590582	0.193603538851	0.458676905248
0.0736289990174	4.95025101476e-15	2.74167215923e-10	1.25591036861	0.193598990242	0.458685729785
0.0736289990174	3.89156833366e-15	2.36086460438e-10	1.25591452123	0.193594837621	0.45869378645
0.0736289990174	3.05929872599e-15	2.03294910819e-10	1.25591831233	0.193591046518	0.458701142026
0.0736289990174	2.405021198e-15	1.75058000233e-10	1.25592177339	0.19358758546	0.458707857496
0.0736289990174	1.89066980672e-15	1.50743183161e-10	1.25592493313	0.193584425718	0.458713988537
0.0736289990174	1.48631994542e-15	1.29805561222e-10	1.25592781779	0.193581541063	0.458719585987
0.0736289990174	1.1684463437e-15	1.11776066957e-10	1.2559304513	0.193578907548	0.458724696267
0.0736289990174	9.185548744e-16	9.62507815279e-11	1.25593285554	0.193576503308	0.458729361766
0.0736289990174	7.22106599707e-16	8.28818865412e-11	1.25593505047	0.193574308384	0.458733621184
0.0736289990174	5.6767191579e-16	7.13698724716e-11	1.2559370543	0.193572304552	0.458737509858
0.0736289990174	4.46265589259e-16	6.14568291728e-11	1.25593888367	0.193570475177	0.458741060049
0.0736289990174	3.50823991845e-16	5.29206905604e-11	1.25594055378	0.193568805071	0.458744301213
0.0736289990174	2.75794153533e-16	4.55701989737e-11	1.25594207848	0.193567280368	0.458747260244
0.0736289990174	2.16810717357e-16	3.92406595346e-11	1.25594347044	0.19356588841	0.458749961695
0.0736289990174	1.70441899442e-16	3.37902672592e-11	1.25594474121	0.19356461764	0.458752427983
0.0736289990174	1.33989855535e-16	2.9096912942e-11	1.25594590134	0.193563457507	0.458754679577
0.0736289990174	1.05333717643e-16	2.5055447585e-11	1.25594696047	0.193562398379	0.458756735165
0.0736289990174	8.28061992557e-17	2.15753267646e-11	1.25594792739	0.193561431462	0.458758611805
0.0736289990174	6.50965901561e-17	1.85785821695e-11	1.25594881012	0.193560548728	0.458760325075
0.0736289990174	5.117449522e-17	1.59980798051e-11	1.255949616	0.193559742849	0.458761889196
0.0736289990174	4.02298903532e-17	1.37760002521e-11	1.25595035172	0.193559007132	0.45876331715
0.0736289990174	3.16259873073e-17	1.18625594411e-11	1.25595102338	0.19355833547	0.458764620789
0.0736289990174	2.48621854177e-17	1.02148887148e-11	1.25595163656	0.193557722286	0.458765810936
0.0736289990174	1.95449461445e-17	8.79607366753e-12	1.25595219636	0.193557162488	0.458766897471
0.0736289990174	1.5364896044e-17	7.57432713413e-12	1.25595270742	0.193556651429	0.458767889412
0.0736289990174	1.20788266365e-17	6.5222770451e-12	1.25595317398	0.193556184865	0.458768794996
0.0736289990174	9.49554388117e-18	5.61635337514e-12	1.25595359993	0.193555758922	0.458769621739
0.0736289990174	7.4647438675e-18	4.83626016901e-12	1.25595398879	0.193555370063	0.458770376505
0.0736289990174	5.86826822441e-18	4.16451925087e-12	1.25595434379	0.193555015061	0.458771065561
0.0736289990174	4.61322868026e-18	3.58608088272e-12	1.25595466788	0.193554690966	0.458771694626
0.0736289990174	3.62660281066e-18	3.0879856749e-12	1.25595496376	0.193554395089	0.458772268924
0.0736289990174	2.85098537168e-18	2.65907424617e-12	1.25595523388	0.193554124972	0.458772793222
0.0736289990174	2.24124828466e-18	2.28973721057e-12	1.25595548048	0.193553878373	0.458773271873
0.0736289990174	1.76191494215e-18	1.97169988973e-12	1.2559557056	0.193553653244	0.458773708852
0.0736289990174	1.38509606263e-18	1.69783700117e-12	1.25595591113	0.193553447716	0.458774107786
0.0736289990174	1.08886699998e-18	1.46201284306e-12	1.25595609877	0.193553260082	0.458774471988
0.0736289990174	8.55992121548e-19	1.25894389282e-12	1.25595627006	0.193553088785	0.458774804481
0.0736289990174	6.72921942941e-19	1.08408056245e-12	1.25595642645	0.193552932402	0.458775108026
0.0736289990174	5.29004790433e-19	9.33505185577e-13	1.25595656922	0.193552789634	0.458775385143
0.0736289990174	4.15867050387e-19	8.03844245986e-13	1.25595669955	0.193552659296	0.458775638133
0.0736289990174	3.26925963706e-19	6.92192797175e-13	1.25595681854	0.193552540306	0.458775869097
0.0736289990174	2.57006618182e-19	5.96049379766e-13	1.25595692717	0.193552431676	0.458776079953
0.0736289990174	2.0204085338e-19	5.1325999593e-13	1.25595702634	0.193552332504	0.45877627245
0.0736289990174	1.5883056302e-19	4.41969797749e-13	1.25595711688	0.193552241967	0.458776448188
0.0736289990174	1.24861616133e-19	3.80581581196e-13	1.25595719954	0.193552159312	0.458776608625
0.0736289990174	9.81575758066e-20	3.27719993083e-13	1.255957275	0.193552083853	0.458776755094
0.0736289990174	7.71647036152e-20	2.8220071221e-13	1.25595734388	0.193552014964	0.458776888811
0.0736289990174	6.06615575652e-20	2.43003915682e-13	1.25595740678	0.193551952073	0.458777010885
0.0736289990174	4.76879242234e-20	2.09251430657e-13	1.25595746419	0.193551894658	0.458777122331
0.0736289990174	3.7488950042e-20	1.80187059958e-13	1.25595751661	0.193551842241	0.458777224075
0.0736289990174	2.94712211844e-20	1.55159642045e-13	1.25595756446	0.193551794389	0.458777316959
0.0736289990174	2.31682368321e-20	1.33608453571e-13	1.25595760815	0.193551750702	0.458777401757
0.0736289990174	1.82132661474e-20	1.15050657328e-13	1.25595764803	0.193551710819	0.458777479172
0.0736289990174	1.43180106706e-20	9.90704806377e-14	1.25595768444	0.193551674409	0.458777549847
0.0736289990174	1.12558300647e-20	8.53099003113e-14	1.25595771768	0.193551641168	0.458777614369
0.0736289990174	8.84855535159e-21	7.34606214324e-14	1.25595774803	0.193551610822	0.458777673273
0.0736289990174	6.95612238972e-21	6.32571702633e-14	1.25595777573	0.193551583118	0.458777727048
0.0736289990174	5.46842242716e-21	5.44709467521e-14	1.25595780102	0.193551557826	0.458777776142
0.0736289990174	4.29889556852e-21	4.69051024689e-14	1.25595782411	0.193551534736	0.458777820961
0.0736289990174	3.37949441625e-21	4.03901302446e-14	1.25595784519	0.193551513656	0.458777861878
0.0736289990174	2.65672480265e-21	3.47800672585e-14	1.25595786444	0.193551494412	0.458777899232
0.0736289990174	2.08853331046e-21	2.9949224463e-14	1.25595788201	0.193551476843	0.458777933335
0.0736289990174	1.64186044991e-21	2.57893706216e-14	1.25595789805	0.193551460804	0.458777964468
0.0736289990174	1.29071713549e-21	2.22073074743e-14	1.25595791269	0.193551446161	0.45877799289
0.0736289990174	1.01467254482e-21	1.91227817058e-14	1.25595792606	0.193551432793	0.458778018838
0.0736289990174	7.97665377589e-22	1.64666869931e-14	1.25595793826	0.193551420589	0.458778042527
0.0736289990174	6.27069350295e-22	1.41795155578e-14	1.2559579494	0.193551409447	0.458778064153
0.0736289990174	4.92958552052e-22	1.22100250871e-14	1.25595795957	0.193551399276	0.458778083897
0.0736289990174	3.87529917756e-22	1.05140906901e-14	1.25595796886	0.19355138999	0.458778101921
0.0736289990174	3.04649217191e-22	9.05371628435e-15	1.25595797734	0.193551381513	0.458778118376
0.0736289990174	2.39494142746e-22	7.7961833241e-15	1.25595798508	0.193551373774	0.458778133399
0.0736289990174	1.88273729655e-22	6.71331776691e-15	1.25595799214	0.193551366708	0.458778147113
