0.0	0.317176793934	1.29391810316	1.0	0.0	0.0
5.41995057889e-12	0.317176692698	1.29391786486	1.00000006284	5.41995087189e-08	0.0001
6.76455315437e-12	0.317176680635	1.29391783646	1.00000007032	6.2828671648e-08	0.000107666665588
8.44272995836e-12	0.317176666652	1.29391780354	1.000000079	7.28316928124e-08	0.000115921108712
1.05372353596e-11	0.317176650442	1.29391776539	1.00000008907	8.44273053465e-08	0.000124808392261
1.31513537372e-11	0.317176631651	1.29391772115	1.00000010073	9.78690677085e-08	0.000134377033936
1.64139926375e-11	0.317176609869	1.29391766988	1.00000011425	1.13450906788e-07	0.000144679271113
2.0486039457e-11	0.317176584618	1.29391761044	1.00000012992	1.31513546521e-07	0.000155771346014
2.55682951104e-11	0.317176555348	1.29391754154	1.00000014809	1.52451957242e-07	0.000167713812742
3.19113759055e-11	0.317176521417	1.29391746166	1.00000016915	1.76723993183e-07	0.000180571867854
3.98280719016e-11	0.317176482084	1.29391736907	1.00000019356	2.0486040364e-07	0.00019441570627
4.97087711595e-11	0.317176436489	1.29391726174	1.00000022187	2.3747643874e-07	0.000209320904478
6.20407104737e-11	0.317176383635	1.29391713733	1.00000025467	2.75285303155e-07	0.000225368833103
7.74320018633e-11	0.317176322365	1.2939169931	1.0000002927	3.19113750842e-07	0.000242647101115
9.6641619594e-11	0.317176251341	1.29391682591	1.00000033679	3.69920163551e-07	0.000261250034082
1.20616826416e-10	0.317176169009	1.2939166321	1.00000038789	4.28815507295e-07	0.000281279189087
1.50539884536e-10	0.317176073569	1.29391640744	1.00000044713	4.97087624435e-07	0.000302843909118
1.87886354655e-10	0.317175962934	1.293916147	1.0000005158	5.76229395227e-07	0.000326061919948
2.34497857821e-10	0.317175834685	1.29391584511	1.0000005954	6.67971379888e-07	0.00035105997278
2.9267288797e-10	0.317175686017	1.29391549515	1.00000068768	7.74319660784e-07	0.000377974536134
3.6528015308e-10	0.317175513679	1.29391508947	1.00000079465	8.9759970601e-07	0.000406952540781
4.55900033696e-10	0.317175313904	1.2939146192	1.00000091865	1.04050721875e-06	0.000438152181759
5.6900113397e-10	0.317175082323	1.29391407406	1.00000106239	1.20616708088e-06	0.000471743781869
7.10160630599e-10	0.317174813871	1.29391344213	1.00000122902	1.39820167946e-06	0.000507910721332
8.86339284531e-10	0.31717450268	1.29391270959	1.00000142218	1.62081011255e-06	0.000546850438699
1.10622467538e-09	0.317174141944	1.29391186042	1.00000164608	1.87886000341e-06	0.000588775508452
1.38065958202e-09	0.317173723776	1.29391087606	1.00000190564	2.17799393008e-06	0.00063391480117
1.72317663069e-09	0.317173239031	1.29390973497	1.00000220652	2.52475279879e-06	0.000682514732579
2.15066557067e-09	0.317172677112	1.29390841222	1.00000255531	2.92671885694e-06	0.000734840608285
2.68420607604e-09	0.317172025731	1.29390687887	1.00000295962	3.39268147002e-06	0.000791178071503
3.3501071313e-09	0.317171270645	1.2939051014	1.0000034283	3.9328292889e-06	0.000851834661656
4.18120424166e-09	0.317170395345	1.29390304095	1.0000039716	4.5589730033e-06	0.000917141492316
5.2184784169e-09	0.317169380693	1.29390065245	1.0000046014	5.28480355174e-06	0.000987455057591
6.51307673584e-09	0.317168204503	1.2938978837	1.00000533147	6.12619142886e-06	0.00106315917677
8.1288340892e-09	0.317166841059	1.29389467414	1.00000617777	7.10153362801e-06	0.00114466708775
1.01454203942e-08	0.317165260552	1.2938909536	1.00000715881	8.2321557984e-06	0.00123242370061
1.26622683913e-08	0.317163428426	1.29388664074	1.00000829603	9.54277839989e-06	0.00132690802346
1.58034755881e-08	0.317161304627	1.29388164127	1.0000096143	1.10620570327e-05	0.00142863577371
1.97239218956e-08	0.317158842723	1.29387584587	1.00001114245	1.28232087381e-05	0.00153816218884
2.46169043743e-08	0.317155988897	1.29386912784	1.00001291388	1.48647379396e-05	0.00165608505174
3.07236651992e-08	0.31715268076	1.29386134032	1.00001496732	1.72312778605e-05	0.00178304794682
3.83452821492e-08	0.317148846002	1.29385231306	1.00001734767	1.997456577e-05	0.00191974376446
4.78575071822e-08	0.3171444008	1.29384184873	1.00002010696	2.31545733192e-05	0.00206691847226
5.97292836862e-08	0.317139247999	1.29382971857	1.00002330552	2.68408165949e-05	0.00222537517337
7.4545853895e-08	0.317133274983	1.29381565745	1.00002701326	3.11138744223e-05	0.00239597847306
9.30375935735e-08	0.317126351223	1.29379935803	1.00003131123	3.60671479586e-05	0.00257965917686
1.16115992448e-07	0.317118325428	1.2937804641	1.00003629337	4.18088998445e-05	0.00277741934443
1.44918549695e-07	0.317109022246	1.29375856275	1.00004206858	4.84646172175e-05	0.00299033772578
1.80864791217e-07	0.317098238445	1.29373317542	1.00004876306	5.61797498784e-05	0.00321957560753
2.25726160656e-07	0.317085738481	1.29370374743	1.0000565231	6.51228829744e-05	0.00346638309919
2.81713215637e-07	0.317071249376	1.29366963589	1.00006551827	7.54894128841e-05	0.00373210589106
3.51584407373e-07	0.317054454778	1.29363009574	1.00007594508	8.75058057634e-05	0.00401819251739
4.38781776419e-07	0.317034988086	1.29358426346	1.0000880313	0.000101434530629	0.00432620216042
5.47600210664e-07	0.317012424487	1.29353113835	1.0001020409	0.000117579773181	0.00465781303261
6.83398546426e-07	0.316986271748	1.29346956075	1.0001182798	0.000136294053075	0.00501483137667
8.5286282767e-07	0.316955959547	1.29339818685	1.00013710252	0.000157985886319	0.00539920112442
1.06433456808e-06	0.316920827146	1.29331545958	1.00015891989	0.000183128656321	0.00581301425741
1.32822000506e-06	0.31688010912	1.29321957481	1.00018420795	0.000212270882139	0.00625852191338
1.6575002404e-06	0.316832918869	1.29310844242	1.00021351829	0.00024604810118	0.00673814628392
2.06836700956e-06	0.31677822956	1.2929796411	1.00024748998	0.000285196616407	0.00725449334908
2.58101483253e-06	0.316714852118	1.29283036618	1.00028686337	0.000330569395546	0.00781036649443
3.22062774451e-06	0.316641409822	1.29265736939	1.00033249608	0.000383154452327	0.00840878105526
4.01860801594e-06	0.316556308997	1.29245688915	1.00038538146	0.000444096088097	0.00905297983022
5.0141056502e-06	0.316457705238	1.29222457024	1.0004466699	0.000514719426562	0.00974644960285
6.25592148003e-06	0.316343464521	1.29195537102	1.00051769345	0.00059655873568	0.0104929387039
7.80487395435e-06	0.316211118468	1.2916434566	1.00059999429	0.000691390099025	0.0112964756388
9.73674091245e-06	0.316057812954	1.29128207568	1.00069535743	0.000801269074699	0.0121613887935
1.21459136053e-05	0.315880249172	1.29086341904	1.00080584851	0.000928574063013	0.0130923272153
1.51499319064e-05	0.315674616138	1.29037845682	1.00093385725	0.00107605619437	0.0140942824466
1.88951081625e-05	0.31543651358	1.28981675195	1.00108214741	0.00124689664508	0.01517261136
2.3563493715e-05	0.315160864045	1.28916624642	1.00125391413	0.0014447723896	0.0163330599098
2.93814981478e-05	0.314841813002	1.28841301709	1.00145284969	0.00167393149987	0.0175817876705
3.66305382209e-05	0.314472615702	1.28754099727	1.00168321874	0.0019392792019	0.0189253929738
4.5660172675e-05	0.314045509558	1.28653166014	1.00194994415	0.00224647598931	0.0203709383874
5.69042718838e-05	0.3135515709	1.28536366014	1.00225870481	0.00260204916475	0.0219259761869
7.09008785659e-05	0.312980555147	1.28401242822	1.00261604662	0.00301351921821	0.0235985733624
8.83165375123e-05	0.312320719756	1.28244971727	1.00302950801	0.00348954243911	0.0253973355642
0.000109976007301	0.311558629838	1.28064309452	1.00350776135	0.00404007107056	0.0273314292264
0.000136898411881	0.310678947097	1.27855537866	1.00406077132	0.00467653211666	0.0294106009016
0.000170341038131	0.309664203862	1.27614402101	1.00469997126	0.00541202556234	0.0316451926003
0.000211852125605	0.308494565544	1.27336043231	1.00543845806	0.00626154220274	0.0340461516363
0.000263334108591	0.307147586954	1.2701492601	1.00629120542	0.00724220043355	0.0366250331394
0.000327118830719	0.305597970716	1.2664476263	1.00727529476	0.00837350013202	0.0393939930044
0.000406056218637	0.303817339651	1.26218434072	1.00841016132	0.00967759005086	0.0423657685978
0.000503617717532	0.301774039577	1.25727911472	1.00971785175	0.011179542821	0.0455536440468
0.000624015441376	0.299432993767	1.25164513366	1.01122328693	0.0129076298175	0.0489713964019
0.000772341625925	0.296755571602	1.2452547312	1.01295451884	0.0148936716657	0.0526332090957
0.000954706697042	0.293699831669	1.23793098967	1.01494287503	0.0171730848846	0.0565533690228
0.0011784112568	0.290220533509	1.22955207867	1.01722333926	0.0197851707761	0.0607465105328
0.00145211142943	0.286269647654	1.2199849181	1.01983461836	0.0227731761024	0.0652272495293
0.0017859852076	0.28179706584	1.2090856573	1.02281920223	0.0261842466026	0.0700099590346
0.00219188362839	0.276751654983	1.19670075968	1.02622329989	0.030069200385	0.0751084947344
0.00268344832675	0.271082720818	1.18266886186	1.03009660785	0.0344820605685	0.0805358663493
0.00327617095145	0.264741938691	1.166823587	1.03449186151	0.0394792773704	0.0863038524981
0.00398740007083	0.257685487894	1.14915590532	1.0394641242	0.0451189942313	0.0924225595834
0.00483613587936	0.249877508481	1.12942934731	1.04506907583	0.0514591878024	0.0988991031744
0.00584268077442	0.241293420501	1.10742826846	1.05136246704	0.0585547257847	0.105738234621
0.00702818754096	0.231923162501	1.08301775838	1.05839828111	0.0664554463736	0.112941715126
0.00841396853959	0.221774736056	1.05631386627	1.06622625268	0.0752035314434	0.120507434538
0.0100203929071	0.2108785984	1.02715982931	1.0748876543	0.0848296441155	0.128427316574
0.0118654266053	0.199291279468	0.995411735829	1.0844142886	0.0953455378662	0.136688888659
0.0139638223603	0.187094026256	0.961453501122	1.09482576177	0.106744912794	0.145275175412
0.0163248173612	0.174397581725	0.925130627588	1.10612198264	0.118995125499	0.154160690222
0.0189509074565	0.161337950175	0.886743551657	1.11828597706	0.132032332845	0.163316307028
0.0218372703816	0.148070242668	0.846552551949	1.13127760946	0.145767192096	0.172706050004
0.0249691108914	0.134769403986	0.804956085986	1.14503330301	0.160069272379	0.182288510292
0.0283240667125	0.121611683106	0.762380808159	1.15946464783	0.174790758747	0.192016538814
0.0318678482928	0.108781689288	0.718720138622	1.1744594985	0.189735077716	0.201838218853
0.0355594331297	0.096447996736	0.674395744133	1.18989500993	0.204686507648	0.211705179293
0.0393535078989	0.0847547874159	0.630587682953	1.20563452527	0.219428050469	0.221568571159
0.0431980347671	0.073828038336	0.587156860335	1.22151587912	0.233732965995	0.231369337026
0.0470411845129	0.0637562473347	0.544813849329	1.23738523125	0.247386346023	0.241057276605
0.0508293372515	0.0546012914833	0.503594739268	1.25308281224	0.260180875096	0.250579387322
0.0545153711201	0.0463843587684	0.463934589253	1.26846552056	0.271954061323	0.259891081511
0.0580545812443	0.0391029741619	0.426055030722	1.28339918717	0.282565512179	0.268949066112
0.0614111911238	0.0327247154704	0.390053384755	1.29776789737	0.291931519928	0.277715098059
0.0645554829349	0.0272000748194	0.356185952714	1.3114776156	0.300000862725	0.286156969513
0.0674667005357	0.0224636900911	0.324377334322	1.32445164005	0.306775312877	0.294245035355
0.070131126206	0.0184426408757	0.294775967195	1.33663907691	0.312286398209	0.301957537152
0.0725438909502	0.0150580190041	0.267315510926	1.34800568245	0.316611180234	0.30927539821
0.0747047875622	0.0122334625424	0.241886982269	1.3585369249	0.3198394606	0.316185147502
0.076621776108	0.00989235672274	0.218659594243	1.36823796818	0.322090995115	0.322680432647
0.0783046384734	0.00796643891494	0.197276693546	1.37711765633	0.323488974736	0.32875265035
0.0797683066414	0.00639164535121	0.177772176474	1.38520736749	0.32415916947	0.334405322279
0.0810312954129	0.00510982897648	0.16024212959	1.39254194086	0.324236276776	0.339642626591
0.0821104598976	0.00407298002385	0.144242193182	1.39915278372	0.323839889834	0.344465293242
0.0830250575634	0.00323802447404	0.129682106799	1.40509021661	0.323075481404	0.348888040633
0.0837951011036	0.00256763103951	0.117232942601	1.41040592693	0.322041784432	0.352928158915
0.0844449586052	0.00202623232721	0.107739184513	1.41512071079	0.320882610901	0.356580511209
0.0849823730607	0.00159593830964	0.0989468087989	1.4192110037	0.319689389954	0.359805196384
0.0854235087289	0.00125495429187	0.0908186200152	1.42274999993	0.318497092039	0.36263993818
0.0857832091749	0.000985436221848	0.0833163126191	1.4258048079	0.317333287403	0.365122104879
0.0860747730606	0.00077287715032	0.0764012063793	1.42843629561	0.316218611612	0.367287888304
0.0863098706011	0.00060555699729	0.0700348835005	1.43069914886	0.31516753596	0.369171682274
0.0864985649004	0.000474059362447	0.0641797138213	1.43264209401	0.314189288852	0.37080565005
0.0866494048154	0.000370854989736	0.0587992664822	1.43430823799	0.313288812421	0.372219459305
0.0867695610969	0.000289948417996	0.0538586148815	1.43573548343	0.312467675474	0.373440157195
0.0868649836932	0.000226582349953	0.0493245468584	1.43695698366	0.311724895106	0.374492156388
0.0869403529951	0.000177130426067	0.0444024960404	1.43800161029	0.311056595883	0.37539730419
0.0869981590487	0.000139590605964	0.037982802988	1.43891033934	0.310435354669	0.376188936078
0.087044173065	0.000109985475032	0.0324871518327	1.43974842081	0.309825301471	0.376922642269
0.0870805771845	8.67659150538e-05	0.0274392673182	1.44052117938	0.309232347049	0.377602334784
0.0871094810877	6.84798393164e-05	0.0231168570353	1.44124346995	0.308652370312	0.378240469093
0.0871324482538	5.40613247892e-05	0.0193895874863	1.44192054511	0.308088042685	0.378841202866
0.0871506853457	4.2695724914e-05	0.0162287535852	1.44255814107	0.307539721826	0.379409211113
0.0871651845219	3.37223008689e-05	0.0135671708116	1.44316003449	0.307008614791	0.379947501711
0.0871767156528	2.66329017194e-05	0.011344896657	1.44372890994	0.306495891091	0.380458158728
0.0871858870824	2.10297118075e-05	0.00949490927028	1.44426638558	0.306002967125	0.380942346156
0.0871931742637	1.66042864941e-05	0.00794974189945	1.44477363493	0.30553103393	0.381400853486
0.0871989665772	1.31066296914e-05	0.00666528676197	1.44525212384	0.305080554327	0.381834758431
0.0872035640804	1.03453672864e-05	0.00558821084143	1.44570272638	0.304652136739	0.382244625271
0.0872072133685	8.16474077155e-06	0.00468886351538	1.44612705386	0.304245383624	0.382631710498
0.0872101077956	6.44348471723e-06	0.00393436607309	1.44652626416	0.303860086168	0.382996880886
0.0872124024896	5.08506147717e-06	0.0032996722505	1.4469018109	0.303495549905	0.38334129472
0.087214220091	4.01366889815e-06	0.00276433432122	1.44725525989	0.303150807589	0.383666235151
0.0872156590648	3.16888070971e-06	0.0023092332986	1.44758832415	0.302824625409	0.38397314226
0.0872167986414	2.50241162491e-06	0.0019257652827	1.44790315851	0.302515233113	0.384263885283
0.0872176985282	1.97802024856e-06	0.00159506889712	1.44820132577	0.302221357226	0.384539807476
0.0872184117669	1.56381975578e-06	0.00131466128581	1.44848590622	0.301940173533	0.384803676721
0.0872189734549	1.23869645178e-06	0.00107154572154	1.44875890976	0.301669841622	0.385057291001
0.0872194151513	9.83828717757e-07	0.000818111329958	1.44902423439	0.301406615364	0.38530422325
0.0872197374522	7.98401823396e-07	0.000549986037943	1.44930022599	0.301132153382	0.385561557063
0.0872199998251	6.47943804125e-07	0.000369757639486	1.44963324328	0.300800379967	0.385872707576
0.0872202137457	5.25753356528e-07	0.000249420350336	1.45003502018	0.300399615938	0.386249047107
0.0872204027304	4.18348254448e-07	0.000200606969989	1.45051801215	0.299917517184	0.38670283294
0.0872205574806	3.30901421194e-07	0.000165525131752	1.45099587007	0.299440389054	0.38715327758
0.0872206805595	2.61738980599e-07	0.000136453908459	1.45145402038	0.298982817921	0.387586536461
0.0872207783379	2.07087699061e-07	0.000112314309895	1.45189368146	0.29854361601	0.388003597344
0.0872208561045	1.63845337845e-07	9.24440846855e-05	1.45231636174	0.298121300202	0.388405743823
0.087220917942	1.29630739506e-07	7.60883693312e-05	1.45272271402	0.29771523718	0.388793463414
0.0872209672232	1.02493901147e-07	6.29582448708e-05	1.45311336626	0.29732481504	0.389167231079
0.0872210063884	8.10264647197e-08	5.21209105648e-05	1.45348670613	0.296951657709	0.389525380353
0.0872210374798	6.40593393304e-08	4.30903381765e-05	1.45384326436	0.296595244145	0.389868296998
0.0872210621442	5.06560970303e-08	3.55898868517e-05	1.45418427706	0.296254346013	0.39019705751
0.0872210817278	4.0056750589e-08	2.93946986357e-05	1.45451080624	0.295927907667	0.390512585542
0.087221097268	3.16782737429e-08	2.42567434885e-05	1.45482346485	0.29561532102	0.390815382488
0.0872211096033	2.50523336377e-08	2.00155948604e-05	1.45512313024	0.295315712679	0.391106215153
0.0872211193937	1.98120915392e-08	1.65158446624e-05	1.45541035989	0.295028528246	0.391385549161
0.087221127163	1.56678031517e-08	1.36279178756e-05	1.45568566825	0.294753255711	0.391653815293
0.0872211333275	1.23902966144e-08	1.1244879335e-05	1.45594954865	0.294489403715	0.391911430098
0.0872211382436	9.78472486828e-09	9.38162323092e-06	1.45620247407	0.294236500905	0.392158796206
0.0872211421402	7.72573355705e-09	7.83236909077e-06	1.45644190596	0.293997086927	0.392393368769
0.0872211452257	6.09994536898e-09	6.53889807347e-06	1.4566683714	0.293770635651	0.392615599988
0.0872211476686	4.81623350014e-09	5.45899194218e-06	1.45688257086	0.293556447389	0.392826119119
0.0872211496024	3.8026358386e-09	4.55739832413e-06	1.45708516716	0.293353859953	0.393025525425
0.087221151133	3.00232557581e-09	3.80468188044e-06	1.45727678744	0.293162246679	0.393214389388
0.0872211523443	2.37042872297e-09	3.17626483727e-06	1.4574580251	0.292981014554	0.393393253889
0.0872211533027	1.87151059793e-09	2.65162568813e-06	1.4576294416	0.292809602434	0.393562635371
0.087221154061	1.47759071416e-09	2.21363001009e-06	1.45779156814	0.292647479356	0.39372302496
0.0872211546609	1.16657502793e-09	1.84797162563e-06	1.4579449073	0.292494142935	0.393874889566
0.0872211551348	9.21300211216e-10	1.53895227351e-06	1.45808993455	0.292349117838	0.39401867295
0.0872211555097	7.27616610552e-10	1.28140641548e-06	1.45822747606	0.29221157804	0.394155170383
0.0872211558063	5.74647280872e-10	1.06695610916e-06	1.45835794213	0.292081113322	0.394284768255
0.0872211560409	4.53834554884e-10	8.88391180016e-07	1.45848169621	0.291957360306	0.394407808877
0.0872211562265	3.58419265485e-10	7.3970753967e-07	1.45859908315	0.291839974214	0.39452461822
0.0872211563732	2.83062824127e-10	6.15905484059e-07	1.4587104301	0.291728627926	0.394635506627
0.0872211564893	2.23548698553e-10	5.12821713741e-07	1.45881604747	0.291623011083	0.394740769508
0.087221156581	1.76546611999e-10	4.26989440447e-07	1.45891622974	0.291522829229	0.394840688006
0.0872211566536	1.39426288255e-10	3.55521885461e-07	1.4590112563	0.291427803004	0.394935529634
0.087221156711	1.10110334094e-10	2.96015259734e-07	1.45910139219	0.291337667374	0.395025548901
0.0872211567564	8.6958036687e-11	2.46467968957e-07	1.45918688887	0.291252170901	0.395110987899
0.0872211567923	6.86482571569e-11	2.0624251517e-07	1.45926798488	0.291171075045	0.395192076876
0.0872211568207	5.41576694373e-11	1.73059616347e-07	1.45934449472	0.291094565336	0.395268622657
0.0872211568432	4.27256468164e-11	1.45215162659e-07	1.45941643065	0.291022629513	0.395340630117
0.0872211568609	3.37266433233e-11	1.21303683369e-07	1.45948406588	0.290954994362	0.395408365995
0.0872211568749	2.66232140093e-11	1.01325066665e-07	1.45954798167	0.290891078638	0.395472406656
0.0872211568859	2.10158275195e-11	8.46367112932e-08	1.45960838551	0.290830674841	0.395532955112
0.0872211568946	1.65894210579e-11	7.06967890573e-08	1.45966547026	0.290773590133	0.395590200291
0.0872211569015	1.30952790411e-11	5.9052689189e-08	1.45971941817	0.290719642252	0.395644321059
0.087221156907	1.03290275505e-11	4.96515975851e-08	1.45977040152	0.290668658933	0.395695486742
0.0872211569113	8.14534363503e-12	4.17845180396e-08	1.4598182304	0.29062083007	0.39574350346
0.0872211569147	6.42330006373e-12	3.51638738701e-08	1.45986305004	0.290576010447	0.395788513862
0.0872211569174	5.06530858088e-12	2.95921983689e-08	1.45990504967	0.290534010829	0.395830705213
0.0872211569195	3.99350547117e-12	2.49511234848e-08	1.45994440664	0.290494653864	0.395870253225
0.0872211569212	3.14827886412e-12	2.1043634395e-08	1.45998120818	0.290457852335	0.395907243363
0.0872211569225	2.48193932873e-12	1.77480529197e-08	1.46001560849	0.290423452025	0.39594182869
0.0872211569235	1.95662792072e-12	1.49685609723e-08	1.46004776421	0.290391296318	0.395974164956
0.0872211569244	1.54210843264e-12	1.26533126627e-08	1.46007782172	0.290361238808	0.396004397901
0.087221156925	1.21525884215e-12	1.07014875325e-08	1.46010584652	0.290333214013	0.396032592063
0.0872211569255	9.57683295903e-13	9.05072833118e-09	1.46013195989	0.29030710064	0.396058868287
0.0872211569259	7.54699968208e-13	7.65459846047e-09	1.46015629217	0.29028276836	0.396083356684
0.0872211569262	5.94614747833e-13	6.4890508194e-09	1.46017896481	0.290260095723	0.396106178588
0.0872211569265	4.68374612293e-13	5.50640308089e-09	1.46020003703	0.290239023511	0.396127392815
0.0872211569267	3.68935474193e-13	4.67255487303e-09	1.46021959781	0.290219462733	0.396147088258
0.0872211569268	2.90607572923e-13	3.96497485314e-09	1.46023775554	0.290201305001	0.396165373437
0.087221156927	2.2890391921e-13	3.36629830024e-09	1.46025461084	0.290184449698	0.39618234915
0.0872211569271	1.80280588714e-13	2.85946729827e-09	1.46027024861	0.290168811927	0.396198100447
0.0872211569271	1.41985584298e-13	2.42894320824e-09	1.46028474774	0.290154312796	0.396212706397
0.0872211569272	1.11825054295e-13	2.06323786507e-09	1.46029819113	0.29014086941	0.396226250164
0.0872211569272	8.8071134815e-14	1.75259259277e-09	1.46031065563	0.290128404908	0.39623880889
0.0872211569273	6.93629739458e-14	1.48871785463e-09	1.46032221252	0.290116848022	0.396250454131
0.0872211569273	5.46287776253e-14	1.26457209177e-09	1.46033292787	0.290106132671	0.396261252255
0.0872211569273	4.30167337844e-14	1.07865275441e-09	1.46034286296	0.290096197584	0.396271264821
0.0872211569273	3.38366992931e-14	9.24832793527e-10	1.46035203471	0.290087025834	0.396280508721
0.0872211569274	2.66157215885e-14	7.92947781501e-10	1.46036044912	0.290078611422	0.396288989855
0.0872211569274	2.09357351996e-14	6.79869839523e-10	1.46036816872	0.290070891818	0.396296771116
0.0872211569274	1.64678889576e-14	5.82917101558e-10	1.46037525089	0.290063809654	0.396303910221
0.0872211569274	1.29535082547e-14	4.99790119645e-10	1.46038174824	0.290057312297	0.396310460131
0.0872211569274	1.01882488405e-14	4.29365227743e-10	1.46038770908	0.290051351462	0.396316469446
0.0872211569274	8.00934036847e-15	3.69727951266e-10	1.46039316643	0.290045894112	0.396321971403
0.0872211569274	6.29642105177e-15	3.18373988304e-10	1.46039814868	0.290040911865	0.396326994559
0.0872211569274	4.94983357775e-15	2.7415284776e-10	1.46040269718	0.290036363363	0.396331580565
0.0872211569274	3.89123330899e-15	2.36073829217e-10	1.4604068497	0.290032210846	0.396335767449
0.0872211569274	3.05903042588e-15	2.03283830615e-10	1.4604106407	0.290028419841	0.396339589936
0.0872211569274	2.4048067428e-15	1.75048299196e-10	1.46041410166	0.290024958879	0.39634307973
0.0872211569274	1.89049867893e-15	1.50734703837e-10	1.46041726132	0.290021799226	0.396346265779
0.0872211569274	1.48618359505e-15	1.29798160807e-10	1.46042014588	0.290018914656	0.396349174509
0.0872211569274	1.16833784712e-15	1.11769616731e-10	1.46042277932	0.29001628122	0.396351830054
0.0872211569274	9.18468643603e-16	9.62451661302e-11	1.46042518349	0.290013877055	0.396354254447
0.0872211569274	7.22038137592e-16	8.28770030809e-11	1.46042737834	0.290011682201	0.396356467804
0.0872211569274	5.67617612287e-16	7.13656295552e-11	1.46042938211	0.290009678435	0.396358488492
0.0872211569274	4.46222552715e-16	6.14531459049e-11	1.46043121142	0.29000784912	0.396360333279
0.0872211569274	3.50789910508e-16	5.29174955677e-11	1.46043288147	0.29000617907	0.396362017477
0.0872211569274	2.75767182464e-16	4.55674294117e-11	1.46043440612	0.290004654419	0.396363555061
0.0872211569274	2.1678938633e-16	3.92382602353e-11	1.46043579803	0.29000326251	0.396364958792
0.0872211569274	1.70425038427e-16	3.37881898784e-11	1.46043706876	0.290001991784	0.396366240322
0.0872211569274	1.33976534517e-16	2.90951151907e-11	1.46043822885	0.290000831692	0.396367410287
0.0872211569274	1.05323198173e-16	2.50538925296e-11	1.46043928794	0.289999772602	0.3963684784
0.0872211569274	8.27978955518e-17	2.15739821939e-11	1.46044025482	0.289998805721	0.396369453526
0.0872211569274	6.50900379394e-17	1.85774200256e-11	1.46044113752	0.289997923019	0.396370343759
0.0872211569274	5.11693267935e-17	1.59970756776e-11	1.46044194337	0.289997117169	0.39637115649
0.0872211569274	4.02258147161e-17	1.37751329187e-11	1.46044267906	0.28999638148	0.396371898466
0.0872211569274	3.16227742963e-17	1.18618104739e-11	1.4604433507	0.289995709843	0.396372575845
0.0872211569274	2.48596530921e-17	1.0214242123e-11	1.46044396386	0.289995096682	0.396373194251
0.0872211569274	1.95429507556e-17	8.79551558523e-12	1.46044452364	0.289994536905	0.396373758819
0.0872211569274	1.53633240703e-17	7.57384554569e-12	1.46044503468	0.289994025865	0.396374274234
0.0872211569274	1.20775884645e-17	6.52186154434e-12	1.46044550122	0.289993559318	0.396374744777
0.0872211569274	9.49456879714e-18	5.61599495496e-12	1.46044592715	0.289993133392	0.396375174354
0.0872211569274	7.4639760903e-18	4.83595103571e-12	1.46044631599	0.289992744548	0.396375566531
0.0872211569274	5.86766376576e-18	4.16425266485e-12	1.46044667098	0.289992389559	0.396375924563
0.0872211569274	4.61275286128e-18	3.5858510178e-12	1.46044699506	0.289992065477	0.396376251425
0.0872211569274	3.62622829868e-18	3.08778749625e-12	1.46044729093	0.289991769611	0.396376549829
0.0872211569274	2.85069062899e-18	2.65890340427e-12	1.46044756104	0.289991499505	0.396376822253
0.0872211569274	2.24101634346e-18	2.28958994899e-12	1.46044780763	0.289991252915	0.396377070959
0.0872211569274	1.76173243745e-18	1.97157296513e-12	1.46044803275	0.289991027795	0.396377298012
0.0872211569274	1.38495246907e-18	1.69772761393e-12	1.46044823827	0.289990822275	0.396377505296
0.0872211569274	1.08875402983e-18	1.46191857692e-12	1.46044842589	0.289990634649	0.396377694534
0.0872211569274	8.55903249917e-19	1.25886266301e-12	1.46044859718	0.289990463358	0.396377867296
0.0872211569274	6.72852033489e-19	1.08401057044e-12	1.46044875356	0.289990306981	0.396378025017
0.0872211569274	5.28949800361e-19	9.33444880056e-13	1.46044889632	0.289990164218	0.396378169005
0.0872211569274	4.1582379796e-19	8.0379228905e-13	1.46044902666	0.289990033886	0.396378300458
0.0872211569274	3.26891945108e-19	6.92148035148e-13	1.46044914564	0.289989914901	0.396378420466
0.0872211569274	2.56979863248e-19	5.9601081795e-13	1.46044925427	0.289989806275	0.396378530025
0.0872211569274	2.02019811985e-19	5.13226776799e-13	1.46044935343	0.289989707107	0.396378630045
0.0872211569274	1.5881401562e-19	4.41941182085e-13	1.46044944397	0.289989616573	0.396378721358
0.0872211569274	1.24848603325e-19	3.80556931852e-13	1.46044952662	0.289989533921	0.39637880472
0.0872211569274	9.81473428898e-20	3.27698760926e-13	1.46044960208	0.289989458465	0.396378880824
0.0872211569274	7.71566569447e-20	2.82182424e-13	1.46044967096	0.289989389579	0.396378950302
0.0872211569274	6.06552302081e-20	2.42988163612e-13	1.46044973385	0.289989326691	0.396379013731
0.0872211569274	4.76829489293e-20	2.09237863329e-13	1.46044979126	0.289989269278	0.396379071638
0.0872211569274	3.74850379748e-20	1.80175374597e-13	1.46044984368	0.289989216863	0.396379124503
0.0872211569274	2.94681451884e-20	1.55149577784e-13	1.46044989153	0.289989169012	0.396379172765
0.0872211569274	2.31658182667e-20	1.33599785663e-13	1.46044993521	0.289989125328	0.396379216826
0.0872211569274	1.82113645298e-20	1.15043192154e-13	1.4604499751	0.289989085446	0.39637925705
0.0872211569274	1.43165155289e-20	9.90640514006e-14	1.4604500115	0.289989049037	0.396379293772
0.0872211569274	1.12546545287e-20	8.53043633265e-14	1.46045004474	0.289989015798	0.396379327297
0.0872211569274	8.84763111239e-21	7.34558529289e-14	1.46045007509	0.289988985453	0.396379357903
0.0872211569274	6.9553957349e-21	6.32530636273e-14	1.46045010279	0.28998895775	0.396379385845
0.0872211569274	5.46785112262e-21	5.44674101515e-14	1.46045012808	0.289988932459	0.396379411353
0.0872211569274	4.29844640622e-21	4.69020568052e-14	1.46045015117	0.28998890937	0.396379434641
0.0872211569274	3.37914128565e-21	4.03875073893e-14	1.46045017225	0.289988888291	0.396379455901
0.0872211569274	2.65644717407e-21	3.47778085329e-14	1.46045019149	0.289988869047	0.39637947531
0.0872211569274	2.08831504248e-21	2.99472793284e-14	1.46045020906	0.289988851479	0.39637949303
0.0872211569274	1.64168885154e-21	2.57876955509e-14	1.4604502251	0.28998883544	0.396379509206
0.0872211569274	1.29058222869e-21	2.22058649799e-14	1.46045023974	0.289988820798	0.396379523974
0.0872211569274	1.01456648466e-21	1.91215395018e-14	1.46045025311	0.289988807431	0.396379537457
0.0872211569274	7.97581996288e-22	1.64656172743e-14	1.46045026531	0.289988795227	0.396379549765
0.0872211569274	6.27003798715e-22	1.41785943779e-14	1.46045027646	0.289988784086	0.396379561002
0.0872211569274	4.92907017803e-22	1.22092318235e-14	1.46045028663	0.289988773915	0.39637957126
0.0872211569274	3.87489403565e-22	1.05134075825e-14	1.46045029591	0.28998876463	0.396379580626
0.0872211569274	3.04617366639e-22	9.05312803801e-15	1.46045030439	0.289988756153	0.396379589176
0.0872211569274	2.39469103258e-22	7.79567676742e-15	1.46045031213	0.289988748414	0.396379596981
0.0872211569274	1.88254044776e-22	6.71288155685e-15	1.46045031919	0.289988741349	0.396379604107
