0.0	0.0357573148023	0.310389334039	0	0.0
1.30015580209e-24	0.0357573148023	0.310389334039	8.74747736035e-17	1e-08
1.43455338889e-24	0.0357573148023	0.310389334039	9.340361937e-17	1.03333333333e-08
1.58284370402e-24	0.0357573148023	0.310389334039	9.97343091273e-17	1.06777777778e-08
1.74646284394e-24	0.0357573148023	0.310389334039	1.06494078968e-16	1.10337037037e-08
1.92699535496e-24	0.0357573148023	0.310389334039	1.13712010987e-16	1.14014938272e-08
2.1261895785e-24	0.0357573148023	0.310389334039	1.21419158398e-16	1.17815436214e-08
2.34597458271e-24	0.0357573148023	0.310389334039	1.29648679134e-16	1.21742617421e-08
2.5884788442e-24	0.0357573148023	0.310389334039	1.38435978498e-16	1.25800704668e-08
2.85605086102e-24	0.0357573148023	0.310389334039	1.47818861485e-16	1.29994061491e-08
3.15128189632e-24	0.0357573148023	0.310389334039	1.5783769543e-16	1.34327196874e-08
3.47703107309e-24	0.0357573148023	0.310389334039	1.68535583676e-16	1.38804770103e-08
3.8364530629e-24	0.0357573148023	0.310389334039	1.79958551014e-16	1.43431595773e-08
4.23302863692e-24	0.0357573148023	0.310389334039	1.92155741694e-16	1.48212648965e-08
4.67059837491e-24	0.0357573148023	0.310389334039	2.05179630853e-16	1.53153070598e-08
5.15339985878e-24	0.0357573148023	0.310389334039	2.19086250277e-16	1.58258172951e-08
5.68610871084e-24	0.0357573148023	0.310389334039	2.33935429463e-16	1.63533445383e-08
6.27388387425e-24	0.0357573148023	0.310389334039	2.49791053015e-16	1.68984560229e-08
6.92241757399e-24	0.0357573148023	0.310389334039	2.66721335498e-16	1.74617378903e-08
7.63799044247e-24	0.0357573148023	0.310389334039	2.84799114903e-16	1.804379582e-08
8.4275323434e-24	0.0357573148023	0.310389334039	3.04102166025e-16	1.86452556806e-08
9.29868948304e-24	0.0357573148023	0.310389334039	3.24713535055e-16	1.92667642033e-08
1.02598984589e-23	0.0357573148023	0.310389334039	3.46721896876e-16	1.99089896768e-08
1.13204679625e-23	0.0357573148023	0.310389334039	3.70221936553e-16	2.0572622666e-08
1.24906689286e-23	0.0357573148023	0.310389334039	3.95314756697e-16	2.12583767549e-08
1.37818340019e-23	0.0357573148023	0.310389334039	4.22108312429e-16	2.19669893134e-08
1.52064672871e-23	0.0357573148023	0.310389334039	4.50717875827e-16	2.26992222905e-08
1.67783654425e-23	0.0357573148023	0.310389334039	4.81266531855e-16	2.34558630335e-08
1.85127512925e-23	0.0357573148023	0.310389334039	5.13885707903e-16	2.42377251346e-08
2.04264212502e-23	0.0357573148023	0.310389334039	5.48715739216e-16	2.50456493058e-08
2.25379079802e-23	0.0357573148023	0.310389334039	5.85906433362e-16	2.58805042826e-08
2.48676598755e-23	0.0357573148023	0.310389334039	6.25617873451e-16	2.67431877587e-08
2.74382390871e-23	0.0357573148023	0.310389334039	6.68020866701e-16	2.76346273507e-08
3.02745400238e-23	0.0357573148023	0.310389334039	7.13297840605e-16	2.85557815957e-08
3.34040304389e-23	0.0357573148023	0.310389334039	7.61643587184e-16	2.95076409822e-08
3.68570174372e-23	0.0357573148023	0.310389334039	8.13266101032e-16	3.04912290149e-08
4.06669409804e-23	0.0357573148023	0.310389334039	8.68387474152e-16	3.15076033154e-08
4.48706977314e-23	0.0357573148023	0.310389334039	9.2724485145e-16	3.25578567593e-08
4.95089983747e-23	0.0357573148023	0.310389334039	9.90091450987e-16	3.36431186513e-08
5.46267618733e-23	0.0357573148023	0.310389334039	1.05719765338e-15	3.47645559396e-08
6.02735504803e-23	0.0357573148023	0.310389334039	1.12885216505e-15	3.5923374471e-08
6.6504049717e-23	0.0357573148023	0.310389334039	1.20536326029e-15	3.71208202867e-08
7.33785979674e-23	0.0357573148023	0.310389334039	1.28706010753e-15	3.83581809629e-08
8.09637708165e-23	0.0357573148023	0.310389334039	1.37429418554e-15	3.9636786995e-08
8.93330257924e-23	0.0357573148023	0.310389334039	1.4674407955e-15	4.09580132281e-08
9.85674137549e-23	0.0357573148023	0.310389334039	1.56690067568e-15	4.23232803358e-08
1.08756363821e-22	0.0357573148023	0.310389334039	1.67310172553e-15	4.37340563469e-08
1.19998549429e-22	0.0357573148023	0.310389334039	1.78650084653e-15	4.51918582252e-08
1.32402843928e-22	0.0357573148023	0.310389334039	1.90758590796e-15	4.66982534993e-08
1.46089374943e-22	0.0357573148023	0.310389334039	2.03687784577e-15	4.82548619493e-08
1.61190687738e-22	0.0357573148023	0.310389334039	2.17493290381e-15	4.98633573476e-08
1.7785302883e-22	0.0357573148023	0.310389334039	2.3223450269e-15	5.15254692592e-08
1.96237762291e-22	0.0357573148023	0.310389334039	2.4797484161e-15	5.32429849012e-08
2.1652293246e-22	0.0357573148023	0.310389334039	2.64782025724e-15	5.50177510646e-08
2.38904988182e-22	0.0357573148023	0.310389334039	2.82728363429e-15	5.68516761001e-08
2.63600685294e-22	0.0357573148023	0.310389334039	3.01891064021e-15	5.87467319701e-08
2.90849185762e-22	0.0357573148023	0.310389334039	3.22352569877e-15	6.07049563691e-08
3.20914373816e-22	0.0357573148023	0.310389334039	3.44200911129e-15	6.27284549147e-08
3.54087411495e-22	0.0357573148023	0.310389334039	3.67530084399e-15	6.48194034119e-08
3.90689558365e-22	0.0357573148023	0.310389334039	3.92440457191e-15	6.69800501922e-08
4.31075282713e-22	0.0357573148023	0.310389334039	4.19039199695e-15	6.9212718532e-08
4.75635694344e-22	0.0357573148023	0.310389334039	4.47440745857e-15	7.15198091497e-08
5.2480233223e-22	0.0357573148022	0.310389334039	4.77767285703e-15	7.3903802788e-08
5.79051343684e-22	0.0357573148022	0.310389334039	5.10149291028e-15	7.6367262881e-08
6.38908095544e-22	0.0357573148022	0.310389334039	5.44726076714e-15	7.89128383103e-08
7.04952262013e-22	0.0357573148022	0.310389334039	5.81646400096e-15	8.1543266254e-08
7.77823438431e-22	0.0357573148022	0.310389334039	6.21069100952e-15	8.42613751292e-08
8.58227335344e-22	0.0357573148022	0.310389334039	6.63163784866e-15	8.70700876335e-08
9.4694261286e-22	0.0357573148022	0.310389334039	7.08111552912e-15	8.99724238879e-08
1.04482842147e-21	0.0357573148022	0.310389334039	7.56105780792e-15	9.29715046842e-08
1.15283272237e-21	0.0357573148022	0.310389334039	8.07352950784e-15	9.60705548403e-08
1.27200146786e-21	0.0357573148022	0.310389334039	8.62073540076e-15	9.92729066683e-08
1.4034887307e-21	0.0357573148022	0.310389334039	9.20502969308e-15	1.02582003557e-07
1.54856788061e-21	0.0357573148022	0.310389334039	9.82892615411e-15	1.06001403676e-07
1.70864391597e-21	0.0357573148022	0.310389334039	1.04951089308e-14	1.09534783798e-07
1.88526707039e-21	0.0357573148022	0.310389334039	1.12064440957e-14	1.13185943258e-07
2.08014782571e-21	0.0357573148022	0.310389334039	1.19659919774e-14	1.16958808034e-07
2.29517347688e-21	0.0357573148022	0.310389334039	1.27770203266e-14	1.20857434968e-07
2.53242640924e-21	0.0357573148022	0.310389334039	1.3643018375e-14	1.24886016134e-07
2.7942042651e-21	0.0357573148022	0.310389334039	1.45677118467e-14	1.29048883338e-07
3.08304219488e-21	0.0357573148022	0.310389334039	1.5555078987e-14	1.33350512783e-07
3.40173740843e-21	0.0357573148022	0.310389334039	1.66093676779e-14	1.37795529875e-07
3.75337626424e-21	0.0357573148022	0.310389334039	1.77351137135e-14	1.42388714205e-07
4.14136415882e-21	0.0357573148022	0.310389334039	1.89371603137e-14	1.47135004678e-07
4.56945850575e-21	0.0357573148022	0.310389334039	2.02206789612e-14	1.52039504834e-07
5.04180512388e-21	0.0357573148022	0.310389334039	2.15911916504e-14	1.57107488329e-07
5.56297838687e-21	0.0357573148022	0.310389334039	2.30545946441e-14	1.62344404606e-07
6.13802552309e-21	0.0357573148022	0.310389334039	2.46171838407e-14	1.6775588476e-07
6.77251549475e-21	0.0357573148022	0.310389334039	2.62856818606e-14	1.73347747585e-07
7.47259292978e-21	0.0357573148022	0.310389334039	2.80672669685e-14	1.79126005838e-07
8.24503762856e-21	0.0357573148022	0.310389334039	2.9969603956e-14	1.85096872699e-07
9.09733022194e-21	0.0357573148022	0.310389334039	3.20008771171e-14	1.91266768456e-07
1.00377246164e-20	0.0357573148022	0.310389334039	3.41698254591e-14	1.97642327404e-07
1.10753279276e-20	0.0357573148022	0.310389334039	3.64857802998e-14	2.04230404984e-07
1.22201886775e-20	0.0357573148022	0.310389334039	3.8958705413e-14	2.11038085151e-07
1.34833941071e-20	0.0357573148022	0.310389334038	4.15992398951e-14	2.18072687989e-07
1.48771775498e-20	0.0357573148022	0.310389334038	4.44187439365e-14	2.25341777589e-07
1.64150369032e-20	0.0357573148022	0.310389334038	4.74293476962e-14	2.32853170175e-07
1.81118653475e-20	0.0357573148022	0.310389334038	5.06440034886e-14	2.40614942514e-07
1.99840955765e-20	0.0357573148022	0.310389334038	5.40765415068e-14	2.48635440598e-07
2.20498589378e-20	0.0357573148022	0.310389334038	5.77417293241e-14	2.56923288618e-07
2.43291610228e-20	0.0357573148022	0.310389334038	6.16553354268e-14	2.65487398238e-07
2.68440754086e-20	0.0357573148022	0.310389334038	6.58341970542e-14	2.7433697818e-07
2.96189574258e-20	0.0357573148022	0.310389334038	7.02962926364e-14	2.83481544119e-07
3.26806800249e-20	0.0357573148022	0.310389334038	7.50608191414e-14	2.92930928923e-07
3.6058894023e-20	0.0357573148022	0.310389334038	8.0148274665e-14	3.0269529322e-07
3.97863152533e-20	0.0357573148022	0.310389334038	8.55805466186e-14	3.12785136328e-07
4.38990413967e-20	0.0357573148022	0.310389334038	9.13810058934e-14	3.23211307539e-07
4.84369015648e-20	0.0357573148022	0.310389334038	9.7574607408e-14	3.3398501779e-07
5.34438420191e-20	0.0357573148022	0.310389334038	1.0418799747e-13	3.45117851716e-07
5.89683517626e-20	0.0357573148022	0.310389334038	1.11249628413e-13	3.56621780107e-07
6.50639321245e-20	0.0357573148022	0.310389334038	1.1878988101e-13	3.68509172777e-07
7.17896148859e-20	0.0357573148022	0.310389334038	1.26841195171e-13	3.80792811869e-07
7.92105339654e-20	0.0357573148022	0.310389334038	1.35438209515e-13	3.93485905598e-07
8.73985561987e-20	0.0357573148022	0.310389334038	1.44617910386e-13	4.06602102452e-07
9.64329773227e-20	0.0357573148022	0.310389334038	1.54419790983e-13	4.20155505867e-07
1.06401289905e-19	0.0357573148022	0.310389334038	1.64886021264e-13	4.34160689396e-07
1.1740003065e-19	0.0357573148022	0.310389334038	1.76061629376e-13	4.48632712375e-07
1.295357153e-19	0.0357573148022	0.310389334038	1.87994695372e-13	4.63587136121e-07
1.42925870166e-19	0.0357573148022	0.310389334038	2.00736558062e-13	4.79040040659e-07
1.57700170301e-19	0.0357573148022	0.310389334038	2.1434203589e-13	4.95008042014e-07
1.74001695312e-19	0.0357573148022	0.310389334038	2.28869662771e-13	5.11508310081e-07
1.91988315002e-19	0.0357573148022	0.310389334038	2.44381939919e-13	5.28558587084e-07
2.1183421823e-19	0.0357573148022	0.310389334038	2.60945604739e-13	5.46177206653e-07
2.33731599826e-19	0.0357573148022	0.310389334038	2.78631917953e-13	5.64383113542e-07
2.57892521867e-19	0.0357573148021	0.310389334038	2.97516970174e-13	5.83195883993e-07
2.84550967368e-19	0.0357573148021	0.310389334038	3.17682009268e-13	6.02635746793e-07
3.13965106254e-19	0.0357573148021	0.310389334038	3.392137899e-13	6.22723605019e-07
3.46419795571e-19	0.0357573148021	0.310389334038	3.62204946775e-13	6.4348105852e-07
3.82229338143e-19	0.0357573148021	0.310389334038	3.86754393172e-13	6.64930427137e-07
4.21740526393e-19	0.0357573148021	0.310389334038	4.1296774649e-13	6.87094774708e-07
4.65336000806e-19	0.0357573148021	0.310389334038	4.40957782645e-13	7.09997933865e-07
5.13437955556e-19	0.0357573148021	0.310389334038	4.70844921251e-13	7.3366453166e-07
5.66512227184e-19	0.0357573148021	0.310389334038	5.02757743695e-13	7.58120016049e-07
6.25072805927e-19	0.0357573148021	0.310389334038	5.36833546327e-13	7.83390683251e-07
6.89686813384e-19	0.0357573148021	0.310389334038	5.73218931138e-13	8.09503706026e-07
7.60979994722e-19	0.035757314802	0.310389334038	6.12070436475e-13	8.36487162893e-07
8.39642778621e-19	0.035757314802	0.310389334038	6.53555210506e-13	8.64370068323e-07
9.26436963625e-19	0.035757314802	0.310389334038	6.97851730333e-13	8.93182403933e-07
1.02220309568e-18	0.035757314802	0.310389334038	7.45150569838e-13	9.22955150731e-07
1.12786860827e-18	0.035757314802	0.310389334038	7.95655219575e-13	9.53720322422e-07
1.24445680404e-18	0.035757314802	0.310389334037	8.49582962239e-13	9.85510999836e-07
1.37309676478e-18	0.0357573148019	0.310389334037	9.07165807461e-13	1.0183613665e-06
1.51503428591e-18	0.0357573148019	0.310389334037	9.6865148997e-13	1.05230674538e-06
1.67164394117e-18	0.0357573148019	0.310389334037	1.03430453541e-12	1.08738363689e-06
1.84444239449e-18	0.0357573148019	0.310389334037	1.10440739836e-12	1.12362975812e-06
2.03510308794e-18	0.0357573148018	0.310389334037	1.17926167759e-12	1.16108408339e-06
2.24547244788e-18	0.0357573148018	0.310389334037	1.25918941352e-12	1.19978688617e-06
2.47758776647e-18	0.0357573148018	0.310389334037	1.34453447377e-12	1.23977978238e-06
2.73369693151e-18	0.0357573148018	0.310389334037	1.43566403255e-12	1.28110577512e-06
3.0162801958e-18	0.0357573148017	0.310389334037	1.53297015032e-12	1.32380930096e-06
3.32807419678e-18	0.0357573148017	0.310389334036	1.63687146051e-12	1.36793627766e-06
3.67209845911e-18	0.0357573148016	0.310389334036	1.74781497061e-12	1.41353415358e-06
4.05168463686e-18	0.0357573148016	0.310389334036	1.86627798529e-12	1.4606519587e-06
4.4705087784e-18	0.0357573148016	0.310389334036	1.99277015985e-12	1.50934035732e-06
4.93262692656e-18	0.0357573148015	0.310389334036	2.12783569291e-12	1.55965170257e-06
5.44251439885e-18	0.0357573148015	0.310389334036	2.27205566766e-12	1.61164009265e-06
6.00510912799e-18	0.0357573148014	0.310389334035	2.4260505518e-12	1.66536142907e-06
6.62585948266e-18	0.0357573148014	0.310389334035	2.59048286698e-12	1.72087347671e-06
7.31077703139e-18	0.0357573148013	0.310389334035	2.76606003908e-12	1.77823592593e-06
8.0664947608e-18	0.0357573148012	0.310389334035	2.95353744173e-12	1.83751045679e-06
8.9003313118e-18	0.0357573148012	0.310389334035	3.15372164611e-12	1.89876080535e-06
9.8203618559e-18	0.0357573148011	0.310389334034	3.36747389102e-12	1.9620528322e-06
1.08354962981e-17	0.035757314801	0.310389334034	3.59571378807e-12	2.02745459327e-06
1.19555655635e-17	0.0357573148009	0.310389334034	3.83942327815e-12	2.09503641304e-06
1.31914168038e-17	0.0357573148008	0.310389334033	4.09965085589e-12	2.16487096014e-06
1.45550184445e-17	0.0357573148007	0.310389334033	4.37751608057e-12	2.23703332548e-06
1.60595760918e-17	0.0357573148006	0.310389334033	4.67421439269e-12	2.31160110299e-06
1.77196604203e-17	0.0357573148005	0.310389334032	4.99102225708e-12	2.38865447309e-06
1.95513482808e-17	0.0357573148004	0.310389334032	5.3293026545e-12	2.46827628886e-06
2.15723783937e-17	0.0357573148003	0.310389334031	5.69051094552e-12	2.55055216515e-06
2.3802323138e-17	0.0357573148001	0.310389334031	6.07620113182e-12	2.63557057066e-06
2.62627780963e-17	0.0357573148	0.31038933403	6.48803254185e-12	2.72342292301e-06
2.8977571195e-17	0.0357573147999	0.31038933403	6.92777696968e-12	2.81420368711e-06
3.19729934617e-17	0.0357573147997	0.310389334029	7.39732629761e-12	2.90801047667e-06
3.52780536375e-17	0.0357573147995	0.310389334028	7.89870063554e-12	3.00494415923e-06
3.89247591078e-17	0.0357573147993	0.310389334028	8.43405701193e-12	3.10510896453e-06
4.29484258731e-17	0.0357573147991	0.310389334027	9.00569865383e-12	3.20861259668e-06
4.73880205621e-17	0.0357573147989	0.310389334026	9.61608489589e-12	3.31556634989e-06
5.22865377984e-17	0.0357573147987	0.310389334025	1.0267841761e-11	3.42608522822e-06
5.76914165757e-17	0.0357573147985	0.310389334025	1.09637732581e-11	3.54028806915e-06
6.36549996739e-17	0.0357573147982	0.310389334024	1.17068734456e-11	3.65829767145e-06
7.02350405656e-17	0.0357573147979	0.310389334023	1.25003393124e-11	3.78024092716e-06
7.74952627212e-17	0.0357573147976	0.310389334022	1.33475845324e-11	3.90624895806e-06
8.55059767299e-17	0.0357573147973	0.31038933402	1.42522541507e-11	4.03645725665e-06
9.43447612125e-17	0.035757314797	0.310389334019	1.52182402652e-11	4.17100583187e-06
1.04097214121e-16	0.0357573147966	0.310389334018	1.6249698772e-11	4.31003935958e-06
1.14857781698e-16	0.0357573147962	0.310389334016	1.73510672442e-11	4.45370733823e-06
1.2673067313e-16	0.0357573147958	0.310389334015	1.8527084024e-11	4.60216424949e-06
1.39830869747e-16	0.0357573147954	0.310389334013	1.97828086077e-11	4.75556972446e-06
1.5428523854e-16	0.0357573147949	0.310389334012	2.11236434132e-11	4.91408871526e-06
1.70233760789e-16	0.0357573147944	0.31038933401	2.25553570222e-11	5.07789167242e-06
1.87830887688e-16	0.0357573147939	0.310389334008	2.4084108998e-11	5.24715472814e-06
2.07247036112e-16	0.0357573147933	0.310389334006	2.57164763854e-11	5.42205988573e-06
2.2867023899e-16	0.0357573147927	0.310389334004	2.74594820068e-11	5.60279521523e-06
2.52307966282e-16	0.0357573147921	0.310389334001	2.93206246759e-11	5.78955505571e-06
2.78389134199e-16	0.0357573147914	0.310389333999	3.13079114591e-11	5.98254022421e-06
3.07166322102e-16	0.0357573147907	0.310389333996	3.34298921243e-11	6.18195823165e-06
3.38918218576e-16	0.0357573147899	0.310389333993	3.56956959235e-11	6.38802350601e-06
3.73952320347e-16	0.0357573147891	0.31038933399	3.81150708689e-11	6.60095762284e-06
4.12607910192e-16	0.0357573147882	0.310389333987	4.06984256717e-11	6.82098954356e-06
4.55259342675e-16	0.0357573147872	0.310389333983	4.34568745221e-11	7.04835586163e-06
5.02319669528e-16	0.0357573147862	0.310389333979	4.64022849057e-11	7.28330105697e-06
5.54244639795e-16	0.0357573147851	0.310389333975	4.95473286596e-11	7.52607775882e-06
6.11537113468e-16	0.0357573147839	0.310389333971	5.290553649e-11	7.77694701739e-06
6.74751931359e-16	0.0357573147827	0.310389333967	5.64913561844e-11	8.03617858457e-06
7.44501288386e-16	0.0357573147814	0.310389333962	6.03202147691e-11	8.30405120398e-06
8.21460662276e-16	0.03575731478	0.310389333957	6.44085848798e-11	8.5808529107e-06
9.06375355143e-16	0.0357573147784	0.310389333951	6.87740556312e-11	8.86688134097e-06
1.00006771126e-15	0.0357573147768	0.310389333945	7.34354082888e-11	9.16244405223e-06
1.10344508091e-15	0.0357573147751	0.310389333939	7.84126970708e-11	9.46785885387e-06
1.21750860755e-15	0.0357573147733	0.310389333932	8.37273354255e-11	9.78345414888e-06
1.34336292317e-15	0.0357573147713	0.310389333925	8.94021881572e-11	1.0109569287e-05
1.482226846e-15	0.0357573147692	0.310389333917	9.5461669796e-11	1.04465549298e-05
1.63544518394e-15	0.035757314767	0.310389333909	1.01931849634e-10	1.07947734273e-05
1.80450175821e-15	0.0357573147646	0.3103893339	1.08840563883e-10	1.1154599208e-05
1.99103377315e-15	0.035757314762	0.310389333891	1.16217535431e-10	1.15264191814e-05
2.19684767154e-15	0.0357573147593	0.310389333881	1.24094501716e-10	1.19106331539e-05
2.4239366288e-15	0.0357573147564	0.31038933387	1.32505351271e-10	1.23076542588e-05
2.67449985565e-15	0.0357573147533	0.310389333858	1.41486269517e-10	1.27179094005e-05
2.95096389602e-15	0.03575731475	0.310389333846	1.51075894443e-10	1.31418397136e-05
3.25600612659e-15	0.0357573147464	0.310389333833	1.61315482836e-10	1.35799010371e-05
3.59258068546e-15	0.0357573147426	0.310389333819	1.72249087774e-10	1.40325644046e-05
3.96394708107e-15	0.0357573147386	0.310389333804	1.83923748156e-10	1.4500316551e-05
4.37370175846e-15	0.0357573147343	0.310389333788	1.96389691074e-10	1.49836604356e-05
4.82581292852e-15	0.0357573147297	0.310389333771	2.09700547899e-10	1.5483115783e-05
5.32465899758e-15	0.0357573147247	0.310389333753	2.23913585017e-10	1.59992196419e-05
5.87507096942e-15	0.0357573147195	0.310389333734	2.39089950205e-10	1.65325269628e-05
6.4823792305e-15	0.0357573147139	0.310389333713	2.55294935697e-10	1.70836111942e-05
7.15246517128e-15	0.0357573147079	0.310389333691	2.72598259092e-10	1.76530649e-05
7.89181814374e-15	0.0357573147015	0.310389333668	2.91074363291e-10	1.82415003959e-05
8.70759830655e-15	0.0357573146947	0.310389333643	3.10802736771e-10	1.88495504082e-05
9.60770596665e-15	0.0357573146874	0.310389333616	3.31868255559e-10	1.94778687542e-05
1.06008580886e-14	0.0357573146796	0.310389333587	3.54361548394e-10	2.0127131045e-05
1.16966727128e-14	0.0357573146713	0.310389333557	3.78379386627e-10	2.0798035412e-05
1.29057621002e-14	0.0357573146624	0.310389333524	4.04025100555e-10	2.14913032578e-05
1.42398355047e-14	0.0357573146529	0.310389333489	4.31409023975e-10	2.22076800317e-05
1.57118125706e-14	0.0357573146428	0.310389333452	4.60648968862e-10	2.29479360312e-05
1.73359484502e-14	0.035757314632	0.310389333412	4.91870732227e-10	2.37128672306e-05
1.91279718562e-14	0.0357573146205	0.31038933337	5.25208637319e-10	2.45032961364e-05
2.11052373844e-14	0.0357573146081	0.310389333324	5.60806111521e-10	2.53200726722e-05
2.32868935813e-14	0.035757314595	0.310389333276	5.98816303405e-10	2.61640750923e-05
2.56940683859e-14	0.0357573145809	0.310389333224	6.39402741611e-10	2.70362109262e-05
2.83500737398e-14	0.0357573145659	0.310389333169	6.82740038387e-10	2.79374179543e-05
3.12806313488e-14	0.0357573145499	0.31038933311	7.29014640811e-10	2.88686652164e-05
3.45141217808e-14	0.0357573145328	0.310389333047	7.78425632931e-10	2.98309540536e-05
3.80818593136e-14	0.0357573145145	0.31038933298	8.31185592266e-10	3.0825319185e-05
4.20183951931e-14	0.035757314495	0.310389332908	8.87521504368e-10	3.18528298204e-05
4.63618522406e-14	0.0357573144742	0.310389332832	9.47675739364e-10	3.29145908099e-05
5.11542940471e-14	0.035757314452	0.31038933275	1.01190709469e-09	3.40117438318e-05
5.64421323326e-14	0.0357573144282	0.310389332662	1.0804919085e-09	3.51454686207e-05
6.22765764138e-14	0.0357573144029	0.310389332569	1.15372524852e-09	3.63169842353e-05
6.87141291329e-14	0.0357573143758	0.31038933247	1.23192218152e-09	3.75275503698e-05
7.5817134052e-14	0.0357573143469	0.310389332363	1.31541912881e-09	3.8778468708e-05
8.36543792097e-14	0.0357573143161	0.31038933225	1.40457531354e-09	4.00710843234e-05
9.23017632897e-14	0.0357573142831	0.310389332128	1.49977430627e-09	4.14067871252e-05
1.0184303065e-13	0.0357573142479	0.310389331999	1.60142567506e-09	4.27870133527e-05
1.12370582334e-13	0.0357573142104	0.310389331861	1.70996674762e-09	4.42132471202e-05
1.23986370915e-13	0.0357573141702	0.310389331713	1.82586449273e-09	4.5687022012e-05
1.36802887839e-13	0.0357573141274	0.310389331555	1.94961752931e-09	4.72099227324e-05
1.50944252837e-13	0.0357573140817	0.310389331387	2.08175827151e-09	4.87835868087e-05
1.66547415938e-13	0.0357573140328	0.310389331207	2.22285521938e-09	5.04097063527e-05
1.8376348375e-13	0.0357573139807	0.310389331016	2.37351540459e-09	5.20900298798e-05
2.02759182821e-13	0.035757313925	0.310389330811	2.5343870021e-09	5.38263641893e-05
2.23718474287e-13	0.0357573138655	0.310389330592	2.70616211869e-09	5.56205763071e-05
2.4684433541e-13	0.035757313802	0.310389330358	2.88957977061e-09	5.74745954932e-05
2.72360725287e-13	0.0357573137342	0.310389330109	3.085429063e-09	5.93904153163e-05
3.00514753748e-13	0.0357573136619	0.310389329843	3.29455258477e-09	6.13700957975e-05
3.31579074453e-13	0.0357573135846	0.310389329558	3.51785003361e-09	6.34157656249e-05
3.65854525373e-13	0.035757313502	0.310389329254	3.75628208674e-09	6.55296244433e-05
4.03673042203e-13	0.0357573134139	0.31038932893	4.01087453392e-09	6.77139452186e-05
4.45400872954e-13	0.0357573133198	0.310389328584	4.28272269066e-09	6.99710766823e-05
4.91442124823e-13	0.0357573132193	0.310389328214	4.5729961105e-09	7.2303445857e-05
5.42242677713e-13	0.035757313112	0.31038932782	4.88294361671e-09	7.47135606659e-05
5.98294502291e-13	0.0357573129975	0.310389327398	5.213898675e-09	7.72040126296e-05
6.60140424406e-13	0.0357573128752	0.310389326948	5.56728513041e-09	7.97774796526e-05
7.28379382008e-13	0.0357573127445	0.310389326467	5.94462333303e-09	8.24367289031e-05
8.03672225474e-13	0.0357573126051	0.310389325954	6.34753667883e-09	8.5184619788e-05
8.86748117517e-13	0.0357573124562	0.310389325406	6.77775859397e-09	8.80241070275e-05
9.78411594655e-13	0.0357573122971	0.310389324821	7.23713999232e-09	9.09582438327e-05
1.07955035863e-12	0.0357573121273	0.310389324196	7.72765723856e-09	9.39901851882e-05
1.19114387321e-12	0.0357573119461	0.310389323529	8.25142065092e-09	9.71231912446e-05
1.31427284969e-12	0.0357573117525	0.310389322817	8.81068358026e-09	0.000100360630824
1.45012971285e-12	0.0357573115458	0.310389322057	9.40785210453e-09	0.000103705985043
1.60003014883e-12	0.035757311325	0.310389321244	1.00454953802e-08	0.000107162851055
1.76542584669e-12	0.0357573110894	0.310389320377	1.07263566954e-08	0.000110734945917
1.94791855711e-12	0.0357573108377	0.310389319451	1.14533652721e-08	0.000114426110591
2.14927560424e-12	0.035757310569	0.310389318463	1.22296488685e-08	0.000118240314067
2.37144700113e-12	0.0357573102821	0.310389317407	1.30585472349e-08	0.000122181657637
2.61658433434e-12	0.0357573099757	0.31038931628	1.39436264827e-08	0.000126254379302
2.88706160062e-12	0.0357573096486	0.310389315076	1.48886944259e-08	0.00013046285833
3.18549819756e-12	0.0357573092993	0.310389313791	1.58978169639e-08	0.000134811619963
3.5147842907e-12	0.0357573089263	0.310389312418	1.69753355731e-08	0.000139305340284
3.87810880296e-12	0.035757308528	0.310389310953	1.81258859858e-08	0.000143948851248
4.2789902972e-12	0.0357573081028	0.310389309388	1.93544181333e-08	0.000148747145871
4.72131105123e-12	0.0357573076487	0.310389307718	2.06662174421e-08	0.000153705383605
5.20935465513e-12	0.0357573071639	0.310389305934	2.20669275731e-08	0.000158828895882
5.74784749498e-12	0.0357573066461	0.310389304029	2.35625747013e-08	0.000164123191849
6.34200452484e-12	0.0357573060933	0.310389301995	2.51595934422e-08	0.000169593964291
6.9975797701e-12	0.0357573055031	0.310389299823	2.68648545349e-08	0.000175247095749
7.72092205142e-12	0.0357573048728	0.310389297504	2.86856944012e-08	0.000181088664852
8.51903646889e-12	0.0357573041998	0.310389295028	3.0629946709e-08	0.000187124952847
9.39965224175e-12	0.0357573034812	0.310389292384	3.27059760737e-08	0.000193362450356
1.03712975608e-11	0.0357573027139	0.31038928956	3.49227140454e-08	0.000199807864354
1.1443382178e-11	0.0357573018945	0.310389286546	3.72896975338e-08	0.000206468125379
1.26262885342e-11	0.0357573010197	0.310389283327	3.98171098381e-08	0.00021335039499
1.39314723055e-11	0.0357573000855	0.31038927989	4.25158244578e-08	0.000220462073461
1.53715733442e-11	0.0357572990881	0.310389276219	4.53974518728e-08	0.000227810807739
1.69605380869e-11	0.035757298023	0.310389272301	4.84743894941e-08	0.000235404499672
1.87137546167e-11	0.0357572968857	0.310389268116	5.1759875e-08	0.000243251314497
2.06482016864e-11	0.0357572956714	0.310389263648	5.52680432871e-08	0.000251359689627
2.27826131457e-11	0.0357572943748	0.310389258877	5.90139872822e-08	0.00025973834372
2.51376593662e-11	0.0357572929902	0.310389253783	6.30138228741e-08	0.000268396286051
2.77361474195e-11	0.0357572915119	0.310389248343	6.72847582484e-08	0.000277342826207
3.06032419484e-11	0.0357572899333	0.310389242535	7.18451679199e-08	0.000286587584087
3.37667088685e-11	0.0357572882477	0.310389236333	7.67146717835e-08	0.000296140500254
3.72571842624e-11	0.0357572864479	0.310389229711	8.19142195228e-08	0.000306011846618
4.11084710685e-11	0.0357572845261	0.31038922264	8.74661807399e-08	0.000316212237484
4.53578664386e-11	0.0357572824741	0.31038921509	9.33944411931e-08	0.000326752640964
5.00465229349e-11	0.035757280283	0.310389207027	9.97245055583e-08	0.000337644390767
5.52198470629e-11	0.0357572779433	0.310389198419	1.06483607155e-07	0.000348899198392
6.09279390016e-11	0.0357572754451	0.310389189227	1.13700825107e-07	0.000360529165712
6.72260777869e-11	0.0357572727776	0.310389179412	1.2140720945e-07	0.000372546797993
7.41752566497e-11	0.0357572699292	0.310389168932	1.2963591471e-07	0.000384965017338
8.18427736904e-11	0.0357572668878	0.310389157741	1.38422342541e-07	0.000397797176577
9.03028836118e-11	0.0357572636403	0.310389145792	1.4780429403e-07	0.00041105707363
9.96375168204e-11	0.0357572601727	0.310389133033	1.57822132321e-07	0.000424758966338
1.09937072861e-10	0.03575725647	0.31038911941	1.68518956266e-07	0.000438917587796
1.2130129587e-10	0.0357572525164	0.310389104862	1.7994078584e-07	0.000453548162191
1.33840240516e-10	0.0357572482948	0.310389089329	1.92136760128e-07	0.000468666421173
1.476753378e-10	0.0357572437871	0.310389072744	2.05159348726e-07	0.000484288620767
1.62940571016e-10	0.0357572389738	0.310389055034	2.19064577474e-07	0.000500431558855
1.79783773277e-10	0.0357572338343	0.310389036123	2.33912269483e-07	0.000517112593232
1.98368059156e-10	0.0357572283465	0.310389015931	2.49766302505e-07	0.00053434966027
2.18873404319e-10	0.0357572224868	0.310388994371	2.66694883739e-07	0.000552161294203
2.41498388446e-10	0.0357572162298	0.310388971349	2.84770843267e-07	0.000570566647055
2.66462118303e-10	0.0357572095488	0.310388946767	3.04071947373e-07	0.000589585509227
2.9400634961e-10	0.035757202415	0.310388920518	3.24681233105e-07	0.000609238330776
3.24397828234e-10	0.0357571947977	0.310388892491	3.46687365499e-07	0.000629546243405
3.5793087339e-10	0.0357571866641	0.310388862564	3.70185019028e-07	0.000650531083175
3.94930227858e-10	0.0357571779792	0.310388830608	3.95275284893e-07	0.000672215413984
4.35754202826e-10	0.0357571687056	0.310388796487	4.22066105922e-07	0.000694622551828
4.80798147795e-10	0.0357571588036	0.310388760053	4.50672740942e-07	0.00071777658986
5.30498279169e-10	0.0357571482304	0.31038872115	4.81218260622e-07	0.000741702424299
5.85335904588e-10	0.0357571369405	0.310388679609	5.13834076928e-07	0.000766425781189
6.45842083912e-10	0.0357571248855	0.310388635254	5.48660508446e-07	0.000791973244056
7.12602772005e-10	0.0357571120134	0.310388587892	5.85847384035e-07	0.000818372282489
7.86264493091e-10	0.0357570982689	0.31038853732	6.25554687377e-07	0.000845651281665
8.67540601656e-10	0.0357570835928	0.31038848332	6.67953245216e-07	0.000873839572863
9.57218190506e-10	0.0357570679221	0.310388425661	7.13225462239e-07	0.000902967464996
1.05616571288e-09	0.0357570511892	0.310388364093	7.61566105759e-07	0.000933066277188
1.16534139239e-09	0.0357570333222	0.310388298352	8.13183143573e-07	0.000964168372442
1.28580250231e-09	0.0357570142442	0.310388228156	8.68298638607e-07	0.000996307192421
1.41871560395e-09	0.0357569938732	0.310388153202	9.27149704188e-07	0.0010295172934
1.5653678433e-09	0.0357569721215	0.310388073168	9.89989524048e-07	0.0010638343834
1.7271794154e-09	0.0357569488955	0.31038798771	1.05708844146e-06	0.00109929536057
1.90571731694e-09	0.0357569240954	0.310387896459	1.12873512217e-06	0.00113593835285
2.10271052045e-09	0.0357568976144	0.310387799024	1.20523779616e-06	0.00117380275894
2.32006671691e-09	0.0357568693386	0.310387694984	1.28692558351e-06	0.00121292929063
2.55989078877e-09	0.0357568391464	0.310387583894	1.37414991017e-06	0.0012533600166
2.82450519251e-09	0.0357568069079	0.310387465274	1.46728601963e-06	0.00129513840754
3.11647244776e-09	0.0357567724843	0.310387338614	1.56673458703e-06	0.00133830938296
3.438619951e-09	0.0357567357277	0.310387203369	1.67292344263e-06	0.00138291935938
3.79406735383e-09	0.0357566964798	0.310387058959	1.78630941212e-06	0.00142901630025
4.18625677104e-09	0.0357566545719	0.31038690476	1.90738028156e-06	0.00147664976745
4.61898611084e-09	0.0357566098237	0.310386740111	2.03665689549e-06	0.00152587097456
5.09644584991e-09	0.0357565620426	0.310386564302	2.17469539722e-06	0.00157673284188
5.62325960931e-09	0.0357565110231	0.310386376577	2.32208962087e-06	0.00162929005324
6.20452892401e-09	0.0357564565457	0.31038617613	2.47947364551e-06	0.00168359911479
6.84588263942e-09	0.0357563983762	0.310385962096	2.64752452234e-06	0.00173971841566
7.55353141304e-09	0.0357563362642	0.310385733557	2.82696518664e-06	0.00179770829067
8.33432784881e-09	0.0357562699426	0.310385489527	3.018567567e-06	0.00185763108515
9.19583284616e-09	0.0357561991261	0.310385228959	3.22315590517e-06	0.00191955122184
1.0146388806e-08	0.03575612351	0.31038495073	3.44161030084e-06	0.0019835352701
1.1195200402e-08	0.0357560427691	0.310384653645	3.67487049657e-06	0.00204965201739
1.23524236991e-08	0.0357559565561	0.310384336424	3.923939919e-06	0.00211797254306
1.36292644815e-08	0.0357558645001	0.310383997704	4.18988999396e-06	0.00218857029469
1.50380867416e-08	0.0357557662052	0.310383636027	4.47386475374e-06	0.0022615211669
1.659253238e-08	0.0357556612485	0.310383249837	4.77708575647e-06	0.00233690358281
1.83076532743e-08	0.0357555491786	0.310382837473	5.10085733866e-06	0.00241479857815
2.02000569949e-08	0.0357554295136	0.310382397162	5.44657222349e-06	0.00249528988822
2.22880675775e-08	0.0357553017385	0.310381927009	5.81571750888e-06	0.00257846403773
2.45919029074e-08	0.035755165304	0.310381424992	6.20988106105e-06	0.00266441043353
2.71338704314e-08	0.0357550196231	0.310380888952	6.63075834106e-06	0.00275322146055
2.99385830917e-08	0.0357548640693	0.310380316582	7.08015969351e-06	0.00284499258079
3.30331975675e-08	0.0357546979736	0.310379705421	7.56001812875e-06	0.00293982243567
3.64476771319e-08	0.0357545206216	0.31037905284	8.07239763193e-06	0.00303781295172
4.02150816622e-08	0.0357543312507	0.310378356032	8.61950203453e-06	0.0031390694498
4.43718876115e-08	0.0357541290463	0.310377612	9.20368448638e-06	0.00324370075786
4.89583410319e-08	0.035753913139	0.310376817544	9.82745756879e-06	0.00335181932757
5.40188470638e-08	0.0357536826002	0.310375969246	1.04935040921e-05	0.00346354135459
5.96023996559e-08	0.0357534364385	0.310375063459	1.12046886237e-05	0.00357898690301
6.57630556682e-08	0.0357531735955	0.310374096286	1.19640697967e-05	0.00369828003376
7.25604579403e-08	0.0357528929409	0.310373063569	1.27749134502e-05	0.00382154893728
8.00604123775e-08	0.035752593268	0.310371960865	1.36407066596e-05	0.00394892607063
8.83355246316e-08	0.0357522732883	0.310370783432	1.45651727151e-05	0.00408054829896
9.74659025231e-08	0.0357519316261	0.310369526207	1.55522871136e-05	0.00421655704178
1.07539930991e-07	0.0357515668124	0.310368183783	1.66062946317e-05	0.00435709842392
1.1865512705e-07	0.0357511772788	0.310366750388	1.77317275527e-05	0.00450232343151
1.3091908301e-07	0.0357507613509	0.310365219858	1.89334251261e-05	0.00465238807302
1.44450507058e-07	0.0357503172407	0.310363585611	2.02165543423e-05	0.0048074535456
1.59380371245e-07	0.0357498430393	0.310361840621	2.15866321101e-05	0.0049676864068
1.75853177953e-07	0.0357493367084	0.310359977384	2.30495489333e-05	0.00513325875198
1.94028357054e-07	0.035748796072	0.310357987891	2.46115941862e-05	0.00530434839739
2.14081807225e-07	0.0357482188066	0.310355863586	2.62794830953e-05	0.00548113906929
2.36207596287e-07	0.0357476024315	0.310353595339	2.80603855433e-05	0.00566382059916
2.60619836938e-07	0.0357469442984	0.310351173398	2.99619568156e-05	0.00585258912526
2.87554755951e-07	0.0357462415794	0.310348587352	3.19923704227e-05	0.00604764730064
3.17272976768e-07	0.0357454912556	0.310345826086	3.41603531353e-05	0.006249204508
3.50062037435e-07	0.0357446901038	0.31034287773	3.6475222382e-05	0.00645747708128
3.86239168123e-07	0.0357438346828	0.310339729614	3.89469261674e-05	0.00667268853456
4.26154354937e-07	0.0357429213187	0.310336368208	4.15860856798e-05	0.0068950697981
4.70193719445e-07	0.0357419460892	0.310332779067	4.44040407682e-05	0.00712485946207
5.18783246413e-07	0.0357409048069	0.31032894677	4.74128984806e-05	0.00736230402797
5.72392895516e-07	0.0357397930014	0.31032485485	5.06255848682e-05	0.00760765816799
6.31541136483e-07	0.0357386059	0.310320485729	5.4055900274e-05	0.0078611849927
6.96799951173e-07	0.0357373384078	0.310315820637	5.77185783369e-05	0.00812315632701
7.68800350493e-07	0.0357359850857	0.310310839538	6.162934896e-05	0.0083938529949
8.48238459002e-07	0.0357345401271	0.310305521036	6.58050055065e-05	0.00867356511305
9.35882225415e-07	0.0357329973337	0.310299842295	7.02634765035e-05	0.00896259239349
1.03257882316e-06	0.0357313500884	0.310293778929	7.50239021536e-05	0.00926124445576
1.13926281167e-06	0.035729591328	0.310287304908	8.01067159724e-05	0.00956984114853
1.25696513631e-06	0.0357277135127	0.310280392442	8.55337318913e-05	0.0098887128812
1.3868230527e-06	0.0357257085941	0.310273011862	9.13282371859e-05	0.0102182009655
1.53009107e-06	0.0357235679813	0.310265131497	9.75150916148e-05	0.0105586579673
1.6881530172e-06	0.0357212825047	0.310256717535	0.000104120833176	0.0109104480692
1.86253534705e-06	0.0357188423768	0.310247733883	0.000111173790919	0.0112739474439
2.05492180389e-06	0.0357162371511	0.310238142012	0.000118704205265	0.0116495446382
2.26716959429e-06	0.035713455678	0.310227900791	0.000126744356346	0.0120376409685
2.50132721361e-06	0.0357104860578	0.310216966317	0.000135328700857	0.0124386509278
2.7596540966e-06	0.0357073155911	0.310205291725	0.000144494017999	0.0128530026044
3.04464227759e-06	0.0357039307245	0.310192826991	0.000154279565093	0.0132811381119
3.35904026398e-06	0.0357003169948	0.310179518719	0.000164727243487	0.0137235140318
3.70587934724e-06	0.0356964589679	0.310165309918	0.000175881775418	0.014180601868
4.08850259812e-06	0.0356923401745	0.310150139759	0.000187790892542	0.0146528885136
4.51059681716e-06	0.0356879430413	0.310133943317	0.000200505536867	0.0151408767301
4.97622773858e-06	0.0356832488181	0.310116651303	0.000214080074876	0.0156450856394
5.48987881514e-06	0.0356782375002	0.310098189767	0.000228572525686	0.0161660512276
6.05649394384e-06	0.0356728877449	0.310078479789	0.00024404480412	0.0167043268625
6.68152452771e-06	0.0356671767841	0.310057437151	0.000260562979628	0.0172604838231
7.37098130775e-06	0.0356610803302	0.310034971981	0.000278197552038	0.0178351118411
8.13149144132e-06	0.0356545724766	0.310010988379	0.000297023745192	0.0184288196562
8.97036134967e-06	0.0356476255915	0.309985384017	0.000317121819555	0.0190422355823
9.89564590785e-06	0.0356402102058	0.309958049714	0.00033857740496	0.0196760080867
1.09162246054e-05	0.0356322948926	0.309928868983	0.000361481854705	0.0203308063809
1.20418853663e-05	0.035623846141	0.309897717548	0.000385932622288	0.021007321022
1.32834167828e-05	0.0356148282206	0.309864462831	0.000412033662119	0.0217062645267
1.46527095878e-05	0.0356052030384	0.309828963407	0.000439895855626	0.0224283719939
1.61628682699e-05	0.0355949299869	0.309791068424	0.000469637464231	0.0231744017381
1.78283338183e-05	0.0355839657832	0.309750616982	0.00050138461073	0.0239451359317
1.96650186756e-05	0.0355722642979	0.309707437485	0.000535271790708	0.0247413812549
2.16904550778e-05	0.0355597763748	0.309661346936	0.000571442415643	0.0255639695528
2.39239580658e-05	0.0355464496388	0.309612150202	0.00061004938946	0.026413758498
2.63868045684e-05	0.0355322282943	0.309559639225	0.000651255720321	0.0272916322579
2.91024300844e-05	0.0355170529102	0.309503592191	0.000695235169541	0.0281985021645
3.20966446211e-05	0.0355008601944	0.309443772643	0.000742172939514	0.0291353073842
3.53978696938e-05	0.035483582755	0.309379928545	0.000792266402662	0.0301030155878
3.90373983446e-05	0.0354651488483	0.309311791283	0.000845725873379	0.0311026236153
4.3049680302e-05	0.0354454821137	0.309239074618	0.000902775425046	0.0321351581354
4.74726345791e-05	0.0354245012946	0.309161473568	0.000963653754172	0.0332016762951
5.23479919953e-05	0.0354021199448	0.309078663227	0.00102861509374	0.0343032663564
5.77216703004e-05	0.0353782461203	0.308990297521	0.00109793017784	0.0354410483171
6.36441847885e-05	0.0353527820561	0.308896007887	0.00117188725963	0.0366161745102
7.01710975062e-05	0.0353256238276	0.308795401886	0.00125079318459	0.0378298301779
7.73635083831e-05	0.0352966609969	0.308688061734	0.00133497452106	0.0390832340159
8.52885918473e-05	0.0352657762432	0.308573542754	0.0014247787498	0.0403776386798
9.40201827258e-05	0.0352328449782	0.308451371754	0.00152057551427	0.0417143312499
0.000103639415474	0.035197734946	0.308321045308	0.00162275793315	0.0430946336457
0.000114235421018	0.0351603058087	0.308182027968	0.00173174397622	0.044519902983
0.000125906085744	0.0351204087167	0.308033750371	0.00184797790472	0.0459915318641
0.000138758877384	0.0350778858668	0.307875607266	0.00197193177662	0.0475109485937
0.000152911742783	0.0350325700472	0.30770695545	0.00210410701709	0.049079617308
0.00016849408273	0.0349842841713	0.307527111611	0.00224503605369	0.0506990380067
0.000185647809207	0.034932840803	0.307335350077	0.00239528401542	0.0523707464758
0.000204528490525	0.0348780416739	0.307130900485	0.00255545049391	0.0540963140876
0.000225306589951	0.0348196771967	0.306912945345	0.00272617136419	0.0558773474624
0.000248168803394	0.0347575259767	0.306680617536	0.00290812066161	0.057715487978
0.0002733195017	0.0346913543251	0.306432997714	0.00310201251027	0.0596124111072
0.000300982282945	0.0346209157797	0.306169111634	0.00330860309709	0.0615698255671
0.000331401639833	0.0345459506363	0.305887927426	0.00352869268412	0.0635894722586
0.000364844746894	0.0344661854977	0.305588352789	0.00376312765015	0.0656731229746
0.00040160337161	0.0343813328465	0.305269232152	0.00401280255062	0.0678225788554
0.000441995912759	0.0342910906504	0.304929343793	0.00427866218291	0.0700396685636
0.000486369568309	0.0341951420068	0.304567396946	0.00456170364152	0.0723262461553
0.000535102633811	0.0340931548385	0.304182028904	0.0048629783452	0.0746841886169
0.000588606930691	0.0339847816512	0.303771802153	0.00518359401498	0.0771153930402
0.000647330361788	0.0338696593638	0.303335201549	0.00552471657901	0.0796217734021
0.00071175958911	0.0337474092278	0.302870631587	0.00588757197629	0.0822052569191
0.000782422825899	0.0336176368487	0.302376413781	0.00627344782781	0.0848677799397
0.000859892731663	0.0334799323285	0.301850784205	0.00668369493931	0.0876112833418
0.000944789394894	0.0333338705459	0.301291891238	0.00711972859515	0.0904377073974
0.00103778338351	0.0331790115952	0.300697793563	0.00758302959837	0.0933489860681
0.00113959883781	0.0330149014054	0.300066458486	0.00807514500655	0.0963470406951
0.00125101657458	0.0328410725621	0.299395760624	0.00859768850806	0.0994337730445
0.00137287716436	0.0326570453574	0.298683481051	0.00915234037737	0.102611057674
0.00150608393596	0.0324623290925	0.297927306969	0.0097408469431	0.105880733583
0.00165160585423	0.0322564236607	0.297124831987	0.0103650194961	0.109244595118
0.00181048020765	0.0320388214363	0.29627355712	0.0110267325599	0.112704382094
0.00198381503237	0.0318090094992	0.295370892578	0.0117279214404	0.116261769116
0.00217279118903	0.0315664722195	0.294414160481	0.012470578967	0.119918354073
0.00237866399721	0.0313106942303	0.293400598591	0.0132567513326	0.123675645792
0.00260276432125	0.0310411638111	0.292327365194	0.014088532938	0.127535050844
0.00284649898983	0.030757376705	0.291191545239	0.0149680601422	0.131497859504
0.00311135047725	0.0304588403273	0.289990475706	0.0158975038228	0.135565230879
0.00339892302893	0.0301450307387	0.288815804258	0.0168790633235	0.139738172768
0.00371080634911	0.0298155357142	0.287574387897	0.0179146399378	0.144016188476
0.0040486974311	0.0294699184825	0.286263231601	0.0190064250704	0.148399858262
0.00441435605992	0.0291077749489	0.284879309295	0.0201565976383	0.152889552367
0.00480959805399	0.0287287402676	0.283419577901	0.0213673089357	0.157485412021
0.00523628674776	0.0283324958291	0.281880993285	0.0226406658082	0.162187330002
0.00569632255838	0.0279187766155	0.280260528189	0.0239787121122	0.166994930916
0.0061916304936	0.0274873788586	0.278555192197	0.0253834084636	0.171907551356
0.00672414547934	0.0270381679196	0.276762053757	0.0268566103145	0.176924220167
0.00729579541482	0.0265710862889	0.274878264255	0.0284000444344	0.182043639046
0.00790848190198	0.0260861615858	0.272901084082	0.0300152839195	0.187264163751
0.00856405864387	0.0255835144156	0.27082791062	0.0317037218991	0.192583786205
0.00926430756512	0.0250633659264	0.268656307988	0.0334665441702	0.198000117828
0.0100109127756	0.0245260448839	0.266384038339	0.0353047010426	0.20351037445
0.0108054349465	0.0239719925814	0.26401369323	0.0372188787437	0.20911136315
0.0116493383004	0.0234017328842	0.261575180815	0.0392094413593	0.214799374928
0.0125437843844	0.0228159874623	0.259032122937	0.0412761975361	0.220569599111
0.0134897686584	0.022215563695	0.256383341441	0.0434188541614	0.226417515609
0.0144880349863	0.0216013979197	0.253628013968	0.045636742172	0.232338165028
0.0155390437279	0.0209745554113	0.250765706677	0.0479287929381	0.238326151063
0.0166429409518	0.020336228463	0.247796405479	0.0502935175034	0.244375647119
0.0177995295798	0.0196877324163	0.244720545098	0.0527289893557	0.250480407417
0.0190082433246	0.0190304995317	0.241539035295	0.0552328314062	0.256633782837
0.0202681371625	0.018366064434	0.238267579938	0.0578022078213	0.26282874162
0.0215779760553	0.0176960029078	0.23493577785	0.0604336783077	0.269057531475
0.0229358381906	0.0170221015038	0.231504878478	0.0631230374486	0.275311343481
0.0243394949934	0.0163461475959	0.2279776946	0.0658660582136	0.281582110857
0.0257862873607	0.0156699836364	0.224357570732	0.0686580791022	0.287861511718
0.0272731334148	0.0149954889895	0.220648380031	0.0714940274901	0.294141013953
0.0287965439661	0.0143245604692	0.216854514569	0.0743684498621	0.300411923916
0.0303526760445	0.0136590799856	0.213005337246	0.0772755487268	0.306665438332
0.0319374973839	0.0130008419992	0.209123692322	0.0802089143474	0.312892002041
0.0335462484032	0.0123517542995	0.205173257357	0.0831616304609	0.319081515266
0.0351740960275	0.011713571732	0.201160029761	0.0861271344701	0.325225128795
0.0368159855554	0.0110879663908	0.19709038109	0.0890987229962	0.331314109993
0.0384666969157	0.0104765093753	0.192971011431	0.0920696132673	0.33733990095
0.0401209411269	0.00988064199809	0.188833614965	0.0950330063369	0.343294175048
0.0417736142978	0.00930159781755	0.184710695322	0.0979817911506	0.349168139532
0.043419060349	0.00874065495412	0.180558306676	0.100908557193	0.354952504333
0.0450519829541	0.00819883501379	0.176383689061	0.103806843304	0.360639928956
0.0466672284899	0.00767700192707	0.172194148968	0.106670419619	0.366223504857
0.0482598442373	0.00717585806767	0.16799700161	0.109493341975	0.371696794207
0.0498252690127	0.00669590287694	0.163850838834	0.112270002729	0.377053863041
0.0513592324943	0.00623748040334	0.159742658904	0.114994350705	0.382287685678
0.0528573857957	0.00580089141787	0.155645770452	0.117661050474	0.387392358567
0.0543160207746	0.00538620591893	0.151566794027	0.120265769882	0.392363633587
0.0557318359925	0.00499335306134	0.147512128815	0.122804644956	0.39719784996
0.0571019561199	0.00462213091834	0.143487912879	0.125274294772	0.40189193811
0.0584243354766	0.00427211663917	0.139594543412	0.127671834699	0.406443417664
0.0596966881216	0.00394295686605	0.135755571548	0.129993309054	0.410847375363
0.0609172829544	0.0036341607988	0.131959089802	0.132236610488	0.415102045847
0.0620849558509	0.00334512060218	0.128209781004	0.134400396247	0.419206779288
0.0631989608493	0.00307516010806	0.124511976739	0.136483781648	0.423161470258
0.0642589493744	0.0028235474018	0.120869645939	0.138486318171	0.426966532191
0.065265510439	0.00258937839056	0.117476734325	0.140407972796	0.43062286854
0.0662189647463	0.00237185938936	0.114218766043	0.142246119453	0.434126089082
0.0671193043411	0.00217030453249	0.111013316833	0.144000374902	0.437475775117
0.0679674352846	0.00198387142585	0.107862880397	0.145672077641	0.440674595897
0.0687645237065	0.00181171579056	0.104769654492	0.147262845183	0.443725590535
0.069511960516	0.00165299908066	0.101735545568	0.148774539286	0.446632126763
0.0702113264035	0.00150689516373	0.0987621759703	0.150209231513	0.449397859535
0.0708643577849	0.00137259606052	0.0958508933458	0.151569169636	0.452026690042
0.0714729142381	0.00124931676259	0.0930027819121	0.152856745374	0.454522725631
0.0720389478668	0.00113629916681	0.0902186752317	0.154074463832	0.456890241076
0.0725644749273	0.00103281517961	0.0874991701662	0.155224914907	0.459133641565
0.073051549947	0.000938169055395	0.0848446416936	0.156310746904	0.4612574277
0.0735022424784	0.000851699040091	0.0822552583001	0.157334642448	0.463266162755
0.073918616545	0.000772778395015	0.0797309976815	0.1582992968	0.465164442365
0.0743027127693	0.000700815877166	0.0772716625208	0.159207398552	0.466956866761
0.0746565331133	0.000635255751007	0.0748768961353	0.160061612681	0.468648015609
0.0749820281152	0.000575577403815	0.0725461978176	0.16086456587	0.470242425472
0.0752810864704	0.000521294632463	0.070278937725	0.161618833998	0.471744569873
0.0755555267794	0.000471954664284	0.0680743711964	0.16232693166	0.473158841872
0.0758070912686	0.000427136968906	0.0659316524045	0.162991303567	0.47448953909
0.0760374412833	0.000386451911909	0.0638498472728	0.163614317677	0.475740851039
0.0762481543461	0.000349539295024	0.0618279456099	0.164198259885	0.47691684863
0.0764407225835	0.000316066821672	0.0598648724308	0.164745330115	0.478021475708
0.0766165523256	0.000285728520908	0.0579594984525	0.165257639659	0.479058542452
0.0767768574141	0.000258261393303	0.0558848899678	0.1657372096	0.480031720475
0.0769211092388	0.000233706366531	0.0526252460231	0.166187796831	0.480948275063
0.0770526942945	0.000211448618015	0.0495497643198	0.166621631348	0.481832870771
0.0771726738841	0.00019127948347	0.0466494434789	0.167039247338	0.482686466082
0.0772818311571	0.000173040772704	0.0437276168669	0.167441167204	0.483509991073
0.0773812154376	0.000156533600805	0.0409456178773	0.167829625782	0.484307898858
0.0774717528618	0.000141583714005	0.0383375215451	0.168205404849	0.48508168158
0.0775542044687	0.000128047219105	0.0358929035262	0.168568863689	0.485831963261
0.0776292693266	0.000115792991585	0.0336018991488	0.168920357906	0.486559358559
0.0776975835496	0.000104702531742	0.0314396463071	0.169260238578	0.487264472423
0.0777595414318	9.46984391258e-05	0.0292340960601	0.169589015544	0.487948242276
0.0778159199474	8.56436294274e-05	0.0271817554829	0.169909083116	0.488615546908
0.0778672105457	7.74491691547e-05	0.0252722094301	0.170220644422	0.48926672407
0.0779138627834	7.00342566399e-05	0.0234957161636	0.170523900977	0.489902107449
0.0779562877115	6.33255137681e-05	0.0218431691692	0.170819052295	0.490522026576
0.0779948083807	5.72645848971e-05	0.0202494600564	0.171106295476	0.491126806737
0.0780298281144	5.17815751869e-05	0.0187699738553	0.171386643195	0.491718498421
0.0780616621646	4.6821473965e-05	0.0173980000146	0.171660267754	0.492297390156
0.0780905954543	4.23348314651e-05	0.0161244990987	0.171927317106	0.492863719967
0.0781168822176	3.82776972031e-05	0.0149371761316	0.17218795893	0.493417768974
0.0781407676173	3.46081983057e-05	0.0138369238465	0.172442455331	0.493960021593
0.0781624680377	3.12895011664e-05	0.012817411285	0.172690941824	0.494490695501
0.078182180727	2.82882369119e-05	0.0118727594639	0.172933551948	0.495010005786
0.0782000897791	2.55735266087e-05	0.0110031217859	0.173170417183	0.495518164914
0.078216354316	2.31187069037e-05	0.0101973463585	0.173401543458	0.49601511702
0.0782311230335	2.08990643181e-05	0.00945042143781	0.173627055375	0.496501061994
0.0782445318811	1.88921470753e-05	0.00875807235212	0.173847083906	0.496976215687
0.0782567050427	1.70775743369e-05	0.00811795399673	0.174061757545	0.49744079097
0.0782677589865	1.54363952079e-05	0.00752931319022	0.174271159841	0.497894905566
0.0782777912392	1.39527136513e-05	0.00698327250164	0.174475278541	0.498338470474
0.0782868952217	1.2611452531e-05	0.00647676105391	0.17467424343	0.498771706418
0.0782951559336	1.13989716595e-05	0.00600692752259	0.174868181474	0.499194830659
0.0783026506973	1.03029319507e-05	0.00557112471576	0.175057216841	0.499608057
0.0783094509205	9.31201505184e-06	0.00516869319426	0.175241470924	0.500011595781
0.0783156194839	8.41628224427e-06	0.00479548644189	0.175420997053	0.500405510419
0.0783212143006	7.6066359912e-06	0.0044491946869	0.175595906822	0.500789994013
0.0783262882518	6.87481501495e-06	0.00412788146859	0.175766317076	0.501165253655
0.0783308894025	6.21334876804e-06	0.00382974897477	0.175932341888	0.50153149281
0.0783350614326	5.61548210083e-06	0.00355312821599	0.17609409261	0.501888911326
0.0783388434152	5.07519487817e-06	0.00329488086165	0.176251677913	0.502237705461
0.0783422715055	4.58695020522e-06	0.00305472843064	0.176405280356	0.502578237684
0.0783453792003	4.14564997893e-06	0.00283206671962	0.176555034706	0.502910767512
0.0783481961072	3.74680087511e-06	0.00262496590945	0.176701036384	0.503235469405
0.0783507473824	3.38658445516e-06	0.00242964078398	0.176843414747	0.503552595379
0.078353059877	3.06098421227e-06	0.00224884151426	0.176982461857	0.503862762993
0.0783551557969	2.76667592222e-06	0.00208148898726	0.177118254964	0.504166113948
0.0783570549976	2.50069632878e-06	0.0019247076165	0.177250869593	0.504462787553
0.0783587733934	2.26066033771e-06	0.00177521972828	0.177380507761	0.504753208119
0.0783603308412	2.04365778624e-06	0.00163733771409	0.177507578537	0.505038267705
0.0783617423424	1.84747950303e-06	0.00151016113633	0.177632132352	0.505318057525
0.0783630214907	1.6701304385e-06	0.00139274999593	0.177754218685	0.505592667533
0.0783641764305	1.51038522517e-06	0.00127516786443	0.177873895619	0.505862207951
0.0783652233862	1.3659164474e-06	0.00116751034096	0.177992109682	0.506128794782
0.0783661724262	1.23526366805e-06	0.00106894004472	0.178108878547	0.506392456369
0.0783670326833	1.11710599637e-06	0.000978690200763	0.178224219692	0.506653220872
0.0783678074812	1.01092688982e-06	0.00086149031433	0.178338150398	0.50691111627
0.0783684820838	9.18680915617e-07	0.000718181364146	0.178455273677	0.507176570593
0.0783690965223	8.3485575845e-07	0.000598716599379	0.178582928378	0.507466278729
0.0783696562802	7.58682782688e-07	0.000499128449293	0.17872205878	0.50778248926
0.0783701663409	6.89463494535e-07	0.000416109527204	0.178873693322	0.508127665371
0.0783706312334	6.26563144469e-07	0.000346902786742	0.179038952016	0.508504506501
0.0783710550737	5.69404912636e-07	0.00028920995181	0.179219054476	0.508915972389
0.0783714425381	5.17339412222e-07	0.000244830799867	0.179415328649	0.509365309832
0.0783718078917	4.68441272932e-07	0.000220448177292	0.179625934003	0.509848533403
0.0783721460035	4.23381466835e-07	0.000204315431972	0.179837722234	0.510335599702
0.0783724529008	3.82654666737e-07	0.000189363550929	0.180044269947	0.51081170806
0.0783727308011	3.45928036061e-07	0.000174060154257	0.180245705394	0.511277076538
0.078372981947	3.12870790139e-07	0.000159180190075	0.180443828414	0.511735801836
0.0783732100162	2.82970342812e-07	0.000145624618845	0.180639776044	0.512190478285
0.0783734184823	2.55747937149e-07	0.000134969110294	0.180833501114	0.512640966602
0.0783736076355	2.3114371525e-07	0.000125093002222	0.181022426585	0.513081225025
0.0783737791182	2.08922763435e-07	0.000115399941215	0.181206670869	0.513511463114
0.0783739339998	1.88927325814e-07	0.000105836685062	0.181387201415	0.513933882625
0.0783740745723	1.7084533809e-07	9.70658142283e-05	0.181565212275	0.51435123619
0.0783742020481	1.54506911463e-07	8.85788448307e-05	0.181740738461	0.514763573593
0.0783743171444	1.39807365583e-07	8.03838737076e-05	0.181914692246	0.515173012368
0.0783744228434	1.26355881097e-07	7.45027942899e-05	0.182088144797	0.515582061898
0.0783745187124	1.14198286485e-07	6.90523706941e-05	0.182257294717	0.515981727092
0.0783746056574	1.03210203986e-07	6.40005660885e-05	0.182422247057	0.516372201476
0.0783746843796	9.32946229668e-08	5.89826283445e-05	0.182583105616	0.516753678541
0.078374755558	8.43584836597e-08	5.4167441778e-05	0.182740888099	0.517128527719
0.0783748201269	7.62781770486e-08	4.97452952643e-05	0.182896245959	0.517498263824
0.0783748781589	6.90387375665e-08	4.41905054003e-05	0.183049216325	0.517862947035
0.0783749315802	6.23954805303e-08	4.09581589361e-05	0.183205065072	0.518235135988
0.0783749800161	5.63913435894e-08	3.79621802258e-05	0.183357042262	0.518598706378
0.0783750239284	5.09648482907e-08	3.51855371374e-05	0.183505243764	0.518953842324
0.0783750637367	4.60604144805e-08	3.26121400615e-05	0.183649762061	0.519300722278
0.0783750998216	4.16278552071e-08	3.02269082367e-05	0.183790687432	0.519639521738
0.0783751324947	3.76259674788e-08	2.78360986012e-05	0.183928108939	0.519970415506
0.0783751619462	3.40287996579e-08	2.54603480623e-05	0.184062993078	0.52029569814
0.0783751886562	3.07755069859e-08	2.32873451525e-05	0.18419636796	0.520617827831
0.0783752129014	2.78305204659e-08	2.14208690626e-05	0.184328250423	0.520936829982
0.0783752350122	2.51520924514e-08	1.98545443858e-05	0.184457908951	0.521250916196
0.0783752550489	2.27313953032e-08	1.8402725587e-05	0.184584339758	0.521557626955
0.0783752732048	2.05436200176e-08	1.70572753855e-05	0.184707622982	0.521857124449
0.0783752896554	1.85663714697e-08	1.58101867961e-05	0.184827835078	0.522149563675
0.0783753045599	1.67793965034e-08	1.46542558804e-05	0.184945052235	0.522435100669
0.0783753179956	1.51724007966e-08	1.3436178309e-05	0.185059348888	0.522713888801
0.0783753301608	1.37207986503e-08	1.23045398294e-05	0.185172071261	0.522989191049
0.0783753411879	1.24080670629e-08	1.12682038066e-05	0.185283386614	0.523261402626
0.0783753512274	1.12156695926e-08	1.04250248631e-05	0.185393312471	0.523530554069
0.0783753603375	1.01361102868e-08	9.66307336918e-06	0.185500715276	0.523793852635
0.0783753685892	9.16044818483e-09	8.95685299053e-06	0.185605438195	0.524050891093
0.078375376063	8.2786797122e-09	8.30233848625e-06	0.185707547353	0.524301809079
0.0783753828318	7.48177751242e-09	7.69564344666e-06	0.185807106544	0.524546741754
0.0783753889618	6.76157420702e-09	7.13331775369e-06	0.185904179318	0.524785824864
0.078375394513	6.11068339516e-09	6.6121760203e-06	0.185998827068	0.525019189991
0.0783753995398	5.52244173725e-09	6.12910116253e-06	0.186091108746	0.525246963782
0.0783754040895	4.99105328741e-09	5.66602175226e-06	0.186181083387	0.525469274119
0.0783754081884	4.51320705659e-09	5.19460698186e-06	0.186269049089	0.525686841465
0.0783754119017	4.08110730046e-09	4.76241125615e-06	0.186355813194	0.525901650971
0.0783754152667	3.69024656194e-09	4.37501481374e-06	0.186441392085	0.526113734733
0.0783754183307	3.33498280329e-09	4.0555626802e-06	0.186525628618	0.526322694435
0.0783754211046	3.01391689268e-09	3.75943259973e-06	0.186607754765	0.526526612838
0.0783754236158	2.72375719332e-09	3.48493554658e-06	0.186687823308	0.526725606687
0.0783754258891	2.4615258515e-09	3.23055288971e-06	0.186765885409	0.526919789508
0.0783754279469	2.22453841274e-09	2.9947362836e-06	0.186841989403	0.527109268552
0.0783754298096	2.01036368999e-09	2.77620773206e-06	0.186916184331	0.527294153543
0.0783754314956	1.81680392037e-09	2.57367633069e-06	0.186988515959	0.52747454674
0.0783754330215	1.64187850494e-09	2.3859181862e-06	0.187059029426	0.527650549489
0.0783754344027	1.48379368963e-09	2.21185587621e-06	0.187127770367	0.527822264997
0.0783754356526	1.34092836346e-09	2.0504905378e-06	0.187194783274	0.527989794225
0.0783754367838	1.21181744505e-09	1.90089614112e-06	0.187260111526	0.528153235927
0.0783754378071	1.09518324797e-09	1.75790801196e-06	0.187323797417	0.528312686689
0.0783754387312	9.89993754971e-10	1.62154681475e-06	0.187386036748	0.528468628377
0.0783754395676	8.94906784006e-10	1.49576230233e-06	0.187447030549	0.528621557559
0.0783754403247	8.08952151377e-10	1.37973419098e-06	0.187506803716	0.528771530263
0.0783754410099	7.3125283538e-10	1.27270580677e-06	0.187565380645	0.52891860156
0.0783754416301	6.61016031374e-10	1.17397915368e-06	0.187622785246	0.529062825574
0.0783754421915	5.97504582743e-10	1.08506402657e-06	0.187679040955	0.529204255501
0.0783754427008	5.39965309413e-10	1.00608787929e-06	0.187734059525	0.529342663755
0.0783754431616	4.87966621955e-10	9.32859414466e-07	0.187787683978	0.529477649232
0.0783754435784	4.40975053091e-10	8.64960385891e-07	0.187839949599	0.529609294416
0.0783754439556	3.98508493953e-10	8.0200297692e-07	0.187890890783	0.529737679907
0.0783754442968	3.60131250339e-10	7.43627587057e-07	0.187940541056	0.529862884465
0.0783754446052	3.25474597738e-10	6.86452126956e-07	0.187988933098	0.529984985042
0.0783754448823	2.94373207386e-10	6.26633252402e-07	0.188036311715	0.530104594581
0.0783754451331	2.6624370767e-10	5.72026990457e-07	0.188083253904	0.530223166779
0.0783754453603	2.40788842698e-10	5.23864749494e-07	0.188129763682	0.53034071005
0.0783754455675	2.1759803658e-10	4.85810395243e-07	0.188175694328	0.530456851588
0.078375445755	1.96640581821e-10	4.50527896626e-07	0.188220453448	0.530570089992
0.0783754459245	1.77700860217e-10	4.1782997895e-07	0.188264070131	0.530680494366
0.0783754460779	1.60585237763e-10	3.87504981779e-07	0.18830657109	0.53078812805
0.0783754462166	1.45117977112e-10	3.59390663114e-07	0.188347984839	0.530893059191
0.0783754463421	1.3113942011e-10	3.33357124648e-07	0.188388338031	0.53099535145
0.0783754464556	1.18507280187e-10	3.092092602e-07	0.188427652651	0.531095056869
0.0783754465582	1.07091879028e-10	2.86810499447e-07	0.188465955407	0.531192239671
0.078375446651	9.67760270583e-11	2.66034161884e-07	0.18850327232	0.531286962541
0.078375446735	8.74538208305e-11	2.4676274077e-07	0.188539628745	0.531379286665
0.0783754468109	7.90295369467e-11	2.28890424758e-07	0.188575049384	0.531469271763
0.0783754468796	7.14157848323e-11	2.12362373651e-07	0.188609557817	0.531556974875
0.0783754469417	6.45355111882e-11	1.97027725173e-07	0.188643169186	0.531642431755
0.0783754469978	5.83180597974e-11	1.82800317633e-07	0.188675906794	0.531725699044
0.0783754470486	5.26995802812e-11	1.69600209349e-07	0.18870779334	0.531806831999
0.0783754470945	4.76223725977e-11	1.5735322969e-07	0.188738850933	0.531885884528
0.0783754471361	4.30342946679e-11	1.45990562524e-07	0.188769101111	0.531962909218
0.0783754471734	3.89077228628e-11	1.34074300711e-07	0.188798564849	0.532037957363
0.0783754472072	3.51801204894e-11	1.23004751316e-07	0.188827571082	0.53211186519
0.0783754472378	3.18080897912e-11	1.13168990061e-07	0.188856158791	0.532184730911
0.0783754472656	2.874267605e-11	1.05058234204e-07	0.188884253041	0.532256362385
0.0783754472908	2.59726710521e-11	9.75287391498e-08	0.18891160003	0.532326110969
0.0783754473135	2.34696081672e-11	9.05388517026e-08	0.188938219623	0.53239402555
0.0783754473341	2.12077637401e-11	8.40499032397e-08	0.188964131155	0.532460153778
0.0783754473526	1.91638928056e-11	7.80259958863e-08	0.188989353451	0.532524542094
0.0783754473694	1.73169902633e-11	7.24338040075e-08	0.189013904835	0.532587235761
0.0783754473846	1.56480750619e-11	6.72423899194e-08	0.189037803143	0.532648278891
0.0783754473984	1.41399951763e-11	6.24230328011e-08	0.189061065738	0.532707714474
0.0783754474108	1.27772513731e-11	5.79490698634e-08	0.189083709523	0.532765584403
0.078375447422	1.15454292392e-11	5.38332112356e-08	0.18910575095	0.532821929504
0.0783754474322	1.04323207583e-11	5.00117357629e-08	0.189127190353	0.53287674945
0.0783754474414	9.426525022e-12	4.64615245708e-08	0.189148043226	0.532930082737
0.0783754474496	8.517696612e-12	4.31633233451e-08	0.189168325608	0.532981969315
0.0783754474571	7.6964874044e-12	4.00992443302e-08	0.189188053101	0.533032448082
0.0783754474639	6.95445043697e-12	3.72526693487e-08	0.189207240879	0.53308155691
0.0783754474701	6.28395304208e-12	3.4608159704e-08	0.189225903702	0.533129332667
0.0783754474756	5.6780983526e-12	3.21513724742e-08	0.189244055925	0.533175811248
0.0783754474806	5.13065437364e-12	2.98689827468e-08	0.189261711514	0.533221027594
0.0783754474851	4.63592530629e-12	2.77642999793e-08	0.189278884051	0.533265015724
0.0783754474892	4.18873848638e-12	2.58188013998e-08	0.189295577078	0.533307783978
0.0783754474929	3.78468674085e-12	2.40096227273e-08	0.189311796517	0.533349346817
0.0783754474963	3.41960944836e-12	2.23272125869e-08	0.189327555799	0.533389737985
0.0783754474993	3.08974728673e-12	2.07626887831e-08	0.189342867974	0.533428990295
0.078375447502	2.79170352894e-12	1.93077914209e-08	0.189357745723	0.533467135652
0.0783754475045	2.52240907167e-12	1.79548393106e-08	0.189372201367	0.53350420508
0.0783754475067	2.27909083672e-12	1.66966894258e-08	0.189386246879	0.533540228744
0.0783754475087	2.05924321964e-12	1.5526699202e-08	0.18939989389	0.533575235972
0.0783754475106	1.8606002403e-12	1.44395978373e-08	0.189413153705	0.533609255281
0.0783754475122	1.68100849174e-12	1.34446241723e-08	0.189426036483	0.533642312286
0.0783754475137	1.51875122172e-12	1.25182080153e-08	0.189438537214	0.533674393693
0.0783754475151	1.37215532285e-12	1.16556256893e-08	0.189450667225	0.533705528153
0.0783754475163	1.23970916906e-12	1.08524789638e-08	0.189462437507	0.533735743481
0.0783754475174	1.12004703081e-12	1.01046726347e-08	0.189473858725	0.533765066683
0.0783754475184	1.01193499422e-12	9.40839364804e-09	0.189484941229	0.533793523982
0.0783754475193	9.14258239253e-13	8.76009166208e-09	0.189495695062	0.533821140832
0.0783754475201	8.26009545493e-13	8.15646094835e-09	0.189506129969	0.53384794195
0.0783754475208	7.46278907334e-13	7.5944235393e-09	0.189516255406	0.53387395133
0.0783754475215	6.74237493962e-13	7.07512511506e-09	0.189526080549	0.533899192266
0.0783754475221	6.09107920019e-13	6.59746968629e-09	0.189535608803	0.533923673244
0.0783754475226	5.50269591572e-13	6.152060929e-09	0.189544839903	0.533947393329
0.0783754475231	4.97114813056e-13	5.73672193468e-09	0.189553783114	0.533970376086
0.0783754475235	4.4909458699e-13	5.34942274638e-09	0.189562447412	0.533992644358
0.0783754475239	4.05712944454e-13	4.98827043949e-09	0.189570841495	0.534014220284
0.0783754475243	3.66521823138e-13	4.65149987195e-09	0.189578973788	0.53403512532
0.0783754475246	3.31116440104e-13	4.33746505886e-09	0.189586852454	0.534055380264
0.0783754475249	2.99131111458e-13	4.04463112917e-09	0.189594485403	0.534075005272
0.0783754475252	2.70235475789e-13	3.77156682532e-09	0.189601880295	0.534094019877
0.0783754475254	2.44149648792e-13	3.50161157636e-09	0.189609044556	0.534112443013
0.0783754475256	2.20667110878e-13	3.23690853385e-09	0.189616016281	0.534130372513
0.0783754475258	1.99443126336e-13	2.99221540227e-09	0.189622832764	0.534147904175
0.078375447526	1.80232188287e-13	2.78368180752e-09	0.189629497461	0.534165046796
0.0783754475262	1.62800882977e-13	2.60205618741e-09	0.189635971396	0.534181700017
0.0783754475263	1.47055440967e-13	2.43228079399e-09	0.189642227401	0.534197793841
0.0783754475265	1.32832817029e-13	2.27358247611e-09	0.189648272812	0.534213347015
0.0783754475266	1.1998573424e-13	2.12523852374e-09	0.189654114718	0.534228377665
0.0783754475267	1.08381159049e-13	1.98657337736e-09	0.189659759968	0.534242903309
0.0783754475268	9.78989238175e-14	1.85695555192e-09	0.189665215181	0.53425694088
0.0783754475269	8.84304825638e-14	1.73579476156e-09	0.189670486753	0.534270506747
0.0783754475269	7.98777870355e-14	1.62253923184e-09	0.189675580867	0.534283616732
0.078375447527	7.21522714744e-14	1.51667318731e-09	0.189680503495	0.534296286127
0.0783754475271	6.51739355607e-14	1.41771450297e-09	0.189685260409	0.534308529713
0.0783754475271	5.88705160444e-14	1.32521250894e-09	0.189689857188	0.534320361777
0.0783754475272	5.31767384855e-14	1.23874593833e-09	0.189694299221	0.53433179613
0.0783754475272	4.80336413574e-14	1.15792100901e-09	0.189698591717	0.534342846118
0.0783754475273	4.33836596492e-14	1.08454094866e-09	0.189702739711	0.534353524643
0.0783754475273	3.91831167969e-14	1.01601151411e-09	0.189706739644	0.534363822491
0.0783754475274	3.53892806014e-14	9.51812228956e-10	0.189710595971	0.534373751079
0.0783754475274	3.19627731549e-14	8.91669490572e-10	0.189714313848	0.534383323629
0.0783754475274	2.88680291207e-14	8.35326983554e-10	0.189717898243	0.534392552895
0.0783754475274	2.60729266073e-14	7.82544587479e-10	0.18972135395	0.534401451171
0.0783754475275	2.35484537784e-14	7.33097353694e-10	0.189724685588	0.534410030314
0.0783754475275	2.12684077419e-14	6.86774546742e-10	0.189727897611	0.534418301759
0.0783754475275	1.92091225901e-14	6.43378746352e-10	0.189730994314	0.534426276528
0.0783754475275	1.73492237711e-14	6.02725006157e-10	0.189733979836	0.534433965253
0.0783754475275	1.56694062409e-14	5.64640065569e-10	0.189736858169	0.534441378182
0.0783754475276	1.41522340942e-14	5.2896161144e-10	0.189739633161	0.5344485252
0.0783754475276	1.27819595949e-14	4.95537586379e-10	0.189742308523	0.534455415837
0.0783754475276	1.15443597271e-14	4.6422554076e-10	0.18974488783	0.534462059281
0.0783754475276	1.04258849125e-14	4.35561829957e-10	0.189747374532	0.534468464392
0.0783754475276	9.41544405098e-15	4.08823963068e-10	0.189749768105	0.534474629802
0.0783754475276	8.50293115713e-15	3.83727442141e-10	0.189752071077	0.534480562002
0.0783754475276	7.67885549919e-15	3.60171511882e-10	0.189754286877	0.534486269807
0.0783754475276	6.93464613558e-15	3.38061601814e-10	0.189756418805	0.5344917617
0.0783754475276	6.26256277486e-15	3.17308946633e-10	0.189758470035	0.534497045843
0.0783754475276	5.65561527454e-15	2.97830229874e-10	0.189760443622	0.534502130088
0.0783754475276	5.10749094125e-15	2.79547249446e-10	0.189762342504	0.534507021995
0.0783754475276	4.61248887663e-15	2.62386603692e-10	0.189764169509	0.534511728834
0.0783754475276	4.16546068569e-15	2.46279396723e-10	0.189765927359	0.534516257603
0.0783754475277	3.76175693151e-15	2.31160961844e-10	0.189767618669	0.534520615035
0.0783754475277	3.39717877898e-15	2.16970601943e-10	0.189769245959	0.534524807609
0.0783754475277	3.06793432498e-15	2.03651345827e-10	0.189770811653	0.534528841559
0.0783754475277	2.77059916079e-15	1.9114971951e-10	0.189772318081	0.534532722883
0.0783754475277	2.50208075017e-15	1.79415557023e-10	0.189773767487	0.534536457354
0.0783754475277	2.25958622616e-15	1.68401785955e-10	0.189775162029	0.534540050524
0.0783754475277	2.04059351194e-15	1.58064113294e-10	0.189776503784	0.534543507737
0.0783754475277	1.84282489453e-15	1.48361035943e-10	0.189777794748	0.534546834134
0.0783754475277	1.66422340774e-15	1.39253598492e-10	0.189779036846	0.534550034664
0.0783754475277	1.50293143846e-15	1.30705236829e-10	0.189780231926	0.534553114086
0.0783754475277	1.35727140622e-15	1.22681631352e-10	0.189781381768	0.534556076983
0.0783754475277	1.22572831529e-15	1.15150569189e-10	0.189782488085	0.534558927762
0.0783754475277	1.10693399768e-15	1.08081814881e-10	0.189783552524	0.534561670664
0.0783754475277	9.99652883184e-16	1.01446988995e-10	0.189784576671	0.534564309769
0.0783754475277	9.0276914862e-16	9.52194541946e-11	0.189785562049	0.534566849005
0.0783754475277	8.15275112415e-16	8.93742082999e-11	0.189786510128	0.53456929215
0.0783754475277	7.36260753973e-16	8.38877839149e-11	0.189787422319	0.534571642839
0.0783754475277	6.64904248756e-16	7.87381542136e-11	0.18978829998	0.534573904569
0.0783754475277	6.00463420677e-16	7.39046445107e-11	0.189789144419	0.534576080706
0.0783754475277	5.42268022873e-16	6.93678492599e-11	0.189789956893	0.534578174489
0.0783754475277	4.897127666e-16	6.51095541472e-11	0.189790738611	0.534580189034
0.0783754475277	4.42251025736e-16	6.11126629669e-11	0.189791490739	0.534582127338
0.0783754475277	3.99389151216e-16	5.73611305522e-11	0.189792214396	0.534583992286
0.0783754475277	3.60681331442e-16	5.38399088376e-11	0.189792910659	0.534585786654
0.0783754475277	3.25724973533e-16	5.05348434746e-11	0.189793580567	0.534587513111
0.0783754475277	2.94156496203e-16	4.74326653779e-11	0.189794225115	0.534589174228
0.0783754475277	2.65647555362e-16	4.45209199999e-11	0.189794845265	0.534590772476
0.0783754475277	2.39901629052e-16	4.17879173305e-11	0.18979544194	0.534592310236
0.0783754475277	2.16650933345e-16	3.92226849651e-11	0.189796016028	0.534593789794
0.0783754475277	1.95653637149e-16	3.68149240539e-11	0.189796568384	0.534595213355
0.0783754475277	1.76691346945e-16	3.45549679554e-11	0.189797099832	0.534596583037
0.0783754475277	1.59566835291e-16	3.24337434277e-11	0.189797611162	0.534597900878
0.0783754475277	1.4410198947e-16	3.04427342022e-11	0.189798103136	0.534599168841
0.0783754475277	1.30135958952e-16	2.85739467931e-11	0.189798576487	0.534600388814
0.0783754475277	1.17523482398e-16	2.68198784062e-11	0.189799031919	0.534601562611
0.0783754475277	1.06133376796e-16	2.51734868172e-11	0.189799470112	0.534602691981
0.0783754475277	9.58471730374e-17	2.36281620989e-11	0.189799891716	0.534603778605
0.0783754475277	8.65578837218e-17	2.21777000845e-11	0.189800297362	0.534604824101
0.0783754475277	7.81688903815e-17	2.08162774594e-11	0.189800687652	0.534605830025
0.0783754475277	7.05929385557e-17	1.95384283822e-11	0.189801063168	0.534606797875
0.0783754475277	6.37512302574e-17	1.83390225405e-11	0.189801424469	0.534607729092
0.0783754475277	5.75726039893e-17	1.72132469972e-11	0.189801772093	0.534608625062
0.0783754475277	5.19927958323e-17	1.61565794445e-11	0.189802106558	0.534609487118
0.0783754475277	4.69537698448e-17	1.51647773431e-11	0.189802428362	0.534610316546
0.0783754475277	4.24031147118e-17	1.4233858817e-11	0.189802737984	0.534611114578
0.0783754475277	3.82934986912e-17	1.33600864237e-11	0.189803035886	0.534611882405
0.0783754475277	3.45821773152e-17	1.25399521495e-11	0.189803322511	0.534612621168
0.0783754475277	3.12305488041e-17	1.17701633254e-11	0.189803598286	0.534613331967
0.0783754475277	2.82037525676e-17	1.10476294084e-11	0.189803863621	0.534614015862
0.0783754475277	2.54703066184e-17	1.0369449573e-11	0.189804118913	0.534614673871
0.0783754475277	2.30017801271e-17	9.73290106575e-12	0.18980436454	0.534615306973
0.0783754475277	2.07724977116e-17	9.13542827392e-12	0.189804600869	0.53461591611
0.0783754475277	1.87592723859e-17	8.57463246511e-12	0.189804828252	0.534616502191
0.0783754475277	1.69411643916e-17	8.04826215712e-12	0.189805047028	0.534617066087
0.0783754475277	1.52992634019e-17	7.55420407872e-12	0.189805257522	0.534617608639
0.0783754475277	1.3816491834e-17	7.09047468538e-12	0.189805460048	0.534618130654
0.0783754475277	1.24774272244e-17	6.65521219583e-12	0.189805654907	0.534618632909
0.0783754475277	1.12681418188e-17	6.24666911737e-12	0.18980584239	0.534619116153
0.0783754475277	1.01760577082e-17	5.86320523015e-12	0.189806022776	0.534619581104
0.0783754475277	9.18981598426e-18	5.5032813177e-12	0.189806196334	0.534620028456
0.0783754475277	8.2991586475e-18	5.16545210164e-12	0.189806363321	0.534620458875
0.0783754475277	7.49482188788e-18	4.84836115193e-12	0.189806523987	0.534620873001
0.0783754475277	6.76843970619e-18	4.55073541318e-12	0.189806678572	0.534621271451
0.0783754475277	6.1124569168e-18	4.27137997867e-12	0.189806827304	0.534621654819
0.0783754475277	5.5200505656e-18	4.00917329307e-12	0.189806970406	0.534622023675
0.0783754475277	4.98505896375e-18	3.76306264961e-12	0.189807108092	0.534622378568
0.0783754475277	4.50191759946e-18	3.53205996376e-12	0.189807240565	0.534622720028
0.0783754475277	4.06560126093e-18	3.31523780627e-12	0.189807368023	0.534623048562
0.0783754475277	3.67157176867e-18	3.11172567971e-12	0.189807490657	0.53462336466
0.0783754475277	3.31573077344e-18	2.92070652368e-12	0.189807608648	0.534623668793
0.0783754475277	2.99437712891e-18	2.74141343445e-12	0.189807722173	0.534623961414
0.0783754475277	2.70416839566e-18	2.57312658601e-12	0.1898078314	0.534624242957
0.0783754475277	2.44208607614e-18	2.41517034017e-12	0.189807936493	0.534624513844
0.0783754475277	2.20540421891e-18	2.26691053396e-12	0.189808037607	0.534624774476
0.0783754475277	1.9916610658e-18	2.12775193362e-12	0.189808134893	0.534625025242
0.0783754475277	1.79863344682e-18	1.99713584491e-12	0.189808228497	0.534625266516
0.0783754475277	1.62431365678e-18	1.87453786999e-12	0.189808318558	0.534625498657
0.0783754475277	1.46688857209e-18	1.75946584085e-12	0.189808405209	0.534625722011
0.0783754475277	1.3247207929e-18	1.65145774904e-12	0.18980848858	0.534625936909
0.0783754475277	1.19633161583e-18	1.55007993347e-12	0.189808568795	0.534626143673
0.0783754475277	1.08038564804e-18	1.45492538257e-12	0.189808645974	0.53462634261
0.0783754475277	9.75676920112e-19	1.36561206989e-12	0.189808720231	0.534626534017
0.0783754475277	8.81116342571e-19	1.28178142036e-12	0.189808791677	0.534626718178
0.0783754475277	7.9572037816e-19	1.20309687069e-12	0.189808860419	0.534626895368
0.0783754475277	7.18600811945e-19	1.12924251811e-12	0.189808926558	0.53462706585
0.0783754475277	6.48955512884e-19	1.05992185213e-12	0.189808990193	0.534627229879
0.0783754475277	5.86060090759e-19	9.94856564072e-13	0.18980905142	0.534627387699
0.0783754475277	5.29260361712e-19	9.33785429744e-13	0.189809110329	0.534627539545
0.0783754475277	4.77965543987e-19	8.76463260672e-13	0.189809167008	0.534627685642
0.0783754475277	4.31642113144e-19	8.22659919719e-13	0.189809221541	0.53462782621
0.0783754475277	3.89808252798e-19	7.72159397134e-13	0.18980927401	0.534627961456
0.0783754475277	3.52028843187e-19	7.24758943313e-13	0.189809324493	0.534628091582
0.0783754475277	3.17910935436e-19	6.80268254809e-13	0.189809373065	0.534628216783
0.0783754475277	2.87099664444e-19	6.38508710297e-13	0.189809419798	0.534628337244
0.0783754475277	2.59274557888e-19	5.99312653446e-13	0.189809464762	0.534628453146
0.0783754475277	2.34146202914e-19	5.62522724098e-13	0.189809508024	0.53462856466
0.0783754475277	2.11453235834e-19	5.27991219088e-13	0.189809549649	0.534628671952
0.0783754475277	1.90959624133e-19	4.95579494518e-13	0.189809589697	0.534628775184
0.0783754475277	1.72452210867e-19	4.65157423766e-13	0.18980962823	0.534628874507
0.0783754475277	1.55738497816e-19	4.3660286827e-13	0.189809665304	0.534628970071
0.0783754475277	1.40644643282e-19	4.09801187164e-13	0.189809700974	0.534629062017
0.0783754475277	1.27013653943e-19	3.84644777022e-13	0.189809735294	0.534629150482
0.0783754475277	1.14703751941e-19	3.61032639851e-13	0.189809768315	0.534629235599
0.0783754475277	1.03586900232e-19	3.38869977603e-13	0.189809800086	0.534629317494
0.0783754475277	9.35474708548e-20	3.18067811582e-13	0.189809830655	0.534629396288
0.0783754475277	8.44810422687e-20	2.98542625212e-13	0.189809860066	0.5346294721
0.0783754475277	7.62933132518e-20	2.80216028734e-13	0.189809888364	0.534629545042
0.0783754475277	6.88991220603e-20	2.63014444491e-13	0.18980991559	0.534629615223
0.0783754475277	6.22215606491e-20	2.46868811523e-13	0.189809941786	0.534629682747
0.0783754475277	5.61911747413e-20	2.31714308305e-13	0.18980996699	0.534629747716
0.0783754475277	5.07452414241e-20	2.17490092499e-13	0.189809991241	0.534629810224
0.0783754475277	4.58271167594e-20	2.04139056687e-13	0.189810014573	0.534629870367
0.0783754475277	4.13856466218e-20	1.91607599096e-13	0.189810037022	0.534629928233
0.0783754475277	3.73746346367e-20	1.79845408775e-13	0.189810058621	0.534629983908
0.0783754475277	3.37523616733e-20	1.68805263648e-13	0.189810079402	0.534630037476
0.0783754475277	3.04811519642e-20	1.58442838328e-13	0.189810099397	0.534630089016
0.0783754475277	2.75269811819e-20	1.48716529732e-13	0.189810118635	0.534630138605
0.0783754475277	2.48591225664e-20	1.39587288656e-13	0.189810137145	0.534630186316
0.0783754475277	2.24498273318e-20	1.31018463006e-13	0.189810154954	0.534630232222
0.0783754475277	2.02740360474e-20	1.22975650642e-13	0.189810172089	0.53463027639
0.0783754475277	1.83091179905e-20	1.15426561266e-13	0.189810188575	0.534630318886
0.0783754475277	1.65346357614e-20	1.08340886776e-13	0.189810204437	0.534630359773
0.0783754475277	1.49321327113e-20	1.01690179591e-13	0.189810219699	0.534630399113
0.0783754475277	1.34849409715e-20	9.54477384362e-14	0.189810234383	0.534630436963
0.0783754475277	1.21780080888e-20	8.95885011438e-14	0.189810248511	0.534630473381
0.0783754475277	1.09977404629e-20	8.4088944034e-14	0.189810262104	0.53463050842
0.0783754475277	9.93186195702e-21	7.89269874711e-14	0.189810275183	0.534630542132
0.0783754475277	8.96928621256e-21	7.4081907219e-14	0.189810287766	0.534630574569
0.0783754475277	8.10000133781e-21	6.95342512369e-14	0.189810299874	0.534630605777
0.0783754475277	7.31496577308e-21	6.52657615836e-14	0.189810311523	0.534630635804
0.0783754475277	6.60601424801e-21	6.12593011155e-14	0.189810322731	0.534630664695
0.0783754475277	5.96577285349e-21	5.74987846971e-14	0.189810333514	0.534630692491
0.0783754475277	5.38758234322e-21	5.39691148211e-14	0.18981034389	0.534630719236
0.0783754475277	4.86542887413e-21	5.06561202898e-14	0.189810353872	0.534630744968
0.0783754475277	4.393881451e-21	4.75465000852e-14	0.189810363477	0.534630769726
0.0783754475277	3.96803543953e-21	4.46277696968e-14	0.189810372719	0.534630793547
0.0783754475277	3.58346155251e-21	4.18882109993e-14	0.18981038161	0.534630816466
0.0783754475277	3.23615978014e-21	3.93168252057e-14	0.189810390165	0.534630838518
0.0783754475277	2.9225177854e-21	3.69032887102e-14	0.189810398396	0.534630859735
0.0783754475277	2.63927333154e-21	3.46379116406e-14	0.189810406315	0.534630880148
0.0783754475277	2.3834803511e-21	3.25115989554e-14	0.189810413935	0.534630899789
0.0783754475277	2.15247830347e-21	3.05158139292e-14	0.189810421266	0.534630918686
0.0783754475277	1.94386450217e-21	2.86425438791e-14	0.18981042832	0.534630936868
0.0783754475277	1.75546912415e-21	2.68842679958e-14	0.189810435106	0.534630954362
0.0783754475277	1.5853326412e-21	2.52339271486e-14	0.189810441636	0.534630971194
0.0783754475277	1.43168543855e-21	2.36848955449e-14	0.189810447918	0.534630987388
0.0783754475277	1.29292940887e-21	2.22309541284e-14	0.189810453963	0.534631002969
0.0783754475277	1.16762133012e-21	2.08662656113e-14	0.189810459779	0.534631017961
0.0783754475277	1.0544578544e-21	1.95853510384e-14	0.189810465375	0.534631032385
0.0783754475277	9.52261951614e-22	1.83830677905e-14	0.189810470759	0.534631046263
0.0783754475277	8.59970666916e-22	1.72545889723e-14	0.189810475939	0.534631059615
0.0783754475277	7.76624065041e-22	1.61953839294e-14	0.189810480923	0.534631072463
0.0783754475277	7.0135524563e-22	1.52012001573e-14	0.189810485718	0.534631084823
0.0783754475277	6.33381326512e-22	1.42680462046e-14	0.189810490332	0.534631096716
0.0783754475277	5.71995300856e-22	1.33921756425e-14	0.189810494771	0.534631108159
0.0783754475277	5.16558683484e-22	1.25700720236e-14	0.189810499042	0.534631119169
0.0783754475277	4.664948699e-22	1.17984347642e-14	0.189810503152	0.534631129761
0.0783754475277	4.21283138933e-22	1.1074165893e-14	0.189810507106	0.534631139953
0.0783754475277	3.80453236648e-22	1.03943576135e-14	0.18981051091	0.534631149759
0.0783754475277	3.43580485156e-22	9.75628062961e-15	0.18981051457	0.534631159194
0.0783754475277	3.10281365484e-22	9.15737318824e-15	0.189810518092	0.534631168272
0.0783754475277	2.80209528533e-22	8.59523079419e-15	0.18981052148	0.534631177006
0.0783754475277	2.5305219265e-22	8.06759655668e-15	0.18981052474	0.534631185409
0.0783754475277	2.28526890343e-22	7.57235212838e-15	0.189810527877	0.534631193494
0.0783754475277	2.06378530291e-22	7.10750920062e-15	0.189810530895	0.534631201273
0.0783754475277	1.86376744103e-22	6.67120152077e-15	0.189810533798	0.534631208758
0.0783754475277	1.68313490221e-22	6.26167739958e-15	0.189810536592	0.53463121596
