0.0	0.0172540805857	0.214736954331	1.0	0.0	0.0
8.99488011398e-13	0.0172540786822	0.21473694464	1.00000000821	8.99488020414e-09	0.0001
1.12263654937e-12	0.017254078476	0.21473694359	1.00000000909	1.04269649604e-08	0.000107666666292
1.40114465546e-12	0.017254078237	0.214736942374	1.00000001012	1.20870536562e-08	0.000115921110274
1.74874614825e-12	0.01725407796	0.214736940963	1.00000001132	1.40114466953e-08	0.000124808394881
2.18258198534e-12	0.0172540776389	0.214736939328	1.0000000127	1.62422245235e-08	0.000134377037871
2.72404551948e-12	0.0172540772666	0.214736937433	1.00000001431	1.8828166893e-08	0.000144679276692
3.3998374488e-12	0.0172540768351	0.214736935236	1.00000001617	2.18258200079e-08	0.000155771353654
4.24328248311e-12	0.0172540763348	0.21473693269	1.00000001832	2.53007326461e-08	0.000167713822972
5.29597265349e-12	0.017254075755	0.214736929737	1.00000002082	2.93288897893e-08	0.000180571881338
6.60981829991e-12	0.0172540750828	0.214736926315	1.00000002372	3.39983741814e-08	0.000194415723843
8.24960787513e-12	0.0172540743035	0.214736922348	1.00000002708	3.94112920087e-08	0.000209320927189
1.02962027934e-11	0.0172540734003	0.214736917749	1.00000003097	4.56860063336e-08	0.000225368862266
1.28505248679e-11	0.0172540723532	0.214736912419	1.00000003549	5.29597243545e-08	0.000242647138377
1.60385329646e-11	0.0172540711394	0.214736906239	1.00000004072	6.13914983352e-08	0.000261250081503
2.00174342799e-11	0.0172540697323	0.214736899076	1.00000004678	7.11657037059e-08	0.000281279249245
2.49834365304e-11	0.0172540681012	0.214736890772	1.00000005381	8.2496069942e-08	0.000302843985235
3.11814233282e-11	0.0172540662105	0.214736881146	1.00000006196	9.56303549268e-08	0.000326062016055
3.89170298479e-11	0.0172540640187	0.214736869987	1.00000007141	1.10855761827e-07	0.000351060093911
4.85717142561e-11	0.0172540614779	0.214736857052	1.00000008236	1.28505219938e-07	0.000377974688582
6.0621568092e-11	0.0172540585326	0.214736842058	1.00000009506	1.48964664173e-07	0.000406952732405
7.56607931654e-11	0.0172540551185	0.214736824676	1.00000010978	1.72681474277e-07	0.000438152422378
9.4431002638e-11	0.0172540511607	0.214736804527	1.00000012684	2.00174257179e-07	0.000471744083743
1.17857791155e-10	0.0172540465728	0.21473678117	1.00000014661	2.32044187533e-07	0.000507911099774
1.47096377319e-10	0.0172540412545	0.214736754094	1.00000016954	2.68988152784e-07	0.00054685091283
1.83588569165e-10	0.0172540350895	0.214736722707	1.00000019611	3.11813991321e-07	0.000588776102146
2.29133861606e-10	0.0172540279429	0.214736686324	1.00000022692	3.61458157204e-07	0.000633915544234
2.85978171662e-10	0.0172540196585	0.214736644147	1.00000026263	4.19006196255e-07	0.000682515662228
3.56924586963e-10	0.0172540100551	0.214736595256	1.00000030402	4.85716482703e-07	0.000734841770976
4.45471588435e-10	0.0172539989228	0.214736538581	1.00000035201	5.63047734493e-07	0.000791179525234
5.55985562746e-10	0.0172539860182	0.214736472882	1.00000040763	6.52690908974e-07	0.000851836478827
6.93916110766e-10	0.0172539710589	0.214736396724	1.00000047212	7.56606176244e-07	0.000917143763301
8.66064768346e-10	0.017253953718	0.21473630844	1.00000054687	8.7706577881e-07	0.000987457895202
1.08092038918e-09	0.0172539336163	0.214736206101	1.00000063351	1.01670371426e-06	0.00106316272182
1.34907772602e-09	0.0172539103143	0.214736087469	1.00000073396	1.17857332623e-06	0.00114467151602
1.68375984844e-09	0.0172538833023	0.214735949949	1.00000085039	1.36621406396e-06	0.00123242923148
2.10147015412e-09	0.0172538519898	0.214735790534	1.00000098537	1.58372886884e-06	0.00132691493077
2.6228061195e-09	0.0172538156921	0.214735605739	1.00000114183	1.83587387879e-06	0.00142864439926
3.27347490818e-09	0.0172537736156	0.214735391524	1.0000013232	2.12816241181e-06	0.00153817295926
4.08556090575e-09	0.0172537248402	0.214735143203	1.00000153345	2.46698549999e-06	0.00165609849948
5.09910766638e-09	0.0172536682995	0.214734855348	1.00000177717	2.85975160867e-06	0.00178306473648
6.36409225258e-09	0.0172536027572	0.214734521664	1.0000020597	3.31504859183e-06	0.00191976472551
7.9428892865e-09	0.0172535267803	0.214734134855	1.0000023872	3.84283142176e-06	0.00206694464
9.91334616212e-09	0.0172534387077	0.214733686464	1.00000276685	4.4546397944e-06	0.00222540783991
1.2372620979e-08	0.0172533366138	0.214733166687	1.00000320693	5.16385035876e-06	0.0023960192511
1.54419723322e-08	0.0172532182666	0.214732564159	1.00000371708	5.98596907945e-06	0.00257971007914
1.92727369758e-08	0.0172530810787	0.214731865707	1.00000430844	6.93897011101e-06	0.00277748288302
2.40537898763e-08	0.017252922051	0.21473105606	1.00000499395	8.04368857907e-06	0.00299041703587
3.00208541567e-08	0.0172527377071	0.214730117516	1.0000057886	9.32427583257e-06	0.00321967460199
3.74681194886e-08	0.0172525240174	0.214729029558	1.00000670974	1.08087270939e-05	0.00346650666143
4.67627410866e-08	0.0172522763108	0.2147277684	1.00000777753	1.25294930023e-05	0.00373226011571
5.83629331602e-08	0.0172519891733	0.214726306472	1.0000090153	1.45241883703e-05	0.00401838501062
7.28405474309e-08	0.0172516563293	0.214724611816	1.00001045012	1.6836413577e-05	0.00432644241472
9.09092477633e-08	0.0172512705049	0.21472264739	1.00001211333	1.95167064612e-05	0.00465811289444
1.13459666873e-07	0.0172508232693	0.214720370256	1.0000140413	2.26236453966e-05	0.00501520562997
1.41603273855e-07	0.0172503048506	0.214717730645	1.00001627616	2.62251274922e-05	0.0053996682187
1.76727108649e-07	0.0172497039232	0.214714670869	1.00001886674	3.03998496302e-05	0.00581359721614
2.2056207224e-07	0.017249007361	0.214711124064	1.00002186965	3.52390244031e-05	0.0062592494673
2.75268125297e-07	0.0172481999513	0.214707012732	1.0000253505	4.08483680447e-05	0.00673905428492
3.43540575114e-07	0.0172472640643	0.214702247052	1.00002938532	4.73504032426e-05	0.00725562653387
4.28742661038e-07	0.0172461792692	0.214696722917	1.00003406225	5.48871264109e-05	0.00781178068445
5.35070931558e-07	0.0172449218913	0.214690319677	1.0000394834	6.36230967027e-05	0.00841054590049
6.67761503248e-07	0.0172434644975	0.214682897504	1.00004576715	7.3749012906e-05	0.00905518223086
8.33347278747e-07	0.0172417753025	0.214674294356	1.00005305063	8.54858545533e-05	0.00974919797592
1.03997867204e-06	0.0172398174805	0.214664322455	1.00006149279	9.90896752676e-05	0.0104963683026
1.29782346048e-06	0.0172375483703	0.214652764214	1.00007127778	0.000114857149762	0.0113007551831
1.61956519751e-06	0.0172349185552	0.214639367512	1.00008261894	0.000133131991228	0.0121667287335
2.02102435405e-06	0.0172318708	0.214623840245	1.00009576346	0.000154312373309	0.0130989900279
2.521932226e-06	0.0172283388236	0.214605844007	1.00011099768	0.000178859510755	0.0141025954606
3.14689491528e-06	0.0172242458809	0.214584986789	1.00012865324	0.000207307575334	0.0151829827272
3.92659368438e-06	0.0172195031279	0.21456081454	1.00014911425	0.000240275149066	0.0163459984859
4.89927909177e-06	0.0172140077358	0.214532801417	1.00017282545	0.000278478445362	0.0175979277522
6.11263001058e-06	0.0172076407196	0.214500338523	1.00020030177	0.000322746560586	0.0189455250647
7.62606548478e-06	0.0172002644395	0.214462720916	1.00023213924	0.000374039053879	0.0203960474384
9.51361806205e-06	0.0171917197292	0.214419132621	1.00026902762	0.000433466191897	0.021957289098
1.18675025607e-05	0.0171818226013	0.214368629364	1.0003117649	0.000502312237204	0.023637617942
1.48025451108e-05	0.0171703604718	0.2143101187	1.00036127403	0.000582062203926	0.0254460136471
1.84616748281e-05	0.0171570878451	0.214242337155	1.00041862207	0.000674432551284	0.0273921072559
2.30227258332e-05	0.017141721391	0.214163823997	1.00048504216	0.000781406333124	0.0294862220156
2.87068518384e-05	0.0171239343451	0.214072891146	1.00056195873	0.000905273367781	0.031739415133
3.57889205504e-05	0.0171033501603	0.21396758876	1.00065101614	0.00104867603412	0.0341635199882
4.46103320423e-05	0.0170795353378	0.213845665935	1.00075411147	0.00121466133212	0.0367711881873
5.55947951682e-05	0.0170519913684	0.213704525941	1.00087343164	0.00140673986324	0.0395759306394
6.92676997619e-05	0.0170201457256	0.213541175411	1.00101149543	0.00162895237884	0.0425921565998
8.62798396826e-05	0.0169833418686	0.213352166843	1.00117120083	0.00188594450097	0.0458352093183
0.000107436371253	0.0169408282389	0.213133533843	1.00135587816	0.00218305012432	0.0493213965669
0.000133732029624	0.0168917462763	0.212880718544	1.00156934908	0.00252638383829	0.0530680138742
0.000166393765027	0.01683511754	0.212588490774	1.00181599204	0.00292294243748	0.0570933577585
0.000206932089812	0.0167698301047	0.212250858719	1.00210081372	0.00338071518051	0.061416725616
0.000257202526524	0.0166946245143	0.211860971081	1.00242952653	0.00390880186803	0.0660583981653
0.000319478588345	0.0166080797344	0.211411011183	1.00280863114	0.00451753698402	0.0710395994846
0.000396537664018	0.0165085997418	0.210892084015	1.0032455028	0.00521861701539	0.0763824286781
0.000491760961044	0.0163944016508	0.21029409805	1.0037484793	0.00602522655703	0.0821097561075
0.000609248203559	0.0162635065953	0.209605644698	1.0043269473	0.00695215683905	0.0882450759223
0.000753946980296	0.0161137349779	0.208813879713	1.00499142242	0.00801590779631	0.0948123053868
0.000931795362909	0.0159427081524	0.207904412611	1.00575361693	0.00923476166464	0.101835520298
0.00114987451144	0.0157478591155	0.206861212415	1.00662648655	0.0106288122929	0.109338614749
0.0014165652849	0.0155264553181	0.205666540715	1.0076242456	0.0122199299282	0.1173448728
0.00174169922352	0.0152756372059	0.204300926095	1.00876233713	0.0140316362971	0.125876439535
0.00213668956095	0.0149924764754	0.20274319746	1.01005734147	0.0160888596791	0.134953679832
0.00261462217444	0.0146740581564	0.200970597239	1.01152680427	0.0184175349119	0.14459441544
0.00319032014512	0.0143175660112	0.198986765209	1.01318896888	0.021044281455	0.154813035085
0.00388016392652	0.0139204812881	0.196742306684	1.0150621525	0.0239950438792	0.165618087862
0.00470196394847	0.0134806967778	0.194211444793	1.01716459499	0.0272943219957	0.177013681905
0.00567453586864	0.0129967383034	0.191368760958	1.01951357252	0.0309637292612	0.188997067749
0.00681707580492	0.012467988774	0.188189814699	1.02212452065	0.0350202988178	0.201557345773
0.00814827894982	0.0118949226171	0.184652215219	1.02500999853	0.0394745169849	0.214674196196
0.00968540499172	0.0112792475482	0.180789123553	1.02817854244	0.0443291902193	0.228316701932
0.011442305591	0.0106243080433	0.176540245041	1.03163252692	0.0495751828311	0.242438487851
0.0134282851808	0.00993502603133	0.171894488725	1.03536847866	0.0551903041829	0.256984044872
0.0156463795423	0.00921798407094	0.166868801064	1.03937529269	0.0611377082863	0.271885443326
0.0180921365376	0.00848123299742	0.161503949051	1.04363297082	0.0673665478473	0.287060901153
0.0207511195412	0.00773441033366	0.155768243149	1.04811167868	0.0738072951917	0.302414151641
0.0235995083078	0.00698798580018	0.149718702915	1.05277386837	0.0803765048456	0.317843542628
0.0266041940624	0.00625278266102	0.143406253249	1.05757310898	0.0869810094714	0.333237256729
0.0297220266972	0.00553977716219	0.136833665474	1.06245582333	0.0935156112449	0.348477550156
0.032904306758	0.00485888412669	0.130126292325	1.06736529711	0.0998760348186	0.363450502217
0.0360965533641	0.004219009788	0.123277211432	1.07224035488	0.105958513318	0.378037366299
0.0392440440276	0.0036270870381	0.116391602645	1.07702304433	0.111669604685	0.392133573927
0.0422943570266	0.00308796661699	0.109512240636	1.08165756049	0.116932506928	0.405640266678
0.0451996486103	0.00260444359502	0.102710747775	1.08609497724	0.121686671823	0.418474125875
0.0479215056093	0.00217695703297	0.0960666327941	1.09029423276	0.12589842443	0.430566725944
0.0504288996695	0.00180441879865	0.0895842066929	1.09422255081	0.129550889741	0.441863554898
0.0527065149733	0.00148344977082	0.0835945560529	1.09785923137	0.132661925412	0.45233398836
0.0547400466601	0.00121081425208	0.0778069538047	1.10118106594	0.135252832263	0.461928805096
0.0565272163699	0.000982108553012	0.0717326676213	1.10418781083	0.137354055769	0.470655893842
0.0580681657695	0.000793299619667	0.0653843578144	1.1069061038	0.138971649117	0.478596464252
0.0593920336277	0.000637617497378	0.0594696706576	1.1093712009	0.140177868911	0.485854070693
0.0605177128107	0.000510272280935	0.0539884323107	1.11159306335	0.141035738269	0.492453877957
0.0614658706899	0.000406831231258	0.0489326451232	1.11358498912	0.141605528923	0.498427361176
0.0622576662113	0.000323314927687	0.0442882663934	1.11536246124	0.141942717672	0.503810594717
0.0629137616607	0.000256236694896	0.0400368245249	1.11694217985	0.142096751971	0.508642694107
0.0634536202599	0.00020260143983	0.0361568274344	1.11834128522	0.142110490043	0.512964441989
0.063895057898	0.000159877896869	0.0326249452058	1.11957676233	0.142020160079	0.516817116759
0.0642540051184	0.000125955453309	0.0294169689678	1.12066500755	0.141855686122	0.520241530256
0.0645444317734	9.90938531916e-05	0.0265085614528	1.12162153313	0.14164124634	0.523277269837
0.0647783890154	7.78715211457e-05	0.0238758226903	1.12246078358	0.141395954728	0.525962131114
0.0649658167821	6.11637006747e-05	0.0212803238972	1.1231960395	0.141133800322	0.528331721133
0.0651108732081	4.84324219225e-05	0.0178473467596	1.12384611712	0.140848033997	0.530441223579
0.0652276357409	3.83330784797e-05	0.014953581341	1.12446126344	0.140524777752	0.532450763865
0.0653214735176	3.03310872695e-05	0.0125182223094	1.12504342715	0.140176141042	0.534365314585
0.065396868089	2.39897171296e-05	0.0104855550615	1.12559452393	0.139811858183	0.53618973668
0.0654573808514	1.89672045765e-05	0.00878428184493	1.1261155705	0.139440123935	0.537925931058
0.0655059007973	1.4991194284e-05	0.00736693014262	1.12660785122	0.139067083236	0.539576708562
0.0655447713206	1.18446587907e-05	0.00618104522319	1.12707222646	0.138697867144	0.541143507735
0.0655758651861	9.3568805799e-06	0.00518713524054	1.12750987491	0.138336060956	0.542628902117
0.0656007256213	7.3898548575e-06	0.00435488438416	1.12792212895	0.137984233603	0.544036084857
0.0656205776401	5.83564858113e-06	0.00365584228562	1.12831017	0.137644285881	0.545367843888
0.0656364127418	4.60831737118e-06	0.0030653687433	1.1286753803	0.137317317199	0.54662777019
0.0656490349558	3.63928539211e-06	0.00256714788564	1.12901948731	0.137003602139	0.547820778681
0.0656590794323	2.8750895042e-06	0.00214360112884	1.12934410044	0.136703106203	0.548951516576
0.065667078677	2.27170014809e-06	0.0017821620265	1.12965132129	0.136415040611	0.550026488087
0.0656734328461	1.79630369783e-06	0.00147655247014	1.12994337794	0.136138161313	0.551052796591
0.0656784778323	1.42179419445e-06	0.00120930829548	1.13022217972	0.135871380702	0.552036569631
0.0656824851857	1.1265431796e-06	0.000985939954021	1.13049166715	0.135611419872	0.552991268633
0.0656855288626	9.03897185241e-07	0.000696364977962	1.13075360326	0.135356703775	0.553922823313
0.0656878724015	7.33731860881e-07	0.000468378937928	1.13105105258	0.135064802039	0.554985035578
0.0656897908015	5.95647113488e-07	0.00031508022779	1.13140978186	0.134710602836	0.556272312836
0.0656913801294	4.82461525916e-07	0.000225927981313	1.13184231746	0.134281808988	0.557833593012
0.0656928097773	3.81955919363e-07	0.000186185523011	1.13233059096	0.133796888204	0.559608220839
0.0656939588719	3.02257591439e-07	0.00015368464837	1.13279977028	0.133330392482	0.561325730695
0.0656948796281	2.39222138784e-07	0.00012662256476	1.1332496737	0.132882630799	0.562984106572
0.0656956172428	1.8935389302e-07	0.000104259501192	1.13368194329	0.132452070356	0.564588134567
0.0656962082672	1.49876646377e-07	8.58438636225e-05	1.13409757549	0.132037802552	0.566140370084
0.0656966817478	1.18617714264e-07	7.08031149755e-05	1.13449720527	0.13163926191	0.567642125293
0.0656970617566	9.38106512742e-08	5.86342516211e-05	1.13488074742	0.131256590864	0.569092064155
0.0656973655966	7.41892850338e-08	4.85556200902e-05	1.13524710496	0.13089092752	0.570485010575
0.0656976081706	5.86857889707e-08	4.01220573803e-05	1.13559704248	0.130541542458	0.571822861675
0.0656978019616	4.64225665833e-08	3.31474096188e-05	1.13593209667	0.13020692829	0.57311058432
0.0656979567342	3.67214361892e-08	2.73763864447e-05	1.13625295827	0.129886417076	0.574350019182
0.0656980802507	2.9050021325e-08	2.25957562528e-05	1.13656032094	0.129579333262	0.575543095591
0.0656981788358	2.29807004522e-08	1.86495972527e-05	1.13685496151	0.129284914656	0.57669214233
0.0656982574926	1.81790201825e-08	1.53923232222e-05	1.13713740369	0.12900264912	0.577798570588
0.0656983202272	1.43803170688e-08	1.27037325119e-05	1.13740814984	0.128732043501	0.578863762952
0.0656983702754	1.13733683171e-08	1.05242898474e-05	1.13766768187	0.128472623319	0.579889072603
0.0656984103691	8.9824949177e-09	8.78814389872e-06	1.13791548732	0.128224907263	0.580871949146
0.0656984422644	7.09404498474e-09	7.33826139709e-06	1.13814990161	0.127990563934	0.581805233632
0.0656984676275	5.60248284218e-09	6.12747123439e-06	1.13837164521	0.127768876646	0.582691240382
0.0656984877884	4.4244297258e-09	5.11636918511e-06	1.13858140015	0.127559166377	0.58353219501
0.0656985038085	3.49401480629e-09	4.27204032197e-06	1.13877981205	0.127360789909	0.584330235776
0.0656985165337	2.7592009621e-09	3.56699132196e-06	1.13896749202	0.127173138035	0.585087415166
0.0656985266384	2.17888110219e-09	2.97825823473e-06	1.13914501848	0.12699563385	0.58580570167
0.0656985346598	1.72058357232e-09	2.48666092131e-06	1.13931293888	0.126827731097	0.586486981717
0.0656985410255	1.35865898063e-09	2.07618008655e-06	1.13947177137	0.126668912601	0.587133061746
0.0656985460753	1.07288401813e-09	1.73204188842e-06	1.13962200628	0.126518688765	0.587745670382
0.065698550076	8.47466123045e-10	1.44235779786e-06	1.13976422675	0.126376477062	0.5883269479
0.0656985532495	6.69400199403e-10	1.20111033767e-06	1.13989914033	0.126241570433	0.588879577889
0.0656985557662	5.2874168234e-10	1.00020338012e-06	1.14002712144	0.12611359482	0.589404909884
0.0656985577617	4.17633921099e-10	8.328934901e-07	1.14014852544	0.125992195176	0.589904235989
0.0656985593436	3.29869954926e-10	6.93564036214e-07	1.14026368954	0.125877034524	0.59037879271
0.0656985605974	2.60546230202e-10	5.77536999168e-07	1.14037293375	0.125767793045	0.590829762788
0.0656985615909	2.05788978068e-10	4.80916191359e-07	1.14047656173	0.125664167227	0.591258277028
0.065698562378	1.62538012895e-10	4.00456648836e-07	1.14057486164	0.125565869037	0.591665416132
0.0656985630015	1.28375906642e-10	3.33455829687e-07	1.14066810688	0.125472625146	0.592052212502
0.0656985634954	1.01393019483e-10	2.77662980546e-07	1.14075655692	0.125384176184	0.592419652028
0.0656985638865	8.00808633495e-11	2.31203639441e-07	1.14084045791	0.125300276037	0.592768675845
0.0656985641973	6.31863059854e-11	1.93971800517e-07	1.14092004344	0.125220691176	0.593100182068
0.0656985644431	4.9852682569e-11	1.62772906125e-07	1.14099489653	0.125145838623	0.593412362498
0.0656985646375	3.93351239951e-11	1.36367136941e-07	1.14106527757	0.125075458006	0.593706234531
0.0656985647909	3.10527706696e-11	1.13914062126e-07	1.14113156664	0.125009169264	0.593983324978
0.0656985649122	2.45141634903e-11	9.51574046848e-08	1.14119421557	0.124946520599	0.594245471147
0.0656985650081	1.93522229078e-11	7.94887374977e-08	1.141253424	0.124887312377	0.594493464
0.065698565084	1.52771327906e-11	6.6399757239e-08	1.14130938065	0.124831355888	0.594728054227
0.065698565144	1.20591854529e-11	5.55626667197e-08	1.14136226392	0.124778472747	0.59494995413
0.0656985651917	9.51026866962e-12	4.67609462377e-08	1.14141215167	0.1247285851	0.595159458102
0.0656985652293	7.50006235999e-12	3.93533331221e-08	1.14145890207	0.124681834779	0.595355939724
0.065698565259	5.91472296698e-12	3.31190520299e-08	1.14150271225	0.124638024666	0.595540198701
0.0656985652824	4.66436229411e-12	2.78861674291e-08	1.14154376696	0.124596970007	0.595712986812
0.065698565301	3.6773116969e-12	2.35197805263e-08	1.1415822194	0.124558517607	0.595874926517
0.0656985653156	2.89912152056e-12	1.98370062509e-08	1.14161816379	0.124522573248	0.59602639466
0.0656985653272	2.28560063129e-12	1.67308316024e-08	1.1416517636	0.124488973461	0.596168062354
0.0656985653363	1.80187105048e-12	1.41174971681e-08	1.14168317167	0.124457565415	0.596300558458
0.0656985653435	1.42001318385e-12	1.19401016215e-08	1.14171251676	0.124428220339	0.596424412586
0.0656985653491	1.11907523939e-12	1.00985053505e-08	1.14173986092	0.124400876191	0.596539874433
0.0656985653536	8.81910589368e-13	8.54092726937e-09	1.14176534051	0.124375396608	0.596647508993
0.0656985653572	6.95002070416e-13	7.22434049428e-09	1.14178908262	0.124351654512	0.596747843705
0.06569856536	5.4746328102e-13	6.13045566749e-09	1.14181120318	0.124329533949	0.596841360434
0.0656985653622	4.31243428556e-13	5.20219155929e-09	1.14183173745	0.124308999688	0.596928200865
0.0656985653639	3.3969463002e-13	4.41447465208e-09	1.14185079913	0.124289938017	0.597008839444
0.0656985653653	2.67580008241e-13	3.74602681832e-09	1.14186849377	0.124272243372	0.597083717204
0.0656985653663	2.10753867988e-13	3.18152388975e-09	1.1418849194	0.12425581775	0.597153244072
0.0656985653672	1.65988726711e-13	2.70254362959e-09	1.14190015241	0.124240584735	0.597217739348
0.0656985653679	1.30731621864e-13	2.29567057038e-09	1.1419142764	0.124226460746	0.597277553308
0.0656985653684	1.02963143252e-13	1.95005022057e-09	1.14192737209	0.124213365064	0.597333024686
0.0656985653688	8.10927613369e-14	1.65646188451e-09	1.14193951431	0.124201222841	0.597384467854
0.0656985653691	6.38677477218e-14	1.40707278076e-09	1.14195077248	0.124189964676	0.597432174554
0.0656985653694	5.03014362308e-14	1.19522915772e-09	1.14196121094	0.124179526216	0.597476415505
0.0656985653696	3.9586681669e-14	1.02270628239e-09	1.14197088936	0.12416984779	0.597517441909
0.0656985653697	3.11389497523e-14	8.76870067032e-10	1.14197979117	0.124160945989	0.597555181912
0.0656985653699	2.44939124375e-14	7.5182911937e-10	1.14198795798	0.12415277918	0.597589810633
0.06569856537	1.92668960456e-14	6.44618330066e-10	1.14199545047	0.124145286687	0.597621584162
0.06569856537	1.51553088161e-14	5.52695338801e-10	1.14200232431	0.124138412841	0.597650737574
0.0656985653701	1.19211270182e-14	4.7388026816e-10	1.14200863059	0.124132106569	0.597677486645
0.0656985653702	9.37370580481e-15	4.0769674029e-10	1.14201441615	0.124126321011	0.597702029423
0.0656985653702	7.36904299725e-15	3.51070427041e-10	1.14201970392	0.124121033231	0.597724462599
0.0656985653702	5.79309225864e-15	3.02308944334e-10	1.14202453138	0.124116205772	0.597744944562
0.0656985653702	4.55417189125e-15	2.60319984175e-10	1.14202893859	0.124111798565	0.597763644877
0.0656985653703	3.580206232e-15	2.24162935658e-10	1.14203296213	0.124107775028	0.597780718399
0.0656985653703	2.81453304762e-15	1.93027819402e-10	1.14203663539	0.124104101764	0.597796306543
0.0656985653703	2.21260732313e-15	1.6621727611e-10	1.14203998888	0.12410074828	0.597810538449
0.0656985653703	1.739410264e-15	1.43130583212e-10	1.14204305041	0.124097686744	0.597823532033
0.0656985653703	1.36741226128e-15	1.23250466174e-10	1.14204584542	0.12409489174	0.597835394975
0.0656985653703	1.07497085716e-15	1.06131563748e-10	1.14204839709	0.124092340068	0.597846225607
0.0656985653703	8.4507199512e-16	9.13903689506e-11	1.14205072661	0.124090010543	0.59785611372
0.0656985653703	6.64340218888e-16	7.86966388145e-11	1.14205285333	0.124087883826	0.5978651413
0.0656985653703	5.22260539175e-16	6.77659970511e-11	1.14205479489	0.124085942262	0.597873383208
0.0656985653703	4.10566704766e-16	5.83535639929e-11	1.14205656742	0.124084169732	0.597880907796
0.0656985653703	3.2276026669e-16	5.02485039349e-11	1.14205818564	0.12408255152	0.597887777476
0.0656985653703	2.53732600787e-16	4.32691963417e-11	1.14205966296	0.124081074193	0.597894049225
0.0656985653703	1.99467598881e-16	3.72592792413e-11	1.14206101167	0.124079725485	0.597899775074
0.0656985653703	1.56808045652e-16	3.20841105315e-11	1.14206224296	0.124078494198	0.597905002525
0.0656985653703	1.23271938975e-16	2.76277487475e-11	1.14206336705	0.124077370111	0.597909774953
0.0656985653703	9.69080876546e-17	2.37903557638e-11	1.14206439327	0.124076343889	0.597914131955
0.0656985653703	7.61825909346e-17	2.04859602175e-11	1.14206533014	0.124075407014	0.597918109688
0.0656985653703	5.98895953119e-17	1.76405330037e-11	1.14206618545	0.124074551706	0.597921741159
0.0656985653703	4.70811358505e-17	1.51903281296e-11	1.14206696629	0.124073770864	0.597925056507
0.0656985653703	3.70119889226e-17	1.30804465079e-11	1.14206767915	0.124073058004	0.597928083244
0.0656985653703	2.90963062318e-17	1.1263618903e-11	1.14206832995	0.124072407209	0.597930846493
0.0656985653703	2.28735326254e-17	9.69914149232e-12	1.14206892408	0.124071813075	0.597933369188
0.0656985653703	1.79816102455e-17	8.35196398087e-12	1.14206946649	0.124071270669	0.597935672268
0.0656985653703	1.41359133469e-17	7.19190436777e-12	1.14206996167	0.124070775487	0.59793777485
0.0656985653703	1.11126882093e-17	6.19297277375e-12	1.14207041374	0.124070323417	0.597939694388
0.0656985653703	8.73603462903e-18	5.33278969171e-12	1.14207082645	0.124069910706	0.597941446814
0.0656985653703	6.86767166071e-18	4.59208328887e-12	1.14207120323	0.124069533928	0.597943046677
0.0656985653703	5.39889238203e-18	3.95425832503e-12	1.1420715472	0.124069189954	0.597944507256
0.0656985653703	4.24423859638e-18	3.40502497661e-12	1.14207186123	0.124068875928	0.597945840678
0.0656985653703	3.33652885808e-18	2.93207821212e-12	1.14207214791	0.124068589242	0.597947058012
0.0656985653703	2.62294967346e-18	2.52482211511e-12	1.14207240964	0.124068327517	0.597948169364
0.0656985653703	2.06198266364e-18	2.17413249689e-12	1.14207264858	0.124068088579	0.597949183961
0.0656985653703	1.62098890551e-18	1.87215248081e-12	1.14207286671	0.124067870444	0.597950110225
0.0656985653703	1.27430989239e-18	1.61211659429e-12	1.14207306586	0.1240676713	0.597950955847
0.0656985653703	1.00177467714e-18	1.38819883454e-12	1.14207324766	0.124067489496	0.597951727848
0.0656985653703	7.87526234069e-19	1.19538249991e-12	1.14207341364	0.12406732352	0.597952432636
0.0656985653703	6.19098850049e-19	1.02934771211e-12	1.14207356516	0.124067171994	0.597953076063
0.0656985653703	4.86692835095e-19	8.86374607592e-13	1.14207370349	0.124067033662	0.597953663472
0.0656985653703	3.82604344614e-19	7.63259998017e-13	1.14207382978	0.124066907373	0.597954199739
0.0656985653703	3.00777144432e-19	6.57245606167e-13	1.14207394508	0.124066792079	0.597954689317
0.0656985653703	2.36450238914e-19	5.65956272783e-13	1.14207405033	0.124066686824	0.597955136271
0.0656985653703	1.85880859437e-19	4.87346750928e-13	1.14207414642	0.124066590733	0.597955544311
0.0656985653703	1.46126700738e-19	4.19655836471e-13	1.14207423415	0.124066503007	0.597955916825
0.0656985653703	1.1487472348e-19	3.61366971264e-13	1.14207431424	0.12406642292	0.597956256907
0.0656985653703	9.03065752918e-20	3.11174241819e-13	1.14207438735	0.124066349806	0.59795656738
0.0656985653703	7.09927927177e-20	2.67953121539e-13	1.1420744541	0.124066283057	0.597956850822
0.0656985653703	5.58096300341e-20	2.30735276742e-13	1.14207451504	0.12406622212	0.597957109587
0.0656985653703	4.38736757745e-20	1.98686872019e-13	1.14207457067	0.124066166488	0.597957345822
0.0656985653703	3.44904527144e-20	1.71089890536e-13	1.14207462146	0.1240661157	0.597957561489
0.0656985653703	2.71140107039e-20	1.47326043829e-13	1.14207466782	0.124066069333	0.59795775838
0.0656985653703	2.13151615127e-20	1.26862919888e-13	1.14207471015	0.124066027004	0.597957938128
0.0656985653703	1.67565068767e-20	1.09242058954e-13	1.1420747488	0.12406598836	0.597958102227
0.0656985653703	1.31728075608e-20	9.40686798234e-14	1.14207478408	0.124065953081	0.597958252038
0.0656985653703	1.03555507839e-20	8.10028351091e-14	1.14207481628	0.124065920873	0.597958388806
0.0656985653703	8.14081819034e-21	6.97517950093e-14	1.14207484569	0.124065891469	0.597958513666
0.0656985653703	6.3997484863e-21	6.0063488942e-14	1.14207487253	0.124065864626	0.597958627656
0.0656985653703	5.03103981678e-21	5.17208585183e-14	1.14207489704	0.124065840119	0.597958731721
0.0656985653703	3.95505566555e-21	4.45369933175e-14	1.14207491941	0.124065817747	0.597958826725
0.0656985653703	3.1091913051e-21	3.83509443882e-14	1.14207493983	0.124065797322	0.597958913458
0.0656985653703	2.44423122031e-21	3.30241182109e-14	1.14207495848	0.124065778675	0.597958992639
0.0656985653703	1.92148557353e-21	2.84371714623e-14	1.1420749755	0.124065761652	0.597959064927
0.0656985653703	1.51053908778e-21	2.4487337226e-14	1.14207499105	0.124065746111	0.597959130921
0.0656985653703	1.18748137415e-21	2.10861225829e-14	1.14207500523	0.124065731923	0.597959191169
0.0656985653703	9.33515737332e-22	1.81573260023e-14	1.14207501819	0.124065718971	0.597959246172
0.0656985653703	7.33865514158e-22	1.56353301768e-14	1.14207503001	0.124065707146	0.597959296385
0.0656985653703	5.76914314537e-22	1.34636316701e-14	1.14207504081	0.12406569635	0.597959342227
0.0656985653703	4.53530134941e-22	1.15935752862e-14	1.14207505066	0.124065686495	0.597959384078
0.0656985653703	3.56534025501e-22	9.98326388147e-15	1.14207505966	0.124065677497	0.597959422285
0.0656985653703	2.80282392146e-22	8.59661969374e-15	1.14207506787	0.124065669283	0.597959457165
0.0656985653703	2.2033863141e-22	7.40257604803e-15	1.14207507537	0.124065661784	0.597959489009
