0.0	0.169607961399	0.854883213019	1.0	0.0	0.0
3.5809259236e-12	0.169607921438	0.854883081413	1.00000003901	3.58092604957e-08	0.0001
4.46929610077e-12	0.169607916779	0.85488306607	1.00000004355	4.15104920969e-08	0.000107666665883
5.57805662075e-12	0.169607911379	0.854883048285	1.00000004882	4.81194229067e-08	0.000115921109385
6.96188277023e-12	0.169607905119	0.854883027668	1.00000005493	5.57805687167e-08	0.000124808393419
8.68901388749e-12	0.169607897862	0.854883003768	1.00000006202	6.46614535626e-08	0.000134377035713
1.08446183814e-11	0.16960788945	0.854882976064	1.00000007023	7.49562734541e-08	0.00014467927368
1.35349935559e-11	0.169607879698	0.854882943949	1.00000007975	8.68901423031e-08	0.000155771349587
1.68928073401e-11	0.169607868394	0.85488290672	1.00000009078	1.00724014753e-07	0.000167713817594
2.1083640404e-11	0.16960785529	0.854882863564	1.00000010357	1.16760392266e-07	0.000180571874326
2.63141512614e-11	0.1696078401	0.854882813538	1.0000001184	1.35349937368e-07	0.000194415714792
3.28422669952e-11	0.169607822491	0.854882755547	1.00000013559	1.56899142375e-07	0.000209320915588
4.09899021252e-11	0.169607802079	0.854882688323	1.00000015551	1.81879217247e-07	0.000225368847477
5.11588328044e-11	0.169607778417	0.854882610396	1.00000017861	2.10836393523e-07	0.000242647119598
6.38505091212e-11	0.169607750988	0.854882520062	1.00000020538	2.44403868363e-07	0.000261250057733
7.96907824776e-11	0.169607719192	0.854882415346	1.00000023642	2.8331565083e-07	0.000281279219231
9.9460767376e-11	0.169607682334	0.854882293958	1.00000027239	3.28422611381e-07	0.000302843947411
1.24135359438e-10	0.169607639607	0.854882153244	1.0000003141	3.8071108782e-07	0.000326061968462
1.54931309007e-10	0.169607590078	0.854881990127	1.00000036244	4.41324452615e-07	0.000351060034104
1.93367220871e-10	0.169607532664	0.85488180104	1.00000041849	5.11588114384e-07	0.000377974613504
2.413384387e-10	0.169607466108	0.854881581848	1.00000048345	5.93038499221e-07	0.000406952638241
3.01210506756e-10	0.169607388956	0.854881327759	1.00000055876	6.87456646523e-07	0.000438152304361
3.75935817435e-10	0.16960729952	0.854881033215	1.00000064606	7.96907153253e-07	0.000471743935923
4.69199196432e-10	0.169607195846	0.854880691778	1.00000074725	9.23783317671e-07	0.000507910914719
5.85599604166e-10	0.169607075665	0.85488029598	1.00000086456	1.07085947099e-06	0.000546850681263
7.30876912838e-10	0.169606936351	0.854879837167	1.00000100055	1.24135163951e-06	0.000588775812483
9.1219494095e-10	0.169606774856	0.854879305307	1.00000115818	1.43898786374e-06	0.000633915182016
1.13849470085e-09	0.16960658765	0.85487868877	1.00000134091	1.66808971327e-06	0.000682515209404
1.42093527657e-09	0.16960637064	0.854877974074	1.00000155274	1.93366677664e-06	0.000734841205013
1.77344406941e-09	0.169606119079	0.854877145592	1.00000179829	2.24152619397e-06	0.000791178818003
2.21340354069e-09	0.169605827468	0.854876185208	1.00000208293	2.59839962593e-06	0.000851835595217
2.7625083099e-09	0.16960548943	0.854875071924	1.00000241289	3.01209043355e-06	0.000917142659486
3.44783486413e-09	0.169605097574	0.854873781396	1.00000279538	3.49164428534e-06	0.000987456516479
4.30317661506e-09	0.169604643332	0.854872285406	1.00000323877	4.04754692162e-06	0.00106316099991
5.37071011829e-09	0.169604116772	0.854870551244	1.00000375275	4.69195339581e-06	0.00114466936569
6.70307459163e-09	0.169603506381	0.854868540993	1.00000434856	5.43895380146e-06	0.00123242654636
8.3659672367e-09	0.169602798814	0.8548662107	1.00000503922	6.30488129078e-06	0.00132691157808
1.04413822856e-08	0.1696019786	0.854863509414	1.00000583985	7.30866911151e-06	0.00142864021329
1.3031653411e-08	0.169601027808	0.854860378074	1.00000676794	8.47226445979e-06	0.00153816773316
1.62644987157e-08	0.169599925649	0.854856748219	1.00000784378	9.82110818486e-06	0.00165609197511
2.02993169011e-08	0.16959864803	0.854852540489	1.0000090909	1.13846908162e-05	0.00178305659162
2.53350448334e-08	0.169597167019	0.854847662892	1.00001053657	1.31971970482e-05	0.00191975455803
3.16199636034e-08	0.169595450241	0.854842008797	1.00001221239	1.52982527398e-05	0.00206693194796
3.94639360975e-08	0.169593460168	0.854835454599	1.000014155	1.77337907218e-05	0.00222539199689
4.92536787525e-08	0.169591153302	0.854827857025	1.00001640687	2.05570542809e-05	0.00239599947526
6.14718194407e-08	0.169588479221	0.85481905	1.00001901722	2.38297601862e-05	0.00257968539469
7.67206796282e-08	0.169585379484	0.854808841024	1.00002204312	2.76234465782e-05	0.0027774520721
9.5751951174e-08	0.16958178635	0.854797006966	1.00002555072	3.20210350525e-05	0.00299037857853
1.19503727759e-07	0.169577621306	0.854783289202	1.00002961667	3.71186408955e-05	0.00321962660127
1.49146712068e-07	0.16957279335	0.854767387962	1.00003432986	4.30276707994e-05	0.00346644674983
1.86141870092e-07	0.169567197013	0.8547489558	1.00003979328	4.98772535679e-05	0.00373218533851
2.32312365218e-07	0.169560710055	0.854727590018	1.00004612634	5.78170564949e-05	0.00401829168031
2.89933304248e-07	0.16955319081	0.854702823888	1.0000534674	6.7020548362e-05	0.00432632592924
3.61843699154e-07	0.169544475102	0.854674116493	1.00006197686	7.76887795512e-05	0.00465796751046
4.5158613414e-07	0.169534372676	0.85464084095	1.00007184061	9.00547607818e-05	0.00501502417997
5.63580979751e-07	0.169522663067	0.854602270778	1.0000832741	0.000104388534678	0.00539944175791
7.03343679035e-07	0.169509090818	0.854557564118	1.00009652701	0.000121003048995	0.00581331458207
8.77755725384e-07	0.169493359945	0.854505745452	1.0001118887	0.000140260957137	0.00625889673017
1.09540255686e-06	0.169475127538	0.854445684461	1.00012969448	0.000162582490955	0.00673861406202
1.36699483031e-06	0.169453996353	0.854376071547	1.00015033291	0.000188454572933	0.00725507713419
1.70589356146e-06	0.169429506255	0.854295389529	1.00017425422	0.000218441360294	0.00781109504174
2.12876461111e-06	0.169401124324	0.854201880906	1.00020198005	0.00025319644254	0.00840969024237
2.6563941908e-06	0.169368233429	0.854093510017	1.00023411474	0.000293476947005	0.009054114419
3.31470473431e-06	0.16933011904	0.853967919326	1.00027135838	0.000340159844564	0.0097478654362
4.13601997663e-06	0.169285954016	0.853822378934	1.00031452187	0.000394260790212	0.0104947054441
5.160639814e-06	0.169234781063	0.853653728317	1.00036454439	0.00045695588116	0.0112986801807
6.43879999245e-06	0.169175492544	0.853458309139	1.00042251346	0.000529606768933	0.0121641395171
8.03310949161e-06	0.169106807247	0.85323188783	1.00048968825	0.000613789621902	0.0130957592843
1.00215803593e-05	0.169027243697	0.852969566473	1.00056752631	0.000711328500988	0.0140985644065
1.25013915668e-05	0.16893508954	0.852665680335	1.00065771447	0.000824333783827	0.0151779533526
1.55935611945e-05	0.168828366484	0.852313680209	1.00076220443	0.000955246351101	0.0163397238963
1.94487410852e-05	0.168704790231	0.85190599753	1.00088325362	0.00110688833204	0.0175901001475
2.42543963161e-05	0.1685617248	0.851433890024	1.00102347217	0.00128252129256	0.0189357607823
3.02436898995e-05	0.1683961306	0.85088726546	1.00118587683	0.00148591283644	0.0203838683552
3.77064625487e-05	0.168204505599	0.850254480921	1.00137395263	0.00172141267292	0.0219420995152
4.70027796931e-05	0.167982818942	0.849522114889	1.00159172336	0.00199403927731	0.0236186758782
5.85796145916e-05	0.16772643641	0.848674709383	1.00184383191	0.00230957832513	0.0254223952132
7.29913484068e-05	0.167430037207	0.847694479467	1.00213563156	0.00267469410316	0.0273626624851
9.0924895745e-05	0.167087521716	0.84656098769	1.00247328938	0.00309705507503	0.0294495201586
0.000113230406441	0.166691910154	0.845250781476	1.00286390289	0.0035854746816	0.0316936769894
0.00014095864819	0.166235232412	0.843736992302	1.00331563095	0.00415006825708	0.0341065343216
0.000175406333718	0.16570840997	0.841988896741	1.00383783997	0.00480242659919	0.0367002086552
0.000218170809591	0.165101131543	0.839971441312	1.00444126583	0.00555580619577	0.0394875489443
0.000271215653677	0.164401725218	0.837644735674	1.00513819182	0.00642533531271	0.042482146732
0.000336948807696	0.16359703126	0.834963522338	1.00594264221	0.00742823401028	0.0456983368131
0.000418314860566	0.162672281633	0.831876635916	1.00687058975	0.00858404457597	0.0491511856464
0.000518902941532	0.161610994635	0.828326471276	1.00794017465	0.00991486672871	0.0528564642151
0.000643071303746	0.160394895994	0.824248488101	1.00917193038	0.011445589132	0.0568306014682
0.000796088980029	0.159003881193	0.819570789484	1.01058900965	0.0132041051198	0.0610906138933
0.000984293749955	0.15741603787	0.814213824408	1.01221740071	0.0152214959627	0.0656540062073
0.00121526392647	0.155607751477	0.808090278237	1.01408612085	0.0175321593992	0.0705386376655
0.00149800303822	0.153553898059	0.801168754412	1.01622736926	0.020173910074	0.0757625481671
0.00184318564093	0.151227831367	0.793590443684	1.01867646574	0.0231888431809	0.0813433137327
0.00226314557264	0.148602972748	0.784985641798	1.02147125688	0.0266210692228	0.0872965506841
0.00277217736459	0.145652409154	0.775244340128	1.02465337003	0.0305176508419	0.0936388671614
0.00338657048958	0.142350309673	0.764253693285	1.02826720104	0.0349276014138	0.100385716582
0.00412460670135	0.138673168644	0.751900898099	1.03235939265	0.0399008222435	0.107550930578
0.00500648238906	0.134601122399	0.738167308537	1.03697806699	0.0454870886706	0.115146194313
0.00605391675419	0.13012014034	0.722888220058	1.04217120046	0.0517334713412	0.12317956941
0.00728970960405	0.125223613956	0.705960336046	1.04798607431	0.0586819251549	0.131656372801
0.00873701148084	0.119914415552	0.687291074158	1.05446728221	0.0663665235459	0.140578106695
0.0104183131541	0.114206893356	0.666844915639	1.06165480072	0.0748097890925	0.149942049449
0.0123542853072	0.10812829543	0.644626681299	1.0695814316	0.0840197404869	0.159740393633
0.0145621004075	0.10172046932	0.620601228982	1.0782702517	0.0939843394325	0.169959810476
0.0170543085491	0.0950389465703	0.594917353782	1.0877331673	0.104670311875	0.180582480192
0.0198365734933	0.0881540530743	0.567578816604	1.0979669226	0.116016196072	0.191584078595
0.0229074015967	0.081146350569	0.538863093048	1.10895429029	0.127935562596	0.20293744169
0.0262558992915	0.0741065088834	0.508951065221	1.12065950743	0.14031053067	0.214609359338
0.0298625137872	0.0671286004633	0.478111503791	1.13303061732	0.15299903443	0.226564181381
0.0336986753142	0.0603066155212	0.446749843858	1.14599972801	0.165834889955	0.238764259232
0.0377283348589	0.0537285787844	0.415269784807	1.15948232788	0.178639226028	0.251168647026
0.0419129540312	0.047467349547	0.385104372416	1.17338039119	0.191247229409	0.263734249325
0.0462054018711	0.0415882520649	0.35601538488	1.18755097725	0.203500844846	0.276383691277
0.0505579873716	0.0361360615921	0.32862422763	1.20185805021	0.215254446557	0.289049902579
0.0549080241343	0.0311538150657	0.30155289978	1.21614420639	0.226320567981	0.301647948007
0.0591999393364	0.026659038436	0.275197723249	1.23031560579	0.236515465292	0.314150360238
0.0633942793478	0.022644008224	0.250677196706	1.24428191902	0.245748346112	0.326530719764
0.0674470809277	0.0190984380579	0.22854054677	1.25791653615	0.253950563711	0.338723472839
0.0713699999279	0.0159632233548	0.212639960682	1.27108218868	0.261353310802	0.350638079225
0.0750699085186	0.0132539533485	0.197315460612	1.28341923326	0.267902415436	0.361955484017
0.0785124156219	0.0109334748167	0.182972884192	1.29489840227	0.273555714138	0.37264316494
0.0816758434503	0.00896155873605	0.169566015067	1.30548598971	0.278336044383	0.382658055788
0.0845391312077	0.00730297239617	0.156794501737	1.31516577795	0.282252292021	0.391967184043
0.0870977831245	0.00591903081776	0.144984136713	1.32395628387	0.285352125626	0.400566807291
0.0893588538486	0.00477163797745	0.134118128413	1.33187274038	0.287730708029	0.408446538564
0.091328573302	0.00382919742536	0.123862510636	1.33894111283	0.289461161566	0.415604121987
0.0930245581192	0.00306033170094	0.114221779502	1.34521614353	0.290628793704	0.422066411565
0.0944719975461	0.00243569275052	0.105810972439	1.35075766535	0.291335232888	0.427867318686
0.0956942344679	0.0019312717285	0.0981338963134	1.35559844889	0.291690483312	0.433013977044
0.0967139287917	0.00152691423191	0.0909288645653	1.35979715142	0.291767312611	0.437543194553
0.0975570923704	0.00120422184626	0.0841848869905	1.36342431458	0.291631850716	0.441508729023
0.0982487331484	0.000947708968719	0.0778873241955	1.36654668952	0.29134201308	0.444964669898
0.0988126885222	0.000744271219865	0.0725104677001	1.36922629716	0.290949208633	0.447963978203
0.0992731533264	0.000582166149012	0.0684194748355	1.3715039882	0.290522128319	0.450539168517
0.0996427362286	0.000454750775184	0.0645385894436	1.37340462215	0.290095426713	0.452707025682
0.0999377720073	0.000354824019856	0.0608617011107	1.37498714378	0.289681819424	0.454525788569
0.100170169613	0.000277276071751	0.054777719628	1.37630238197	0.289282249593	0.456047258478
0.100348802145	0.000218415772919	0.0475116811131	1.37744795266	0.288837343964	0.45738021118
0.100491135614	0.000172054793583	0.0410503385298	1.37849068946	0.288350575822	0.458600237512
0.100604442099	0.000135545230831	0.0353475786995	1.37944315482	0.287838959516	0.459720587856
0.10069461103	0.000106783522111	0.0303601945088	1.38031591416	0.287315725418	0.460752425916
0.100766313934	8.41276331839e-05	0.026025456504	1.38111746416	0.286791147878	0.461704691341
0.1008233075	6.62783499552e-05	0.0222765488085	1.3818549326	0.286273107586	0.462584881491
0.100868590546	5.22136493336e-05	0.0190485984307	1.3825343351	0.285767506864	0.463399323263
0.100904551855	4.11304190332e-05	0.0162779511187	1.38316075608	0.285278708156	0.464153361184
0.100933092953	3.23974538168e-05	0.0139025882134	1.38373858981	0.284809802109	0.464851624061
0.100955725633	2.55188536874e-05	0.0118665662891	1.3842718133	0.284362736472	0.465498337308
0.100973661012	2.01019765671e-05	0.0101011487648	1.38476413759	0.283938525895	0.466097494231
0.10098785092	1.58412758099e-05	0.00858112055753	1.38521993585	0.283536497657	0.466653981087
0.100999089826	1.24849940437e-05	0.00726277776032	1.38564291061	0.283156022466	0.467171948777
0.101007743815	9.91359400647e-06	0.00581923750659	1.38603690798	0.282794688488	0.467655796111
0.10101464914	7.87164726841e-06	0.00466252787702	1.38642740278	0.282430210806	0.46813665839
0.101020158885	6.25019094097e-06	0.00373568485707	1.38681442019	0.282063915679	0.468614546536
0.101024622689	4.94286635654e-06	0.00309178173229	1.38719798657	0.281697107628	0.469089470941
0.101028177405	3.90671258623e-06	0.00256483015147	1.3875645608	0.281343854907	0.469544573172
0.10103099998	3.08769483433e-06	0.00212765252138	1.38791387553	0.281005099829	0.469979362674
0.101033240691	2.44032978994e-06	0.00176496394093	1.38824673777	0.280680606679	0.470394692903
0.101035019094	1.92865566094e-06	0.00146407942248	1.38856391767	0.28037005874	0.470791386159
0.101036430276	1.52424073895e-06	0.00121447235457	1.38886615006	0.280073081019	0.471170234312
0.101037549841	1.20460789118e-06	0.00100740774269	1.38915413591	0.279789258018	0.471531999552
0.10103843788	9.51988304875e-07	0.000835637627807	1.38942854381	0.279518147601	0.471877415145
0.101039142144	7.52335804468e-07	0.000693148185142	1.38969001133	0.279259291754	0.472207186211
0.101039688696	5.97894465945e-07	0.000526534666241	1.38993914647	0.279012180991	0.472521990502
0.101040092751	4.84066358107e-07	0.000354134395006	1.39019976685	0.278753055658	0.472851923049
0.101040584214	3.46153094143e-07	0.000172516035883	1.39051335824	0.278441279778	0.473249751637
0.101040841603	2.74208637861e-07	0.000140725826941	1.39097314383	0.277982444263	0.47383470693
0.101041046614	2.17238338918e-07	0.000114746282435	1.39141969379	0.277536649386	0.474404724494
0.101041212165	1.71495891294e-07	9.60752318339e-05	1.39185360864	0.277103342973	0.474960416994
0.101041341869	1.35853388546e-07	7.75738188906e-05	1.39226280822	0.27669461911	0.475486094381
0.10104144439	1.07827201348e-07	6.23687575691e-05	1.39266429827	0.27629350435	0.476003418775
0.101041526886	8.53916181539e-08	5.15133155005e-05	1.39306066591	0.275897438124	0.476515656629
0.101041593342	6.74102507309e-08	4.31226792653e-05	1.39344075839	0.275517587975	0.477008280425
0.101041646072	5.32117719241e-08	3.61076653055e-05	1.39379925832	0.275159279982	0.47747419717
0.101041687894	4.20019434666e-08	3.02394912754e-05	1.39413728317	0.274821407092	0.477914645051
0.101041721049	3.31535264133e-08	2.53207958921e-05	1.39445592509	0.274502885446	0.478330854808
0.101041747258	2.6187391969e-08	2.08504966443e-05	1.39475634178	0.274202563685	0.478724166716
0.101041767774	2.07551157557e-08	1.70811368008e-05	1.39504453922	0.27391444045	0.479102311855
0.101041784352	1.63822492122e-08	1.43020501656e-05	1.39532337932	0.273635660231	0.479468956136
0.101041797486	1.29301774354e-08	1.19771733815e-05	1.39558627161	0.273372815309	0.479815332772
0.10104180779	1.02308089816e-08	9.78575582213e-06	1.39583407406	0.27312504998	0.480142453202
0.101041815972	8.0942951304e-09	8.11108861917e-06	1.39607406689	0.272885086592	0.480459844562
0.101041822525	6.38866239862e-09	6.79165675686e-06	1.39630316456	0.272656012474	0.480763361156
0.101041827713	5.04210501715e-09	5.68835689737e-06	1.39651913832	0.272440057336	0.481049969691
0.101041831819	3.97950232633e-09	4.76266153007e-06	1.39672267162	0.272236538761	0.481320495529
0.101041835069	3.14061807887e-09	3.98991237529e-06	1.39691455191	0.272044670117	0.481575912593
0.101041837635	2.47993271493e-09	3.29577405759e-06	1.39709532845	0.27186390276	0.481816887103
0.101041839644	1.96369168443e-09	2.71084857575e-06	1.3972681511	0.271691087294	0.482047566281
0.10104184126	1.54968904516e-09	2.27083973864e-06	1.39743453405	0.271524710118	0.48226993414
0.101041842537	1.22295896281e-09	1.90223761068e-06	1.39759129312	0.271367955607	0.482479695438
0.101041843547	9.65105146948e-10	1.59348874056e-06	1.39773898398	0.271220268352	0.482677549705
0.101041844346	7.61610972725e-10	1.33485301494e-06	1.39787812725	0.27108112793	0.482864155231
0.101041844978	6.01017603248e-10	1.11826428351e-06	1.39800921577	0.270950041658	0.483040138118
0.101041845477	4.74255432364e-10	9.37189634959e-07	1.39813270651	0.270826552691	0.483206080823
0.101041845872	3.74226438584e-10	7.85431445981e-07	1.39824898568	0.270710274928	0.483362474613
0.101041846184	2.9529284803e-10	6.58271527682e-07	1.39835847385	0.270600787871	0.483509860456
0.101041846429	2.33214129829e-10	5.40304299043e-07	1.39846156263	0.270497699961	0.483648743571
0.101041846617	1.85850731032e-10	4.29268099284e-07	1.39856075852	0.270398504734	0.483782484516
0.101041846772	1.46638320138e-10	3.59953711894e-07	1.39866025594	0.270299007872	0.483916732989
0.101041846895	1.15696810906e-10	3.01865459598e-07	1.39875388219	0.270205382051	0.484043152188
0.101041846992	9.12836523026e-11	2.53150323685e-07	1.39884197173	0.270117292855	0.484162177369
0.101041847069	7.20206506165e-11	2.1235875247e-07	1.39892485165	0.270034413215	0.484274236003
0.10104184713	5.68179870909e-11	1.78206140667e-07	1.39900280576	0.269956459319	0.48437969897
0.101041847178	4.48242168329e-11	1.49545631935e-07	1.39907609358	0.269883171669	0.484478905887
0.101041847215	3.54370008923e-11	1.23013919292e-07	1.39914499419	0.269814271188	0.484572224352
0.101041847245	2.80105832877e-11	1.02449756669e-07	1.39921121527	0.269748050211	0.48466195969
0.101041847269	2.20939723559e-11	8.6077926179e-08	1.39927406692	0.269685198644	0.484747170903
0.101041847287	1.74270492146e-11	7.23221758247e-08	1.39933307359	0.269626192046	0.484827206297
0.101041847302	1.37458754362e-11	6.07645193992e-08	1.39938847032	0.269570795362	0.48490237792
0.101041847314	1.0841258201e-11	5.11090295861e-08	1.39944047784	0.269518787885	0.484972979281
0.101041847323	8.54938107714e-12	4.30087130102e-08	1.3994892461	0.269470019655	0.485039208638
0.10104184733	6.74199429013e-12	3.61921452968e-08	1.39953494906	0.269424316723	0.485101297467
0.101041847336	5.31668441496e-12	3.04558926306e-08	1.39957777928	0.269381486525	0.485159503179
0.10104184734	4.19213327561e-12	2.56690295967e-08	1.39961791724	0.26934134858	0.485214067355
0.101041847344	3.30485661205e-12	2.16501785843e-08	1.39965546816	0.269303797676	0.485265129741
0.101041847347	2.605368333e-12	1.82605047006e-08	1.39969056716	0.269268698688	0.485312871155
0.101041847349	2.05392544161e-12	1.54015127609e-08	1.39972337427	0.269235891581	0.48535750669
0.101041847351	1.61899347476e-12	1.30131413767e-08	1.3997540391	0.269205226758	0.485399237625
0.101041847352	1.27583967858e-12	1.10065725308e-08	1.39978264723	0.269176618631	0.485438178435
0.101041847353	1.00541713912e-12	9.30939527055e-09	1.39980930216	0.26914996371	0.485474468207
0.101041847354	7.9231101508e-13	7.87390734024e-09	1.39983413719	0.269125128682	0.485508286881
0.101041847355	6.24329961115e-13	6.67062574805e-09	1.39985727654	0.269101989327	0.485539802252
0.101041847355	4.91786180158e-13	5.6601296739e-09	1.39987879937	0.269080466506	0.485569120916
0.101041847356	3.873805461e-13	4.80270304296e-09	1.3998987799	0.269060485977	0.485596342949
0.101041847356	3.05139678307e-13	4.07516003265e-09	1.39991732863	0.269041937247	0.485621617966
0.101041847356	2.4041602299e-13	3.43857295951e-09	1.39993454814	0.269024717734	0.485645084947
0.101041847356	1.898545966e-13	2.86369267673e-09	1.39995062703	0.269008638845	0.485667000248
0.101041847357	1.49439000438e-13	2.44315657327e-09	1.39996587348	0.268993392403	0.485687783415
0.101041847357	1.17626800517e-13	2.08437499702e-09	1.39997994013	0.268979325753	0.485706960488
0.101041847357	9.2586602183e-14	1.77827981563e-09	1.39999291826	0.268966347618	0.48572465541
0.101041847357	7.2876847277e-14	1.51713440247e-09	1.4000048921	0.268954373778	0.485740982587
0.101041847357	5.73628351104e-14	1.29433814256e-09	1.40001593935	0.268943326527	0.485756047614
0.101041847357	4.51491405901e-14	1.10553807303e-09	1.40002613171	0.268933134171	0.485769947953
0.101041847357	3.55139053239e-14	9.47916788114e-10	1.40003552397	0.268923741906	0.485782758083
0.101041847357	2.79348948183e-14	8.12767839212e-10	1.40004414037	0.268915125512	0.485794510806
0.101041847357	2.19733027477e-14	6.96887393116e-10	1.40005204498	0.268907220904	0.485805293336
0.101041847357	1.72839640777e-14	5.97528361933e-10	1.40005929659	0.268899969286	0.485815185703
0.101041847357	1.3595372476e-14	5.12335292419e-10	1.40006594916	0.268893316722	0.485824261347
0.101041847357	1.06934760337e-14	4.39747486497e-10	1.40007205215	0.268887213726	0.485832587656
0.101041847357	8.40653565107e-15	3.7866350106e-10	1.40007764488	0.268881621	0.485840218145
0.101041847357	6.60868428481e-15	3.26064406862e-10	1.40008275079	0.268876515088	0.485847184728
0.101041847357	5.19532542825e-15	2.80771628514e-10	1.40008741226	0.268871853617	0.485853545145
0.101041847357	4.08423131055e-15	2.4177029354e-10	1.40009166798	0.268867597905	0.485859352116
0.101041847357	3.21075925005e-15	2.08186495182e-10	1.40009555325	0.268863712632	0.485864653782
0.101041847357	2.5240609207e-15	1.79315266637e-10	1.40009910032	0.268860165557	0.485869494096
0.101041847357	1.98332476273e-15	1.54944576358e-10	1.40010233774	0.268856928138	0.48587391197
0.101041847357	1.55843145976e-15	1.3388607601e-10	1.40010528172	0.268853984157	0.485877929503
0.101041847357	1.22456392614e-15	1.15689615183e-10	1.40010795886	0.26885130702	0.485881582965
0.101041847357	9.62221617884e-16	9.99662210335e-11	1.40011039334	0.26884887254	0.48588490534
0.101041847357	7.56081585607e-16	8.63797842043e-11	1.40011260716	0.268846658722	0.485887926626
0.101041847357	5.94103517587e-16	7.46398745797e-11	1.40011462031	0.268844645567	0.485890674104
0.101041847357	4.66709976383e-16	6.46501852731e-11	1.40011645099	0.268842814886	0.485893172585
0.101041847357	3.6657284336e-16	5.6035751208e-11	1.40011811134	0.268841154538	0.485895438629
0.101041847357	2.87921053702e-16	4.85691588548e-11	1.40011961593	0.26883964995	0.485897492116
0.101041847357	2.26144742443e-16	4.20974634983e-11	1.40012097937	0.26883828651	0.485899352982
0.101041847357	1.77623126948e-16	3.64880994048e-11	1.4001222149	0.268837050978	0.485901039292
0.101041847357	1.39512292709e-16	3.16261644877e-11	1.40012333453	0.268835931354	0.485902567419
0.101041847357	1.09574091476e-16	2.74373457825e-11	1.40012434912	0.268834916765	0.4859039522
0.101041847357	8.60326870825e-17	2.38453206818e-11	1.40012526764	0.268833998242	0.485905205873
0.101041847357	6.75490207149e-17	2.07235529628e-11	1.40012609746	0.268833168419	0.485906338488
0.101041847357	5.30364676517e-17	1.80104781439e-11	1.40012684715	0.268832418732	0.485907361733
0.101041847357	4.16418574667e-17	1.56525915038e-11	1.40012752444	0.268831741442	0.485908286169
0.101041847357	3.26953180334e-17	1.36033929425e-11	1.40012813632	0.268831129557	0.485909121336
0.101041847357	2.56708951451e-17	1.18224699733e-11	1.40012868912	0.268830576762	0.485909875855
0.101041847357	2.01502422042e-17	1.03011980896e-11	1.40012918853	0.26883007735	0.485910557513
0.101041847357	1.58139549489e-17	8.98242811445e-12	1.40012963843	0.268829627447	0.485911171598
0.101041847357	1.24108264813e-17	7.8324882231e-12	1.40013004336	0.268829222524	0.485911724291
0.101041847357	9.74004340028e-18	6.82976468486e-12	1.4001304078	0.268828858083	0.485912221729
0.101041847357	7.64400678925e-18	5.95541076263e-12	1.4001307358	0.268828530077	0.485912669437
0.101041847357	5.99903259373e-18	5.19299248389e-12	1.40013103102	0.268828234863	0.485913072386
0.101041847357	4.7080430064e-18	4.52839075968e-12	1.40013129672	0.268827969164	0.485913435051
0.101041847357	3.69431013426e-18	3.9531833611e-12	1.40013153584	0.26882773004	0.485913761443
0.101041847357	2.89885351711e-18	3.45104018128e-12	1.40013175078	0.268827515101	0.485914054823
0.101041847357	2.27467408526e-18	3.01268043887e-12	1.40013194398	0.268827321903	0.485914318529
0.101041847357	1.78489256507e-18	2.63000221602e-12	1.40013211764	0.268827148246	0.485914555564
0.101041847357	1.40057049571e-18	2.29593271721e-12	1.40013227373	0.268826992153	0.485914768624
0.101041847357	1.0990004216e-18	2.00429754841e-12	1.40013241403	0.268826851848	0.485914960134
0.101041847357	8.62364238504e-19	1.74970660051e-12	1.40013254015	0.268826725734	0.485915132274
0.101041847357	6.76680422916e-19	1.52745442799e-12	1.40013265351	0.268826612376	0.485915287004
0.101041847357	5.30977942846e-19	1.33343328158e-12	1.4001327554	0.268826510483	0.485915426083
0.101041847357	4.166480413e-19	1.16405718775e-12	1.40013284698	0.268826418896	0.485915551096
0.101041847357	3.26935593088e-19	1.01619567159e-12	1.40013292931	0.268826336573	0.485915663464
0.101041847357	2.56539982228e-19	8.87115898474e-13	1.4001330033	0.268826262576	0.485915764467
0.101041847357	2.0130191807e-19	7.74432164916e-13	1.40013306982	0.268826196064	0.485915855254
0.101041847357	1.57957685915e-19	6.76061805179e-13	1.4001331296	0.268826136279	0.485915936858
0.101041847357	1.23946312203e-19	5.90186698761e-13	1.40013318334	0.268826082541	0.485916010209
0.101041847357	9.72582507372e-20	5.15219667245e-13	1.40013323164	0.268826034238	0.48591607614
0.101041847357	7.61998694076e-20	4.56044748554e-13	1.40013327506	0.268825990821	0.485916135403
0.101041847357	5.96540271505e-20	4.04980134262e-13	1.40013331349	0.268825952391	0.485916187859
0.101041847357	4.67009059957e-20	3.59633367741e-13	1.40013334737	0.268825918511	0.485916234103
0.101041847357	3.65603919084e-20	3.19364205756e-13	1.40013337724	0.268825888644	0.485916274871
0.101041847357	2.8621762747e-20	2.8360409484e-13	1.40013340357	0.268825862314	0.485916310811
0.101041847357	2.24069069634e-20	2.51848144004e-13	1.40013342678	0.268825839102	0.485916342494
0.101041847357	1.75415288932e-20	2.23647996282e-13	1.40013344724	0.268825818639	0.485916370426
0.101041847357	1.37326064514e-20	1.98605498471e-13	1.40013346528	0.268825800599	0.485916395049
0.101041847357	1.07507436022e-20	1.76367079675e-13	1.40013348118	0.268825784696	0.485916416757
0.101041847357	8.41635476685e-21	1.56618759311e-13	1.4001334952	0.268825770676	0.485916435894
0.101041847357	6.58884911203e-21	1.39081714073e-13	1.40013350756	0.268825758316	0.485916452765
0.101041847357	5.15816333274e-21	1.23508341273e-13	1.40013351846	0.26882574742	0.485916467637
0.101041847357	4.03813298475e-21	1.0967876299e-13	1.40013352807	0.268825737815	0.485916480749
0.101041847357	3.16130314822e-21	9.7397721643e-14	1.40013353653	0.268825729347	0.485916492307
0.101041847357	2.47394633247e-21	8.70377635376e-14	1.400133544	0.268825721881	0.485916502497
0.101041847357	1.93388850706e-21	7.81367775647e-14	1.40013355054	0.268825715344	0.485916511421
0.101041847357	1.51172428652e-21	7.01460579593e-14	1.40013355623	0.268825709651	0.485916519191
0.101041847357	1.18171771966e-21	6.29725156178e-14	1.40013356119	0.268825704694	0.485916525957
0.101041847357	9.23750964668e-22	5.65325812654e-14	1.4001335655	0.268825700378	0.485916531848
0.101041847357	7.22097866535e-22	5.07512319038e-14	1.40013356926	0.26882569662	0.485916536978
0.101041847357	5.64465260145e-22	4.55611168199e-14	1.40013357253	0.268825693348	0.485916541445
0.101041847357	4.41243555107e-22	4.09017729736e-14	1.40013357538	0.268825690498	0.485916545334
0.101041847357	3.44920916472e-22	3.67189206249e-14	1.40013357786	0.268825688017	0.485916548721
0.101041847357	2.69625328692e-22	3.29638309939e-14	1.40013358002	0.268825685856	0.48591655167
0.101041847357	2.10766626141e-22	2.95927585877e-14	1.40013358191	0.268825683975	0.485916554238
0.101041847357	1.64756667701e-22	2.65664315804e-14	1.40013358354	0.268825682337	0.485916556474
0.101041847357	1.28790596703e-22	2.38495943105e-14	1.40013358497	0.268825680911	0.485916558421
0.101041847357	1.00675851407e-22	2.14105965645e-14	1.40013358621	0.268825679669	0.485916560116
0.101041847357	7.86924985908e-23	1.92534500513e-14	1.40013358729	0.268825678587	0.485916561592
0.101041847357	6.14494720175e-23	1.74175646761e-14	1.40013358823	0.268825677647	0.485916562876
0.101041847357	4.79847212672e-23	1.57567375416e-14	1.40013358905	0.268825676836	0.485916563983
0.101041847357	3.74703540846e-23	1.42542762182e-14	1.40013358975	0.268825676135	0.485916564939
0.101041847357	2.92598851885e-23	1.28950799593e-14	1.40013359035	0.268825675531	0.485916565764
0.101041847357	2.28484865457e-23	1.16654879284e-14	1.40013359087	0.268825675009	0.485916566477
0.101041847357	1.78419475684e-23	1.05531418984e-14	1.40013359132	0.268825674558	0.485916567092
0.101041847357	1.39324367228e-23	9.54686204379e-15	1.40013359171	0.268825674169	0.485916567623
0.101041847357	1.08795742326e-23	8.63653457503e-15	1.40013359205	0.268825673834	0.485916568081
0.101041847357	8.49565211254e-24	7.81301008876e-15	1.40013359234	0.268825673544	0.485916568476
0.101041847357	6.63180837609e-24	7.12168707699e-15	1.40013359259	0.268825673294	0.485916568818
0.101041847357	5.13280562002e-24	6.86823606927e-15	1.4001335928	0.26882567308	0.48591656911
0.101041847357	3.97262587178e-24	6.62380503284e-15	1.40013359297	0.268825672908	0.485916569345
0.101041847357	3.07468419512e-24	6.38807295939e-15	1.40013359311	0.26882567277	0.485916569533
0.101041847357	2.37970632134e-24	6.16073026485e-15	1.40013359322	0.268825672659	0.485916569684
0.101041847357	1.84181587971e-24	5.94147838283e-15	1.40013359331	0.26882567257	0.485916569805
0.101041847357	1.42550604008e-24	5.73002937247e-15	1.40013359338	0.268825672499	0.485916569902
0.101041847357	1.10329566199e-24	5.52610554037e-15	1.40013359344	0.268825672442	0.485916569981
0.101041847357	8.5391522977e-25	5.32943907582e-15	1.40013359348	0.268825672396	0.485916570043
0.101041847357	6.60902824823e-25	5.13977169913e-15	1.40013359352	0.268825672359	0.485916570094
0.101041847357	5.11520520449e-25	4.95634888031e-15	1.40013359355	0.268825672329	0.485916570134
0.101041847357	3.95910438217e-25	4.77909615726e-15	1.40013359357	0.268825672306	0.485916570166
0.101041847357	3.0642969113e-25	4.60818248106e-15	1.40013359359	0.268825672287	0.485916570192
0.101041847357	2.37172720247e-25	4.44338114991e-15	1.40013359361	0.268825672271	0.485916570213
0.101041847357	1.83568697346e-25	4.28447356946e-15	1.40013359362	0.268825672259	0.48591657023
