0.0	0.327969577365	1.35489858466	1.0	0.0	0.0
5.6753846176e-12	0.327969467075	1.35489823926	1.00000006554	5.67538493965e-08	0.0001
7.08335625238e-12	0.32796945395	1.35489819816	1.00000007334	6.5789691474e-08	0.000107666665577
8.84062295069e-12	0.327969438736	1.35489815051	1.00000008238	7.6264139627e-08	0.000115921108728
1.10338391628e-11	0.3279694211	1.35489809528	1.00000009286	8.84062356213e-08	0.00012480839235
1.37711568946e-11	0.327969400656	1.35489803126	1.000000105	1.0248148723e-07	0.000134377034153
1.71875588957e-11	0.327969376958	1.35489795704	1.00000011909	1.18797674018e-07	0.000144679271523
2.14515149214e-11	0.327969349486	1.354897871	1.00000013541	1.37711577495e-07	0.000155771346699
2.67732892991e-11	0.32796931764	1.35489777127	1.00000015433	1.59636782289e-07	0.000167713813805
3.34153094598e-11	0.327969280724	1.35489765566	1.00000017627	1.8505272032e-07	0.000180571869422
4.17051067201e-11	0.327969237931	1.35489752164	1.0000002017	2.14515154031e-07	0.000194415708501
5.20514674455e-11	0.327969188324	1.35489736629	1.00000023118	2.48668329376e-07	0.00020932090757
6.49645910265e-11	0.32796913082	1.3548971862	1.00000026535	2.8825906246e-07	0.000225368837306
8.10812486833e-11	0.32796906416	1.35489697744	1.00000030496	3.34153070577e-07	0.000242647106739
1.01196183702e-10	0.327968986887	1.35489673544	1.00000035088	3.8735390168e-07	0.000261250041518
1.26301301474e-10	0.327968897312	1.35489645491	1.0000004041	4.49024878939e-07	0.000281279198823
1.57634581828e-10	0.327968793475	1.35489612972	1.00000046581	5.20514537542e-07	0.000302843921765
1.96741125528e-10	0.327968673107	1.35489575276	1.00000053733	6.03386112708e-07	0.000326061936272
2.45549345161e-10	0.327968533574	1.35489531578	1.00000062025	6.99451721362e-07	0.000351059993739
3.06466057355e-10	0.327968371827	1.35489480922	1.00000071636	8.10811985499e-07	0.000377974562927
3.82495165275e-10	0.327968184328	1.35489422202	1.00000082778	9.39901964913e-07	0.000406952574907
4.77385783506e-10	0.327967966977	1.35489354133	1.00000095693	1.08954440109e-06	0.000438152225093
5.95817109132e-10	0.327967715021	1.35489275227	1.00000110665	1.26301143807e-06	0.000471743836754
7.4362915461e-10	0.327967422952	1.35489183758	1.00000128021	1.46409617001e-06	0.000507910790698
9.2811071924e-10	0.327967084383	1.35489077727	1.00000148139	1.69719557707e-06	0.000546850526207
1.15835879806e-09	0.32796669191	1.35488954814	1.00000171461	1.96740666612e-06	0.000588775618675
1.44572714902e-09	0.327966236953	1.35488812333	1.00000198496	2.28063791426e-06	0.000633914939822
1.80438613479e-09	0.327965709563	1.35488647167	1.00000229835	2.64373845487e-06	0.000682514906797
2.25202144127e-09	0.327965098208	1.35488455706	1.00000266164	3.06464782602e-06	0.000734840826984
2.81070612081e-09	0.327964389521	1.35488233762	1.00000308276	3.55256955765e-06	0.000791178345815
3.50798895215e-09	0.327963568006	1.35487976484	1.00000357093	4.11817238792e-06	0.000851835005482
4.37825277139e-09	0.327962615702	1.35487678245	1.00000413682	4.77382350825e-06	0.000917141923015
5.46440973434e-09	0.327961511785	1.35487332524	1.00000479281	5.53385893111e-06	0.000987455596835
6.82001707585e-09	0.327960232121	1.35486931763	1.00000555323	6.41489688991e-06	0.00106315985162
8.51191765327e-09	0.327958748731	1.354864672	1.00000643472	7.43620111295e-06	0.00114466793199
1.06235354189e-08	0.327957029183	1.35485928676	1.00000745654	8.62010190881e-06	0.0012324247564
1.32589882329e-08	0.327955035882	1.35485304419	1.00000864105	9.99248425598e-06	0.00132690934345
1.65482206909e-08	0.327952725252	1.3548458078	1.00001001413	1.1583353552e-05	0.00142863742363
2.06534098773e-08	0.327950046778	1.35483741939	1.00001160581	1.34274913698e-05	0.00153816425073
2.57769596367e-08	0.327946941907	1.35482769557	1.0000134509	1.55652155278e-05	0.00165608762799
3.21714771628e-08	0.327943342769	1.35481642378	1.00001558972	1.80432610523e-05	0.00178305116526
4.01522232663e-08	0.327939170691	1.35480335762	1.00001806904	2.09158012367e-05	0.00191974778464
5.01126493999e-08	0.327934334484	1.35478821148	1.00002094306	2.42456310474e-05	0.00206692349333
6.25437863402e-08	0.32792872845	1.35477065432	1.00002427461	2.81055386504e-05	0.0022253814439
7.80584387995e-08	0.327922230075	1.3547503024	1.00002813651	3.25798949079e-05	0.00239598630332
9.74213764124e-08	0.327914697359	1.35472671096	1.00003261319	3.77664954134e-05	0.00257966895409
1.21587006058e-07	0.327905965717	1.35469936448	1.0000378025	4.37786950932e-05	0.00277743155198
1.51746377695e-07	0.327895844391	1.35466766545	1.00004381784	5.07478817088e-05	0.00299035296692
1.89385833671e-07	0.327884112297	1.35463092136	1.00005079069	5.8826341892e-05	0.00321959463523
2.36360182067e-07	0.327870513211	1.35458832958	1.00005887342	6.81905817696e-05	0.00346640685322
2.94983985686e-07	0.32785475019	1.35453895991	1.00006824264	7.90451739641e-05	0.00373213554436
3.68145444167e-07	0.327836479122	1.35448173433	1.00007910304	9.16272139835e-05	0.00401822953391
4.59448449989e-07	0.327815301249	1.35441540358	1.00009169188	0.00010621148196	0.00432624836729
5.73389772918e-07	0.327790754512	1.35433852	1.0001062841	0.000123116420611	0.00465787071024
7.15580037062e-07	0.327762303545	1.35424940611	1.00012319835	0.000142711057448	0.0050149033712
8.93019281699e-07	0.327729328085	1.35414611829	1.00014280392	0.000165423019017	0.00539929098803
1.11444054148e-06	0.327691109573	1.35402640472	1.00016552873	0.000191747807544	0.00581312642344
1.3907381678e-06	0.327646815663	1.35388765668	1.00019186866	0.000222259536373	0.00625866191488
1.73550169335e-06	0.327595482318	1.35372685234	1.00022239827	0.000257623350194	0.00673832102642
2.16568110468e-06	0.327535993123	1.35354049176	1.00025778324	0.000298609789966	0.00725471145094
2.70241566185e-06	0.327467055406	1.35332452175	1.00029879479	0.00034611140093	0.0078106387116
3.3720661735e-06	0.327387172686	1.35307424917	1.00034632631	0.000401161925798	0.00840912081136
4.20750024051e-06	0.32729461291	1.35278424089	1.00040141255	0.000464958474551	0.009053403878
5.24969183925e-06	0.327187371862	1.35244820844	1.00046525194	0.00053888711772	0.00974697884957
6.54971122701e-06	0.327063131064	1.35205887512	1.00053923215	0.000624552411986	0.0104935992413
8.17119911804e-06	0.326919209392	1.35160782312	1.0006249598	0.00072381143565	0.0112973000282
1.01934411134e-05	0.326752507545	1.35108531778	1.00072429456	0.000838812987061	0.0121624176691
1.27151853114e-05	0.326559444432	1.35048010586	1.00083938855	0.000972042681105	0.0130936112851
1.58593788526e-05	0.326335884423	1.34977918447	1.00097273165	0.00112637476664	0.014095884988
1.97790389822e-05	0.326077054365	1.34896753677	1.00112720359	0.00130513157972	0.0151746113331
2.46645222812e-05	0.325777449161	1.3480278304	1.00130613381	0.00151215164133	0.0163355558419
3.07525133853e-05	0.32543072471	1.34694007432	1.00151337005	0.00175186749969	0.0175849024997
3.83371231517e-05	0.32502957695	1.34568122963	1.00175335689	0.00202939450122	0.0189292800908
4.77835672021e-05	0.324565605866	1.34422476972	1.00203122542	0.00235063174153	0.0203757891696
5.95449901477e-05	0.324029163406	1.34254018562	1.0023528954	0.00272237648717	0.0219320293915
7.41831091967e-05	0.323409184579	1.34059243248	1.00272519129	0.00315245335445	0.0236061268364
9.23934729463e-05	0.322693001391	1.3383413146	1.00315597363	0.00364985946051	0.0254067608392
0.000115036265143	0.321866139976	1.33574080732	1.00365428702	0.00422492659535	0.0273431897044
0.000143173724881	0.320912102242	1.33273831705	1.00423052621	0.00488950116289	0.0294252745102
0.000178115396414	0.319812134704	1.32927388365	1.00489662124	0.0056571421539	0.0316635000049
0.000221472550581	0.318544989055	1.32527933436	1.00566624231	0.00654333668067	0.0340689913598
0.000275223215985	0.317086681518	1.32067740515	1.00655502468	0.00756573154308	0.0366535252591
0.000341789291613	0.315410261262	1.31538085384	1.00758081271	0.00874437781183	0.0394295334932
0.000424127296809	0.313485599321	1.3092972696	1.0087639213	0.0101019871303	0.0424100968548
0.000525833312124	0.311279230356	1.30231343877	1.01012740575	0.0116641797723	0.0456089140992
0.000651263694532	0.308754251191	1.29430634388	1.01169735211	0.0134597261999	0.0490402883258
0.000805670972906	0.305870325963	1.28514149903	1.01350315733	0.01552076529	0.0527190689672
0.000995353447351	0.302583835763	1.27467172067	1.01557779714	0.017882971365	0.0566605742693
0.00122781545797	0.298848218708	1.26273756717	1.01795806518	0.0205856468659	0.0608804898541
0.0015119334566	0.294614547206	1.24919226634	1.0206847604	0.023671720306	0.065394736677
0.00185812274596	0.289832365422	1.23387851135	1.02380274448	0.0271876947564	0.0702192163721
0.00227846150861	0.284451169778	1.2165719324	1.02736092499	0.0311829819755	0.0753696101173
0.0027868159643	0.2784218723	1.19708487106	1.03141222843	0.0357094747105	0.0808613448601
0.00339898937551	0.271698088654	1.17566879677	1.03601318871	0.0408218687146	0.0867091691018
0.00413243421897	0.264241304369	1.15180548001	1.04122166375	0.04657410498	0.0929247307436
0.00500638134892	0.256020734894	1.12616361525	1.04709863056	0.0530196696165	0.099519825662
0.0060420866035	0.247013647538	1.09909380573	1.05370162376	0.0602184371929	0.106499496546
0.00726028562386	0.237222824939	1.06943791442	1.06108382294	0.0682113896294	0.113863337927
0.00868259562479	0.226663251995	1.03730838194	1.06929987098	0.0770361322061	0.121613559257
0.0103293223536	0.215375607456	1.00243684207	1.0783970108	0.0867137449462	0.129747519066
0.0122189002986	0.203424361442	0.964871993121	1.08841531475	0.0972489780176	0.138260282042
0.0143663914184	0.190900695768	0.924771655727	1.09938316918	0.108625163017	0.147142736023
0.0167821677741	0.177921804108	0.882456710559	1.11131401662	0.120801164361	0.156381170592
0.0194707035572	0.164628015844	0.838397908434	1.12420259546	0.133709954229	0.165956433067
0.0224301172532	0.151175570152	0.793419673745	1.13802150161	0.147262813157	0.175843088171
0.025652591207	0.137726239183	0.748708315402	1.15271485283	0.161361559837	0.186005833229
0.0291162097995	0.124466425729	0.703320228534	1.16818862753	0.175849363652	0.196394114421
0.0327920673086	0.111568776678	0.657263223189	1.18434887002	0.190541066422	0.206969525193
0.0366444746082	0.0991909391998	0.610960250538	1.20109179262	0.205229732674	0.217697748138
0.0406317453786	0.0874713866685	0.564825255413	1.21830054572	0.219693555151	0.22854509646
0.044708360117	0.076522508672	0.519330680985	1.23585048619	0.233706108395	0.23948024879
0.0488272911578	0.0664263890599	0.474938665283	1.25361268674	0.24704860567	0.250474377714
0.0529422927806	0.0572331008962	0.432206999744	1.27145837665	0.259521198151	0.261501620243
0.0570117528523	0.048958352425	0.392313681589	1.2892584483	0.270968438857	0.272536158817
0.0610038339823	0.0415811633352	0.355980812069	1.30685908056	0.281333882177	0.283532537955
0.0648812656974	0.0350741727255	0.323087335447	1.32408614978	0.290564431232	0.294424142703
0.0685979401009	0.0294082877576	0.291517602638	1.34077717482	0.298567346706	0.305141752027
0.0721280059233	0.0245167109483	0.2623054455	1.35688743535	0.305288431673	0.315684587342
0.0754556094179	0.0203236513762	0.235679580072	1.37234295218	0.310768651062	0.326025311233
0.0785946511016	0.0167263171872	0.216670801552	1.38707047598	0.315228152707	0.336125114044
0.0815087934423	0.0136821590189	0.199854757341	1.40069162283	0.318900269202	0.345708372346
0.0841682849182	0.0111358655075	0.184261468044	1.41314927122	0.321786954904	0.354699905394
0.0865689556806	0.00901740727977	0.169969559564	1.42446419486	0.323957636085	0.363075496853
0.0887055522561	0.00726952879458	0.156519384977	1.43466041064	0.325465382263	0.370811683832
0.0905852315326	0.00583582303693	0.144243958096	1.44380028803	0.326382045619	0.377914626941
0.0922223137305	0.00466513177707	0.133028045408	1.45193399667	0.326815310883	0.38438285326
0.0936293640407	0.00371640638483	0.122530889001	1.45912054348	0.326842862621	0.390224134441
0.0948260006029	0.0029514633983	0.11273575419	1.46544185627	0.326542534643	0.395468963286
0.0958370197531	0.00233562071762	0.10437984746	1.47097947226	0.326004761604	0.400152705572
0.0966809225329	0.00184332262729	0.0966604313373	1.47577501683	0.32531744609	0.404281167785
0.0973784949913	0.00145166921362	0.0894495271996	1.47990863762	0.32453221944	0.407897436971
0.0979505826694	0.00114112295327	0.0827269857504	1.48346064908	0.323692069138	0.411050307182
0.0984164749875	0.000895600963389	0.0764706475245	1.48650461706	0.322832177323	0.413787644883
0.098794495731	0.000701488561768	0.0715027126999	1.48910710332	0.321984490715	0.416155339776
0.0991009211038	0.000547655596949	0.0674381451952	1.49130040209	0.321201281019	0.418171247395
0.0993456579427	0.000427129525446	0.0635895729029	1.49312539112	0.32049413029	0.419863446751
0.0995402173123	0.000332853652413	0.0599489370963	1.49464136874	0.319861203009	0.421279703082
0.0996902503932	0.000261123203079	0.052870913412	1.49589887559	0.319281131413	0.422462031707
0.0998077908038	0.000205571635525	0.0457927002473	1.49701995434	0.318688485239	0.423522142892
0.0999012604241	0.000161862873074	0.0395176601095	1.49804069709	0.318086274829	0.424492598558
0.0999755537873	0.000127462947222	0.0339976861823	1.49897335708	0.317485029627	0.425383861425
0.10003457004	0.000100387039605	0.0291785169308	1.49982806903	0.316892653802	0.42620460249
0.100081437782	7.9068341028e-05	0.0249947708761	1.50061319032	0.316315176901	0.426961976369
0.100118648082	6.22773191773e-05	0.0213851861676	1.50133570648	0.31575700678	0.427661970343
0.100148177177	4.90513681071e-05	0.0182824850861	1.5020013323	0.315221422367	0.428309469148
0.100171598908	3.86334726531e-05	0.015619413091	1.50261496061	0.314710659095	0.428908664123
0.100190168711	3.04269170356e-05	0.0133356320235	1.50318097682	0.314225991727	0.42946334231
0.10020488211	2.39636042357e-05	0.0113816649159	1.50370335423	0.313767916673	0.429976966794
0.100216519554	1.88799775303e-05	0.00967659532816	1.50418560332	0.313336414866	0.430452615253
0.100225731115	1.48769116252e-05	0.00821993479578	1.50463265925	0.312929445294	0.430894838194
0.10023300236	1.17322843055e-05	0.00684154366939	1.50504748618	0.31254620058	0.431306300193
0.100238615982	9.31536376521e-06	0.00548141749813	1.50544062715	0.312177400089	0.431697257939
0.100243092764	7.39624614715e-06	0.00439163442355	1.50583026221	0.311807144061	0.432085705385
0.100246666958	5.87066152824e-06	0.00354444742249	1.50621641871	0.31143643388	0.432471652595
0.100249562939	4.63990373445e-06	0.00294028786154	1.50659621461	0.311069132261	0.432852189821
0.100251861649	3.66709472601e-06	0.00243906962453	1.50695812445	0.310717123446	0.433215685966
0.100253685877	2.89819306146e-06	0.00202326239793	1.50730298527	0.310380107535	0.433562862124
0.100255133266	2.29047312327e-06	0.00167831867734	1.50763159572	0.310057712025	0.433894412592
0.100256281437	1.81015754396e-06	0.00139216692913	1.50794471769	0.30974951306	0.434211005543
0.100257192077	1.4305443985e-06	0.00115479067218	1.5082430779	0.309455052023	0.434513283712
0.100257914198	1.13052596482e-06	0.00095787897608	1.50852736938	0.30917384844	0.434801865087
0.100258486728	8.93417312514e-07	0.000794536300974	1.50879825302	0.30890540996	0.435077343607
0.100258940584	7.06029999487e-07	0.00065904163239	1.50905635895	0.308649240027	0.435340289858
0.100259281077	5.65843297354e-07	0.000478728250692	1.50930228794	0.308404761918	0.43559125178
0.100259540222	4.59437961283e-07	0.000313344937664	1.50957357096	0.308134582132	0.43586856474
0.100259811695	3.48359639658e-07	0.000173476142258	1.50990992956	0.307799377646	0.436213098578
0.100259989354	2.75946099565e-07	0.000141509016273	1.51037015574	0.307339905993	0.436685769392
0.100260130753	2.18612990382e-07	0.000115320951415	1.51081711468	0.306893546369	0.437146212637
0.100260244858	1.72583984317e-07	9.65327323492e-05	1.51125166146	0.306459482249	0.437595196328
0.100260334322	1.36671395041e-07	7.80199093627e-05	1.51166156066	0.306049960763	0.438019917918
0.100260404893	1.084749907e-07	6.27207178116e-05	1.51206321331	0.305648605515	0.438437233653
0.100260461604	8.59210121107e-08	5.17534594811e-05	1.51245977769	0.30525227971	0.438850373134
0.100260507312	6.78260903752e-08	4.33222213951e-05	1.51284049962	0.304871749712	0.439248050219
0.10026054356	5.35384643791e-08	3.6273737385e-05	1.51319959208	0.30451280921	0.439624073719
0.100260572295	4.2258640657e-08	3.03779414644e-05	1.51353817296	0.304174348593	0.439979456589
0.100260595064	3.33552331185e-08	2.54363495355e-05	1.51385733483	0.303855281877	0.440315204072
0.100260613058	2.63450072381e-08	2.09657001843e-05	1.51415823619	0.303554455602	0.440632408412
0.100260627133	2.08803765599e-08	1.71584546738e-05	1.51444660335	0.303266147097	0.440937008102
0.100260638503	1.64807427149e-08	1.43664645008e-05	1.51472588814	0.302986909622	0.441232583674
0.100260647507	1.30076331333e-08	1.20309204259e-05	1.51498919827	0.302723636922	0.441511767418
0.100260654574	1.02900652882e-08	9.83674031758e-06	1.51523739201	0.302475472525	0.441775381986
0.100260660175	8.14241602373e-09	8.14727779553e-06	1.51547754345	0.302235344315	0.442030879191
0.100260664663	6.42652411627e-09	6.82177513156e-06	1.51570699705	0.302005909299	0.442275386037
0.100260668215	5.07189318517e-09	5.71355924e-06	1.51592330726	0.301789613796	0.44250623796
0.100260671025	4.00294475104e-09	4.78370157072e-06	1.51612715387	0.301585778799	0.44272410064
0.100260673248	3.15908136581e-09	4.00742034519e-06	1.51631932798	0.301393613869	0.442929766247
0.100260675004	2.4943946357e-09	3.31275179329e-06	1.51650038388	0.301212565217	0.443123780406
0.100260676378	1.97517675818e-09	2.72269982795e-06	1.51667333376	0.301039621004	0.443309332883
0.100260677482	1.55873096133e-09	2.28074353401e-06	1.51683997074	0.300872988572	0.443488320295
0.100260678355	1.23007830966e-09	1.91051499298e-06	1.5169969681	0.300715994808	0.443657140566
0.100260679045	9.70711497076e-10	1.60040678353e-06	1.51714488253	0.300568083222	0.443816360088
0.100260679591	7.66026233784e-10	1.34063645122e-06	1.5172842357	0.300428732296	0.443966511743
0.100260680023	6.04495486482e-10	1.12308637624e-06	1.51741552123	0.300297448537	0.4441081019
0.100260680364	4.76994811662e-10	9.41223591438e-07	1.51753919847	0.300173772694	0.444241603273
0.100260680633	3.76384334027e-10	7.88806406029e-07	1.51765565265	0.300057319617	0.444367411437
0.100260680846	2.96992910892e-10	6.61094330666e-07	1.51776530509	0.299947668052	0.44448596348
0.100260681014	2.34532528881e-10	5.43853074614e-07	1.51786854829	0.29984442554	0.444597667715
0.100260681142	1.86916669267e-10	4.31096452974e-07	1.51796765755	0.299745316804	0.444704973772
0.100260681248	1.47478131581e-10	3.61483454199e-07	1.51806730461	0.299645670187	0.444812935792
0.100260681332	1.16358492338e-10	3.0314654693e-07	1.51816107158	0.299551903551	0.444914594628
0.100260681398	9.18050252807e-11	2.54223255618e-07	1.51824929318	0.299463682228	0.44501030121
0.10026068145	7.24315430732e-11	2.1325403295e-07	1.51833229703	0.299380678591	0.445100400389
0.100260681492	5.71417660343e-11	1.7895655932e-07	1.51841036883	0.299302606958	0.445185192881
0.100260681524	4.50793674968e-11	1.50174669058e-07	1.51848376705	0.299229208869	0.445264951027
0.10026068155	3.56338075752e-11	1.2359859193e-07	1.51855277125	0.29916020478	0.445339971155
0.10026068157	2.81698375099e-11	1.02876869344e-07	1.51861904664	0.299093929475	0.44541205813
0.100260681586	2.22194683992e-11	8.64364442559e-08	1.51868199456	0.299030981616	0.445480556327
0.100260681599	1.75259482842e-11	7.2623131931e-08	1.51874109145	0.298971884782	0.445544890959
0.100260681609	1.38238182579e-11	6.10171682859e-08	1.51879657274	0.298916403526	0.44560531339
0.100260681617	1.09027739597e-11	5.13195724066e-08	1.51884865952	0.29886431678	0.445662060011
0.100260681623	8.59785628198e-12	4.31857556099e-08	1.51889750411	0.298815472215	0.445715292894
0.100260681628	6.78019500861e-12	3.63410245097e-08	1.5189432785	0.298769697848	0.445765196006
0.100260681632	5.34678957145e-12	3.05810937306e-08	1.51898617557	0.298726800794	0.445811976568
0.100260681635	4.21590784408e-12	2.57731744033e-08	1.5190263761	0.298686600273	0.445855829032
0.100260681638	3.3235884993e-12	2.17379678065e-08	1.51906398787	0.29864898852	0.44589686856
0.10026068164	2.62012762196e-12	1.8334509532e-08	1.51909914368	0.298613832718	0.445935237935
0.100260681641	2.06555500443e-12	1.54638996399e-08	1.51913200384	0.29858097256	0.445971110231
0.100260681642	1.62818050615e-12	1.30650135798e-08	1.51916271821	0.298550258198	0.446004647387
0.100260681643	1.28307630658e-12	1.10504270998e-08	1.51919137473	0.29852160168	0.44603594398
0.100260681644	1.01111759154e-12	9.34647249907e-09	1.5192180747	0.298494901708	0.446065109339
0.100260681645	7.96801503959e-13	7.90525543289e-09	1.51924295168	0.298470024738	0.446092288201
0.100260681645	6.2786929473e-13	6.69663374547e-09	1.51926613008	0.298446846334	0.446117615525
0.100260681645	4.94573200222e-13	5.68219057747e-09	1.51928769101	0.298425285404	0.446141179051
0.100260681646	3.89575211186e-13	4.82141630243e-09	1.5193077069	0.298405269518	0.446163057165
0.100260681646	3.06867923281e-13	4.09103396969e-09	1.51932628843	0.298386687984	0.446183370183
0.100260681646	2.41772358451e-13	3.45363839816e-09	1.51934353838	0.298369438036	0.446202229866
0.100260681646	1.90930347969e-13	2.87475161749e-09	1.51935963754	0.298353338881	0.446219833391
0.100260681646	1.50288842154e-13	2.45236634091e-09	1.51937491147	0.298338064953	0.446236536384
0.100260681646	1.18295585243e-13	2.09223059571e-09	1.51938900505	0.298323971368	0.446251950161
0.100260681647	9.31129119486e-14	1.78498046411e-09	1.51940200803	0.298310968392	0.446266172498
0.100260681647	7.32910402913e-14	1.5228499887e-09	1.51941400478	0.298298971641	0.446279295382
0.100260681647	5.76887992996e-14	1.29921354682e-09	1.51942507316	0.29828790326	0.446291403714
0.100260681647	4.5405902949e-14	1.10956275512e-09	1.51943528501	0.298277691416	0.446302575853
0.100260681647	3.57158429397e-14	9.51367153434e-10	1.51944469645	0.298268279969	0.446312873024
0.100260681647	2.80937158282e-14	8.15725875896e-10	1.51945333044	0.298259645983	0.446322320155
0.100260681647	2.2098214455e-14	6.99423377641e-10	1.51946125118	0.298251725239	0.446330987365
0.100260681647	1.7382207262e-14	5.99702533617e-10	1.5194685176	0.298244458823	0.446338939
0.100260681647	1.36726415086e-14	5.14199288172e-10	1.51947518374	0.298237792685	0.446346234102
0.100260681647	1.07542955617e-14	4.41300287198e-10	1.51948129918	0.29823167724	0.446352926847
0.100260681647	8.45434397283e-15	3.80000490981e-10	1.51948690394	0.298226072486	0.44635906094
0.100260681647	6.64626517097e-15	3.27215588067e-10	1.51949202083	0.298220955594	0.446364661302
0.100260681647	5.22486698199e-15	2.81762830392e-10	1.51949669232	0.298216284101	0.446369774354
0.100260681647	4.10745344877e-15	2.42623753523e-10	1.51950095718	0.298212019239	0.446374442483
0.100260681647	3.2290138959e-15	2.08921358554e-10	1.51950485081	0.298208125616	0.446378704392
0.100260681647	2.5384200176e-15	1.79932652115e-10	1.51950840551	0.298204570916	0.446382595419
0.100260681647	1.99460710414e-15	1.55478026281e-10	1.51951165018	0.298201326248	0.446386147164
0.100260681647	1.56729634673e-15	1.34347003708e-10	1.51951460075	0.298198375676	0.446389377049
0.100260681647	1.23152937091e-15	1.16087881599e-10	1.51951728388	0.298195692545	0.446392314233
0.100260681647	9.67694625311e-16	1.00310345965e-10	1.51951972381	0.298193252614	0.446394985236
0.100260681647	7.60381943649e-16	8.66771287808e-11	1.51952194258	0.298191033841	0.446397414176
0.100260681647	5.97482488572e-16	7.48967988943e-11	1.51952396024	0.29818901618	0.446399622987
0.100260681647	4.69372073826e-16	6.48682800463e-11	1.51952579502	0.298187181402	0.446401631615
0.100260681647	3.68663708033e-16	5.62247806568e-11	1.51952745923	0.298185517196	0.446403453531
0.100260681647	2.89563264432e-16	4.87329968742e-11	1.51952896731	0.298184009112	0.446405104548
0.100260681647	2.27434573226e-16	4.22394675797e-11	1.51953033392	0.298182642506	0.446406600694
0.100260681647	1.7863619215e-16	3.66111794917e-11	1.51953157232	0.298181404104	0.446407956495
0.100260681647	1.40307980677e-16	3.17328426472e-11	1.51953269454	0.298180281879	0.446409185115
0.100260681647	1.1019933932e-16	2.75280628922e-11	1.51953371149	0.298179264933	0.446410298483
0.100260681647	8.65235967543e-17	2.39241602178e-11	1.51953463221	0.298178344212	0.446411306509
0.100260681647	6.79344560585e-17	2.07920701447e-11	1.51953546402	0.298177512405	0.446412217197
0.100260681647	5.33390906925e-17	1.80700245351e-11	1.5195362155	0.298176760924	0.446413039944
0.100260681647	4.1879461005e-17	1.57043416846e-11	1.51953689441	0.298176082014	0.446413783243
0.100260681647	3.28818718896e-17	1.36483676889e-11	1.51953750776	0.298175468666	0.446414454765
0.100260681647	2.58173675904e-17	1.1861556399e-11	1.51953806187	0.298174914548	0.446415061441
0.100260681647	2.0265577358e-17	1.03344888121e-11	1.51953856248	0.298174413942	0.446415609532
0.100260681647	1.59044695993e-17	9.011456721e-12	1.5195390135	0.298173962921	0.446416103335
0.100260681647	1.24818621286e-17	7.85780039726e-12	1.51953941943	0.298173556992	0.446416547772
0.100260681647	9.79579201269e-18	6.85183624206e-12	1.51953978478	0.298173191645	0.446416947776
0.100260681647	7.68775819509e-18	5.97465659668e-12	1.5195401136	0.298172862825	0.446417307791
0.100260681647	6.03336863089e-18	5.20977436778e-12	1.51954040954	0.298172566878	0.446417631814
0.100260681647	4.734995676e-18	4.5428962251e-12	1.5195406759	0.298172300518	0.446417923444
0.100260681647	3.71545929298e-18	3.96584625921e-12	1.51954091563	0.298172060793	0.446418185912
0.100260681647	2.91544879612e-18	3.46209456955e-12	1.51954113111	0.298171845315	0.446418421834
0.100260681647	2.28769603931e-18	3.02233064207e-12	1.51954132479	0.298171651631	0.446418633894
0.100260681647	1.79511061174e-18	2.6384266034e-12	1.51954149889	0.298171477537	0.446418824506
0.100260681647	1.40858837875e-18	2.30328699981e-12	1.51954165537	0.298171321052	0.446418995838
0.100260681647	1.10529188466e-18	2.01071765743e-12	1.51954179603	0.298171180394	0.446419149841
0.100260681647	8.67301017387e-19	1.75531120002e-12	1.51954192246	0.298171053963	0.446419288268
0.100260681647	6.80554210304e-19	1.5323471084e-12	1.5195420361	0.29817094032	0.446419412694
0.100260681647	5.34017623495e-19	1.3377044745e-12	1.51954213825	0.298170838171	0.446419524535
0.100260681647	4.19033216042e-19	1.16778583753e-12	1.51954223007	0.298170746354	0.446419625064
0.100260681647	3.28807190791e-19	1.01945069458e-12	1.5195423126	0.298170663824	0.446419715425
0.100260681647	2.58008586739e-19	8.89957456841e-13	1.51954238678	0.298170589641	0.446419796646
0.100260681647	2.02454302175e-19	7.76912778689e-13	1.51954245346	0.298170522962	0.446419869653
0.100260681647	1.58861938386e-19	6.78227323011e-13	1.5195425134	0.298170463027	0.446419935275
0.100260681647	1.24655860867e-19	5.92077145373e-13	1.51954256727	0.298170409153	0.44641999426
0.100260681647	9.7815019298e-20	5.16869983226e-13	1.51954261569	0.298170360729	0.446420047279
0.100260681647	7.66432017023e-20	4.57329945849e-13	1.51954265922	0.298170317203	0.446420094935
0.100260681647	6.00010952114e-20	4.06121423716e-13	1.51954269777	0.298170278658	0.446420137138
0.100260681647	4.69726124522e-20	3.60646863265e-13	1.51954273175	0.298170244677	0.446420174343
0.100260681647	3.67731006278e-20	3.20264216911e-13	1.5195427617	0.298170214721	0.446420207142
0.100260681647	2.87882843757e-20	2.8440332888e-13	1.51954278811	0.298170188312	0.446420236057
0.100260681647	2.25372704677e-20	2.52557885297e-13	1.51954281139	0.29817016503	0.446420261547
0.100260681647	1.76435855694e-20	2.24278265639e-13	1.51954283192	0.298170144506	0.446420284019
0.100260681647	1.38125027811e-20	1.9916519463e-13	1.51954285001	0.298170126412	0.44642030383
0.100260681647	1.08132914328e-20	1.76864104951e-13	1.51954286596	0.298170110461	0.446420321294
0.100260681647	8.46532111163e-21	1.57060131166e-13	1.51954288002	0.298170096399	0.446420336691
0.100260681647	6.6271830231e-21	1.39473664198e-13	1.51954289242	0.298170084003	0.446420350264
0.100260681647	5.18817351169e-21	1.23856403576e-13	1.51954290335	0.298170073074	0.446420362229
0.100260681647	4.06162682694e-21	1.09987851726e-13	1.51954291298	0.29817006344	0.446420372778
0.100260681647	3.17969559537e-21	9.76722008027e-14	1.51954292148	0.298170054946	0.446420382077
0.100260681647	2.48848841964e-21	8.72615027173e-14	1.51954292896	0.298170047459	0.446420390275
0.100260681647	1.94525608283e-21	7.83376358592e-14	1.51954293552	0.2981700409	0.446420397457
0.100260681647	1.52061034111e-21	7.03263753049e-14	1.51954294123	0.298170035188	0.44642040371
0.100260681647	1.18866396472e-21	6.31343926543e-14	1.51954294621	0.298170030215	0.446420409155
0.100260681647	9.29180857137e-22	5.66779038084e-14	1.51954295054	0.298170025885	0.446420413896
0.100260681647	7.26342423443e-22	5.08816929138e-14	1.51954295431	0.298170022114	0.446420418024
0.100260681647	5.67783238093e-22	4.5678236125e-14	1.51954295759	0.298170018831	0.446420421619
0.100260681647	4.43837224592e-22	4.10069149752e-14	1.51954296045	0.298170015972	0.446420424749
0.100260681647	3.46948392706e-22	3.68133101924e-14	1.51954296294	0.298170013483	0.446420427475
0.100260681647	2.71210210621e-22	3.30485677344e-14	1.51954296511	0.298170011315	0.446420429848
0.100260681647	2.12005531287e-22	2.96688296557e-14	1.519542967	0.298170009428	0.446420431915
0.100260681647	1.65725122157e-22	2.66347231784e-14	1.51954296864	0.298170007784	0.446420433714
0.100260681647	1.29547639354e-22	2.39109020125e-14	1.51954297007	0.298170006353	0.446420435281
0.100260681647	1.01267633059e-22	2.14656345845e-14	1.51954297132	0.298170005107	0.446420436646
0.100260681647	7.91557324956e-23	1.92992907717e-14	1.5195429724	0.298170004022	0.446420437834
0.100260681647	6.18112025377e-23	1.7459034319e-14	1.51954297334	0.298170003078	0.446420438867
0.100260681647	4.8267189731e-23	1.57942529052e-14	1.51954297416	0.298170002264	0.446420439758
0.100260681647	3.76909283208e-23	1.42882143572e-14	1.51954297486	0.298170001561	0.446420440528
0.100260681647	2.9432127403e-23	1.2925781975e-14	1.51954297547	0.298170000955	0.446420441192
0.100260681647	2.29829872064e-23	1.16932623967e-14	1.51954297599	0.298170000431	0.446420441765
0.100260681647	1.79469765695e-23	1.05782679717e-14	1.51954297644	0.298169999979	0.44642044226
0.100260681647	1.40144518671e-23	9.56959225585e-15	1.51954297683	0.298169999589	0.446420442688
0.100260681647	1.09436182949e-23	8.6570973799e-15	1.51954297717	0.298169999252	0.446420443056
0.100260681647	8.54566289962e-24	7.83161215649e-15	1.51954297746	0.298169998961	0.446420443375
0.100260681647	6.67130926195e-24	7.12767097905e-15	1.51954297771	0.29816999871	0.44642044365
0.100260681647	5.16337803054e-24	6.8740070125e-15	1.51954297793	0.298169998495	0.446420443885
0.100260681647	3.99628793063e-24	6.62937059615e-15	1.5195429781	0.298169998322	0.446420444074
0.100260681647	3.09299786486e-24	6.39344045198e-15	1.51954297824	0.298169998183	0.446420444226
0.100260681647	2.39388051056e-24	6.16590673579e-15	1.51954297835	0.298169998072	0.446420444348
0.100260681647	1.85278624463e-24	5.9464706303e-15	1.51954297844	0.298169997983	0.446420444446
0.100260681647	1.43399674842e-24	5.73484395275e-15	1.51954297851	0.298169997911	0.446420444524
0.100260681647	1.10986719617e-24	5.53074877638e-15	1.51954297857	0.298169997854	0.446420444587
0.100260681647	8.59001385101e-25	5.33391706547e-15	1.51954297862	0.298169997807	0.446420444638
0.100260681647	6.64839344873e-25	5.14409032331e-15	1.51954297865	0.29816999777	0.446420444678
0.100260681647	5.14566753579e-25	4.96053384475e-15	1.51954297868	0.298169997741	0.446420444711
0.100260681647	3.98268184279e-25	4.78313145581e-15	1.51954297871	0.298169997717	0.446420444737
0.100260681647	3.08254556877e-25	4.6120734662e-15	1.51954297873	0.298169997698	0.446420444758
0.100260681647	2.38585143343e-25	4.44713298267e-15	1.51954297874	0.298169997682	0.446420444775
0.100260681647	1.84661895027e-25	4.28809122632e-15	1.51954297875	0.29816999767	0.446420444788
