0.0	0.00152236436961	0.0916023866473	0.0	0.0	0.0
3.83703179921e-19	0.00152236436958	0.0916023866467	3.13330314879e-13	3.8369307731e-13	1e-06
4.29542150632e-19	0.00152236436958	0.0916023866467	3.29068248388e-13	4.13669098975e-13	1.03833333333e-06
4.80857258488e-19	0.00152236436958	0.0916023866466	3.46035882818e-13	4.46087611294e-13	1.07813611111e-06
5.3830270836e-19	0.00152236436958	0.0916023866466	3.64329302217e-13	4.80837591965e-13	1.11946466204e-06
6.02610859487e-19	0.00152236436958	0.0916023866466	3.84052098268e-13	5.184741525e-13	1.16237747408e-06
6.74601562155e-19	0.00152236436957	0.0916023866465	4.05315956902e-13	5.58997292898e-13	1.20693527725e-06
7.55192609787e-19	0.00152236436957	0.0916023866465	4.28241290756e-13	6.02629057766e-13	1.25320112955e-06
8.45411439686e-19	0.00152236436957	0.0916023866464	4.52957921044e-13	6.4970251401e-13	1.30124050618e-06
9.46408231609e-19	0.00152236436957	0.0916023866464	4.79605812703e-13	7.00439706236e-13	1.35112139225e-06
1.05947057115e-18	0.00152236436956	0.0916023866463	5.08335866984e-13	7.55173701349e-13	1.40291437895e-06
1.18603986486e-18	0.00152236436956	0.0916023866462	5.3931077598e-13	8.14237566259e-13	1.45669276348e-06
1.32772971648e-18	0.00152236436956	0.0916023866462	5.72705943906e-13	8.7785334557e-13	1.51253265274e-06
1.48634649833e-18	0.00152236436955	0.0916023866461	6.08710480384e-13	9.46465128492e-13	1.5705130711e-06
1.66391238042e-18	0.00152236436955	0.091602386646	6.47528271324e-13	1.02040598193e-12	1.63071607215e-06
1.8626911106e-18	0.00152236436955	0.0916023866459	6.8937913349e-13	1.1001199951e-12	1.69322685492e-06
2.08521687461e-18	0.00152236436954	0.0916023866459	7.34500059273e-13	1.18605125721e-12	1.75813388436e-06
2.3343266038e-18	0.00152236436954	0.0916023866458	7.83146558725e-13	1.27875487976e-12	1.82552901659e-06
2.6131961426e-18	0.00152236436953	0.0916023866457	8.35594106464e-13	1.37867495198e-12	1.89550762889e-06
2.9253807366e-18	0.00152236436953	0.0916023866455	8.9213970162e-13	1.48636658537e-12	1.96816875466e-06
3.27486035761e-18	0.00152236436952	0.0916023866454	9.53103549682e-13	1.60249591374e-12	2.04361522359e-06
3.66609044344e-18	0.00152236436952	0.0916023866453	1.01883087575e-12	1.72772907092e-12	2.12195380716e-06
4.10405869925e-18	0.00152236436951	0.0916023866451	1.08969387947e-12	1.86273219071e-12	2.20329536976e-06
4.59434868471e-18	0.0015223643695	0.091602386645	1.16609384272e-12	2.00828242924e-12	2.2877550256e-06
5.14321099759e-18	0.0015223643695	0.0916023866448	1.24846340199e-12	2.16515694262e-12	2.37545230158e-06
5.75764296117e-18	0.00152236436949	0.0916023866446	1.33726899829e-12	2.33435493157e-12	2.46651130647e-06
6.44547783162e-18	0.00152236436948	0.0916023866444	1.43301351854e-12	2.51676457452e-12	2.56106090655e-06
7.2154846624e-18	0.00152236436947	0.0916023866442	1.53623914325e-12	2.71338507218e-12	2.65923490796e-06
8.07748009897e-18	0.00152236436946	0.091602386644	1.64753041685e-12	2.92543766988e-12	2.7611722461e-06
9.04245352904e-18	0.00152236436945	0.0916023866438	1.76751755776e-12	3.15403259065e-12	2.86701718219e-06
1.01227071838e-17	0.00152236436943	0.0916023866435	1.89688002725e-12	3.40039107981e-12	2.9769195075e-06
1.13320129763e-17	0.00152236436942	0.0916023866432	2.03635037702e-12	3.6660674496e-12	3.09103475528e-06
1.26857880766e-17	0.00152236436941	0.0916023866429	2.18671839754e-12	3.95261601225e-12	3.2095244209e-06
1.42012914617e-17	0.00152236436939	0.0916023866426	2.34883559042e-12	4.2613690354e-12	3.33255619036e-06
1.58978439465e-17	0.00152236436938	0.0916023866422	2.52361999029e-12	4.59432492048e-12	3.46030417764e-06
1.77970745005e-17	0.00152236436936	0.0916023866419	2.71206136345e-12	4.95337104664e-12	3.59294917111e-06
1.99231959907e-17	0.00152236436934	0.0916023866415	2.91522681268e-12	5.34039479302e-12	3.73067888932e-06
2.23033138662e-17	0.00152236436932	0.091602386641	3.13426682001e-12	5.75761660567e-12	3.87368824673e-06
2.49677717192e-17	0.0015223643693	0.0916023866405	3.3704217617e-12	6.20758999755e-12	4.02217962951e-06
2.7950538129e-17	0.00152236436927	0.09160238664	3.62502893214e-12	6.6925354147e-12	4.17636318196e-06
3.12896397198e-17	0.00152236436925	0.0916023866395	3.89953011674e-12	7.21556148159e-12	4.33645710392e-06
3.50276459536e-17	0.00152236436922	0.0916023866389	4.19547975639e-12	7.77933273349e-12	4.50268795955e-06
3.92122118387e-17	0.00152236436919	0.0916023866382	4.51455374996e-12	8.38717983946e-12	4.67529099797e-06
4.38966854728e-17	0.00152236436916	0.0916023866375	4.85855894453e-12	9.04243346858e-12	4.8545104862e-06
4.91407881663e-17	0.00152236436912	0.0916023866368	5.2294433672e-12	9.74897940144e-12	5.04060005481e-06
5.50113758156e-17	0.00152236436909	0.091602386636	5.62930725633e-12	1.05108144409e-11	5.23382305688e-06
6.1583291234e-17	0.00152236436905	0.0916023866351	6.0604149547e-12	1.13320464122e-11	5.4344529407e-06
6.89403183065e-17	0.001522364369	0.0916023866342	6.52520773209e-12	1.22174492743e-11	5.64277363672e-06
7.71762501315e-17	0.00152236436896	0.0916023866332	7.02631760955e-12	1.31721300532e-11	5.85907995941e-06
8.6396084768e-17	0.00152236436891	0.0916023866321	7.56658226406e-12	1.4201306797e-11	6.08367802447e-06
9.67173638328e-17	0.00152236436885	0.0916023866309	8.14906109762e-12	1.53109747101e-11	6.31688568202e-06
1.08271671012e-16	0.00152236436879	0.0916023866296	8.77705256201e-12	1.65072400191e-11	6.55903296644e-06
1.21206309593e-16	0.00152236436873	0.0916023866283	9.4541128372e-12	1.7797097129e-11	6.81046256342e-06
1.356861804e-16	0.00152236436866	0.0916023866268	1.01840759693e-11	1.91876514673e-11	7.07153029494e-06
1.51895884077e-16	0.00152236436859	0.0916023866252	1.09710755817e-11	2.06868966397e-11	7.34260562282e-06
1.70042074525e-16	0.00152236436851	0.0916023866235	1.18195682832e-11	2.23033813635e-11	7.6240721716e-06
1.9035609348e-16	0.00152236436843	0.0916023866216	1.27343589046e-11	2.40459874229e-11	7.9163282714e-06
2.13096919842e-16	0.00152236436833	0.0916023866197	1.37206277076e-11	2.59249288697e-11	8.21978752168e-06
2.38554471337e-16	0.00152236436823	0.0916023866175	1.47839597194e-11	2.7950530778e-11	8.53487937654e-06
2.67053300615e-16	0.00152236436813	0.0916023866152	1.59303763592e-11	3.01345615119e-11	8.86204975249e-06
2.98956732897e-16	0.00152236436801	0.0916023866127	1.71663695369e-11	3.24891225024e-11	9.2017616595e-06
3.3467149793e-16	0.00152236436789	0.09160238661	1.84989384148e-11	3.5027647448e-11	9.55449585625e-06
3.74652915292e-16	0.00152236436776	0.0916023866071	1.99356290424e-11	3.77645692481e-11	9.92075153052e-06
4.19410699161e-16	0.00152236436761	0.091602386604	2.14845770883e-11	4.07153200027e-11	1.03010470056e-05
4.69515456545e-16	0.00152236436746	0.0916023866006	2.31545539107e-11	4.38966640795e-11	1.06959204739e-05
5.25605961827e-16	0.00152236436729	0.091602386597	2.49550162274e-11	4.73265870915e-11	1.11059307584e-05
5.88397300354e-16	0.00152236436711	0.0916023865931	2.68961596674e-11	5.10245179415e-11	1.15316581038e-05
6.58689984904e-16	0.00152236436691	0.0916023865889	2.89889765067e-11	5.50114398448e-11	1.19737049974e-05
7.3738016124e-16	0.0015223643667	0.0916023865843	3.12453179147e-11	5.93097793065e-11	1.24326970219e-05
8.25471032878e-16	0.00152236436648	0.0916023865794	3.36779610653e-11	6.3943961233e-11	1.29092837406e-05
9.240856507e-16	0.00152236436623	0.0916023865741	3.63006814908e-11	6.89402979101e-11	1.34041396168e-05
1.03448123048e-15	0.00152236436597	0.0916023865684	3.91283310904e-11	7.43271000248e-11	1.39179649682e-05
1.15806518086e-15	0.00152236436568	0.0916023865623	4.21769222327e-11	8.01346766657e-11	1.4451486958e-05
1.29641304606e-15	0.00152236436538	0.0916023865556	4.54637184304e-11	8.63961124789e-11	1.50054606239e-05
1.45128859217e-15	0.00152236436505	0.0916023865485	4.90073321002e-11	9.31467125567e-11	1.5580669947e-05
1.62466629298e-15	0.00152236436469	0.0916023865408	5.28278299604e-11	1.00424890615e-10	1.61779289607e-05
1.81875650216e-15	0.00152236436431	0.0916023865325	5.69468466647e-11	1.08271724907e-10	1.67980829032e-05
2.03603363249e-15	0.00152236436389	0.0916023865235	6.13877073145e-11	1.16731624353e-10	1.74420094133e-05
2.27926770165e-15	0.00152236436345	0.0916023865139	6.61755595439e-11	1.25852550587e-10	1.81106197728e-05
2.55155964655e-15	0.00152236436297	0.0916023865034	7.13375159253e-11	1.35686240003e-10	1.8804860196e-05
2.85638085646e-15	0.00152236436245	0.0916023864922	7.69028075018e-11	1.46288203751e-10	1.95257131685e-05
3.197617429e-15	0.00152236436189	0.0916023864801	8.29029493168e-11	1.5771861592e-10	2.02741988381e-05
3.57961971313e-15	0.00152236436129	0.0916023864671	8.93719188765e-11	1.7004209149e-10	2.10513764582e-05
4.00725777074e-15	0.00152236436064	0.091602386453	9.6346348557e-11	1.8332857451e-10	2.18583458868e-05
4.48598346405e-15	0.00152236435994	0.0916023864378	1.03865733046e-10	1.97653116057e-10	2.26962491432e-05
5.0218999601e-15	0.00152236435918	0.0916023864215	1.11972652993e-10	2.13096984457e-10	2.35662720242e-05
5.62183953874e-15	0.00152236435837	0.0916023864038	1.20713016131e-10	2.29747554262e-10	2.44696457819e-05
6.29345069579e-15	0.00152236435749	0.0916023863848	1.30136317249e-10	2.47699083405e-10	2.54076488666e-05
7.04529565202e-15	0.00152236435655	0.0916023863643	1.40295918463e-10	2.67053379339e-10	2.63816087357e-05
7.88695951098e-15	0.00152236435553	0.0916023863422	1.51249351399e-10	2.87919799031e-10	2.73929037327e-05
8.82917245736e-15	0.00152236435443	0.0916023863184	1.63058642977e-10	3.10416803277e-10	2.84429650374e-05
9.88394655368e-15	0.00152236435324	0.0916023862927	1.75790666663e-10	3.34671512613e-10	2.95332786915e-05
1.10647288794e-14	0.00152236435196	0.0916023862651	1.89517521153e-10	3.60821483672e-10	3.06653877016e-05
1.23865729648e-14	0.00152236435058	0.0916023862352	2.04316938655e-10	3.89014598161e-10	3.18408942231e-05
1.38663307049e-14	0.0015223643491	0.091602386203	2.2027272507e-10	4.19410728194e-10	3.3061461827e-05
1.55228672006e-14	0.0015223643475	0.0916023861683	2.37475234565e-10	4.52181847317e-10	3.43288178548e-05
1.73773012657e-14	0.00152236434577	0.0916023861309	2.56021881229e-10	4.87513584819e-10	3.56447558626e-05
1.94532746658e-14	0.00152236434391	0.0916023860906	2.7601769071e-10	5.25606002889e-10	3.70111381595e-05
2.17772535217e-14	0.0015223643419	0.0916023860471	2.9757589495e-10	5.6667481786e-10	3.8429898443e-05
2.43788657206e-14	0.00152236433974	0.0916023860002	3.20818573395e-10	6.10952510431e-10	3.9903044536e-05
2.72912786348e-14	0.0015223643374	0.0916023859496	3.45877344301e-10	6.58689991006e-10	4.14326612275e-05
3.05516219651e-14	0.00152236433489	0.0916023858952	3.72894110064e-10	7.10157487866e-10	4.30209132237e-05
3.42014610996e-14	0.00152236433217	0.0916023858364	4.0202186078e-10	7.65646434555e-10	4.4670048211e-05
3.82873270206e-14	0.00152236432925	0.0916023857731	4.33425540593e-10	8.25471024186e-10	4.63824000371e-05
4.28613095185e-14	0.0015223643261	0.0916023857048	4.67282981743e-10	8.89970096825e-10	4.81603920138e-05
4.79817212721e-14	0.0015223643227	0.0916023856311	5.03785911583e-10	9.59508915844e-10	5.00065403468e-05
5.37138412641e-14	0.00152236431903	0.0916023855517	5.43141038297e-10	1.03448127735e-09	5.19234576959e-05
6.01307470081e-14	0.00152236431508	0.0916023854662	5.8557122144e-10	1.11531161959e-09	5.3913856873e-05
6.73142461972e-14	0.00152236431082	0.0916023853739	6.31316733942e-10	1.20245768753e-09	5.59805546811e-05
7.53559196519e-14	0.00152236430623	0.0916023852744	6.80636622723e-10	1.29641308631e-09	5.81264759006e-05
8.4358288863e-14	0.00152236430128	0.0916023851671	7.33810175617e-10	1.39770972378e-09	6.03546574283e-05
9.44361230152e-14	0.00152236429594	0.0916023850515	7.9113850292e-10	1.50692125218e-09	6.26682525754e-05
1.05717902153e-13	0.00152236429018	0.0916023849268	8.52946242509e-10	1.62466628775e-09	6.50705355301e-05
1.18347455143e-13	0.00152236428398	0.0916023847924	9.19583398198e-10	1.7516114084e-09	6.75649059907e-05
1.32485793318e-13	0.00152236427729	0.0916023846475	9.91427321729e-10	1.88847548353e-09	7.01548939775e-05
1.48313163169e-13	0.00152236427007	0.0916023844912	1.06888484963e-09	2.03603355982e-09	7.28441648281e-05
1.66031344271e-13	0.0015223642623	0.0916023843228	1.15239460706e-09	2.19512130213e-09	7.56365243844e-05
1.85866221722e-13	0.00152236425391	0.0916023841412	1.24242949161e-09	2.3666395454e-09	7.8535924379e-05
2.08070665902e-13	0.00152236424487	0.0916023839454	1.33949935125e-09	2.55155951272e-09	8.15464680273e-05
2.32927756257e-13	0.00152236423513	0.0916023837343	1.44415387147e-09	2.75092847744e-09	8.46724158345e-05
2.60754390215e-13	0.00152236422462	0.0916023835067	1.55698568802e-09	2.96587531432e-09	8.7918191625e-05
2.91905323238e-13	0.00152236421329	0.0916023832613	1.67863374289e-09	3.19761727184e-09	9.12883888028e-05
3.26777691517e-13	0.00152236420108	0.0916023829967	1.80978690251e-09	3.4474666336e-09	9.47877768525e-05
3.65816074968e-13	0.00152236418791	0.0916023827115	1.95118785858e-09	3.71683815676e-09	9.84213080882e-05
4.09518165078e-13	0.00152236417371	0.091602382404	2.10363733386e-09	4.00725739873e-09	0.000102194124663
4.58441109856e-13	0.0015223641584	0.0916023820724	2.2679986164e-09	4.32036893282e-09	0.000106111565845
5.13208616786e-13	0.0015223641419	0.091602381715	2.44520244819e-09	4.65794567412e-09	0.000110179175574
5.7451890432e-13	0.00152236412411	0.0916023813296	2.63625229573e-09	5.02189942662e-09	0.000114402710307
6.43153603305e-13	0.00152236410493	0.0916023809141	2.84223003244e-09	5.41429109723e-09	0.000118788147166
7.19987721803e-13	0.00152236408425	0.0916023804662	3.06430206505e-09	5.83734268623e-09	0.000123341692394
8.06000800363e-13	0.00152236406195	0.0916023799832	3.30372593869e-09	6.29344983274e-09	0.000128069790139
9.02289399948e-13	0.00152236403791	0.0916023794625	3.56185745809e-09	6.78519547052e-09	0.000132979131576
1.01008108172e-12	0.001522364012	0.0916023789012	3.84015836519e-09	7.31536414977e-09	0.000138076664373
1.13075005692e-12	0.00152236398406	0.0916023782959	4.14020461663e-09	7.88695824646e-09	0.000143369602524
1.26583470635e-12	0.00152236395393	0.0916023776434	4.46369530804e-09	8.50321439358e-09	0.00014886543656
1.41705719281e-12	0.00152236392145	0.0916023769399	4.81246229561e-09	9.16762235492e-09	0.000154571944147
1.58634541652e-12	0.00152236388644	0.0916023761814	5.18848056944e-09	9.88394456503e-09	0.000160497201094
1.77585759344e-12	0.00152236384868	0.0916023753636	5.59387943747e-09	1.06562373344e-08	0.000166649592782
1.98800976981e-12	0.00152236380798	0.091602374482	6.03095458323e-09	1.14888740533e-08	0.000173037826029
2.2255066237e-12	0.0015223637641	0.0916023735314	6.50218106571e-09	1.23865697275e-08	0.000179670941415
2.49137594627e-12	0.00152236371679	0.0916023725066	7.01022733504e-09	1.33544078455e-08	0.000186558326071
2.78900724229e-12	0.00152236366578	0.0916023714018	7.55797034328e-09	1.43978690229e-08	0.000193709726967
3.12219494199e-12	0.00152236361078	0.0916023702105	8.14851183583e-09	1.55228621989e-08	0.000201135264707
3.49518677529e-12	0.00152236355149	0.0916023689263	8.78519591589e-09	1.67357578326e-08	0.000208845447845
3.91273792495e-12	0.00152236348757	0.0916023675416	9.47162798123e-09	1.80434243177e-08	0.000216851187764
4.38017164905e-12	0.00152236341865	0.0916023660488	1.02116951406e-08	1.94532667299e-08	0.000225163814111
4.90344714577e-12	0.00152236334435	0.0916023644393	1.10095882256e-08	2.09732686815e-08	0.000233795090833
5.48923552547e-12	0.00152236326424	0.0916023627041	1.18698255219e-08	2.26120375085e-08	0.000242757232827
6.14500485877e-12	0.00152236317787	0.0916023608333	1.27972783553e-08	2.43788532302e-08	0.000252062923221
6.87911538482e-12	0.00152236308475	0.0916023588163	1.3797198677e-08	2.62837208417e-08	0.000261725331324
7.70092609345e-12	0.00152236298436	0.0916023566417	1.48752488032e-08	2.83374273787e-08	0.000271758131266
8.62091404009e-12	0.00152236287612	0.0916023542972	1.60375334799e-08	3.05516023139e-08	0.000282175521343
9.65080791449e-12	0.00152236275943	0.0916023517695	1.72906344523e-08	3.29387839479e-08	0.000292992244115
1.0803737566e-11	0.00152236263361	0.0916023490443	1.86416477345e-08	3.55124904639e-08	0.000304223607264
1.2094401392e-11	0.00152236249797	0.0916023461062	2.00982237933e-08	3.82872959777e-08	0.000315885505258
1.35392537223e-11	0.00152236235173	0.0916023429384	2.16686108695e-08	4.1278913804e-08	0.000327994441846
1.51567145905e-11	0.00152236219406	0.0916023395232	2.33617016855e-08	4.45042843866e-08	0.000340567553406
1.69674045637e-11	0.00152236202407	0.0916023358412	2.51870838021e-08	4.79816724423e-08	0.000353622633202
1.89944076276e-11	0.0015223618408	0.0916023318714	2.71550939094e-08	5.17307695454e-08	0.000367178156558
2.12635654747e-11	0.00152236164321	0.0916023275914	2.92768763603e-08	5.57728058162e-08	0.000381253307006
2.38038069506e-11	0.00152236143018	0.091602322977	3.15644462768e-08	6.01306702689e-08	0.000395868003428
2.66475168563e-11	0.00152236120051	0.0916023180021	3.40307575879e-08	6.48290403742e-08	0.000411042928245
2.98309488088e-11	0.00152236095289	0.0916023126385	3.66897763822e-08	6.98945217256e-08	0.000426799556684
3.3394687423e-11	0.00152236068592	0.0916023068557	3.95565599933e-08	7.53557989178e-08	0.000443160187165
3.73841657066e-11	0.00152236039809	0.0916023006211	4.26473422634e-08	8.12437975281e-08	0.000460147972855
4.18502442656e-11	0.00152236008777	0.0916022938994	4.59796254687e-08	8.75918598646e-08	0.000477786954429
4.68498597011e-11	0.00152235975321	0.0916022866525	4.95722794278e-08	9.44359330371e-08	0.000496102094091
5.24467504662e-11	0.0015223593925	0.0916022788393	5.34456483532e-08	1.01814773238e-07	0.00051511931089
5.87122694345e-11	0.00152235900361	0.0916022704156	5.76216660514e-08	1.09770164566e-07	0.000534865517399
6.57262935391e-11	0.00152235858434	0.0916022613338	6.21239801239e-08	1.1834715628e-07	0.000555368657792
7.35782420785e-11	0.0015223581323	0.0916022515423	6.69780858715e-08	1.27594317041e-07	0.000576657747389
8.23682166706e-11	0.00152235764494	0.0916022409857	7.22114706619e-08	1.3756401091e-07	0.000598762913702
9.22082773854e-11	0.00152235711951	0.0916022296044	7.78537695753e-08	1.48312693001e-07	0.000621715439068
1.03223871326e-10	0.00152235655301	0.0916022173337	8.39369332121e-08	1.59901229668e-07	0.000645547804909
1.15555431869e-10	0.00152235594226	0.0916022041042	9.04954086094e-08	1.72395243004e-07	0.000670293737687
1.29360168944e-10	0.00152235528378	0.0916021898411	9.75663342946e-08	1.8586548232e-07	0.000695988256621
1.4481407319e-10	0.00152235457385	0.0916021744634	1.05189750576e-07	2.00388224826e-07	0.000722667723234
1.62114159512e-10	0.00152235380846	0.0916021578843	1.13408826265e-07	2.16045707722e-07	0.00075036989279
1.81480978661e-10	0.00152235298325	0.0916021400097	1.22270103108e-07	2.32926593382e-07	0.000779133967716
2.03161428835e-10	0.00152235209358	0.0916021207385	1.3182375932e-07	2.51126472058e-07	0.000809000653054
2.27431903153e-10	0.00152235113438	0.0916020999615	1.42123893703e-07	2.70748402112e-07	0.000840012214049
2.54601813109e-10	0.00152235010024	0.0916020775611	1.5322883196e-07	2.91903494767e-07	0.000872212535933
2.8501753293e-10	0.0015223489853	0.0916020534105	1.65201456946e-07	3.14711542259e-07	0.00090564718601
3.19066815108e-10	0.00152234778324	0.0916020273728	1.78109564708e-07	3.3930169641e-07	0.000940363478105
3.57183733388e-10	0.00152234648725	0.0916019993006	1.92026248354e-07	3.65813200139e-07	0.000976410539491
3.99854216221e-10	0.00152234509001	0.091601969035	2.07030311896e-07	3.94396175268e-07	0.00101383938037
4.47622241197e-10	0.00152234358359	0.0916019364047	2.23206716428e-07	4.25212473059e-07	0.00105270296604
5.01096769428e-10	0.00152234195947	0.0916019012247	2.40647061164e-07	4.58436590024e-07	0.00109305629175
5.60959508249e-10	0.00152234020846	0.091601863296	2.59450102045e-07	4.94256656562e-07	0.00113495646055
6.27973601174e-10	0.00152233832062	0.0916018224037	2.79722310858e-07	5.32875500986e-07	0.00117846276397
7.02993355868e-10	0.00152233628529	0.0916017783162	3.01578478034e-07	5.74511799028e-07	0.00122363676591
7.86975134099e-10	0.00152233409092	0.0916017307841	3.2514236253e-07	6.19401310721e-07	0.00127054238966
8.8098954247e-10	0.0015223317251	0.091601679538	3.50547392471e-07	6.67798215969e-07	0.00131924600829
9.86235079272e-10	0.00152232917443	0.0916016242878	3.77937420519e-07	7.19976552818e-07	0.00136981653848
1.10405341137e-09	0.00152232642447	0.0916015647207	4.0746753824e-07	7.76231768955e-07	0.00142232553795
1.23594647579e-09	0.00152232345965	0.0916015004993	4.3930495408e-07	8.36882394451e-07	0.0014768473066
1.38359562397e-09	0.00152232026318	0.0916014312601	4.73629939903e-07	9.0227184427e-07	0.00153345899152
1.5488830525e-09	0.00152231681696	0.0916013566109	5.10636851458e-07	9.72770362555e-07	0.00159224069604
1.73391579355e-09	0.00152231310148	0.0916012761291	5.50535228539e-07	1.04877711834e-06	0.0016532755929
1.94105257054e-09	0.0015223090957	0.091601189359	5.93550981055e-07	1.13072246421e-06	0.00171665004176
2.17293386126e-09	0.00152230477694	0.0916010958092	6.39927667719e-07	1.21907037277e-06	0.00178245371122
2.4325155514e-09	0.00152230012075	0.0916009949501	6.89927874586e-07	1.31432106227e-06	0.0018507797055
2.72310660725e-09	0.00152229510077	0.0916008862106	7.43834701223e-07	1.41701382707e-06	0.00192172469589
3.04841124737e-09	0.00152228968858	0.0916007689749	8.01953362915e-07	1.52773009016e-06	0.00199538905728
3.41257615044e-09	0.00152228385354	0.0916006425793	8.64612917959e-07	1.64709669294e-06	0.0020718770099
3.8202433006e-09	0.0015222775626	0.0916005063082	9.321681298e-07	1.77578944209e-06	0.00215129676642
4.27660914317e-09	0.00152227078017	0.0916003593899	1.00500147452e-06	1.91453693327e-06	0.00223376068465
4.78749080414e-09	0.00152226346783	0.0916002009927	1.08352530505e-06	2.06412467383e-06	0.00231938542614
5.35940021667e-09	0.00152225558419	0.0916000302197	1.16818418423e-06	2.22539952584e-06	0.0024082921207
5.99962709827e-09	0.00152224708463	0.0915998461041	1.25945740004e-06	2.3992744975e-06	0.00250060653726
6.71633183516e-09	0.00152223792103	0.0915996476034	1.35786167702e-06	2.58673390674e-06	0.00259645926123
7.51864945599e-09	0.00152222804151	0.0915994335939	1.46395409927e-06	2.78883894914e-06	0.0026959858785
8.41680601861e-09	0.00152221739016	0.091599202864	1.57833526158e-06	3.00673369877e-06	0.00279932716658
9.42224889062e-09	0.00152220590669	0.0915989541073	1.70165266623e-06	3.24165157821e-06	0.00290662929284
1.05477925819e-08	0.00152219352609	0.0915986859157	1.83460438484e-06	3.49492233192e-06	0.0030180440204
1.18077819843e-08	0.00152218017829	0.0915983967708	1.97794300578e-06	3.76797954476e-06	0.0031337289217
1.32182750945e-08	0.00152216578775	0.0915980850359	2.13247988938e-06	4.06236874498e-06	0.00325384760023
1.47972475456e-08	0.00152215027303	0.0915977489462	2.29908975485e-06	4.37975613987e-06	0.00337856992062
1.65648215457e-08	0.00152213354632	0.0915973865993	2.47871562482e-06	4.72193803198e-06	0.0035080722474
1.85435221365e-08	0.00152211551297	0.091596995944	2.67237415518e-06	5.09085096787e-06	0.0036425376928
2.07585640281e-08	0.00152209607093	0.0915965747692	2.88116138028e-06	5.48858267916e-06	0.00378215637388
2.32381726546e-08	0.00152207511021	0.0915961206909	3.10625890559e-06	5.91738387354e-06	0.00392712567925
2.601394353e-08	0.00152205251219	0.091595631139	3.34894058281e-06	6.37968094557e-06	0.00407765054597
2.91212444689e-08	0.00152202814903	0.0915951033429	3.61057970466e-06	6.87808967486e-06	0.00423394374666
3.25996657778e-08	0.00152200188291	0.0915945343154	3.8926567597e-06	7.4154299913e-06	0.00439622618747
3.6493524133e-08	0.00152197356524	0.0915939208364	4.19676779074e-06	7.99474188792e-06	0.00456472721715
4.08524265378e-08	0.00152194303585	0.0915932594341	4.52463340345e-06	8.61930257167e-06	0.00473968494764
4.57319015124e-08	0.00152191012208	0.0915925463659	4.87810847553e-06	9.29264494567e-06	0.00492134658658
5.11941055201e-08	0.00152187463779	0.091591777597	5.25919262073e-06	1.00185775288e-05	0.00510996878215
5.73086135827e-08	0.00152183638233	0.0915909487778	5.67004146601e-06	1.08012059206e-05	0.00530581798074
6.41533040997e-08	0.00152179513941	0.0915900552191	6.11297880471e-06	1.16449559327e-05	0.00550917079773
7.18153490763e-08	0.00152175067587	0.0915890918659	6.5905096932e-06	1.25545985143e-05	0.00572031440197
8.03923222895e-08	0.00152170274037	0.0915880532686	7.10533456395e-06	1.35352766105e-05	0.00593954691437
8.9993439409e-08	0.001521651062	0.0915869335528	7.66036443316e-06	1.45925340991e-05	0.00616717782098
1.00740945747e-07	0.00152159534873	0.0915857263854	8.25873728721e-06	1.57323469711e-05	0.00640352840123
1.12771669167e-07	0.00152153528578	0.0915844249396	8.9038357385e-06	1.69611569205e-05	0.00664893217155
1.26238757747e-07	0.00152147053386	0.0915830218563	9.59930604809e-06	1.82859075328e-05	0.00690373534513
1.41313624122e-07	0.00152140072726	0.0915815092024	1.03490786198e-05	1.97140832662e-05	0.00716829730806
1.58188120992e-07	0.0015213254718	0.0915798784262	1.11573900786e-05	2.1253751444e-05	0.00744299111261
1.77076975205e-07	0.00152124434263	0.0915781203097	1.20288070537e-05	2.29136074808e-05	0.00772820398787
1.98220511006e-07	0.00152115688185	0.0915762249162	1.29682517973e-05	2.47030235942e-05	0.00802433786847
2.21887696682e-07	0.00152106259596	0.0915741815351	1.39810297772e-05	2.66321012623e-05	0.00833180994187
2.48379552828e-07	0.00152096095307	0.0915719786212	1.50728593949e-05	2.87117277103e-05	0.00865105321453
2.78032964963e-07	0.00152085137999	0.09156960373	1.62499039889e-05	3.09536367322e-05	0.00898251709773
3.11224948198e-07	0.001520733259	0.0915670434484	1.75188062954e-05	3.33704741711e-05	0.00932666801324
3.48377417278e-07	0.00152060592441	0.0915642833188	1.88867255542e-05	3.59758684078e-05	0.00968399001962
3.89962521512e-07	0.00152046865889	0.0915613077589	2.03613774546e-05	3.87845062322e-05	0.0100549854593
4.36508611059e-07	0.00152032068949	0.0915580999739	2.19510771377e-05	4.18122144964e-05	0.0104401756272
4.88606908757e-07	0.00152016118333	0.0915546418629	2.36647854809e-05	4.50760479798e-05	0.0108401014609
5.46918970296e-07	0.00151998924301	0.0915509139182	2.55121589086e-05	4.85943839218e-05	0.0112553242531
6.12185025131e-07	0.0015198039017	0.0915468951158	2.75036029924e-05	5.23870237134e-05	0.0116864263866
6.85233301173e-07	0.00151960411775	0.091542562799	2.96503301166e-05	5.64753022698e-05	0.0121340120923
7.66990448202e-07	0.00151938876905	0.0915378925518	3.19644215104e-05	6.08822056398e-05	0.0125987082294
8.58493188108e-07	0.00151915664679	0.0915328580638	3.44588939635e-05	6.56324974491e-05	0.0130811650899
9.60901334731e-07	0.00151890644895	0.0915274309839	3.7147771565e-05	7.07528548069e-05	0.0135820572254
1.07551234239e-06	0.00151863677312	0.0915215807635	4.00461628287e-05	7.62720143512e-05	0.0141020842981
1.20377756019e-06	0.00151834610897	0.0915152744875	4.31703435887e-05	8.22209291458e-05	0.0146419719543
1.3473203893e-06	0.00151803283	0.091508476693	4.65378460764e-05	8.86329371881e-05	0.0152024727211
1.50795656258e-06	0.00151769518479	0.0915011491739	5.01675546141e-05	9.554394233e-05	0.0157843669259
1.68771679042e-06	0.00151733128763	0.091493250771	5.40798083862e-05	0.000102992608463	0.0163884636377
1.88887204406e-06	0.00151693910837	0.0914847371466	5.82965117791e-05	0.000111020567859	0.0170156016304
2.11396177737e-06	0.00151651646165	0.0914755605419	6.2841252804e-05	0.00011967264462	0.0176666503658
2.36582542152e-06	0.0015160609953	0.0914656695173	6.77394301518e-05	0.00012899709422	0.0183425109966
2.64763752336e-06	0.00151557017797	0.0914550086722	7.30183894521e-05	0.000139045860179	0.0190441173873
2.96294693842e-06	0.00151504128581	0.0914435183456	7.87075693423e-05	0.000149874848969	0.0197724371515
3.31572053388e-06	0.00151447138835	0.0914311342937	8.48386579787e-05	0.000161544224267	0.0205284727033
3.71039190514e-06	0.00151385733331	0.0914177873451	9.14457606516e-05	0.000174118721739	0.0213132623205
4.15191566265e-06	0.00151319573043	0.0914034030299	9.85655791931e-05	0.00018766798557	0.0221278812176
4.64582790394e-06	0.00151248293418	0.0913879011834	0.000106237603893	0.000202266927983	0.0229734426234
5.19831354866e-06	0.00151171502543	0.0913711955206	0.000114504318657	0.00021799611302	0.0238510988619
5.81628128334e-06	0.00151088779177	0.0913531931816	0.000123411420178	0.000234942165885	0.0247620424293
6.5074469373e-06	0.00150999670675	0.091333794244	0.000133008051874	0.000253198209144	0.0257075070644
7.28042619124e-06	0.00150903690767	0.0913128912024	0.000143347053402	0.000272864327075	0.0266887688053
8.14483760716e-06	0.00150800317215	0.091290368412	0.000154485226521	0.000294048059447	0.0277071470253
9.11141706096e-06	0.00150688989321	0.0912661014939	0.000166483618105	0.000316864925951	0.0287640054418
1.01921447581e-05	0.00150569105293	0.0912399567012	0.000179407821066	0.000341438982452	0.0298607530884
1.14003861185e-05	0.00150440019468	0.0912117902431	0.000193328293947	0.000367903410122	0.0309988452404
1.27510479259e-05	0.00150301039379	0.0911814475643	0.000208320699882	0.000396401138406	0.0321797842836
1.42607512553e-05	0.00150151422671	0.0911487625796	0.00022446626559	0.00042708550257	0.0334051205126
1.59480228097e-05	0.00149990373872	0.0911135568591	0.00024185216095	0.000460120936394	0.034676452846
1.78335064201e-05	0.00149817041006	0.0910756387644	0.000260571899658	0.000495683700283	0.035995429442
1.99401965885e-05	0.00149630512061	0.0910348025328	0.000280725761273	0.000533962644727	0.0373637481961
2.22936960737e-05	0.00149429811319	0.0909908273073	0.000302421234858	0.000575160008628	0.0387831571037
2.49224996384e-05	0.00149213895554	0.0909434761128	0.000325773484162	0.000619492251536	0.0402554544631
2.78583061882e-05	0.00148981650111	0.0908924947756	0.000350905834085	0.000667190918177	0.0417824888967
3.11363616277e-05	0.00148731884877	0.0908376107864	0.000377950277849	0.000718503533017	0.0433661591623
3.47958348401e-05	0.0014846333018	0.0907785321059	0.000407048003939	0.000773694521689	0.0450084137262
3.88802292499e-05	0.00148174632626	0.0907149459144	0.000438349941469	0.00083304615518	0.0467112500638
4.34378324454e-05	0.00147864350918	0.0906465173049	0.000472017322111	0.000896859511476	0.0484767136533
4.85222063151e-05	0.00147530951693	0.0905728879222	0.000508222256162	0.000965455448063	0.0503068966226
5.41927200679e-05	0.00147172805425	0.0904936745512	0.00054714831962	0.00103917557711	0.0522039360061
6.05151283515e-05	0.0014678818246	0.090408467657	0.000588991148389	0.0011183832334	0.0541700115646
6.75621964441e-05	0.00146375249235	0.0903168298842	0.000633959034787	0.00120346442312	0.0562073431185
7.541437414e-05	0.00145932064784	0.0902182945195	0.00068227352057	0.00129482873925	0.0583181873372
8.41605194702e-05	0.001454565776	0.0901123639283	0.000734169979441	0.00139291022678	0.060504833928
9.38986727586e-05	0.00144946622986	0.0899985079759	0.00078989818078	0.0014981681782	0.0627696011586
0.000104736880691	0.00144399920999	0.0898761624448	0.000849722824796	0.00161108783639	0.0651148306472
0.000116794069038	0.00143814075137	0.0897447274658	0.00091392403773	0.00173218097866	0.0675428813476
0.000130200961365	0.00143186571933	0.0896035659806	0.000982797813896	0.00186198635187	0.0700561226539
0.000145101039508	0.0014251478162	0.0894520022581	0.00105665638941	0.00200106992439	0.0726569265455
0.000161651539656	0.00141795960085	0.0892893204913	0.00113582853033	0.00215002491639	0.0753476586913
0.000180024475636	0.00141027252314	0.089114763503	0.00122065971567	0.00230947156521	0.0781306684284
0.00020040767829	0.00140205697576	0.0889275315971	0.00131151219337	0.00248005657788	0.0810082775304
0.000223005836756	0.00139328236609	0.0887267815929	0.0014087648847	0.0026624522179	0.0839827676809
0.000248041523857	0.00138391721077	0.0885116260875	0.00151281311027	0.00285735496877	0.0870563665695
0.00027575618376	0.00137392925586	0.088281132997	0.00162406810812	0.00306548371189	0.0902312325308
0.00030641105552	0.00136328562583	0.0880343254305	0.00174295631188	0.00328757735257	0.0935094376531
0.000340288001127	0.00135195300422	0.0877701819591	0.00186991835502	0.00352439182422	0.0968929492947
0.000377690201216	0.00133989784924	0.087487637346	0.00200540776502	0.00377669639824	0.100383609954
0.000418942675881	0.00132708664714	0.0871855838097	0.00214988930984	0.00404526922618	0.10398311546
0.000464392581995	0.00131348620619	0.0868628728977	0.00230383695862	0.00433089204096	0.107692991466
0.000514409232438	0.0012990639937	0.0865183180505	0.00246773141793	0.00463434394723	0.111514568256
0.000569383776781	0.0012837885178	0.0861506979412	0.0026420572066	0.00495639423602	0.115448953909
0.000629728477625	0.00126762975529	0.0857587606747	0.00282729923416	0.00529779416838	0.119497005886
0.000695875512284	0.00125055962579	0.0853412289327	0.00302393885205	0.00565926768496	0.123659301173
0.000768275226369	0.00123255251113	0.0848968061461	0.00323244935266	0.00604150101647	0.12793610513
0.000847393764471	0.00121358581794	0.0844241837724	0.00345329089917	0.00644513119207	0.132327339274
0.000933710004287	0.00119364057922	0.0839220497451	0.0036869048795	0.006870733471	0.136832548276
0.00102771172474	0.00117270208918	0.0833890981503	0.00393370769073	0.00731880775653	0.141450866512
0.00112989094667	0.00115076056328	0.0828240401682	0.00419408397593	0.00778976409161	0.146180984584
0.00124073839703	0.0011278118132	0.0822256162943	0.00446837935389	0.00828390738104	0.151021116296
0.00136073706522	0.001103857924	0.0815926098298	0.00475689270317	0.00880142153636	0.155968966648
0.00149035484292	0.00107890791807	0.0809238615945	0.00505986808556	0.00934235329545	0.161021701465
0.00163003626802	0.00105297838834	0.0802182857821	0.00537748641962	0.00990659602693	0.166175919386
0.00178019342762	0.00102609408074	0.0794748868306	0.0057098570413	0.0104938738892	0.171427626942
0.00194119611553	0.000998288404088	0.0786927771386	0.00605700931629	0.0111037267719	0.176772217558
0.0021133613843	0.000969603844384	0.0778711954032	0.00641888449467	0.0117354964986	0.182204455302
0.00229694268011	0.000940092259655	0.0770095253083	0.00679532802249	0.0123883148168	0.187718464257
0.00249211879829	0.000909815032013	0.0761073142378	0.00718608254512	0.0130610937275	0.193307724341
0.00269898294562	0.000878843054832	0.0751642916416	0.00759078185171	0.0137525187248	0.198965074414
0.00291753223993	0.000847256535616	0.0741803866384	0.00800894601719	0.0144610455044	0.204682723383
0.00314792557698	0.000815107325422	0.0734089551522	0.00843998710654	0.015186211244	0.210452269977
0.0033900419328	0.000782473585884	0.0727321205232	0.00888175644092	0.0159278951028	0.216244822064
0.00364316966013	0.000749494891838	0.0720255786156	0.0093326166072	0.0166829924738	0.222039698418
0.00390676897483	0.000716274510063	0.0712891184997	0.00979151426239	0.0174490493741	0.227825297722
0.00418015365795	0.000682923158917	0.0705226862596	0.0102572690075	0.0182233922408	0.233589493279
0.00446249094265	0.000649557709877	0.069726396505	0.0107285820737	0.0190031525438	0.239319738131
0.00475280516699	0.000616299663557	0.0689005422867	0.0112040480925	0.0197852979635	0.245003183712
0.00504998546677	0.000583273428031	0.068045602998	0.0116821699028	0.0205666697972	0.250626810694
0.00535279762591	0.000550604438691	0.0671622498662	0.0121613762223	0.021344025959	0.256177570091
0.00565990001837	0.000518417169294	0.066251348674	0.0126400418731	0.0221140886281	0.261642532145
0.00596986337391	0.000486833092598	0.0653139594079	0.0131165101211	0.022873595308	0.267009039948
0.00628119389389	0.000455968655202	0.0643513326107	0.0135891165649	0.0236193518081	0.272264864373
0.00659235904667	0.000425933334208	0.0633649023082	0.0140562139091	0.0243482854633	0.277398356495
0.00690181520194	0.000396827842691	0.0623562754936	0.0145161968823	0.025057496795	0.282398593575
0.00720803613348	0.00036874254649	0.0613272182696	0.0149675265217	0.0257443078008	0.287255514621
0.0075095413433	0.000341756146574	0.0602796388766	0.0154087530513	0.0264063051444	0.291960041751
0.0078048782501	0.000315938528574	0.0591626157531	0.0158385366199	0.0270412168766	0.296504183954
0.00808874097551	0.0002916854292	0.0564399386491	0.01625596162	0.0276328590036	0.300885069295
0.00836437625218	0.000268676120136	0.0537683578573	0.0166714337071	0.0281840580785	0.305219812552
0.00863108304688	0.000246939425363	0.0511465839469	0.0170837771377	0.0286947847136	0.309502893753
0.00888820890658	0.000226492746478	0.0485653081313	0.0174919853698	0.0291650525626	0.313730068833
0.0091353237321	0.000207330053553	0.0460304733265	0.0178952999389	0.0295954053089	0.317899155635
0.0093721131514	0.000189432418414	0.0435603311121	0.0182930832527	0.0299866457656	0.322008684366
0.00959830210661	0.000172775046	0.0411562466531	0.0186846992068	0.0303396852918	0.32605666024
0.00981378309154	0.000157318898879	0.0388202804533	0.0190696503726	0.0306558170711	0.330041984447
0.0100185344078	0.000143018175912	0.0365696562414	0.0194475550453	0.030936451197	0.333964234136
0.0102125562057	0.000129825594518	0.0343954579687	0.0198179853922	0.0311830637864	0.33782199942
0.0103960210208	0.000117682965698	0.0323108981587	0.0201807140951	0.0313974219688	0.341615473771
0.0105690562631	0.000106536639594	0.0303152019164	0.0205354620094	0.0315811399921	0.345343854756
0.0107319270918	9.63259143964e-05	0.02840901285	0.0208820415657	0.0317361074173	0.349006867516
0.0108848878324	8.69931611273e-05	0.0265957779224	0.0212203141782	0.031864065526	0.352604353944
0.0110282719494	7.84784865376e-05	0.0248729469443	0.0215501531136	0.031966920128	0.356135907826
0.0111624008681	7.07255317248e-05	0.0232408071056	0.0218714911882	0.0320464165063	0.359601414792
0.0112876615966	6.3677044843e-05	0.0216995100243	0.0221842840225	0.0321044099272	0.363000693987
0.011404411731	5.72804084664e-05	0.0202426596543	0.0224884876278	0.0321426067158	0.36633327733
0.0115130639337	5.14829376164e-05	0.0188731745304	0.0227841497219	0.032162724151	0.369599445765
0.0116140060659	4.62362276752e-05	0.0175836689673	0.0230712597407	0.0321664084118	0.37279860665
0.0117076349234	4.14942228444e-05	0.0163727481419	0.0233498971932	0.0321551882432	0.375930963892
0.0117943557481	3.72131868383e-05	0.0152383686229	0.0236201375008	0.0321305694265	0.378996506412
0.0118745560689	3.33528652562e-05	0.0141732815272	0.023882050406	0.0320939653808	0.381995002966
0.0119486125935	2.98759711099e-05	0.0131749263797	0.0241357884978	0.0320466319798	0.384927048397
0.0120169156022	2.67469033667e-05	0.0122424535586	0.0243815108736	0.0319898143416	0.387793228565
0.0120798296845	2.39334161526e-05	0.0113721497599	0.0246193378053	0.0319246860844	0.390593599139
0.0121376842227	2.14067879689e-05	0.0105455835383	0.0248494035273	0.0318522753218	0.393328310496
0.0121908051887	1.91402709124e-05	0.00976773712158	0.0250721738977	0.0317732369212	0.396001472815
0.0122395651949	1.71068857804e-05	0.00904478788014	0.0252879894655	0.0316884451181	0.398615788212
0.0122842743285	1.52838662558e-05	0.00837322674658	0.0254969829457	0.0315987847133	0.401171464613
0.0123252267355	1.36504539893e-05	0.0077497146301	0.0256992944036	0.0315050659466	0.403668776583
0.0123626377014	1.21901853058e-05	0.00709791769437	0.0258950698458	0.0314078633869	0.406108061867
0.0123963983599	1.09001092561e-05	0.00637460221484	0.0260864311853	0.0313049090821	0.40851470498
0.0124272982375	9.74427473174e-06	0.00572370619339	0.0262773565685	0.0311944046158	0.410938797099
0.0124555755814	8.70914127854e-06	0.00513821600208	0.0264678092528	0.0310770957392	0.413380592326
0.0124814496171	7.7824531394e-06	0.00461175320277	0.026657756254	0.0309536639008	0.415840343846
0.0125051219137	6.95313306224e-06	0.00413852541297	0.0268471679914	0.0308247313192	0.418318303946
0.0125267776815	6.21118169025e-06	0.00371327928199	0.0270360179661	0.0306908657416	0.420814724095
0.0125467383538	5.54253929221e-06	0.00338616905663	0.0272242832373	0.0305529649568	0.42332985505
0.0125650033826	4.94430351868e-06	0.00309249573531	0.0274087575081	0.0304142905923	0.425820654922
0.012581682485	4.41002017623e-06	0.00282397741083	0.0275891732848	0.0302754423373	0.428282508368
0.0125969054783	3.93296314788e-06	0.0025785094432	0.0277655977451	0.0301367284425	0.430715244657
0.0126107924596	3.50709385253e-06	0.00235415524066	0.0279380992955	0.0299984245538	0.433118711147
0.012623454426	3.12699456822e-06	0.00214913415071	0.0281067472701	0.0298607763908	0.435492773224
0.0126349938691	2.78780755869e-06	0.00196181000389	0.0282716116605	0.0297240022456	0.4378373142
0.0126455053427	2.48517962432e-06	0.00179068031511	0.028432762877	0.0295882953094	0.440152235178
0.0126550760026	2.21521169751e-06	0.00163436613795	0.0285902715354	0.0294538258352	0.442437454884
0.0126637861197	1.97441310764e-06	0.00149160255999	0.0287442082682	0.0293207431432	0.444692909463
0.0126717095651	1.75966015172e-06	0.00136122982111	0.0288946435589	0.0291891774782	0.446918552244
0.0126789142682	1.56815862162e-06	0.001242185033	0.0290416475944	0.0290592417266	0.449114353479
0.0126854626486	1.39740995582e-06	0.00113349447473	0.0291852901369	0.0289310330011	0.451280300047
0.0126914120218	1.24518070274e-06	0.00103426643737	0.0293256404112	0.0288046341026	0.453416395138
0.0126968149802	1.10947500225e-06	0.000943684589383	0.0294627670063	0.0286801148644	0.455522657909
0.0127017197499	9.88509812277e-07	0.000861001833958	0.0295967377912	0.0285575333893	0.457599123117
0.012706170524	8.80692627262e-07	0.000785534629391	0.0297276198412	0.0284369371848	0.459645840743
0.0127102077747	7.84601454501e-07	0.000716657743879	0.0298554793761	0.0283183642049	0.461662875579
0.0127138685435	6.98966833515e-07	0.000653799416813	0.0299803817065	0.0282018438039	0.463650306822
0.0127171066469	6.24488941729e-07	0.000561900697341	0.0301023909486	0.0280872157156	0.465608227635
0.0127200018495	5.59027633455e-07	0.000468635144387	0.0302292241839	0.0279669525986	0.467661166785
0.0127226074409	5.01174747266e-07	0.000380499254188	0.0303653235388	0.0278367383875	0.469884408355
0.0127249467378	4.50254807073e-07	0.000298495371168	0.0305155259654	0.0276917927766	0.472362909534
0.01272782981	3.88918509595e-07	0.000200301990722	0.0306873957504	0.0275263618953	0.475231531683
0.0127297915848	3.48305680975e-07	0.000173452673097	0.0309081634821	0.0273099469339	0.478968566245
0.0127316752134	3.10554283408e-07	0.000156915148296	0.0311364137713	0.0270858407308	0.482895724696
0.0127334110763	2.76890451185e-07	0.00014193444709	0.0313614137008	0.0268646270319	0.486831718221
0.0127350100367	2.46879655102e-07	0.00012832467017	0.031583235309	0.0266462633144	0.490776669959
0.0127364830311	2.2011824151e-07	0.000116018357374	0.0318020253146	0.0264306317938	0.494732100939
0.0127378480422	1.96109676045e-07	0.000106257774812	0.0320178233385	0.0262177359906	0.498697675003
0.0127391051373	1.74695768798e-07	9.74186130118e-05	0.0322278036492	0.0260104061442	0.50261910856
0.0127402595458	1.55638271632e-07	8.86640405797e-05	0.032431885343	0.0258087385148	0.506491170188
0.0127413077865	1.38857983623e-07	7.92117548896e-05	0.0326316972804	0.0256111011017	0.510341680753
0.0127422741486	1.23856506739e-07	7.10422085405e-05	0.0328312409251	0.0254135461508	0.51424714667
0.012743163865	1.10464697069e-07	6.38009838507e-05	0.0330297032174	0.0252169001612	0.518192476081
0.0127439824978	9.85180964066e-08	5.73656447983e-05	0.0332268069107	0.0250214542551	0.522172483815
0.0127447431976	8.77559375502e-08	5.25830050717e-05	0.0334223259797	0.0248274632507	0.526182688656
0.0127454420376	7.81675846458e-08	4.81982379151e-05	0.0336123745987	0.0246388072433	0.530141472452
0.012746083638	6.96251433741e-08	4.41820213116e-05	0.0337971035487	0.0244553468588	0.534048218565
0.0127466723502	6.20141809062e-08	4.05046087161e-05	0.033976644447	0.0242769610575	0.537902040601
0.0127472121357	5.52339717292e-08	3.71326598163e-05	0.0341511184578	0.0241035382201	0.54170194696
0.0127477067626	4.91938105749e-08	3.40436433418e-05	0.0343206666345	0.0239349462209	0.545447503161
0.0127481597199	4.38131261638e-08	3.12119195503e-05	0.0344854122631	0.0237710699423	0.549138016581
0.0127485742504	3.90201654403e-08	2.86149981526e-05	0.0346454850367	0.0236117871897	0.552773064563
0.0127489533643	3.47510451201e-08	2.62312801976e-05	0.0348010174617	0.0234569723339	0.556352423611
0.0127492998992	3.09483924166e-08	2.40457784163e-05	0.0349521518105	0.023306489492	0.559876238993
0.0127496160313	2.756592802e-08	2.18562092255e-05	0.0350990109867	0.0231602207697	0.563344348707
0.0127499024668	2.45762621339e-08	1.96695757889e-05	0.0352429427325	0.0230168205817	0.566786193642
0.0127501644161	2.1908649819e-08	1.77888686375e-05	0.0353855364771	0.0228747098611	0.570238686334
0.0127504057576	1.95104210443e-08	1.63063664876e-05	0.0355261034253	0.0227345851125	0.573684434221
0.0127506259611	1.73744021761e-08	1.49472127315e-05	0.0356626895828	0.022598399903	0.577073607727
0.012750826769	1.54719322344e-08	1.37020168289e-05	0.0357954065062	0.0224660463784	0.580406198561
0.0127510097909	1.3777487277e-08	1.256086891e-05	0.0359243544579	0.0223374276614	0.583682034816
0.0127511765054	1.22684065462e-08	1.15146138805e-05	0.0360496341758	0.0222124460937	0.586901069558
0.0127513271225	1.09346761464e-08	1.0389505708e-05	0.0361713489954	0.0220909991052	0.590063437913
0.0127514642323	9.74657692448e-09	9.36799300403e-06	0.0362915868785	0.0219710036703	0.593221804801
0.0127515896796	8.68272119685e-09	8.55004877671e-06	0.0364104532311	0.0218523579081	0.596378281372
0.0127517042657	7.7314479422e-09	7.83645590109e-06	0.0365264907505	0.0217365207708	0.599492914131
0.0127518084607	6.88428660573e-09	7.18248588935e-06	0.0366392420435	0.0216239507059	0.602551338338
0.0127519031703	6.12976975104e-09	6.5844919224e-06	0.0367487970547	0.0215145595571	0.605553749451
0.0127519892038	5.4578664364e-09	6.03621786752e-06	0.0368552203601	0.0214082843379	0.608499741995
0.012752067317	4.85954955971e-09	5.53308290276e-06	0.0369586007289	0.0213050377473	0.611389667368
0.0127521382004	4.3268028247e-09	5.07132066704e-06	0.0370590328052	0.0212047264727	0.614224147368
0.0127522024988	3.85240711279e-09	4.64804636562e-06	0.0371566106983	0.0211072576349	0.617003898034
0.0127522608044	3.42992585792e-09	4.26137207888e-06	0.0372514148837	0.0210125518789	0.619729349859
0.0127523136483	3.05370922992e-09	3.90714699096e-06	0.0373434939246	0.020920561641	0.622400096893
0.0127523615005	2.71883686912e-09	3.57481466422e-06	0.0374329174881	0.0208312181348	0.625016413931
0.0127524045201	2.42278819298e-09	3.22857514719e-06	0.0375199469355	0.0207442603482	0.627584337634
0.0127524434949	2.15896535524e-09	2.91585844018e-06	0.0376058212704	0.0206584506604	0.63013938019
0.0127524790083	1.92247766444e-09	2.66817571313e-06	0.0376905557285	0.0205737748591	0.632681409679
0.0127525111992	1.71154136559e-09	2.44601172711e-06	0.0377730223165	0.0204913612189	0.635175586076
0.0127525403152	1.5237308356e-09	2.24232584669e-06	0.0378531187801	0.0204113124509	0.637617369151
0.0127525666393	1.35651308984e-09	2.05558328759e-06	0.0379309127777	0.0203335614048	0.640007373066
0.0127525904298	1.2076322762e-09	1.88437652796e-06	0.0380064700589	0.0202580427913	0.642346229761
0.0127526119222	1.07507913451e-09	1.72742870625e-06	0.0380798545173	0.0201846931339	0.64463458744
0.0127526313311	9.57064272505e-10	1.58354886138e-06	0.0381511276528	0.0201134513106	0.646873090524
0.012752648852	8.5199509531e-10	1.45164125973e-06	0.0382203493999	0.0200442577286	0.649062402291
0.0127526646627	7.58452716483e-10	1.33071091119e-06	0.0382875784444	0.0199770540116	0.651203212278
0.0127526789251	6.75173609092e-10	1.2198453912e-06	0.0383528718108	0.0199117834147	0.653296220664
0.0127526917864	6.01031799901e-10	1.11828398159e-06	0.0384162849091	0.0198483907814	0.65534213697
0.0127527033814	5.3501912627e-10	1.02534898464e-06	0.0384778673267	0.0197868267543	0.65734154033
0.0127527138301	4.76252159631e-10	9.40130559924e-07	0.0385376604607	0.0197270501407	0.659294795053
0.0127527232427	4.23936198143e-10	8.61988697569e-07	0.0385957160169	0.0196690094211	0.661202651531
0.0127527317191	3.77363623395e-10	7.90336395896e-07	0.0386520842216	0.0196126545378	0.66306586459
0.0127527393502	3.35904367986e-10	7.24635278703e-07	0.0387068138626	0.0195579368547	0.664885192408
0.0127527462182	2.98996759191e-10	6.64416265779e-07	0.0387599523304	0.0195048091188	0.666661395486
0.0127527523975	2.66142062975e-10	6.0919845979e-07	0.0388115436307	0.0194532274477	0.668395167397
0.0127527579421	2.36965217045e-10	5.50409656738e-07	0.038861632524	0.0194031471715	0.670087270964
0.0127527628295	2.11506243341e-10	4.82349515897e-07	0.0389109955286	0.0193537917427	0.671763422009
0.0127527672647	1.88637250491e-10	4.34042047323e-07	0.0389612688699	0.0193035252584	0.673479295667
0.0127527713271	1.67905345491e-10	3.98066279044e-07	0.0390110977309	0.0192537026614	0.675188841492
0.01275277498	1.49450714099e-10	3.65070133622e-07	0.0390594626336	0.0192053433765	0.676856645696
0.0127527782639	1.33022950532e-10	3.34825884004e-07	0.0391064063905	0.0191584046571	0.678483497126
0.0127527812152	1.18399933439e-10	3.07087248963e-07	0.039151967874	0.0191128476897	0.680070087987
0.0127527838668	1.05383592252e-10	2.8164501065e-07	0.0391961873163	0.0190686322951	0.681617195506
0.0127527862485	9.37975037749e-11	2.58309227724e-07	0.0392391040786	0.0190257191602	0.683125603519
0.0127527883873	8.34846030861e-11	2.36905651543e-07	0.0392807563763	0.0189840701124	0.684596091133
0.0127527903075	7.43046055966e-11	2.17318579878e-07	0.0393211813123	0.0189436480877	0.686029432082
0.0127527920312	6.61325815985e-11	1.99378268824e-07	0.0393604067178	0.01890442529	0.687426101877
0.0127527935779	5.88589133686e-11	1.82918057085e-07	0.039398462073	0.0188663722699	0.688786661459
0.0127527949655	5.23848978346e-11	1.67815933239e-07	0.0394353821466	0.0188294542868	0.690111888669
0.01275279621	4.66226693909e-11	1.53959933407e-07	0.0394712006812	0.0187936376235	0.691402553261
0.0127527973254	4.14965643556e-11	1.40814581511e-07	0.0395059504234	0.0187588895553	0.692659416454
0.0127527983195	3.696088212e-11	1.27529082341e-07	0.0395397686136	0.0187250728543	0.693887065805
0.0127527992113	3.29208592413e-11	1.15496728535e-07	0.0395730294083	0.0186918133931	0.695098814336
0.0127528000158	2.93018295691e-11	1.05894577895e-07	0.0396057419658	0.0186591020363	0.69629480383
0.0127528007375	2.60770514574e-11	9.72110714956e-08	0.039637500364	0.0186273447134	0.69745992781
0.0127528013842	2.32070367914e-11	8.92392421257e-08	0.039668290059	0.0185965559803	0.698593312515
0.0127528019634	2.06527756556e-11	8.19208036196e-08	0.0396981405041	0.0185667063953	0.699695712095
0.0127528024822	1.837954524e-11	7.52022390761e-08	0.0397270802625	0.0185377674059	0.700767869128
0.0127528029467	1.63564390214e-11	6.90344110729e-08	0.0397551370337	0.0185097113222	0.701810514413
0.0127528033626	1.45559476077e-11	6.33722036896e-08	0.0397823376796	0.018482511291	0.702824366779
0.0127528037348	1.2953585582e-11	5.81741937487e-08	0.0398087082489	0.0184561412709	0.703810132944
0.012752804068	1.15271465215e-11	5.34385635973e-08	0.0398342740025	0.0184305760083	0.704768507383
0.0127528043662	1.02575905803e-11	4.909476887e-08	0.0398590417801	0.0184058086695	0.705699507659
0.012752804633	9.12781477463e-12	4.51039051825e-08	0.0398830329075	0.0183818179341	0.706603706648
0.0127528048716	8.12243505036e-12	4.14373140593e-08	0.039906271676	0.0183585795158	0.707481803519
0.0127528050849	7.2277596993e-12	3.8068662312e-08	0.0399287816203	0.0183360698842	0.70833448352
0.0127528052757	6.43160329902e-12	3.49737535639e-08	0.0399505855428	0.018314266241	0.709162417984
0.0127528054463	5.72312109377e-12	3.21303550312e-08	0.0399717055354	0.0182931464978	0.70996626436
0.0127528055988	5.09266157294e-12	2.95180383278e-08	0.0399921630021	0.0182726892538	0.710746666261
0.0127528057351	4.53148122986e-12	2.71402073421e-08	0.0400119786798	0.018252873775	0.71150425353
0.0127528058569	4.03196635856e-12	2.49629786485e-08	0.040031156345	0.0182336962873	0.712239016621
0.0127528059658	3.5874998896e-12	2.29603455245e-08	0.040049708997	0.0182151437938	0.712951305799
0.0127528060631	3.19201723413e-12	2.11183139082e-08	0.0400676569637	0.0181971959685	0.713641761703
0.0127528061499	2.84012166138e-12	1.94240106202e-08	0.0400850199145	0.0181798331439	0.714311009632
0.0127528062275	2.52701078786e-12	1.78655936657e-08	0.0401018168815	0.0181630362895	0.714959659724
0.0127528062968	2.24841115284e-12	1.64321697056e-08	0.0401180662798	0.0181467869916	0.715588307148
0.0127528063587	2.00051999139e-12	1.51137181259e-08	0.0401337859276	0.0181310674335	0.716197532305
0.0127528064139	1.77993102963e-12	1.39097212237e-08	0.040148993065	0.0181158603761	0.716787901039
0.0127528064632	1.5835389031e-12	1.28121302079e-08	0.0401636949957	0.0181011585167	0.717359599906
0.0127528065073	1.40881153356e-12	1.18011213387e-08	0.0401778957254	0.0180869578506	0.717912691604
0.0127528065466	1.25335963325e-12	1.08698676034e-08	0.0401916123134	0.0180732413194	0.718447752198
0.0127528065816	1.11505732791e-12	1.00120799841e-08	0.0402048612397	0.0180599924436	0.718965341863
0.0127528066129	9.92013128197e-13	9.22196509517e-09	0.0402176584254	0.018047195303	0.719466005188
0.0127528066408	8.82544098496e-13	8.49418615381e-09	0.0402300192508	0.0180348345178	0.71995027149
0.0127528066657	7.8515287104e-13	7.8238270202e-09	0.0402419585743	0.0180228952302	0.720418655132
0.0127528066879	6.98506763978e-13	7.20656945255e-09	0.0402534907494	0.0180113630871	0.720871655831
0.0127528067078	6.21358123993e-13	6.64875236589e-09	0.0402646293105	0.0180002245544	0.721309745925
0.0127528067255	5.5272895389e-13	6.1341015416e-09	0.0402753692008	0.0179894846895	0.7217326697
0.0127528067412	4.91678657891e-13	5.6592777925e-09	0.040285724672	0.0179791292411	0.722140934033
0.0127528067553	4.37370458445e-13	5.22120010794e-09	0.0402957094674	0.0179691444658	0.722535030123
0.0127528067678	3.89059941327e-13	4.8170257065e-09	0.0403053368403	0.0179595171108	0.722915433884
0.012752806779	3.46084864058e-13	4.44413162842e-09	0.0403146195712	0.017950234396	0.723282606336
0.0127528067889	3.07856088406e-13	4.1000977489e-09	0.0403235699843	0.0179412839971	0.723636994001
0.0127528067978	2.73849513045e-13	3.78269110284e-09	0.0403321999644	0.0179326540297	0.723979029283
0.0127528068057	2.43621048192e-13	3.47414234608e-09	0.0403405209718	0.0179243330337	0.724309130846
0.0127528068127	2.16841693106e-13	3.17357308994e-09	0.0403485810495	0.017916272966	0.724629173487
0.012752806819	1.93005724528e-13	2.89900489833e-09	0.040356434708	0.0179084193164	0.724941296953
0.0127528068246	1.71677843291e-13	2.67871863711e-09	0.0403640872289	0.0179007668035	0.725245690199
0.0127528068296	1.52686212191e-13	2.47825280359e-09	0.0403714540203	0.0178934000192	0.725538964007
0.012752806834	1.35795248153e-13	2.29278624927e-09	0.0403785359785	0.0178863180674	0.725821126308
0.012752806838	1.20772633127e-13	2.12119701215e-09	0.0403853441074	0.0178795099442	0.726092589338
0.0127528068415	1.07411736363e-13	1.96244701956e-09	0.0403918889863	0.0178729650703	0.726353750699
0.0127528068447	9.55287749423e-14	1.8155758195e-09	0.0403981807868	0.0178666732744	0.726604993827
0.0127528068475	8.49602880814e-14	1.67969478001e-09	0.0404042292876	0.0178606247776	0.726846688449
0.01275280685	7.55608905346e-14	1.55398172169e-09	0.0404100438904	0.0178548101783	0.727079191034
0.0127528068522	6.72012742802e-14	1.437675951e-09	0.0404156336339	0.0178492204379	0.727302845225
0.0127528068542	5.97664310559e-14	1.33007366448e-09	0.0404210072083	0.0178438468664	0.727517982268
0.0127528068559	5.31540713477e-14	1.23052369625e-09	0.0404261729679	0.0178386811093	0.727724921422
0.0127528068575	4.72730781547e-14	1.13858845217e-09	0.0404311389449	0.0178337151345	0.72792397036
0.0127528068589	4.20361720505e-14	1.05606878998e-09	0.0404359121561	0.0178289419253	0.728115397278
0.0127528068601	3.73793603933e-14	9.79528944377e-10	0.0404404883035	0.0178243657796	0.728299017341
0.0127528068612	3.32383931242e-14	9.08535677324e-10	0.0404448755188	0.017819978566	0.728475144966
0.0127528068622	2.95561353203e-14	8.42687128834e-10	0.0404490815981	0.0178157724881	0.728644082225
0.0127528068631	2.62817794121e-14	7.81610545455e-10	0.0404531140163	0.0178117400711	0.728806119306
0.0127528068639	2.33701446001e-14	7.24960173087e-10	0.0404569799403	0.0178078741482	0.728961534957
0.0127528068646	2.07810538229e-14	6.72415302237e-10	0.0404606862413	0.0178041678482	0.729110596911
0.0127528068652	1.84787796947e-14	6.236784547e-10	0.0404642395072	0.0178006145832	0.729253562307
0.0127528068658	1.64315517789e-14	5.7847370145e-10	0.0404676460542	0.017797208037	0.729390678087
0.0127528068662	1.46111184119e-14	5.36545102241e-10	0.0404709119382	0.0177939421537	0.729522181383
0.0127528068667	1.29923570372e-14	4.97655258144e-10	0.0404740429652	0.0177908111273	0.729648299895
0.0127528068671	1.15529276824e-14	4.61583968825e-10	0.0404770447016	0.0177878093914	0.729769252247
0.0127528068674	1.02720069524e-14	4.28893438899e-10	0.0404799224846	0.017784931609	0.729885248338
0.0127528068677	9.13271835772e-15	3.98673695088e-10	0.0404826762445	0.0177821778494	0.729996280535
0.012752806868	8.11978393531e-15	3.70583041652e-10	0.0404853101855	0.0177795439089	0.730102513789
0.0127528068682	7.219191206e-15	3.44471497107e-10	0.0404878295193	0.0177770245754	0.730204154114
0.0127528068685	6.41848150589e-15	3.20199642972e-10	0.0404902392311	0.0177746148639	0.7303013988
0.0127528068686	5.70657770881e-15	2.97637880081e-10	0.0404925440895	0.0177723100057	0.730394436772
0.0127528068688	5.07363104668e-15	2.7666573723e-10	0.0404947486559	0.0177701054397	0.730483448933
0.012752806869	4.51088491091e-15	2.57171228471e-10	0.0404968572929	0.0177679968028	0.730568608499
0.0127528068691	4.0105537531e-15	2.39050255642e-10	0.040498874174	0.017765979922	0.730650081317
0.0127528068692	3.56571541117e-15	2.22206052944e-10	0.0405008032907	0.0177640508054	0.730728026169
0.0127528068693	3.17021537305e-15	2.0654867061e-10	0.0405026484614	0.0177622056348	0.730802595072
0.0127528068694	2.81858165452e-15	1.91994494922e-10	0.0405044133382	0.0177604407582	0.730873933554
0.0127528068695	2.50592971561e-15	1.78533714139e-10	0.0405061014143	0.0177587526822	0.730942180928
0.0127528068696	2.22773043325e-15	1.66247528263e-10	0.0405077154046	0.0177571386921	0.731007445216
0.0127528068697	1.98041484811e-15	1.54806796382e-10	0.0405092562596	0.0177555978372	0.731069763233
0.0127528068697	1.76055462147e-15	1.44153345115e-10	0.0405107272927	0.0177541268041	0.731129267482
0.0127528068698	1.56510196528e-15	1.34233003261e-10	0.0405121316672	0.0177527224296	0.731186084552
0.0127528068698	1.39134740391e-15	1.24995326518e-10	0.0405134724033	0.0177513816936	0.731240335376
0.0127528068699	1.23688222344e-15	1.16393341142e-10	0.0405147523843	0.0177501017127	0.731292135483
0.0127528068699	1.09956508844e-15	1.08383305217e-10	0.0405159743627	0.0177488797344	0.731341595233
0.0127528068699	9.77492363856e-16	1.0092448635e-10	0.0405171409666	0.0177477131305	0.731388820048
0.01275280687	8.68971730602e-16	9.39789546505e-11	0.040518254705	0.0177465993921	0.731433910631
0.01275280687	7.72498729656e-16	8.7511389944e-11	0.0405193179733	0.0177455361239	0.731476963169
0.01275280687	6.86735909439e-16	8.14889022472e-11	0.0405203330581	0.0177445210391	0.731518069541
0.01275280687	6.10494287685e-16	7.58808645864e-11	0.0405213021429	0.0177435519544	0.731557317503
0.01275280687	5.42711777711e-16	7.06913271688e-11	0.0405222273118	0.0177426267855	0.731594790874
0.0127528068701	4.82412650978e-16	6.59294346542e-11	0.0405231101396	0.0177417439577	0.73163055289
0.0127528068701	4.28813063714e-16	6.14883013408e-11	0.0405239515607	0.0177409025366	0.731664640896
0.0127528068701	3.81168681522e-16	5.73463221563e-11	0.040524753517	0.0177401005804	0.731697133096
0.0127528068701	3.38817864462e-16	5.34833471346e-11	0.0405255178592	0.0177393362381	0.731728104056
0.0127528068701	3.01172480249e-16	4.98805834272e-11	0.0405262463515	0.0177386077458	0.731757624869
0.0127528068701	2.6770973798e-16	4.6520503913e-11	0.0405269406752	0.0177379134222	0.731785763317
0.0127528068701	2.37964929026e-16	4.33867619611e-11	0.0405276024328	0.0177372516646	0.731812584027
0.0127528068701	2.11524974332e-16	4.04641119313e-11	0.0405282331515	0.0177366209459	0.731838148613
0.0127528068701	1.88022688546e-16	3.77383350288e-11	0.0405288342871	0.0177360198103	0.731862515816
0.0127528068702	1.67131681344e-16	3.51961701501e-11	0.0405294072272	0.0177354468702	0.731885741639
0.0127528068702	1.48561825185e-16	3.28252493859e-11	0.040529953294	0.0177349008034	0.731907879473
0.0127528068702	1.32055226556e-16	3.06140378664e-11	0.0405304737479	0.0177343803495	0.731928980218
0.0127528068702	1.17382358075e-16	2.85551811722e-11	0.0405309697903	0.0177338843071	0.731949092399
0.0127528068702	1.04331231064e-16	2.66679214561e-11	0.0405314425086	0.0177334115888	0.731968259943
0.0127528068702	9.27311757517e-17	2.49053916389e-11	0.0405318924027	0.0177329616947	0.731986502974
0.0127528068702	8.24208589471e-17	2.32593485124e-11	0.0405323205746	0.0177325335229	0.732003866036
0.0127528068702	7.32568844765e-17	2.17220936215e-11	0.040532728073	0.0177321260245	0.732020391535
0.0127528068702	6.5111799001e-17	2.02864372675e-11	0.040533115896	0.0177317382014	0.732036119835
0.0127528068702	5.78723195319e-17	1.89456648889e-11	0.0405334849937	0.0177313691037	0.732051089359
0.0127528068702	5.14377579987e-17	1.76935056647e-11	0.0405338362701	0.0177310178274	0.732065336682
0.0127528068702	4.57186209653e-17	1.65241031907e-11	0.0405341705856	0.0177306835118	0.732078896619
0.0127528068702	4.0635365023e-17	1.54319880949e-11	0.0405344887592	0.0177303653383	0.732091802308
0.0127528068702	3.61172905528e-17	1.44120524604e-11	0.0405347915701	0.0177300625274	0.732104085292
0.0127528068702	3.2101558475e-17	1.34595259402e-11	0.0405350797602	0.0177297743373	0.732115775596
0.0127528068702	2.8532316314e-17	1.25699534492e-11	0.0405353540353	0.0177295000622	0.7321269018
0.0127528068702	2.53599214237e-17	1.173917433e-11	0.0405356150674	0.0177292390301	0.732137491106
0.0127528068702	2.25394230074e-17	1.09748239486e-11	0.0405358634957	0.0177289906018	0.732147569408
0.0127528068702	2.00312533219e-17	1.02667658213e-11	0.0405360996721	0.0177287544254	0.732157150929
0.0127528068702	1.78021893927e-17	9.60438874481e-12	0.0405363240427	0.0177285300548	0.732166253735
0.0127528068702	1.58211729303e-17	8.9847456111e-12	0.0405365371976	0.0177283168998	0.732174901732
0.0127528068702	1.40606017096e-17	8.40507943905e-12	0.0405367396976	0.0177281143998	0.732183117634
0.0127528068702	1.24959449968e-17	7.8628111094e-12	0.0405369320752	0.0177279220222	0.73219092302
0.0127528068702	1.1105401767e-17	7.35552789083e-12	0.0405371148364	0.0177277392611	0.732198338394
0.0127528068702	9.86959695449e-18	6.88097270618e-12	0.0405372884618	0.0177275656356	0.732205383234
0.0127528068702	8.77131150168e-18	6.43703409104e-12	0.0405374534082	0.0177274006893	0.73221207605
0.0127528068702	7.7952424467e-18	6.02173680013e-12	0.0405376101093	0.0177272439881	0.732218434426
0.0127528068702	6.92778970724e-18	5.63323301951e-12	0.0405377589774	0.0177270951201	0.732224475066
0.0127528068702	6.15686658982e-18	5.26979414583e-12	0.0405379004039	0.0177269536936	0.732230213844
0.0127528068702	5.47173138473e-18	4.92980309575e-12	0.0405380347608	0.0177268193366	0.73223566584
0.0127528068702	4.86283770024e-18	4.61174711153e-12	0.0405381624016	0.0177266916959	0.73224084538
0.0127528068702	4.32159676448e-18	4.31623629577e-12	0.0405382836619	0.0177265704355	0.732245766076
0.0127528068702	3.84055139371e-18	4.04010531814e-12	0.0405383988039	0.0177264552936	0.732250438555
0.0127528068702	3.41305198575e-18	3.78163971987e-12	0.0405385081229	0.0177263459746	0.732254874792
0.0127528068702	3.03313827143e-18	3.53970937412e-12	0.0405386119134	0.0177262421841	0.732259086731
0.0127528068702	2.6955134234e-18	3.31325645187e-12	0.040538710455	0.0177261436425	0.732263085709
0.0127528068702	2.39547020846e-18	3.10129079688e-12	0.0405388040132	0.0177260500843	0.732266882491
0.0127528068702	2.12882535979e-18	2.90288559659e-12	0.0405388928399	0.0177259612576	0.732270487299
0.0127528068702	1.89186125414e-18	2.71717332986e-12	0.0405389771744	0.017725876923	0.732273909838
0.0127528068702	1.6812740809e-18	2.54334197398e-12	0.040539057244	0.0177257968535	0.732277159321
0.0127528068702	1.49412778047e-18	2.38063145433e-12	0.0405391332643	0.0177257208332	0.732280244498
0.0127528068702	1.32781310962e-18	2.22833032113e-12	0.0405392054401	0.0177256486574	0.732283173675
0.0127528068702	1.18001126342e-18	2.08577263876e-12	0.0405392739657	0.0177255801317	0.732285954739
0.0127528068702	1.04866154626e-18	1.95233507411e-12	0.0405393390259	0.0177255150716	0.732288595178
0.0127528068702	9.31932641562e-19	1.82743417119e-12	0.0405394007958	0.0177254533017	0.732291102102
0.0127528068702	8.28197079308e-19	1.71052380005e-12	0.0405394594419	0.0177253946556	0.732293482262
0.0127528068702	7.36008545712e-19	1.60109276893e-12	0.0405395151221	0.0177253389754	0.732295742065
0.0127528068702	6.54081718507e-19	1.49866258914e-12	0.0405395679864	0.017725286111	0.732297887598
0.0127528068702	5.81274346787e-19	1.40278538296e-12	0.0405396181773	0.0177252359202	0.732299924638
0.0127528068702	5.16571325552e-19	1.31304192532e-12	0.0405396658299	0.0177251882676	0.732301858671
0.0127528068702	4.59070542931e-19	1.2290398108e-12	0.0405397110725	0.0177251430249	0.732303694905
0.0127528068702	4.07970302752e-19	1.15041173791e-12	0.0405397540272	0.0177251000703	0.732305438284
0.0127528068702	3.6255814713e-19	1.07681390305e-12	0.0405397948095	0.017725059288	0.732307093505
0.0127528068702	3.22200923214e-19	1.00792449729e-12	0.0405398335294	0.0177250205681	0.732308665024
0.0127528068702	2.86335955617e-19	9.4344229928e-13	0.0405398702911	0.0177249838064	0.732310157073
0.0127528068702	2.54463201457e-19	8.83085358183e-13	0.0405399051936	0.0177249489038	0.732311573672
0.0127528068702	2.26138278624e-19	8.2658976086e-13	0.0405399383311	0.0177249157664	0.732312918635
0.0127528068702	2.00966270087e-19	7.73708477924e-13	0.0405399697927	0.0177248843048	0.732314195585
0.0127528068702	1.78596217843e-19	7.24210283622e-13	0.0405399996632	0.0177248544343	0.73231540796
0.0127528068702	1.58716229761e-19	6.77878744802e-13	0.0405400280231	0.0177248260744	0.732316559026
0.0127528068702	1.41049131084e-19	6.34511274575e-13	0.0405400549488	0.0177247991487	0.732317651883
0.0127528068702	1.25348599974e-19	5.93918246505e-13	0.0405400805127	0.0177247735847	0.732318689475
0.0127528068702	1.11395733212e-19	5.55922165473e-13	0.0405401047839	0.0177247493136	0.732319674596
0.0127528068702	9.89959941787e-20	5.20356891583e-13	0.0405401278275	0.0177247262699	0.732320609899
0.0127528068702	8.79695449023e-20	4.88953358128e-13	0.0405401497058	0.0177247043916	0.732321497904
0.0127528068702	7.81355741299e-20	4.61628359345e-13	0.0405401703959	0.0177246837015	0.732322337682
0.0127528068702	6.94009261907e-20	4.35830407403e-13	0.0405401898609	0.0177246642366	0.732323127738
0.0127528068702	6.16427097554e-20	4.11474164089e-13	0.0405402081733	0.0177246459242	0.732323871013
0.0127528068702	5.47517712804e-20	3.88479060249e-13	0.0405402254013	0.0177246286961	0.732324570279
0.0127528068702	4.86311592895e-20	3.66769029274e-13	0.0405402416093	0.0177246124882	0.73232522814
0.0127528068702	4.31947603303e-20	3.46272255484e-13	0.0405402568575	0.01772459724	0.732325847048
0.0127528068702	3.83660874135e-20	3.26920936567e-13	0.0405402712029	0.0177245828946	0.732326429311
0.0127528068702	3.407720389e-20	3.08651059299e-13	0.0405402846988	0.0177245693987	0.732326977097
0.0127528068702	3.02677676255e-20	2.91402187791e-13	0.0405402973956	0.0177245567019	0.732327492447
0.0127528068702	2.68841820244e-20	2.75117263578e-13	0.0405403093405	0.017724544757	0.732327977284
0.0127528068702	2.38788419589e-20	2.59742416872e-13	0.0405403205782	0.0177245335193	0.732328433412
0.0127528068702	2.12094639945e-20	2.45226788368e-13	0.0405403311505	0.017724522947	0.732328862532
0.0127528068702	1.88384914879e-20	2.31522361002e-13	0.0405403410967	0.0177245130008	0.732329266243
0.0127528068702	1.67325661876e-20	2.1858380112e-13	0.040540350454	0.0177245036435	0.73232964605
0.0127528068702	1.48620589036e-20	2.06368308514e-13	0.0405403592572	0.0177244948402	0.732330003367
0.0127528068702	1.32006526422e-20	1.94835474843e-13	0.0405403675392	0.0177244865583	0.732330339528
0.0127528068702	1.17249723419e-20	1.83947149968e-13	0.0405403753308	0.0177244787667	0.732330655783
0.0127528068702	1.04142559997e-20	1.73667315749e-13	0.040540382661	0.0177244714365	0.732330953313
0.0127528068702	9.25006256208e-21	1.63961966907e-13	0.0405403895572	0.0177244645403	0.732331233225
0.0127528068702	8.21601247008e-21	1.54798998528e-13	0.040540396045	0.0177244580525	0.732331496563
0.0127528068702	7.29755720849e-21	1.46148099869e-13	0.0405404021487	0.0177244519488	0.732331744308
0.0127528068702	6.48177461655e-21	1.37980654091e-13	0.0405404078909	0.0177244462066	0.732331977383
0.0127528068702	5.75718708062e-21	1.30269643592e-13	0.0405404132931	0.0177244408043	0.732332196658
0.0127528068702	5.11360005069e-21	1.22989560639e-13	0.0405404183755	0.017724435722	0.732332402949
0.0127528068702	4.54195860891e-21	1.16116322988e-13	0.0405404231569	0.0177244309406	0.732332597025
0.0127528068702	4.03422007198e-21	1.09627194222e-13	0.0405404276552	0.0177244264423	0.732332779609
0.0127528068702	3.58324083517e-21	1.03500708539e-13	0.0405404318871	0.0177244222103	0.732332951382
0.0127528068702	3.18267586584e-21	9.77165997459e-14	0.0405404358685	0.017724418229	0.732333112984
0.0127528068702	2.82687801419e-21	9.22736250032e-14	0.0405404396141	0.0177244144834	0.732333265017
0.0127528068702	2.51001503021e-21	8.75913585098e-14	0.0405404431372	0.0177244109603	0.73233340802
0.0127528068702	2.22866901587e-21	8.31466855236e-14	0.0405404464326	0.0177244076648	0.732333541781
0.0127528068702	1.97885889731e-21	7.89275497798e-14	0.0405404495151	0.0177244045824	0.732333666898
0.0127528068702	1.75704983654e-21	7.49225067869e-14	0.0405404523984	0.0177244016991	0.732333783929
0.0127528068702	1.56010321316e-21	7.11206927835e-14	0.0405404550953	0.0177243990022	0.732333893397
0.0127528068702	1.38523221261e-21	6.751179527e-14	0.0405404576179	0.0177243964795	0.73233399579
0.0127528068702	1.22996239255e-21	6.40860250361e-14	0.0405404599775	0.0177243941199	0.732334091567
0.0127528068702	1.09209666921e-21	6.08340896074e-14	0.0405404621847	0.0177243919128	0.732334181153
0.0127528068702	9.69684228513e-22	5.77471680396e-14	0.0405404642492	0.0177243898483	0.73233426495
0.0127528068702	8.60992921835e-22	5.48168869915e-14	0.0405404661802	0.0177243879173	0.732334343332
0.0127528068702	7.64484755972e-22	5.2035298012e-14	0.0405404679865	0.017724386111	0.732334416649
0.0127528068702	6.78794130377e-22	4.93948559803e-14	0.040540469676	0.0177243844214	0.732334485227
0.0127528068702	6.02708513786e-22	4.68883986393e-14	0.0405404712564	0.0177243828411	0.732334549373
0.0127528068702	5.35151286782e-22	4.4509127168e-14	0.0405404727346	0.0177243813629	0.732334609374
0.0127528068702	4.75166507529e-22	4.22505877396e-14	0.0405404741173	0.0177243799802	0.732334665498
0.0127528068702	4.219053851e-22	4.01066540154e-14	0.0405404754106	0.0177243786868	0.732334717994
0.0127528068702	3.74614269003e-22	3.8071510527e-14	0.0405404766204	0.0177243774771	0.732334767098
0.0127528068702	3.32623984951e-22	3.61396369018e-14	0.040540477752	0.0177243763455	0.732334813028
0.0127528068702	2.95340365979e-22	3.43057928888e-14	0.0405404788104	0.0177243752871	0.73233485599
0.0127528068702	2.62235844922e-22	3.25650041443e-14	0.0405404798004	0.017724374297	0.732334896176
0.0127528068702	2.32841989287e-22	3.09125487392e-14	0.0405404807265	0.017724373371	0.732334933765
0.0127528068702	2.06742872885e-22	2.93439443504e-14	0.0405404815927	0.0177243725048	0.732334968924
0.0127528068702	1.83569190432e-22	2.78549361023e-14	0.0405404824029	0.0177243716945	0.732335001811
0.0127528068702	1.62993031843e-22	2.64414850258e-14	0.0405404831608	0.0177243709367	0.732335032573
0.0127528068702	1.44723242271e-22	2.50997571023e-14	0.0405404838697	0.0177243702278	0.732335061347
0.0127528068702	1.28501302233e-22	2.38261128635e-14	0.0405404845328	0.0177243695647	0.732335088262
0.0127528068702	1.14097669535e-22	2.261709752e-14	0.040540485153	0.0177243689445	0.732335113437
0.0127528068702	1.01308531224e-22	2.14694315895e-14	0.0405404857332	0.0177243683643	0.732335136985
0.0127528068702	8.99529196171e-23	2.03800020014e-14	0.0405404862758	0.0177243678217	0.732335159011
0.0127528068702	7.98681336946e-23	1.93694782472e-14	0.0405404867834	0.0177243673141	0.732335179614
0.0127528068702	7.08988727965e-23	1.84568213187e-14	0.0405404872576	0.0177243668399	0.732335198862
0.0127528068702	6.29368676861e-23	1.75871672334e-14	0.0405404876994	0.0177243663981	0.732335216792
0.0127528068702	5.58690026662e-23	1.67584897707e-14	0.0405404881109	0.0177243659866	0.732335233497
0.0127528068702	4.959486503e-23	1.5968858182e-14	0.0405404884943	0.0177243656032	0.732335249058
0.0127528068702	4.40253185042e-23	1.52164326921e-14	0.0405404888514	0.017724365246	0.732335263555
0.0127528068702	3.90812368961e-23	1.4499460213e-14	0.0405404891842	0.0177243649133	0.732335277061
0.0127528068702	3.46923799526e-23	1.38162702592e-14	0.0405404894941	0.0177243646034	0.732335289642
0.0127528068702	3.07963954621e-23	1.31652710556e-14	0.0405404897829	0.0177243643146	0.732335301363
0.0127528068702	2.73379334199e-23	1.25449458288e-14	0.0405404900519	0.0177243640456	0.732335312282
0.0127528068702	2.42678596753e-23	1.19538492732e-14	0.0405404903025	0.017724363795	0.732335322454
0.0127528068702	2.15425578847e-23	1.13906041835e-14	0.040540490536	0.0177243635615	0.732335331931
0.0127528068702	1.91233098582e-23	1.0853898246e-14	0.0405404907535	0.017724363344	0.732335340759
0.0127528068702	1.69757454918e-23	1.03424809809e-14	0.0405404909561	0.0177243631414	0.732335348983
0.0127528068702	1.50693544743e-23	9.85516082911e-15	0.0405404911448	0.0177243629526	0.732335356645
0.0127528068702	1.33770528287e-23	9.39080237546e-15	0.0405404913207	0.0177243627768	0.732335363782
0.0127528068702	1.18747981324e-23	8.94832370381e-15	0.0405404914845	0.017724362613	0.732335370431
0.0127528068702	1.05412479475e-23	8.52669387601e-15	0.0405404916371	0.0177243624604	0.732335376626
0.0127528068702	9.3574566105e-24	8.12493052995e-15	0.0405404917793	0.0177243623182	0.732335382396
0.0127528068702	8.3066060724e-24	7.74209759077e-15	0.0405404919117	0.0177243621858	0.732335387772
0.0127528068702	7.37376696573e-24	7.37730308986e-15	0.0405404920351	0.0177243620624	0.732335392781
0.0127528068702	6.54417466128e-24	7.10830160936e-15	0.0405404921501	0.0177243619474	0.732335397446
0.0127528068702	5.79789099515e-24	6.98761379809e-15	0.0405404922559	0.0177243618416	0.732335401744
0.0127528068702	5.13671191999e-24	6.86897507646e-15	0.0405404923513	0.0177243617461	0.732335405617
0.0127528068702	4.55093229059e-24	6.75235065418e-15	0.0405404924373	0.0177243616601	0.732335409107
0.0127528068702	4.0319537157e-24	6.63770633158e-15	0.0405404925148	0.0177243615826	0.732335412253
0.0127528068702	3.57215834616e-24	6.52500848971e-15	0.0405404925847	0.0177243615128	0.732335415089
0.0127528068702	3.16479705601e-24	6.41422408038e-15	0.0405404926477	0.0177243614498	0.732335417644
0.0127528068702	2.80389037513e-24	6.3053206165e-15	0.0405404927044	0.0177243613931	0.732335419947
0.0127528068702	2.4841407194e-24	6.19826616259e-15	0.0405404927555	0.0177243613419	0.732335422023
0.0127528068702	2.20085462979e-24	6.09302932535e-15	0.0405404928016	0.0177243612958	0.732335423894
0.0127528068702	1.94987387932e-24	5.98957924451e-15	0.0405404928432	0.0177243612543	0.73233542558
0.0127528068702	1.72751443629e-24	5.88788558375e-15	0.0405404928806	0.0177243612169	0.7323354271
0.0127528068702	1.53051238809e-24	5.78791852183e-15	0.0405404929143	0.0177243611831	0.732335428469
0.0127528068702	1.35597603171e-24	5.68964874379e-15	0.0405404929448	0.0177243611527	0.732335429703
0.0127528068702	1.20134342776e-24	5.59304743243e-15	0.0405404929722	0.0177243611253	0.732335430816
0.0127528068702	1.06434479492e-24	5.4980862598e-15	0.0405404929969	0.0177243611006	0.732335431819
0.0127528068702	9.42969192886e-25	5.40473737893e-15	0.0405404930191	0.0177243610783	0.732335432722
0.0127528068702	8.35435004674e-25	5.31297341561e-15	0.0405404930392	0.0177243610583	0.732335433537
0.0127528068702	7.40163785085e-25	5.22276746045e-15	0.0405404930573	0.0177243610402	0.732335434271
0.0127528068702	6.5575709143e-25	5.13409306092e-15	0.0405404930736	0.0177243610239	0.732335434932
0.0127528068702	5.80976096039e-25	5.04686740454e-15	0.0405404930883	0.0177243610092	0.732335435528
0.0127528068702	5.14725634471e-25	4.9607515342e-15	0.0405404931015	0.017724360996	0.732335436066
0.0127528068702	4.56029913425e-25	4.87610507893e-15	0.0405404931134	0.017724360984	0.73233543655
0.0127528068702	4.0402744299e-25	4.79290296579e-15	0.0405404931242	0.0177243609733	0.732335436987
0.0127528068702	3.57954971554e-25	4.71112054961e-15	0.0405404931339	0.0177243609636	0.73233543738
0.0127528068702	3.17136283395e-25	4.63073360578e-15	0.0405404931426	0.0177243609549	0.732335437735
0.0127528068702	2.80972273715e-25	4.55171832304e-15	0.0405404931505	0.017724360947	0.732335438054
0.0127528068702	2.48932155447e-25	4.47405129641e-15	0.0405404931576	0.0177243609399	0.732335438342
0.0127528068702	2.2054566878e-25	4.39770952029e-15	0.040540493164	0.0177243609335	0.732335438602
0.0127528068702	1.95396179052e-25	4.32267038162e-15	0.0405404931698	0.0177243609277	0.732335438836
0.0127528068702	1.7311456171e-25	4.24891165319e-15	0.040540493175	0.0177243609225	0.732335439047
0.0127528068702	1.53373784591e-25	4.17641148707e-15	0.0405404931796	0.0177243609178	0.732335439237
0.0127528068702	1.35884108e-25	4.10514840811e-15	0.0405404931839	0.0177243609136	0.732335439409
0.0127528068702	1.20388832134e-25	4.03510130762e-15	0.0405404931877	0.0177243609098	0.732335439563
0.0127528068702	1.06660529446e-25	3.96624943707e-15	0.0405404931911	0.0177243609064	0.732335439703
0.0127528068702	9.44977066397e-26	3.89857240196e-15	0.0405404931942	0.0177243609033	0.732335439828
0.0127528068702	8.37218473085e-26	3.83205015583e-15	0.040540493197	0.0177243609005	0.732335439941
0.0127528068702	7.41747918122e-26	3.76666299422e-15	0.0405404931995	0.017724360898	0.732335440043
0.0127528068702	6.57164159326e-26	3.70239154893e-15	0.0405404932018	0.0177243608957	0.732335440135
0.0127528068702	5.822257424e-26	3.63921678224e-15	0.0405404932038	0.0177243608937	0.732335440218
0.0127528068702	5.15832779835e-26	3.57711998126e-15	0.0405404932056	0.0177243608918	0.732335440293
0.0127528068702	4.56851395092e-26	3.55016103338e-15	0.0405404932073	0.0177243608902	0.73233544036
0.0127528068702	4.043559763e-26	3.54430254423e-15	0.0405404932088	0.0177243608887	0.73233544042
0.0127528068702	3.57892648082e-26	3.53845372279e-15	0.0405404932101	0.0177243608874	0.732335440473
0.0127528068702	3.16768281065e-26	3.5326145531e-15	0.0405404932113	0.0177243608862	0.732335440521
0.0127528068702	2.80369391286e-26	3.52678501922e-15	0.0405404932123	0.0177243608852	0.732335440562
0.0127528068702	2.4815298838e-26	3.52096510526e-15	0.0405404932132	0.0177243608843	0.7323354406
0.0127528068702	2.19638475368e-26	3.51515479535e-15	0.040540493214	0.0177243608835	0.732335440632
0.0127528068702	1.94400479224e-26	3.50935407363e-15	0.0405404932147	0.0177243608827	0.732335440662
0.0127528068702	1.72062505256e-26	3.50356292428e-15	0.0405404932154	0.0177243608821	0.732335440688
0.0127528068702	1.52291320645e-26	3.49778133152e-15	0.0405404932159	0.0177243608815	0.73233544071
0.0127528068702	1.3479198335e-26	3.49200927955e-15	0.0405404932164	0.017724360881	0.732335440731
0.0127528068702	1.19303442236e-26	3.48624675265e-15	0.0405404932169	0.0177243608806	0.732335440749
0.0127528068702	1.05594642764e-26	3.4804937351e-15	0.0405404932173	0.0177243608802	0.732335440765
0.0127528068702	9.34610801785e-27	3.47475021119e-15	0.0405404932176	0.0177243608799	0.732335440779
0.0127528068702	8.27217487509e-27	3.46901616527e-15	0.0405404932179	0.0177243608795	0.732335440791
