0.0	2.40699724392	2.1973882055	0.0	0.0	0.0
9.20439819112e-18	2.40699724382	2.19738820544	2.24104249521e-11	9.20441500787e-12	1e-06
1.03039985102e-17	2.40699724381	2.19738820543	2.39517229704e-11	9.92361748321e-12	1.03833333333e-06
1.15349622099e-17	2.40699724381	2.19738820543	2.56134520219e-11	1.06989972436e-11	1.07813611111e-06
1.29129825718e-17	2.4069972438	2.19738820542	2.74050221192e-11	1.15349951811e-11	1.11946466203e-06
1.44556276706e-17	2.40699724379	2.19738820542	2.93365785366e-11	1.24362742325e-11	1.16237747408e-06
1.61825643448e-17	2.40699724378	2.19738820541	3.14190592609e-11	1.34080524459e-11	1.20693527725e-06
1.8115808925e-17	2.40699724377	2.1973882054	3.36642569305e-11	1.44556588919e-11	1.25320112954e-06
2.02800079157e-17	2.40699724376	2.1973882054	3.60848856146e-11	1.55851997971e-11	1.30124050618e-06
2.27027522073e-17	2.40699724375	2.19738820539	3.86946528105e-11	1.68028924105e-11	1.35112139224e-06
2.5414928827e-17	2.40699724373	2.19738820538	4.1508337066e-11	1.81158421594e-11	1.40291437895e-06
2.84511147098e-17	2.40699724372	2.19738820537	4.45418716671e-11	1.95313765157e-11	1.45669276347e-06
3.1850017513e-17	2.4069972437	2.19738820536	4.78124348649e-11	2.10574890853e-11	1.51253265273e-06
3.56549690908e-17	2.40699724369	2.19738820535	5.1338547152e-11	2.27027285854e-11	1.57051307109e-06
3.99144779229e-17	2.40699724367	2.19738820534	5.51401761406e-11	2.44766429341e-11	1.63071607214e-06
4.4682847538e-17	2.40699724365	2.19738820533	5.92388496341e-11	2.63892241385e-11	1.69322685491e-06
5.00208688176e-17	2.40699724363	2.19738820531	6.36577775352e-11	2.84511303397e-11	1.75813388434e-06
5.59965950052e-17	2.40699724361	2.1973882053	6.84219832776e-11	3.06742409241e-11	1.82552901657e-06
6.26862093021e-17	2.40699724359	2.19738820528	7.35584455293e-11	3.30709903895e-11	1.89550762887e-06
7.01749961101e-17	2.40699724356	2.19738820527	7.90962509661e-11	3.56550344792e-11	1.96816875464e-06
7.85584283029e-17	2.40699724353	2.19738820525	8.50667589837e-11	3.84409171147e-11	2.04361522356e-06
8.79433843892e-17	2.4069972435	2.19738820523	9.15037792792e-11	4.14445144852e-11	2.12195380713e-06
9.84495110824e-17	2.40699724347	2.19738820521	9.84437633075e-11	4.46829240255e-11	2.20329536973e-06
1.1021074865e-16	2.40699724344	2.19738820519	1.05926010699e-10	4.81742423707e-11	2.28775502556e-06
1.23377038489e-16	2.4069972434	2.19738820516	1.13992891804e-10	5.1938342513e-11	2.37545230154e-06
1.38116234692e-16	2.40699724336	2.19738820514	1.22690087627e-10	5.59966517568e-11	2.46651130642e-06
1.54616243989e-16	2.40699724332	2.19738820511	1.32066848509e-10	6.0371929674e-11	2.56106090649e-06
1.7308742132e-16	2.40699724327	2.19738820508	1.42176273021e-10	6.50891562828e-11	2.6592349079e-06
1.93765251606e-16	2.40699724322	2.19738820505	1.53075608649e-10	7.01749769356e-11	2.76117224603e-06
2.16913351899e-16	2.40699724317	2.19738820501	1.64826575977e-10	7.56582574311e-11	2.86701718211e-06
2.4282683217e-16	2.40699724311	2.19738820497	1.77495718194e-10	8.15698619694e-11	2.97691950741e-06
2.71836057601e-16	2.40699724304	2.19738820493	1.91154777914e-10	8.79434303081e-11	3.09103475518e-06
3.04310860344e-16	2.40699724298	2.19738820489	2.05881103441e-10	9.48149336731e-11	3.20952442078e-06
3.40665254419e-16	2.4069972429	2.19738820484	2.21758086776e-10	1.02223451915e-10	3.33255619023e-06
3.81362713894e-16	2.40699724282	2.19738820479	2.38875635844e-10	1.10210729419e-10	3.4603041775e-06
4.26922081608e-16	2.40699724274	2.19738820474	2.57330683627e-10	1.18822174308e-10	3.59294917095e-06
4.77924183786e-16	2.40699724265	2.19738820468	2.77227737074e-10	1.28106525371e-10	3.73067888914e-06
5.3501923486e-16	2.40699724255	2.19738820461	2.98679468899e-10	1.38116296159e-10	3.87368824653e-06
5.98935126911e-16	2.40699724244	2.19738820454	3.21807355624e-10	1.48908108044e-10	4.02217962928e-06
6.70486709398e-16	2.40699724233	2.19738820447	3.46742365474e-10	1.60543245339e-10	4.1763631817e-06
7.50586177499e-16	2.4069972422	2.19738820439	3.73625700023e-10	1.73087433245e-10	4.33645710362e-06
8.40254701479e-16	2.40699724207	2.1973882043	4.02609593786e-10	1.86611837059e-10	4.50268795922e-06
9.40635445361e-16	2.40699724193	2.19738820421	4.33858176291e-10	2.01192951148e-10	4.6752909976e-06
1.05300814088e-15	2.40699724177	2.19738820411	4.67548401508e-10	2.16913376103e-10	4.85451048579e-06
1.17880540247e-15	2.4069972416	2.197388204	5.03871049903e-10	2.33862151811e-10	5.04060005435e-06
1.31963099139e-15	2.40699724142	2.19738820388	5.43031808786e-10	2.52135201542e-10	5.23382305636e-06
1.47728026167e-15	2.40699724123	2.19738820376	5.85252437072e-10	2.71836109104e-10	5.43445294011e-06
1.65376304873e-15	2.40699724102	2.19738820362	6.30772021057e-10	2.93076340888e-10	5.64277363605e-06
1.85132929226e-15	2.40699724079	2.19738820348	6.7984832831e-10	3.15976134047e-10	5.85907995867e-06
2.07249772028e-15	2.40699724055	2.19738820332	7.32759267353e-10	3.40665273652e-10	6.08367802364e-06
2.32008795976e-15	2.40699724029	2.19738820315	7.89804461401e-10	3.67283536782e-10	6.31688568109e-06
2.59725648347e-15	2.40699724	2.19738820296	8.51306945062e-10	3.95981691724e-10	6.55903296539e-06
2.90753685114e-15	2.4069972397	2.19738820277	9.17614993612e-10	4.26922164105e-10	6.81046256224e-06
3.25488475799e-15	2.40699723937	2.19738820255	9.891040952e-10	4.60280147118e-10	7.07153029362e-06
3.64372846505e-15	2.40699723902	2.19738820232	1.06617907716e-09	4.96244600721e-10	7.34260562135e-06
4.07902525405e-15	2.40699723863	2.19738820208	1.14927639846e-09	5.35019250838e-10	7.62407216995e-06
4.56632462671e-15	2.40699723822	2.19738820181	1.23886662128e-09	5.76823588561e-10	7.91632826955e-06
5.11183905408e-15	2.40699723778	2.19738820152	1.33545707568e-09	6.21894313437e-10	8.21978751961e-06
5.72252317796e-15	2.4069972373	2.19738820121	1.43959473253e-09	6.7048677676e-10	8.53487937422e-06
6.40616247408e-15	2.40699723678	2.19738820088	1.55186930089e-09	7.22875980774e-10	8.86204974988e-06
7.17147250739e-15	2.40699723622	2.19738820051	1.67291656737e-09	7.79358688089e-10	9.20176165658e-06
8.02821004485e-15	2.40699723562	2.19738820013	1.80342199647e-09	8.40254753958e-10	9.55449585298e-06
8.98729744228e-15	2.40699723497	2.19738819971	1.94412461224e-09	9.0590901365e-10	9.92075152686e-06
1.0060961891e-14	2.40699723427	2.19738819925	2.09582118319e-09	9.7669316983e-10	1.03010470015e-05
1.12628912997e-14	2.40699723352	2.19738819877	2.2593707342e-09	1.05300812403e-09	1.06959204693e-05
1.26084087982e-14	2.40699723271	2.19738819824	2.43569941104e-09	1.13528608607e-09	1.11059307533e-05
1.41146680892e-14	2.40699723183	2.19738819767	2.6258057249e-09	1.22399301655e-09	1.15316580981e-05
1.58008721362e-14	2.40699723089	2.19738819706	2.83076620673e-09	1.31963095832e-09	1.1973704991e-05
1.76885179786e-14	2.40699722987	2.1973881964	3.05174150344e-09	1.42274181123e-09	1.24326970147e-05
1.98016707921e-14	2.40699722878	2.19738819569	3.28998295037e-09	1.53390933053e-09	1.29092837325e-05
2.21672706905e-14	2.40699722759	2.19738819493	3.54683965734e-09	1.65376301268e-09	1.34041396077e-05
2.48154761791e-14	2.40699722632	2.1973881941	3.82376614835e-09	1.78298164803e-09	1.3917964958e-05
2.77800486388e-14	2.40699722494	2.19738819321	4.12233059825e-09	1.92229698456e-09	1.44514869466e-05
3.10987827423e-14	2.40699722346	2.19738819225	4.44422371297e-09	2.07249772469e-09	1.50054606112e-05
3.481398829e-14	2.40699722186	2.19738819121	4.79126830362e-09	2.23443463232e-09	1.55806699328e-05
3.89730296082e-14	2.40699722014	2.1973881901	5.16542960868e-09	2.40902464063e-09	1.61779289448e-05
4.36289293863e-14	2.40699721828	2.1973881889	5.56882642272e-09	2.59725651422e-09	1.67980828853e-05
4.88410446511e-14	2.40699721628	2.1973881876	6.00374309466e-09	2.80019595615e-09	1.74420093933e-05
5.46758234964e-14	2.40699721412	2.1973881862	6.47264246355e-09	3.0189923803e-09	1.81106197504e-05
6.12076522146e-14	2.40699721179	2.19738818469	6.97817980512e-09	3.25488479553e-09	1.88048601709e-05
6.85198036313e-14	2.40699720928	2.19738818307	7.52321786797e-09	3.50920880011e-09	1.95257131404e-05
7.67054987315e-14	2.40699720658	2.19738818132	8.11084308475e-09	3.78340468633e-09	2.02741988067e-05
8.58690951131e-14	2.40699720366	2.19738817943	8.74438304996e-09	4.07902521206e-09	2.1051376423e-05
9.61274174186e-14	2.40699720052	2.19738817739	9.42742536333e-09	4.39774437153e-09	2.18583458474e-05
1.07611246706e-13	2.40699719713	2.19738817519	1.01638379457e-08	4.74136705425e-09	2.26962490991e-05
1.20466987748e-13	2.40699719347	2.19738817282	1.09577909421e-08	5.11183903702e-09	2.35662719747e-05
1.34858535512e-13	2.40699718953	2.19738817027	1.18137803366e-08	5.51125819719e-09	2.44696457265e-05
1.50969364622e-13	2.40699718528	2.19738816752	1.27366534118e-08	5.94188650305e-09	2.54076488046e-05
1.69004868433e-13	2.4069971807	2.19738816455	1.37316361982e-08	6.40616244833e-09	2.63816086663e-05
1.89194977547e-13	2.40699717576	2.19738816135	1.48043630677e-08	6.90671504104e-09	2.73929036551e-05
2.11797091145e-13	2.40699717043	2.1973881579	1.59609086404e-08	7.44637879142e-09	2.84429649504e-05
2.37099358511e-13	2.40699716469	2.19738815419	1.72078221833e-08	8.02820992124e-09	2.95332785941e-05
2.65424352584e-13	2.4069971585	2.19738815018	1.85521646977e-08	8.65550301712e-09	3.06653875926e-05
2.97133182364e-13	2.40699715183	2.19738814585	2.00015489039e-08	9.33181034842e-09	3.18408941011e-05
3.32630096612e-13	2.40699714463	2.19738814119	2.15641823505e-08	1.00609617402e-08	3.30614616904e-05
3.72367637525e-13	2.40699713688	2.19738813617	2.3248913892e-08	1.08470861116e-08	3.43288177018e-05
4.16852410093e-13	2.40699712851	2.19738813075	2.50652837976e-08	1.16946352344e-08	3.56447556913e-05
4.66651540691e-13	2.4069971195	2.19738812491	2.70235777763e-08	1.26084084915e-08	3.70111379678e-05
5.22399907246e-13	2.40699710978	2.19738811862	2.91348852218e-08	1.35935805207e-08	3.84298982284e-05
5.84808233147e-13	2.4069970993	2.19738811183	3.14111620099e-08	1.46557299702e-08	3.99030442958e-05
6.54672148101e-13	2.406997088	2.19738810451	3.38652982018e-08	1.58008715835e-08	4.14326609586e-05
7.32882331426e-13	2.40699707581	2.19738809662	3.65111910377e-08	1.70354902835e-08	4.30209129226e-05
8.20435867128e-13	2.40699706268	2.19738808811	3.93638236337e-08	1.83665772548e-08	4.46700478739e-05
9.18448955484e-13	2.40699704852	2.19738807894	4.24393498279e-08	1.98016700224e-08	4.63823996597e-05
1.02817114323e-12	2.40699703325	2.19738806905	4.57551856563e-08	2.13488954176e-08	4.81603915914e-05
1.15100125375e-12	2.40699701679	2.19738805839	4.93301079753e-08	2.3017015097e-08	5.00065398738e-05
1.28850522034e-12	2.40699699904	2.19738804689	5.31843607918e-08	2.48154749475e-08	5.19234571664e-05
1.44243604992e-12	2.40699697991	2.1973880345	5.73397698995e-08	2.67544595981e-08	5.39138562803e-05
1.61475617173e-12	2.40699695928	2.19738802114	6.18198664741e-08	2.8844948819e-08	5.59805540176e-05
1.80766245588e-12	2.40699693704	2.19738800674	6.66500203252e-08	3.10987808049e-08	5.81264751577e-05
2.02361422073e-12	2.40699691306	2.19738799121	7.18575835591e-08	3.35287184543e-08	6.03546565967e-05
2.26536458614e-12	2.40699688721	2.19738797446	7.74720454685e-08	3.61485219791e-08	6.26682516445e-05
2.53599557238e-12	2.40699685934	2.19738795641	8.3525199523e-08	3.89730266191e-08	6.50705344879e-05
2.83895739204e-12	2.40699682929	2.19738793695	9.00513234088e-08	4.20182270197e-08	6.7564904824e-05
3.17811243599e-12	2.4069967969	2.19738791596	9.70873731351e-08	4.53013676033e-08	7.01548926714e-05
3.55778451408e-12	2.40699676197	2.19738789334	1.04673192308e-07	4.88410398251e-08	7.2844163366e-05
3.98281397831e-12	2.40699672431	2.19738786895	1.12851737754e-07	5.26572883103e-08	7.56365227476e-05
4.45861943136e-12	2.40699668371	2.19738784265	1.21669322779e-07	5.67717235411e-08	7.85359225466e-05
4.99126680698e-12	2.40699663994	2.1973878143	1.31175879422e-07	6.12076446477e-08	8.1546465976e-05
5.58754670312e-12	2.40699659275	2.19738778374	1.41425241219e-07	6.59901713025e-08	8.4672413538e-05
6.25506095359e-12	2.40699654187	2.19738775078	1.5247544804e-07	7.1146385828e-08	8.79181890541e-05
7.00231954189e-12	2.40699648701	2.19738771525	1.64389074761e-07	7.67054867406e-08	9.12883859249e-05
7.83884909292e-12	2.40699642787	2.19738767695	1.77233585607e-07	8.26989540624e-08	9.47877736307e-05
8.77531432545e-12	2.40699636411	2.19738763565	1.91081716191e-07	8.91607275118e-08	9.84213044815e-05
9.82365401391e-12	2.40699629537	2.19738759112	2.06011885392e-07	9.612739846e-08	0.000102194120625
1.09972331927e-11	2.40699622125	2.19738754312	2.22108639426e-07	1.03638417876e-07	0.000106111561325
1.23110135437e-11	2.40699614134	2.19738749136	2.39463130611e-07	1.11736318814e-07	0.000110179170514
1.37817441383e-11	2.40699605519	2.19738743556	2.58173633535e-07	1.20466957885e-07	0.000114402704643
1.54281749675e-11	2.40699596231	2.1973873754	2.78346101569e-07	1.2987977472e-07	0.000118788140825
1.727129598e-11	2.40699586217	2.19738731054	3.00094766845e-07	1.4002807207e-07	0.000123341685295
1.93346046774e-11	2.40699575421	2.19738724062	3.23542787132e-07	1.5096931746e-07	0.000128069782192
2.16444056772e-11	2.40699563781	2.19738716522	3.48822943238e-07	1.62765468478e-07	0.00013297912268
2.42301460631e-11	2.40699551232	2.19738708394	3.76078390922e-07	1.75483324275e-07	0.000138076654413
2.71247907971e-11	2.40699537702	2.19738699631	4.05463471541e-07	1.89194902921e-07	0.000143369591375
3.03652429804e-11	2.40699523114	2.19738690183	4.37144586046e-07	2.03977850193e-07	0.000148865424079
3.39928143198e-11	2.40699507387	2.19738679996	4.71301137263e-07	2.19915878328e-07	0.000154571930175
3.80537517983e-11	2.40699490432	2.19738669014	5.08126545808e-07	2.37099240758e-07	0.000160497185453
4.2599827263e-11	2.40699472151	2.19738657174	5.47829345364e-07	2.5562524291e-07	0.000166649575272
4.76889974483e-11	2.40699452442	2.19738644408	5.90634363556e-07	2.75598792994e-07	0.000173037806428
5.33861428474e-11	2.40699431193	2.19738630645	6.36783995079e-07	2.97132996626e-07	0.000179670919471
5.97638948517e-11	2.40699408283	2.19738615807	6.86539574311e-07	3.20349796872e-07	0.000186558301506
6.69035617038e-11	2.40699383584	2.19738599809	7.40182855165e-07	3.45380664907e-07	0.000193709699467
7.48961650677e-11	2.40699356955	2.19738582561	7.98017606578e-07	3.72367344524e-07	0.000201135233922
8.38436004308e-11	2.40699328245	2.19738563966	8.60371332656e-07	4.01462654708e-07	0.000208845413382
9.38599361315e-11	2.40699297291	2.19738543917	9.27597127223e-07	4.32831355042e-07	0.000216851149184
1.05072867573e-10	2.40699263919	2.19738522302	1.00007567327e-06	4.6665107873e-07	0.000225163770922
1.1762534516e-10	2.4069922794	2.19738498999	1.07821739865e-06	5.03113338443e-07	0.000233795042485
1.31677396716e-10	2.40699189149	2.19738473874	1.16246480015e-06	5.42424610657e-07	0.000242757178703
1.4740816761e-10	2.40699147328	2.19738446786	1.25329494921e-06	5.84807505037e-07	0.00025206286263
1.650182046e-10	2.40699102238	2.19738417582	1.35122219341e-06	6.30502025072e-07	0.000261725263495
1.84732012512e-10	2.40699053626	2.19738386095	1.45680106901e-06	6.79766926739e-07	0.000271758055334
2.06800916348e-10	2.40699001215	2.19738352149	1.57062944104e-06	7.32881184084e-07	0.00028217543634
2.31506265298e-10	2.40698944709	2.1973831555	1.6933518888e-06	7.90145568922e-07	0.000292992148957
2.5916301952e-10	2.40698883788	2.19738276091	1.82566335582e-06	8.5188435366e-07	0.000304223500737
2.90123765393e-10	2.40698818107	2.1973823355	1.968313085e-06	9.18447147892e-07	0.000315885386006
3.24783210443e-10	2.40698747293	2.19738187684	2.12210886122e-06	9.90210877991e-07	0.000327994308346
3.63583215235e-10	2.40698670947	2.19738138235	2.28792158545e-06	1.06758192111e-06	0.000340567403958
4.07018426377e-10	2.40698588636	2.19738084921	2.46669020622e-06	1.15099840673e-06	0.0003536224659
4.55642582445e-10	2.40698499892	2.19738027442	2.65942703634e-06	1.24093269756e-06	0.00036717796927
5.10075573221e-10	2.40698404215	2.19737965472	2.86722348514e-06	1.33789406359e-06	0.000381253097344
5.71011342212e-10	2.40698301063	2.1973789866	3.0912562384e-06	1.44243156669e-06	0.000395867768718
6.39226733214e-10	2.4069818985	2.19737826628	3.33279392125e-06	1.55513716932e-06	0.000411042665496
7.1559139366e-10	2.40698069948	2.19737748967	3.59320428159e-06	1.67664908605e-06	0.000426799262545
8.01078861025e-10	2.40697940677	2.19737665238	3.87396193468e-06	1.80765539758e-06	0.000443159857887
8.9677897357e-10	2.40697801305	2.19737574967	4.17665671283e-06	1.94889794722e-06	0.00046014760424
1.00391176366e-09	2.40697651044	2.19737477643	4.50300266747e-06	2.10117654072e-06	0.000477786541778
1.12384301072e-09	2.40697489042	2.19737372715	4.85484777444e-06	2.26535347564e-06	0.000496101632143
1.2581016521e-09	2.40697314383	2.19737259587	5.23418439749e-06	2.44235842316e-06	0.000515118793755
1.40839927376e-09	2.40697126076	2.19737137621	5.64316056933e-06	2.63319369249e-06	0.000534864938485
1.57665192919e-09	2.40696923056	2.19737006125	6.08409215387e-06	2.83893990578e-06	0.000555368009719
1.76500456474e-09	2.40696704173	2.19736864354	6.55947595866e-06	3.06076211676e-06	0.000576657021895
1.9758583626e-09	2.40696468188	2.19736711506	7.07200387167e-06	3.29991640706e-06	0.000598762101537
2.21190134996e-09	2.40696213765	2.19736546716	7.62457810244e-06	3.55775699788e-06	0.000621714529879
2.47614266451e-09	2.40695939462	2.1973636905	8.2203276138e-06	3.83574391797e-06	0.000645546787105
2.77195091292e-09	2.40695643728	2.19736177502	8.8626258372e-06	4.13545126896e-06	0.000670292598292
3.10309711125e-09	2.40695324886	2.19735970987	9.55510977192e-06	4.45857613843e-06	0.000695986981111
3.47380275452e-09	2.40694981133	2.19735748337	1.03017005761e-05	4.80694820739e-06	0.000722666295346
3.888793628e-09	2.40694610521	2.19735508291	1.11066257663e-05	5.18254010898e-06	0.000750368294322
4.35336004602e-09	2.40694210952	2.19735249489	1.19744431509e-05	5.58747859691e-06	0.00077913217829
4.87342428596e-09	2.40693780163	2.19734970466	1.2910066633e-05	6.0240565848e-06	0.000808998649859
5.45561607668e-09	2.40693315717	2.19734669642	1.39187940286e-05	6.49474612725e-06	0.000840009971546
6.10735710335e-09	2.40692814982	2.19734345314	1.50063370577e-05	7.00221241402e-06	0.000872210025535
6.83695560541e-09	2.40692275124	2.19733995645	1.61788536773e-05	7.54932885725e-06	0.000905644375714
7.65371227299e-09	2.40691693086	2.19733618657	1.74429829398e-05	8.13919335714e-06	0.000940360332084
8.56803879099e-09	2.40691065573	2.19733212213	1.88058825739e-05	8.77514583796e-06	0.00097640701764
9.59159054116e-09	2.40690389033	2.19732774014	2.02752694997e-05	9.46078715326e-06	0.0010138354378
1.07374151527e-08	2.40689659634	2.19732301578	2.18594635079e-05	1.01999994676e-05	0.00105269855247
1.20201187937e-08	2.40688873248	2.1973179223	2.35674343498e-05	1.09969682291e-05	0.00109305135094
1.3456052322e-08	2.40688025422	2.19731243086	2.54088525038e-05	1.18562058592e-05	0.0011349509295
1.50635196657e-08	2.40687111357	2.19730651039	2.73941439054e-05	1.27825772904e-05	0.00117845657218
1.68630110889e-08	2.40686125879	2.19730012735	2.9534548951e-05	1.37813274979e-05	0.00122362983444
1.88774643111e-08	2.40685063407	2.19729324562	3.18421861065e-05	1.48581111825e-05	0.00127053463015
2.11325568083e-08	2.40683917929	2.19728582623	3.43301204824e-05	1.60190247678e-05	0.00131923732183
2.36570330147e-08	2.40682682959	2.19727782719	3.7012437761e-05	1.72706408973e-05	0.00136980681434
2.64830705941e-08	2.40681351508	2.1972692032	3.99043238934e-05	1.86200456225e-05	0.00142231465217
2.96466904408e-08	2.40679916038	2.19725990547	4.3022151017e-05	2.00748784942e-05	0.00147683512042
3.3188215632e-08	2.40678368425	2.19724988135	4.63835700763e-05	2.16433757816e-05	0.00153344534961
3.71527851705e-08	2.4067669991	2.1972390741	5.00076106714e-05	2.33344170643e-05	0.0015922254245
4.15909290583e-08	2.40674901048	2.19722742256	5.39147886967e-05	2.51575754596e-05	0.00165325849706
4.65592120162e-08	2.4067296166	2.19721486077	5.81272223752e-05	2.71231717666e-05	0.00171663090371
5.21209540405e-08	2.40670870771	2.19720131765	6.26687573448e-05	2.92423328353e-05	0.00178243228703
5.83470369635e-08	2.40668616547	2.19718671654	6.75651014988e-05	3.15270544876e-05	0.00185075572207
6.53168072728e-08	2.40666186234	2.19717097481	7.2843970341e-05	3.39902693432e-05	0.00192169784753
7.31190866738e-08	2.40663566079	2.19715400338	7.85352436733e-05	3.66459199357e-05	0.00199535900179
8.18533032393e-08	2.40660741258	2.19713570621	8.46711344976e-05	3.95090375274e-05	0.0020718433642
9.1630757526e-08	2.4065769579	2.19711597978	9.12863710802e-05	4.25958270661e-05	0.00215125910167
1.02576039747e-07	2.40654412445	2.19709471247	9.84183932041e-05	4.59237587637e-05	0.00223371852082
1.14828616003e-07	2.40650872651	2.19707178396	0.000106107563709	4.95116668077e-05	0.00231933822585
1.28544603721e-07	2.40647056386	2.19704706454	0.000114397396506	5.33798557624e-05	0.0024082392824
1.43898758844e-07	2.40642942065	2.19702041437	0.000123334802351	5.75502152541e-05	0.00250054738757
1.61086699992e-07	2.40638506423	2.19699168271	0.000132970353746	6.20463435866e-05	0.00259639304634
1.80327397815e-07	2.40633724376	2.19696070707	0.000143358570455	6.68936809744e-05	0.0026959117546
2.0186596113e-07	2.40628568888	2.19692731226	0.000154558227237	7.21196531439e-05	0.0027992441891
2.25976755137e-07	2.40623010813	2.19689130946	0.000166632685508	7.77538261021e-05	0.00290653640444
2.52966891262e-07	2.40617018734	2.19685249509	0.000179650250785	8.38280729378e-05	0.00301794003746
2.83180132824e-07	2.40610558785	2.19681064973	0.000193684557913	9.03767535878e-05	0.00313361251929
3.17001265969e-07	2.40603594463	2.19676553684	0.000208814986211	9.74369085654e-05	0.00325371729526
3.54860991206e-07	2.40596086418	2.19671690145	0.000225127106851	0.000105048467734	0.00337842405293
3.97241397383e-07	2.4058799224	2.19666446873	0.00024271316496	0.000113254475282	0.00350790895864
4.44682087308e-07	2.40579266212	2.19660794242	0.000261672599105	0.000122101332149	0.00364235490281
4.9778703239e-07	2.40569859063	2.19654700321	0.000282112601059	0.000131639057249	0.00378195175418
5.57232242791e-07	2.40559717684	2.1964813069	0.000304148718916	0.000141921568924	0.00392689662347
6.23774349862e-07	2.40548784838	2.19641048254	0.000327905506912	0.000153006988202	0.00407739413667
6.98260208965e-07	2.40536998834	2.19633413026	0.000353517225504	0.000164957965504	0.00423365671823
7.81637643617e-07	2.40524293188	2.19625181912	0.000381128595567	0.000177842032619	0.00439590488465
8.74967466049e-07	2.40510596247	2.19616308466	0.000410895610843	0.00019173198186	0.00456436754854
9.79436925232e-07	2.40495830796	2.19606742629	0.000442986413074	0.000206706274486	0.00473928233371
1.0963747511e-06	2.40479913623	2.19596430455	0.000477582234599	0.000222849480611	0.00492089590151
1.22726798355e-06	2.40462755061	2.19585313807	0.00051487841353	0.000240252752991	0.00510946428872
1.37378079685e-06	2.40444258487	2.19573330034	0.000555085487012	0.000259014337261	0.0053052532575
1.53777555474e-06	2.40424319792	2.19560411621	0.00059843036846	0.00027924012138	0.00550853865747
1.72133635894e-06	2.40402826799	2.19546485821	0.000645157615113	0.000301044227227	0.00571960680055
1.92679538451e-06	2.40379658652	2.19531474245	0.000695530792675	0.000324549647532	0.00593875484868
2.15676232943e-06	2.40354685146	2.19515292433	0.000749833944336	0.000349888931538	0.00616629121483
2.41415734401e-06	2.40327766011	2.19497849387	0.000808373171949	0.000377204923016	0.0064025359776
2.70224784781e-06	2.40298750148	2.19479047068	0.000871478337706	0.000406651554558	0.00664782130979
3.02468968915e-06	2.40267474801	2.19458779861	0.000939504895249	0.000438394702292	0.00690249192117
3.38557315428e-06	2.40233764668	2.19436933995	0.00101283585975	0.000472613105499	0.0071669055157
3.78947439195e-06	2.40197430954	2.19413386918	0.00109188392715	0.000509499355879	0.00744143326359
4.24151288362e-06	2.40158270346	2.19388006635	0.00117709375349	0.000549260961581	0.00772646028836
4.74741566133e-06	2.40116063916	2.19360650985	0.00126894440589	0.000592121491395	0.00802238616911
5.31358905544e-06	2.40070575944	2.19331166875	0.0013679519976	0.000638321804932	0.00832962545819
5.94719884245e-06	2.40021552662	2.19299389452	0.00147467252031	0.000688121374933	0.00864860821445
6.65625976148e-06	2.39968720895	2.19265141217	0.00158970488776	0.000741799708275	0.00897978055211
7.4497354765e-06	2.3991178662	2.19228231076	0.00171369420554	0.000799657872659	0.00932360520536
8.33765018133e-06	2.39850433411	2.19188453318	0.00184733528283	0.000862020136358	0.00968056210857
9.33121317734e-06	2.39784320785	2.19145586529	0.00199137640305	0.000929235728884	0.0100511489921
1.04429579001e-05	2.39713082424	2.1909939242	0.00214662337084	0.00100168073087	0.0104358819935
1.16868970331e-05	2.39636324285	2.19049614578	0.00231394385444	0.00107976010194	0.0108352962839
1.3078695523e-05	2.39553622574	2.1899597713	0.00249427204289	0.00116390985576	0.0112499467091
1.46358635096e-05	2.39464521588	2.18938183315	0.002688613639	0.00125459939207	0.0116804084449
1.63779713939e-05	2.39368531412	2.18875913956	0.00289805120985	0.00135233399588	0.0121272776662
1.83268895057e-05	2.39265125475	2.18808825833	0.00312374991747	0.00145765751438	0.0125911722287
2.05070550894e-05	2.39153737933	2.18736549949	0.00336696365368	0.00157115522296	0.0130727323628
2.29457696042e-05	2.39033760912	2.18658689679	0.00362904160351	0.00169345689165	0.0135726213781
2.56735296436e-05	2.38904541555	2.18574818805	0.00391143526309	0.00182524006417	0.0140915263772
2.87243951072e-05	2.3876537892	2.18484479424	0.00421570593806	0.00196723356192	0.014630158977
3.21363986199e-05	2.38615520672	2.1838717973	0.0045435327498	0.0021202212255	0.0151892560369
3.59520005756e-05	2.38454159612	2.18282391658	0.00489672117672	0.00228504590684	0.0157695803893
4.02185946025e-05	2.38280429997	2.18169548399	0.00527721215878	0.00246261372492	0.0163719215722
4.49890686877e-05	2.38093403684	2.18048041765	0.00568709179281	0.00265389859835	0.0169970965597
5.03224276743e-05	2.37892086071	2.17917219415	0.00612860164671	0.00285994706766	0.0176459504881
5.62844833415e-05	2.37675411851	2.1777638193	0.00660414971939	0.00308188342028	0.0183193573717
6.29486188059e-05	2.37442240581	2.17624779745	0.00711632207269	0.00332091513044	0.019018220808
7.03966345298e-05	2.37191352067	2.17461609933	0.00766789516005	0.00357833862567	0.0197434746628
7.87196837863e-05	2.36921441576	2.17286012841	0.0082618488743	0.00385554539047	0.0204960837336
8.80193060104e-05	2.36631114898	2.17097068593	0.00890138033449	0.00415402841667	0.021277044384
9.84085670449e-05	2.36318883262	2.16893793447	0.00958991842779	0.00447538900793	0.0220873851413
0.000110013315863	2.35983158146	2.16675136043	0.0103311391182	0.00482134394403	0.0229281672522
0.000122973567908	2.35622245994	2.16439973527	0.0111289815282	0.00519373300779	0.0238004851868
0.000137445025689	2.35234342898	2.16187107589	0.0119876647917	0.00559452687416	0.0247054670818
0.000153600747767	2.34817529271	2.1591526042	0.0129117056708	0.00602583535726	0.0256442751143
0.00017163297758	2.3436976458	2.15623070632	0.0139059369157	0.00648991600626	0.0266181057945
0.000191755143891	2.33888882202	2.15309089156	0.0149755263381	0.00698918303568	0.0276281901651
0.000214204044283	2.33372584482	2.14971753277	0.0161259965545	0.00752621655504	0.0286757938955
0.000239242223076	2.32818438066	2.1460942223	0.01736324546	0.00810377202864	0.0297622173646
0.000267160562424	2.32223869601	2.14220382399	0.0186935670265	0.00872479025502	0.0308887954109
0.000298281080136	2.31586162096	2.13802794029	0.0201236724759	0.00939240718046	0.0320568969002
0.000332959962164	2.30902451783	2.13354710618	0.0216607120279	0.0101099640546	0.0332679243584
0.000371590829064	2.30169725847	2.12874075844	0.023312296695	0.010881017617	0.0345233133105
0.000414608244725	2.29384821149	2.12358720949	0.0250865200651	0.0117093502676	0.0358245314173
0.00046249147129	2.28544424118	2.11806362668	0.0269919798605	0.0125989801186	0.0371730773891
0.000515768470958	2.27645072061	2.11214601854	0.0290377990311	0.0135541708079	0.0385704796574
0.000575020151296	2.26683156101	2.10580922903	0.0312336460959	0.014579440936	0.0400182947842
0.000640884845747	2.2565492601	2.09902694162	0.0335897544103	0.0156795729639	0.0415181055879
0.000714063015025	2.2455649721	2.09177169457	0.0361169399903	0.0168596213915	0.0430715189672
0.000795323125126	2.23383853368	2.08407225866	0.0388266177499	0.0181249426832	0.0446801634027
0.000885504493778	2.22132890421	2.07585743732	0.0417307406357	0.0194811660132	0.0463456433445
0.000985523763447	2.20799395197	2.06708551288	0.0448419315706	0.020934201223	0.0480696094808
0.00109638051586	2.1937907036	2.05772510436	0.0481734558674	0.0224902568391	0.0498537322654
0.00121916224049	2.17867562246	2.04774399508	0.0517392106365	0.0241558364073	0.0516996895783
0.00135504958359	2.16260487172	2.03710925405	0.0555537233785	0.0259377372534	0.0536091623429
0.00150532146089	2.14553461932	2.02578811657	0.0596321452603	0.0278430467348	0.0555838297465
0.00167135994462	2.12742138905	2.01374693152	0.063990236902	0.0298791362334	0.0576253633649
0.00185465460443	2.10822246192	2.00095073439	0.0686443497495	0.0320536478966	0.0597354220841
0.00205680661949	2.08789630674	1.98736547878	0.0736114013784	0.0343744824843	0.0619156471895
0.0022795320394	2.06640307611	1.97295741867	0.0789088387306	0.0368497802826	0.0641676552656
0.00252469243563	2.04370385322	1.9581581527	0.0845546002598	0.0394883564082	0.0664930315984
0.00279422379599	2.01976708825	1.94252251462	0.0905657698048	0.0422987900933	0.0688928061584
0.00309019725148	1.99456160502	1.92599399967	0.096960842413	0.0452898417688	0.0713684177435
0.00341480271491	1.96806009969	1.90847720159	0.103758656917	0.0484703933207	0.0739212765432
0.00377033458217	1.94023999116	1.88990469142	0.110978468313	0.0518491914567	0.0765528123061
0.00415922088108	1.91108297809	1.87034995721	0.118639784765	0.0554353077706	0.0792644328154
0.00458399159695	1.88057767258	1.85000028923	0.126761782325	0.0592378166634	0.0820573443533
0.00504730802665	1.84871984042	1.82886849908	0.13536263981	0.063266401279	0.0849323703933
0.00555183951246	1.81551552027	1.80671618889	0.144460085319	0.0675295966906	0.0878901988764
0.00610035732686	1.78097599271	1.78349452888	0.154072323737	0.0720359219481	0.0909317227298
0.00669569629696	1.74512059766	1.7592295983	0.164217191066	0.0767936472521	0.0940577823817
0.00734075759473	1.7079772481	1.73416596043	0.174911669844	0.0818110434877	0.0972690523935
0.00803844289154	1.66958612419	1.7081781304	0.186170496817	0.087096071997	0.100565674521
0.00879166948177	1.62999529129	1.68159880762	0.198008026293	0.0926562220486	0.103947874219
0.00960333482962	1.58926562759	1.65423562586	0.210435268134	0.0984990677679	0.107415145395
0.010476095059	1.54747012596	1.62558111766	0.223462996832	0.104629110993	0.110967203466
0.0114126599866	1.50468236119	1.59595900058	0.237103978548	0.111050687049	0.114604602125
0.0124158873524	1.46098275126	1.5661667873	0.251367301464	0.117770598582	0.118327183756
0.0134880298346	1.4164794063	1.5354698363	0.266254209405	0.124791443813	0.122133084104
0.0146313130686	1.3712758786	1.50390393439	0.281769798061	0.132114817188	0.126021852414
0.0158480760775	1.32547665217	1.47231348245	0.297917173971	0.13974443542	0.129992908107
0.0171399814747	1.27921081854	1.44027772477	0.314689833682	0.147680549763	0.134043702178
0.0185087106443	1.23260074118	1.40782502832	0.332082945426	0.155923992779	0.138172555483
0.0199553151645	1.1857782658	1.37475946805	0.350089385097	0.164470977131	0.142377683869
0.0214807774134	1.13887025622	1.34143234617	0.36870207611	0.173318089458	0.146657763514
0.0230856659131	1.09200993545	1.30791975042	0.38790815879	0.182460870628	0.151010563568
0.0247703275086	1.0453281813	1.2744293022	0.407691920323	0.191894940916	0.155433639261
0.0265349629582	0.998952639067	1.2413889221	0.428033216778	0.201617357564	0.159923960465
0.0283780323714	0.953031364971	1.20748329824	0.448904159628	0.211613058885	0.164477210662
0.0302991150408	0.907668600648	1.17411977696	0.470292807824	0.221873413112	0.169093019648
0.0322969067363	0.862988215688	1.14113212063	0.492166101619	0.232390331976	0.173766755911
0.0343695173953	0.81910571545	1.10847367158	0.514491545789	0.243151891518	0.178494259964
0.0365147322993	0.77612604832	1.07610690757	0.53723573139	0.254145201816	0.183271496085
0.038729543455	0.734148754923	1.04390672125	0.560364422464	0.265352037663	0.188094551653
0.0410107592953	0.693259613249	1.01199604728	0.583844316938	0.276753560252	0.19295999136
0.0433556290934	0.653527634282	0.981110059904	0.607639200934	0.288337335956	0.19786398638
0.0457596971384	0.615033548216	0.950652929447	0.631698268647	0.300082994416	0.202799825427
0.0482185575769	0.577834978609	0.920660403356	0.655980848944	0.311968016663	0.207763041773
0.0507274859013	0.541979387295	0.891194630005	0.680444998132	0.323968674584	0.212749027093
0.0532818674454	0.507501109738	0.862738861711	0.705047137138	0.336063979057	0.217752907851
0.0558764199076	0.47443256412	0.834726540202	0.729732949185	0.348233000629	0.222767579465
0.0585046293028	0.442797592938	0.807409966771	0.754460032846	0.360439357184	0.227788380905
0.0611620827185	0.412595477884	0.781084738723	0.779180602349	0.372668884158	0.2328094918
0.0638419964932	0.383835983453	0.7552599128	0.803839692079	0.384890626661	0.237823446819
0.0665369533567	0.356518514213	0.729858670871	0.828394241974	0.397062665079	0.242825135304
0.0692426650024	0.330613002513	0.705775407334	0.852804307888	0.409170243186	0.247809952737
0.0719511761849	0.30611417861	0.682185424207	0.877006939037	0.42117806781	0.252768268662
0.0746560947453	0.282992358624	0.659354727139	0.900961792528	0.433054010589	0.257694848876
0.0773506842788	0.261217200992	0.637287353159	0.924622329661	0.444766515771	0.262582921276
0.0800281144013	0.240754325119	0.615903077315	0.947943029354	0.45628321175	0.267425602922
0.0826820367872	0.221562586015	0.595239428266	0.970882109372	0.467574673371	0.272216441711
0.0853057623157	0.203600386117	0.575305411252	0.99339816512	0.478608678794	0.276948697831
0.0878930558453	0.186821956318	0.556040236472	1.01545134499	0.489357032819	0.281615558762
0.0904372224001	0.171182300083	0.537349511471	1.03700545999	0.499785627701	0.286210588939
0.0929329981107	0.156628984977	0.519417296136	1.05802966011	0.509871146312	0.290728097346
0.0953743010017	0.143114663522	0.502019386791	1.07848937879	0.519585818228	0.295161147117
0.0977558711069	0.130588132104	0.485218208541	1.09835978333	0.528904113455	0.299504492915
0.100072980959	0.118997899474	0.469075815855	1.11761667252	0.537806012363	0.303752620071
0.102321227713	0.108293335821	0.453485903509	1.13623651781	0.546275305335	0.307899711679
0.104496268994	0.0984254214	0.438418912158	1.15420198762	0.554293074565	0.311940911498
0.106594676875	0.0893442752674	0.423836719694	1.17149974579	0.56184735037	0.315871884376
0.108613490244	0.0810012617184	0.409771634961	1.18812054365	0.568928672022	0.319688866641
0.110550161097	0.0733495825872	0.396220136394	1.20405689717	0.575531264687	0.323388164147
0.112402920943	0.0663430845405	0.383142376877	1.21930434789	0.581655679514	0.326966456381
0.11417011178	0.0599385391005	0.370456100828	1.23386239273	0.587301368004	0.330421064579
0.115851092482	0.0540928248108	0.35823472846	1.24773599553	0.592474053689	0.333750385713
0.117445498149	0.0487656237427	0.346421234164	1.26093008292	0.597182790102	0.336952614435
0.118953516692	0.0439182874618	0.335019603272	1.2734537867	0.601439045736	0.340026805777
0.12037586583	0.0395140076491	0.323958133666	1.28531825575	0.605258047899	0.342972398555
0.121713799583	0.0355176758238	0.31329893957	1.29653876993	0.608656787886	0.345789798289
0.122968599881	0.0318972984662	0.302943947746	1.30713025711	0.611652660756	0.348479308896
0.124142607775	0.0286209773516	0.292933751608	1.31711231101	0.614268978531	0.351042441296
0.125237965189	0.0256602284076	0.283263790861	1.32650417802	0.61652684159	0.35348068686
0.126257273837	0.0229880293112	0.273836855791	1.33532633834	0.618450029111	0.355795951425
0.127203597218	0.0205786597411	0.264780370597	1.34360273531	0.620062780516	0.357991187262
0.128079780953	0.0184092737895	0.255934089413	1.35135404509	0.621389207833	0.360068639505
0.128889130408	0.016457947182	0.247343574733	1.35860576352	0.622452353043	0.3620320252
0.129635194988	0.0147041715166	0.239061145049	1.36538205638	0.623277615455	0.363884917145
0.130321200198	0.0131299087981	0.230980834533	1.37170543659	0.623887637066	0.365630644308
0.130950713077	0.0117178895538	0.223146366164	1.3776009294	0.624304743944	0.367273450831
0.13152720148	0.0104524844441	0.215533803777	1.38309186289	0.624550671532	0.368817342721
0.132054019964	0.00931954039587	0.208102644715	1.3882014956	0.624644946523	0.370266535631
0.132534605916	0.00830583434646	0.200892298892	1.39295329133	0.624606506083	0.371625536102
0.132972261595	0.00739940980953	0.193908610304	1.39736890605	0.624453626358	0.372898558978
0.133370009366	0.00658972080968	0.187025012422	1.40146896855	0.62420191406	0.374089733858
0.133731021377	0.00586665934312	0.180349591383	1.40527583092	0.623865721671	0.375203901944
0.13405819449	0.00522132902916	0.173870635632	1.40880847066	0.62345918954	0.376245119332
0.134354301073	0.00464563344826	0.167631648375	1.41208510681	0.622995223854	0.377217396262
0.134621948448	0.0041322780311	0.161608694486	1.41512217104	0.622486209419	0.378124376164
0.134863521927	0.00367479734788	0.155752298487	1.41793557851	0.621942328624	0.378969697902
0.135081294711	0.0032672882844	0.150055393173	1.42054117646	0.621372199519	0.379757123335
0.135277393602	0.0029044254582	0.144519130307	1.4229539302	0.62078342388	0.380490282975
0.135453781125	0.00258144587158	0.139116421495	1.42518780579	0.620182608754	0.381172626616
0.135612286575	0.0022940498834	0.133850004205	1.42725623922	0.619575249382	0.381807554079
0.135754586754	0.00203840115454	0.128711916378	1.42917168322	0.618966058205	0.382398265245
0.135882235927	0.00181104147293	0.12369560801	1.43094582041	0.618359078624	0.382947813535
0.135996643251	0.00160890384347	0.118787505378	1.43258955833	0.617757533151	0.383459093878
0.136099099831	0.00142924162733	0.113972836252	1.43411318084	0.617163959284	0.383934880238
0.136190801857	0.00126956934395	0.109252711313	1.43552638702	0.616580414155	0.384377829365
0.136272819963	0.0011276993247	0.10461077768	1.4368381001	0.616008422269	0.384790412874
0.136346133596	0.00100166786724	0.100054512303	1.43805675377	0.615449027539	0.385174999631
0.136411625373	0.000889733291973	0.0955614070224	1.43919004245	0.614903015789	0.385533770457
0.136470102419	0.00079032926422	0.0911187831083	1.44024531862	0.614370730886	0.385868837644
0.13652229701	0.000702055644239	0.0867283775282	1.44122949676	0.613852193544	0.386182209896
0.136568866686	0.000623671203598	0.0823931807832	1.44214893491	0.613347236456	0.386475749889
0.136610397041	0.000554082714252	0.0781144719968	1.44300947926	0.612855498747	0.386751183951
0.136647421562	0.000492306726212	0.0738973890434	1.44381654719	0.612376530196	0.387010124697
0.136680422288	0.000437464412999	0.0697529297848	1.44457511918	0.611909814782	0.387254065043
0.136709832669	0.000388773340564	0.0656910375526	1.44528971737	0.611454825681	0.387484368221
0.136736050144	0.000345523840741	0.0618002221862	1.44596445498	0.611011093467	0.387702280903
0.136759472593	0.000307017261457	0.0581714219702	1.44660223906	0.610579326864	0.38790867239
0.136780243737	0.000272979394513	0.0542750545059	1.44720461118	0.61015935227	0.388103978475
0.136798770713	0.000242712071534	0.0506201504444	1.44777889538	0.609747504474	0.388290521089
0.136815286674	0.000215809440241	0.04716614009	1.44832658909	0.60934439686	0.388468743061
0.136830008698	0.000191896578359	0.0439089659914	1.44884942934	0.608950250299	0.3886391698
0.136843130641	0.000170640448857	0.0408418732572	1.44934899196	0.608565232956	0.388802278795
0.136854825966	0.000151744594513	0.03795437395	1.44982672825	0.608189450102	0.388958510999
0.136865251125	0.000134943065687	0.0352480425181	1.4502840155	0.607822924657	0.38910828688
0.136874542449	0.000120004904091	0.0327179292565	1.45072201163	0.607465716827	0.389251958367
0.136882821991	0.000106724269633	0.0303493995753	1.45114174847	0.607117882898	0.389389838838
0.136890201279	9.49140664412e-05	0.0281388267288	1.45154426033	0.606779380136	0.389522245045
0.13689677715	8.44122929325e-05	0.0260824151994	1.45193043639	0.60645017919	0.389649448349
0.136902636597	7.50740149082e-05	0.0241634847126	1.45230103869	0.606130288797	0.389771680254
0.136907858241	6.6768794704e-05	0.022383969054	1.45265688629	0.605819584998	0.389889192903
0.136912510662	5.93831545462e-05	0.0207274567254	1.45299858994	0.605518062564	0.390002171344
0.13691665612	5.28144847996e-05	0.0191922115508	1.45332684008	0.605225579643	0.39011082844
0.136920349702	4.69722690788e-05	0.0177677468575	1.45364218531	0.604942072237	0.390215331517
0.136923640062	4.17767778058e-05	0.0164461788043	1.45394517946	0.604667413976	0.390315850839
0.13692657146	3.71557500105e-05	0.0152228558565	1.45423635724	0.604401458201	0.39041255151
0.136929182699	3.30459828194e-05	0.0140866215612	1.45451617699	0.604144086391	0.390505574319
0.136931508396	2.93912461423e-05	0.0130327102815	1.45478515526	0.6038950847	0.390595080401
0.136933580018	2.61405959267e-05	0.0120576149716	1.45504376365	0.603654256223	0.39068121689
0.13693542521	2.32493731993e-05	0.0111554460895	1.45529240014	0.603421444009	0.39076410726
0.13693706709	2.06802479606e-05	0.0102992041672	1.45553144761	0.603196466712	0.390843870704
0.136938529143	1.83955260743e-05	0.00950590157603	1.45576178075	0.602978653731	0.390920791434
0.136939831362	1.63631661908e-05	0.00877368505359	1.45598378714	0.602767791048	0.390994992004
0.136940991165	1.45553016912e-05	0.00809785332389	1.4561977667	0.60256372982	0.391066566257
0.136942024078	1.2947141646e-05	0.00747406657571	1.45640400863	0.602366315364	0.391135604959
0.136942934507	1.15312737079e-05	0.00672887703142	1.45660279182	0.602175308176	0.391202195888
0.136943742268	1.02764150715e-05	0.0060237305331	1.45679944892	0.601985546314	0.39126812208
0.136944462895	9.15810583296e-06	0.00539247520619	1.45699522395	0.601795919317	0.391333799622
0.136945105784	8.16148845595e-06	0.00482736883344	1.45719012074	0.601606504304	0.391399229295
0.136945679319	7.27332175965e-06	0.00432148028115	1.45738414311	0.601417369631	0.391464411874
0.13694619098	6.48180512422e-06	0.00386860455535	1.45757729491	0.601228575838	0.391529348128
0.136946648401	5.77493921902e-06	0.00349846577491	1.45776957993	0.60104018467	0.391594038821
0.136947059253	5.14071580685e-06	0.00318968082518	1.457959027	0.600854233021	0.391657819556
0.136947425372	4.5761388716e-06	0.00290814707583	1.45814400331	0.600672369793	0.391720138128
0.13694775162	4.07356117076e-06	0.00265145991791	1.45832461407	0.600494531568	0.391781027007
0.136948042333	3.62617499601e-06	0.00241742686878	1.45850096201	0.600320652822	0.391840517986
0.136948301374	3.22792002975e-06	0.00220404886676	1.45867314749	0.600150666365	0.391898642199
0.136948532188	2.87340131086e-06	0.00200950321411	1.45884126851	0.599984503736	0.391955430128
0.136948737846	2.55781620156e-06	0.00183212802311	1.45900542077	0.599822095536	0.392010911617
0.136948921086	2.27688936804e-06	0.00167040803303	1.45916569775	0.599663371733	0.392065115882
0.136949084347	2.02681489615e-06	0.00152296167737	1.45932219074	0.599508261925	0.392118071525
0.136949229806	1.80420475954e-06	0.00138852929115	1.45947498886	0.599356695564	0.392169806545
0.1369493594	1.60604294326e-06	0.00126596235789	1.45962417917	0.59920860216	0.392220348345
0.136949474857	1.42964460265e-06	0.00115421370471	1.45976984669	0.599063911454	0.392269723748
0.136949577717	1.2726197049e-06	0.00105232856203	1.45991207444	0.598922553565	0.392317959006
0.136949669353	1.13284066141e-06	0.000959436411657	1.46005094348	0.598784459128	0.392365079809
0.136949750988	1.00841351321e-06	0.000874743553743	1.46018653298	0.598649559396	0.3924111113
0.136949823712	8.97652279355e-07	0.000797526329373	1.46031892027	0.598517786343	0.392456078081
0.136949888497	7.99056121366e-07	0.000727124940865	1.46044818082	0.598389072743	0.392500004224
0.136949946208	7.11289014453e-07	0.000662937817169	1.46057438837	0.598263352237	0.392542913283
0.136949996842	6.34336555674e-07	0.000575187880956	1.46069761491	0.59814055287	0.392584828306
0.136950040949	5.67346747239e-07	0.000480967141819	1.46082427077	0.598014268989	0.392627929869
0.136950079892	5.08235743433e-07	0.000391665727014	1.46095972985	0.597879138255	0.392674049739
0.136950114236	4.56138393062e-07	0.00030796090006	1.4611087217	0.597730435899	0.392724804045
0.136950159551	3.87481101252e-07	0.000198242003302	1.4612787485	0.597560790768	0.392782758424
0.13695018664	3.46443911082e-07	0.00017264261962	1.46150299309	0.597336774424	0.39285924945
0.136950211677	3.08563567252e-07	0.000156036260711	1.46173320333	0.597106775001	0.39293784207
0.136950234004	2.74825761591e-07	0.00014100407433	1.46196007184	0.596880094368	0.393015360012
0.13695025391	2.44784462202e-07	0.000127367258888	1.46218368422	0.596656649367	0.393091829739
0.136950271662	2.18026409727e-07	0.000115058805126	1.46240418516	0.59643629761	0.393167298068
0.136950287605	1.94025571086e-07	0.000105408461855	1.46262159932	0.596219017332	0.393241770891
0.13695030181	1.72666546045e-07	9.65674169736e-05	1.46283280744	0.596007928423	0.393314175942
0.136950314446	1.53690240095e-07	8.75615721113e-05	1.46303798622	0.59580285562	0.393384568881
0.136950325578	1.36991339221e-07	7.81943546551e-05	1.46323940727	0.595601527874	0.393453725234
0.136950335531	1.22077166327e-07	7.00829269555e-05	1.46344045147	0.595400567049	0.39352280424
0.136950344418	1.08776548682e-07	6.28845184323e-05	1.46364034618	0.595200746726	0.393591539884
0.13695035235	9.69170297652e-08	5.66626622059e-05	1.46383885372	0.595002305555	0.393659849505
0.136950359494	8.62485863903e-08	5.19018704803e-05	1.46403514399	0.59480607502	0.393727446125
0.136950365858	7.67544043713e-08	4.75410330972e-05	1.46422586136	0.594615410841	0.393793171268
0.136950371528	6.83050216716e-08	4.3551660788e-05	1.46441116367	0.594430155884	0.393857075315
0.13695037658	6.07851373698e-08	3.99004884986e-05	1.46459118267	0.594250179052	0.393919199894
0.13695038108	5.40930717679e-08	3.65553804993e-05	1.46476605186	0.594075347409	0.393979587465
0.136950385089	4.8137420602e-08	3.34940712661e-05	1.46493591823	0.593905514458	0.394038285378
0.13695038866	4.28374041631e-08	3.0689329545e-05	1.465100907	0.593740555449	0.394095333662
0.136950391841	3.81209108011e-08	2.81185318545e-05	1.46526115663	0.593580332316	0.394150777136
0.136950394674	3.39238746814e-08	2.57611796444e-05	1.46541680804	0.593424704498	0.394204661663
0.136950397198	3.01888921178e-08	2.36014403743e-05	1.46556800483	0.5932735287	0.394257034239
0.136950399436	2.68783055119e-08	2.1355080744e-05	1.46571487427	0.593126677879	0.394307936372
0.136950401421	2.39461537613e-08	1.92060181545e-05	1.46585939636	0.592982172291	0.39435805239
0.136950403193	2.1329919011e-08	1.74349912432e-05	1.4660025618	0.592839021572	0.394407724815
0.136950404784	1.89814595442e-08	1.59734030423e-05	1.46614304345	0.592698553153	0.394456492069
0.136950406202	1.68915533124e-08	1.46343304247e-05	1.46627950262	0.59256210575	0.394503887623
0.136950407465	1.50316669839e-08	1.34086620221e-05	1.46641205431	0.592429564538	0.394549949311
0.136950408589	1.337653549e-08	1.22858158158e-05	1.46654079853	0.592300829647	0.394594709897
0.13695040959	1.19045314631e-08	1.12151004379e-05	1.46666584249	0.592175793994	0.394638204768
0.136950410475	1.06045054218e-08	1.01067988578e-05	1.46678775452	0.592053889293	0.394680629952
0.136950411263	9.44642357551e-09	9.10889088071e-06	1.46690826385	0.591933386497	0.394722586134
0.136950411972	8.40634082475e-09	8.34482575805e-06	1.46702737494	0.591814281275	0.394764074217
0.136950412603	7.48076863051e-09	7.64484674668e-06	1.46714308088	0.591698580558	0.394804394056
0.136950413165	6.65708797424e-09	7.00423534321e-06	1.46725547888	0.59158618721	0.394843578008
0.136950413666	5.9240167252e-09	6.41827886214e-06	1.46736465296	0.591477017274	0.394881653926
0.136950414111	5.27166654835e-09	5.88133872202e-06	1.46747067792	0.591370995998	0.394918646538
0.136950414508	4.69117904891e-09	5.38857902392e-06	1.46757364449	0.591268032713	0.394954586206
0.136950414861	4.17462966276e-09	4.93686987094e-06	1.46767365504	0.591168025081	0.394989507452
0.136950415176	3.71495251131e-09	4.52319879493e-06	1.46777079939	0.591070883335	0.395023440491
0.136950415456	3.30581188558e-09	4.14565418341e-06	1.46786515585	0.590976529187	0.395056411604
0.136950415705	2.94172942384e-09	3.79962080662e-06	1.46795676983	0.590884917271	0.395088435627
0.136950415927	2.61811987364e-09	3.45753993716e-06	1.46804572094	0.590795967992	0.39511953942
0.136950416123	2.33193885134e-09	3.12135897745e-06	1.46813272113	0.590708969423	0.395149971121
0.136950416298	2.07690684897e-09	2.82692991129e-06	1.46821855854	0.590623133448	0.395180005883
0.136950416455	1.84817900821e-09	2.59065886899e-06	1.46830297201	0.590538721278	0.395209551882
0.136950416595	1.64463980007e-09	2.37413401595e-06	1.46838494198	0.590456752459	0.395238251625
0.13695041672	1.46351545815e-09	2.17570519125e-06	1.46846453912	0.590377156346	0.395266129073
0.13695041683	1.30233764499e-09	1.99386012316e-06	1.46854183205	0.590299864334	0.395293207525
0.136950416929	1.15890982265e-09	1.82721290829e-06	1.4686168874	0.590224809793	0.395319509633
0.136950417017	1.03127655548e-09	1.67451493775e-06	1.4686897699	0.59015192802	0.395345057423
0.136950417095	9.17699263511e-10	1.53457866174e-06	1.46876054143	0.590081157135	0.395369871972
0.136950417165	8.16630149724e-10	1.40633610237e-06	1.468829263	0.590012436132	0.395393974092
0.136950417227	7.26691752266e-10	1.28881013541e-06	1.46889599395	0.589945705691	0.39541738404
0.136950417282	6.46658294803e-10	1.18110527873e-06	1.4689607919	0.589880908204	0.39544012151
0.136950417331	5.7543550144e-10	1.08257300726e-06	1.46902371278	0.589817987728	0.395462205647
0.136950417375	5.12052396982e-10	9.92343145933e-07	1.46908480085	0.589756900014	0.395483651519
0.136950417413	4.55650624928e-10	9.09633438688e-07	1.46914410399	0.589697597192	0.395504475498
0.136950417448	4.05461252714e-10	8.33817154463e-07	1.46920167432	0.589640027149	0.395524695468
0.136950417479	3.60800035378e-10	7.64319790595e-07	1.46925756243	0.589584139295	0.395544328812
0.136950417506	3.21057998331e-10	7.00624560904e-07	1.46931181744	0.58952988451	0.395563392417
0.136950417531	2.8569283181e-10	6.42252957633e-07	1.46936448628	0.589477215864	0.395581902428
0.136950417553	2.54223114203e-10	5.8874434569e-07	1.46941561395	0.589426088374	0.395599874328
0.136950417572	2.2653989838e-10	5.22389025044e-07	1.46946524551	0.589376456971	0.39561732365
0.136950417589	2.02144987855e-10	4.57646478943e-07	1.46951509025	0.589326612372	0.395634851214
0.136950417604	1.7990314707e-10	4.19016458016e-07	1.46956585909	0.589275843657	0.395652707126
0.136950417618	1.60083888355e-10	3.8420179825e-07	1.46961520812	0.589226494741	0.395670066958
0.13695041763	1.42447936538e-10	3.5228674855e-07	1.46966310044	0.589178602523	0.395686917449
0.136950417641	1.26754405209e-10	3.23036393306e-07	1.46970957807	0.589132124981	0.39570327311
0.13695041765	1.12789797856e-10	2.96214621748e-07	1.46975468072	0.58908702241	0.395719147657
0.136950417659	1.00363647539e-10	2.71619802603e-07	1.46979844904	0.589043254157	0.395734555155
0.136950417667	8.93064694231e-11	2.49067044005e-07	1.46984092249	0.589000780769	0.395749509263
0.136950417673	7.94674494553e-11	2.28386803884e-07	1.46988213936	0.588959563959	0.395764023247
0.13695041768	7.07108828961e-11	2.09496007102e-07	1.4699221368	0.588919566569	0.395778109987
0.136950417685	6.29191864254e-11	1.92167798137e-07	1.46996093664	0.588880766773	0.395791776979
0.13695041769	5.59860485198e-11	1.76272834817e-07	1.4699985747	0.58884312875	0.395805036657
0.136950417694	4.98168676708e-11	1.61692574942e-07	1.47003508576	0.58880661773	0.3958179011
0.136950417698	4.43274658824e-11	1.48318280371e-07	1.47007050354	0.588771199982	0.395830382031
0.136950417701	3.94566690224e-11	1.34866807444e-07	1.47010486076	0.588736842785	0.395842490828
0.136950417704	3.51368025279e-11	1.22121189974e-07	1.47013849321	0.588703210358	0.395854345711
0.136950417707	3.12868995387e-11	1.11112779538e-07	1.47017156952	0.588670134077	0.395866006031
0.136950417709	2.78382357476e-11	1.01986799332e-07	1.47020393988	0.588637763738	0.395877418899
0.136950417711	2.47697022375e-11	9.36103431918e-08	1.47023531976	0.588606383875	0.395888483885
0.136950417713	2.20393998113e-11	8.59218539007e-08	1.47026573946	0.588575964192	0.395899211551
0.136950417715	1.96100474268e-11	7.88648296418e-08	1.47029522834	0.58854647532	0.39590961214
0.136950417716	1.74484731961e-11	7.23874088423e-08	1.47032381489	0.588517888787	0.395919695584
0.136950417718	1.55251614838e-11	6.64419891101e-08	1.47035152669	0.588490176994	0.395929471518
0.136950417719	1.38138499207e-11	6.0984877462e-08	1.47037839051	0.588463313181	0.395938949287
0.13695041772	1.22911127823e-11	5.5989114655e-08	1.47040443229	0.588437271409	0.395948137952
0.136950417721	1.0935733134e-11	5.14322442459e-08	1.47042967113	0.588412032577	0.395957044168
0.136950417722	9.72981360381e-12	4.72462441615e-08	1.47045411657	0.588387587144	0.395965671222
0.136950417723	8.65687321595e-12	4.34009310752e-08	1.47047779355	0.588363910177	0.395974027837
0.136950417723	7.70224831734e-12	3.98685780545e-08	1.4705007262	0.588340977524	0.395982122465
0.136950417724	6.85289219014e-12	3.66237146625e-08	1.47052293794	0.588318765794	0.395989963295
0.136950417724	6.09719675932e-12	3.36429433256e-08	1.47054445141	0.588297252331	0.395997558262
0.136950417725	5.42483395927e-12	3.09047706443e-08	1.47056528855	0.588276415188	0.396004915054
0.136950417725	4.82659785474e-12	2.83943299078e-08	1.47058547063	0.58825623311	0.396012041122
0.136950417726	4.29403407335e-12	2.61142400005e-08	1.47060501482	0.588236688933	0.396018942472
0.136950417726	3.8202324567e-12	2.40172406863e-08	1.47062392079	0.588217782964	0.396025618946
0.136950417726	3.39870937145e-12	2.20886301332e-08	1.47064220938	0.588199494368	0.396032077856
0.136950417727	3.02369655662e-12	2.03148870068e-08	1.47065990077	0.58818180299	0.396038326273
0.136950417727	2.69006219452e-12	1.86835756841e-08	1.47067701443	0.58816468933	0.396044371044
0.136950417727	2.39324068989e-12	1.71832590787e-08	1.47069356923	0.588148134528	0.396050218792
0.136950417727	2.12917019658e-12	1.58034184646e-08	1.47070958342	0.588132120337	0.396055875924
0.136950417727	1.89423703694e-12	1.4534379737e-08	1.47072507465	0.588116629107	0.396061348644
0.136950417727	1.68510397088e-12	1.33845052889e-08	1.47074006	0.588101643763	0.396066642949
0.136950417728	1.49903477907e-12	1.2327548741e-08	1.47075453624	0.588087167528	0.396071757672
0.136950417728	1.33351118863e-12	1.13540576851e-08	1.47076851821	0.588073185554	0.39607669803
0.136950417728	1.18626459432e-12	1.04574411441e-08	1.4707820228	0.588059680968	0.396081469956
0.136950417728	1.05527688267e-12	9.63162859542e-09	1.47079506629	0.588046637473	0.396086079185
0.136950417728	9.38752774045e-13	8.87102887479e-09	1.47080766444	0.588034039329	0.396090531255
0.136950417728	8.35095218311e-13	8.17049232516e-09	1.47081983244	0.588021871331	0.396094831515
0.136950417728	7.42883507308e-13	7.52527593382e-09	1.47083158497	0.588010118796	0.396098985137
0.136950417728	6.60842719252e-13	6.93678152892e-09	1.47084293623	0.587998767541	0.396102997112
0.136950417728	5.87812082624e-13	6.39953299624e-09	1.4708538906	0.587987813167	0.396106868977
0.136950417728	5.22852111844e-13	5.90389357038e-09	1.47086445244	0.58797725133	0.396110602251
0.136950417728	4.65070919219e-13	5.44664073039e-09	1.47087463581	0.587967067964	0.396114201888
0.136950417728	4.1367517837e-13	5.02480152673e-09	1.47088445426	0.587957249509	0.396117672667
0.136950417728	3.67959232503e-13	4.6356332535e-09	1.47089392088	0.587947782892	0.396121019196
0.136950417728	3.27295406267e-13	4.27660561738e-09	1.47090304827	0.587938655504	0.396124245917
0.136950417728	2.91125388206e-13	3.9453842875e-09	1.47091184858	0.587929855192	0.396127357116
0.136950417728	2.58952565503e-13	3.63981571914e-09	1.47092033353	0.587921370236	0.396130356924
0.136950417728	2.30457048754e-13	3.32736476979e-09	1.47092851443	0.587913189337	0.396133249326
0.136950417728	2.05114186284e-13	3.03937296896e-09	1.47093647879	0.587905224979	0.396136065255
0.136950417729	1.82540217707e-13	2.79000821748e-09	1.47094423901	0.587897464762	0.396138809088
0.136950417729	1.62339234789e-13	2.58113246489e-09	1.47095176245	0.587889941325	0.396141469278
0.136950417729	1.4437380207e-13	2.38789421565e-09	1.47095899477	0.587882709002	0.396144026605
0.136950417729	1.28396522956e-13	2.20912277914e-09	1.47096594724	0.587875756532	0.396146485044
0.136950417729	1.14187378719e-13	2.04373510628e-09	1.47097263069	0.587869073085	0.396148848414
0.136950417729	1.01550698783e-13	1.89072922855e-09	1.47097905552	0.587862648252	0.396151120391
0.136950417729	9.03124662909e-14	1.7491781882e-09	1.47098523174	0.587856472029	0.396153304506
0.136950417729	8.0317921834e-14	1.61822442276e-09	1.47099116898	0.587850534794	0.396155404155
0.136950417729	7.14294323623e-14	1.49707457004e-09	1.47099687647	0.587844827303	0.396157422602
0.136950417729	6.35245959225e-14	1.38499466191e-09	1.47100236311	0.587839340664	0.396159362985
0.136950417729	5.64945561299e-14	1.28130567796e-09	1.47100763744	0.587834066333	0.396161228323
0.136950417729	5.02425031657e-14	1.18537943193e-09	1.47101270768	0.587828996094	0.396163021516
0.136950417729	4.46807766982e-14	1.09817534895e-09	1.47101758172	0.587824122052	0.396164745352
0.136950417729	3.97298118518e-14	1.01856437721e-09	1.47102226042	0.58781944335	0.396166400131
0.136950417729	3.53274493105e-14	9.44724683152e-10	1.47102674586	0.587814957908	0.396167986584
0.136950417729	3.14129002666e-14	8.76237889907e-10	1.47103104603	0.587810657744	0.396169507533
0.136950417729	2.79321116823e-14	8.12715949609e-10	1.47103516857	0.587806535204	0.396170965679
0.136950417729	2.48370199309e-14	7.53798944832e-10	1.47103912082	0.587802582952	0.396172363616
0.136950417729	2.20848871374e-14	6.99153049387e-10	1.47104290982	0.587798793954	0.396173703828
0.136950417729	1.96377110562e-14	6.48468636939e-10	1.47104654231	0.587795161467	0.396174988699
0.136950417729	1.74617003357e-14	6.0145852673e-10	1.47105002475	0.587791679026	0.396176220513
0.136950417729	1.55268079278e-14	5.57856356469e-10	1.47105336334	0.587788340434	0.396177401459
0.136950417729	1.38063161965e-14	5.17415073171e-10	1.47105656402	0.587785139749	0.396178533638
0.136950417729	1.22764679991e-14	4.7990553339e-10	1.4710596325	0.587782071275	0.396179619063
0.136950417729	1.09159907241e-14	4.45412494214e-10	1.47106257422	0.587779129551	0.396180659664
0.136950417729	9.70510216039e-15	4.14024195587e-10	1.47106539251	0.587776311261	0.396181656612
0.136950417729	8.62853472785e-15	3.84847828668e-10	1.47106808814	0.587773615634	0.39618261018
0.136950417729	7.67138852664e-15	3.57727519566e-10	1.47107066644	0.58777103733	0.396183522253
0.136950417729	6.82041645884e-15	3.32518378662e-10	1.47107313253	0.587768571245	0.396184394638
0.136950417729	6.06384088886e-15	3.09085726577e-10	1.47107549128	0.587766212493	0.396185229061
0.136950417729	5.39119064098e-15	2.8730437467e-10	1.47107774737	0.587763956404	0.396186027174
0.136950417729	4.79315607807e-15	2.67057956242e-10	1.47107990526	0.587761798509	0.396186790556
0.136950417729	4.26146025592e-15	2.48238304872e-10	1.47108196924	0.587759734534	0.396187520718
0.136950417729	3.78874436981e-15	2.30744876548e-10	1.47108394338	0.587757760392	0.396188219106
0.136950417729	3.36846590815e-15	2.14484212535e-10	1.4710858316	0.587755872172	0.396188887102
0.136950417729	2.99480810354e-15	1.99369440078e-10	1.47108763764	0.587754066137	0.396189526028
0.136950417729	2.66259942807e-15	1.85319808304e-10	1.47108936507	0.587752338707	0.39619013715
0.136950417729	2.36711576403e-15	1.72474422034e-10	1.47109101731	0.587750686463	0.396190721676
0.136950417729	2.10430482151e-15	1.60604189019e-10	1.47109259559	0.587749108178	0.396191280041
0.136950417729	1.87067264279e-15	1.495509012e-10	1.47109410235	0.587747601423	0.396191813104
0.136950417729	1.66297964086e-15	1.39258334128e-10	1.47109554082	0.587746162956	0.39619232201
0.136950417729	1.47834590471e-15	1.29674132858e-10	1.47109691409	0.587744789682	0.396192807854
0.136950417729	1.31421126635e-15	1.20749545642e-10	1.47109822513	0.587743478646	0.396193271682
0.136950417729	1.16829980133e-15	1.1243917595e-10	1.47109947674	0.587742227028	0.396193714491
0.136950417729	1.03858827058e-15	1.04700751558e-10	1.47110067164	0.587741032135	0.396194137233
0.136950417729	9.23278065994e-16	9.74949095236e-11	1.47110181238	0.587739891396	0.396194540817
0.136950417729	8.20770270762e-16	9.07849959685e-11	1.47110290142	0.587738802357	0.396194926112
0.136950417729	7.29643488574e-16	8.45368796302e-11	1.4711039411	0.587737762675	0.396195293947
0.136950417729	6.48634134383e-16	7.87187782519e-11	1.47110493366	0.587736770113	0.396195645112
0.136950417729	5.7661891336e-16	7.33010969184e-11	1.47110588124	0.587735822535	0.396195980363
0.136950417729	5.12568499859e-16	6.83394581301e-11	1.47110678587	0.587734917903	0.396196300421
0.136950417729	4.55615858884e-16	6.37357724833e-11	1.4711076484	0.587734055373	0.396196605584
0.136950417729	4.04991350033e-16	5.94422136284e-11	1.47110847047	0.587733233301	0.396196896434
0.136950417729	3.59991841378e-16	5.54378899472e-11	1.47110925398	0.58773244979	0.396197173642
0.136950417729	3.19992327351e-16	5.17033171762e-11	1.47111000074	0.587731703031	0.396197437848
0.136950417729	2.84437247978e-16	4.82203236006e-11	1.47111071247	0.587730991301	0.396197689662
0.136950417729	2.52832772659e-16	4.49719616363e-11	1.47111139082	0.587730312955	0.396197929664
0.136950417729	2.24739941306e-16	4.19424253667e-11	1.47111203734	0.587729666428	0.396198158409
0.136950417729	1.99768567577e-16	3.91169736352e-11	1.47111265354	0.587729050228	0.396198376425
0.136950417729	1.77571819536e-16	3.64818583182e-11	1.47111324084	0.587728462932	0.396198584215
0.136950417729	1.57841402458e-16	3.40242574303e-11	1.47111380059	0.587727903184	0.396198782259
0.136950417729	1.40303276891e-16	3.17322127352e-11	1.47111433408	0.587727369693	0.396198971013
0.136950417729	1.24713852482e-16	2.959457156e-11	1.47111484255	0.587726861226	0.396199150914
0.136950417729	1.10853986662e-16	2.76228142787e-11	1.47111532716	0.587726376609	0.396199322377
0.136950417729	9.85284079122e-17	2.57971296176e-11	1.47111578867	0.587725915101	0.396199485663
0.136950417729	8.75732790766e-17	2.40921105145e-11	1.4711162279	0.587725475877	0.396199641066
0.136950417729	7.78362233736e-17	2.24997817908e-11	1.47111664591	0.587725057861	0.396199788965
0.136950417729	6.91818063898e-17	2.10126953728e-11	1.47111704374	0.58772466003	0.396199929723
0.136950417729	6.14896523051e-17	1.96238954531e-11	1.47111742237	0.587724281407	0.396200063685
0.136950417729	5.46527695698e-17	1.83268859555e-11	1.47111778271	0.587723921067	0.396200191179
0.136950417729	4.85760627434e-17	1.71156001503e-11	1.47111812565	0.587723578126	0.396200312516
0.136950417729	4.3175009799e-17	1.59843722768e-11	1.47111845203	0.587723251743	0.396200427995
0.136950417729	3.83744864941e-17	1.4927911043e-11	1.47111876265	0.587722941121	0.396200537898
0.136950417729	3.41077214557e-17	1.3941274875e-11	1.47111905828	0.587722645496	0.396200642495
0.136950417729	3.03153674475e-17	1.30198488035e-11	1.47111933963	0.587722364147	0.396200742041
0.136950417729	2.69446758999e-17	1.21593228772e-11	1.47111960739	0.587722096382	0.396200836781
0.136950417729	2.39486790122e-17	1.13576205461e-11	1.47111986223	0.587721841546	0.396200926946
0.136950417729	2.12836552615e-17	1.06248563387e-11	1.47112010471	0.587721599058	0.396201012743
0.136950417729	1.89151969367e-17	9.93936815918e-12	1.47112033508	0.587721368691	0.39620109425
0.136950417729	1.681030207e-17	9.29810588401e-12	1.47112055393	0.58772114984	0.396201171684
0.136950417729	1.49396411701e-17	8.69821617521e-12	1.47112076184	0.587720941928	0.396201245247
0.136950417729	1.32771485467e-17	8.13702978446e-12	1.47112095936	0.58772074441	0.396201315132
0.136950417729	1.17996591136e-17	7.61204967605e-12	1.47112114701	0.587720556766	0.396201381524
0.136950417729	1.04865856079e-17	7.12093991629e-12	1.47112132527	0.587720378501	0.396201444598
0.136950417729	9.31963172857e-18	6.66151527961e-12	1.47112149462	0.587720209148	0.396201504518
0.136950417729	8.28253719713e-18	6.23173152531e-12	1.47112165551	0.58772004826	0.396201561443
0.136950417729	7.36085118798e-18	5.82967630162e-12	1.47112180836	0.587719895415	0.396201615523
0.136950417729	6.5417309716e-18	5.45356063659e-12	1.47112195356	0.58771975021	0.396201666899
0.136950417729	5.81376296471e-18	5.10171097793e-12	1.47112209151	0.587719612264	0.396201715708
0.136950417729	5.16680369416e-18	4.7725617465e-12	1.47112222256	0.587719481214	0.396201762076
0.136950417729	4.59182223099e-18	4.4654200903e-12	1.47112234706	0.587719356714	0.396201806126
0.136950417729	4.08069443623e-18	4.17974330887e-12	1.47112246531	0.587719238459	0.396201847967
0.136950417729	3.62646161343e-18	3.91234279412e-12	1.47112257759	0.587719126184	0.396201887693
0.136950417729	3.2227906353e-18	3.66204931623e-12	1.47112268418	0.587719019588	0.396201925409
0.136950417729	2.86405333125e-18	3.42776844716e-12	1.47112278539	0.587718918382	0.396201961217
0.136950417729	2.54524801695e-18	3.2084757752e-12	1.47112288148	0.587718822294	0.396201995215
0.136950417729	2.26192975844e-18	3.00321242568e-12	1.47112297271	0.587718731066	0.396202027494
0.136950417729	2.0101483989e-18	2.81108086821e-12	1.47112305932	0.587718644452	0.39620205814
0.136950417729	1.7863934837e-18	2.63124099218e-12	1.47112314155	0.587718562218	0.396202087236
0.136950417729	1.58754531604e-18	2.46290643328e-12	1.47112321963	0.587718484142	0.396202114861
0.136950417729	1.41083146066e-18	2.30534113512e-12	1.47112329376	0.587718410015	0.396202141088
0.136950417729	1.25378808931e-18	2.1578561307e-12	1.47112336414	0.587718339637	0.39620216599
0.136950417729	1.11422562885e-18	2.01980652993e-12	1.47112343095	0.587718272818	0.396202189632
0.136950417729	9.90198233262e-19	1.89058869974e-12	1.47112349439	0.587718209379	0.396202212078
0.136950417729	8.79976653704e-19	1.76963762468e-12	1.47112355463	0.587718149147	0.396202233389
0.136950417729	7.82024128552e-19	1.65642443634e-12	1.47112361181	0.587718091962	0.396202253623
0.136950417729	6.94974957132e-19	1.55045410083e-12	1.4711236661	0.587718037669	0.396202272833
0.136950417729	6.17615458484e-19	1.45126325421e-12	1.47112371765	0.587717986121	0.396202291071
0.136950417729	5.48867049653e-19	1.3584181764e-12	1.47112376659	0.587717937181	0.396202308388
0.136950417729	4.87771207579e-19	1.27151289468e-12	1.47112381306	0.587717890715	0.396202324828
0.136950417729	4.33476104915e-19	1.1901674086e-12	1.47112385717	0.587717846599	0.396202340437
0.136950417729	3.85224733452e-19	1.11402602834e-12	1.47112389906	0.587717804715	0.396202355257
0.136950417729	3.4234434955e-19	1.04275581945e-12	1.47112393882	0.587717764948	0.396202369327
0.136950417729	3.04237094431e-19	9.76045147081e-13	1.47112397658	0.587717727193	0.396202382686
0.136950417729	2.70371658549e-19	9.13602313323e-13	1.47112401243	0.587717691347	0.396202395369
0.136950417729	2.40275873819e-19	8.55154281734e-13	1.47112404646	0.587717657314	0.396202407411
0.136950417729	2.13530130428e-19	8.0044548347e-13	1.47112407877	0.587717625002	0.396202418844
0.136950417729	1.89761526436e-19	7.4923669979e-13	1.47112410945	0.587717594324	0.396202429698
0.136950417729	1.68638668598e-19	7.01304016051e-13	1.47112413857	0.587717565198	0.396202440004
0.136950417729	1.49867051926e-19	6.56437842625e-13	1.47112416623	0.587717537544	0.396202449788
0.136950417729	1.33184953555e-19	6.1444199845e-13	1.47112419248	0.587717511289	0.396202459078
0.136950417729	1.18359783685e-19	5.75132853215e-13	1.47112421741	0.587717486362	0.396202467897
0.136950417729	1.05184842698e-19	5.38338524421e-13	1.47112424108	0.587717462696	0.396202476271
0.136950417729	9.34764392565e-20	5.03898125809e-13	1.47112426355	0.587717440226	0.396202484221
0.136950417729	8.3032363096e-20	4.75443139475e-13	1.47112428488	0.587717418893	0.39620249177
0.136950417729	7.37503015763e-20	4.48873124784e-13	1.47112430496	0.587717398809	0.396202498876
0.136950417729	6.55058675688e-20	4.23787968306e-13	1.47112432386	0.587717379914	0.396202505561
0.136950417729	5.81830662786e-20	4.0010468914e-13	1.47112434163	0.587717362139	0.396202511851
0.136950417729	5.16788697911e-20	3.77744943752e-13	1.47112435836	0.587717345415	0.396202517768
0.136950417729	4.59017675246e-20	3.56634766813e-13	1.47112437409	0.587717329682	0.396202523334
0.136950417729	4.07704787254e-20	3.36704326526e-13	1.47112438889	0.587717314881	0.396202528572
0.136950417729	3.62128088907e-20	3.17887693625e-13	1.47112440282	0.587717300956	0.396202533499
0.136950417729	3.2164634031e-20	3.00122623282e-13	1.47112441592	0.587717287856	0.396202538134
0.136950417729	2.85689984794e-20	2.83350349206e-13	1.47112442824	0.587717275531	0.396202542495
0.136950417729	2.53753135564e-20	2.67515389242e-13	1.47112443984	0.587717263936	0.396202546597
0.136950417729	2.25386458133e-20	2.52565361842e-13	1.47112445075	0.587717253027	0.396202550457
0.136950417729	2.00190848433e-20	2.38450812783e-13	1.47112446101	0.587717242765	0.396202554088
0.136950417729	1.77811817631e-20	2.25125051583e-13	1.47112447066	0.58771723311	0.396202557504
0.136950417729	1.57934504658e-20	2.12543997041e-13	1.47112447975	0.587717224027	0.396202560718
0.136950417729	1.40279246287e-20	2.00666031422e-13	1.47112448829	0.587717215482	0.396202563741
0.136950417729	1.24597642413e-20	1.8945186279e-13	1.47112449633	0.587717207442	0.396202566586
0.136950417729	1.10669061205e-20	1.78864395025e-13	1.47112450389	0.587717199879	0.396202569262
0.136950417729	9.82975349231e-21	1.68868605115e-13	1.47112451101	0.587717192764	0.396202571779
0.136950417729	8.73090027666e-21	1.59431427301e-13	1.4711245177	0.58771718607	0.396202574148
0.136950417729	7.75488619248e-21	1.50521643691e-13	1.471124524	0.587717179772	0.396202576376
0.136950417729	6.88797924003e-21	1.42109781001e-13	1.47112452993	0.587717173847	0.396202578473
0.136950417729	6.11798249893e-21	1.34168013052e-13	1.4711245355	0.587717168273	0.396202580445
0.136950417729	5.43406252394e-21	1.26670068722e-13	1.47112454074	0.587717163029	0.3962025823
0.136950417729	4.8265969242e-21	1.19591145046e-13	1.47112454568	0.587717158096	0.396202584046
0.136950417729	4.2870389813e-21	1.12907825165e-13	1.47112455032	0.587717153455	0.396202585688
0.136950417729	3.80779740146e-21	1.06598000864e-13	1.47112455468	0.587717149088	0.396202587233
0.136950417729	3.38212951009e-21	1.00640799443e-13	1.47112455879	0.58771714498	0.396202588686
0.136950417729	3.00404638595e-21	9.50165146626e-14	1.47112456266	0.587717141115	0.396202590054
0.136950417729	2.66805204774e-21	8.99657469357e-14	1.47112456629	0.58771713748	0.39620259134
0.136950417729	2.36899171072e-21	8.54005888632e-14	1.4711245697	0.587717134069	0.396202592547
0.136950417729	2.10345286549e-21	8.10670819329e-14	1.47112457289	0.587717130879	0.396202593676
0.136950417729	1.86767810841e-21	7.69534714038e-14	1.47112457588	0.587717127895	0.396202594731
0.136950417729	1.65833120089e-21	7.30485990093e-14	1.47112457867	0.587717125104	0.396202595719
0.136950417729	1.47244986132e-21	6.93418726896e-14	1.47112458128	0.587717122493	0.396202596643
0.136950417729	1.30740384843e-21	6.5823237861e-14	1.47112458372	0.587717120051	0.396202597507
0.136950417729	1.16085774307e-21	6.24831501425e-14	1.47112458601	0.587717117767	0.396202598315
0.136950417729	1.03073790185e-21	5.93125494664e-14	1.47112458814	0.587717115631	0.396202599071
0.136950417729	9.15203114781e-22	5.63028355023e-14	1.47112459014	0.587717113632	0.396202599778
0.136950417729	8.12618551981e-22	5.34458443293e-14	1.47112459201	0.587717111763	0.396202600439
0.136950417729	7.21532630666e-22	5.07338262905e-14	1.47112459376	0.587717110014	0.396202601058
0.136950417729	6.40656475085e-22	4.81594249718e-14	1.47112459539	0.587717108379	0.396202601637
0.136950417729	5.68845678784e-22	4.57156572483e-14	1.47112459692	0.587717106849	0.396202602178
0.136950417729	5.05084111138e-22	4.33958943414e-14	1.47112459835	0.587717105418	0.396202602684
0.136950417729	4.48469538985e-22	4.11938438387e-14	1.47112459969	0.58771710408	0.396202603158
0.136950417729	3.9820085993e-22	3.91035326255e-14	1.47112460094	0.587717102828	0.396202603601
0.136950417729	3.53566766664e-22	3.71192906824e-14	1.47112460212	0.587717101657	0.396202604015
0.136950417729	3.13935681878e-22	3.52357357058e-14	1.47112460321	0.587717100561	0.396202604403
0.136950417729	2.78746821383e-22	3.34477585076e-14	1.47112460424	0.587717099537	0.396202604765
0.136950417729	2.4750225895e-22	3.17505091569e-14	1.47112460519	0.587717098578	0.396202605105
0.136950417729	2.19759880598e-22	3.01393838239e-14	1.47112460609	0.587717097682	0.396202605422
0.136950417729	1.95127128636e-22	2.86100122928e-14	1.47112460693	0.587717096843	0.396202605718
0.136950417729	1.73255446925e-22	2.71582461065e-14	1.47112460771	0.587717096059	0.396202605996
0.136950417729	1.53835348772e-22	2.57801473145e-14	1.47112460845	0.587717095325	0.396202606255
0.136950417729	1.36592037663e-22	2.44719777907e-14	1.47112460913	0.587717094639	0.396202606498
0.136950417729	1.21281518855e-22	2.3230189094e-14	1.47112460978	0.587717093997	0.396202606725
0.136950417729	1.0768714683e-22	2.20514128426e-14	1.47112461038	0.587717093397	0.396202606938
0.136950417729	9.56165597338e-23	2.09324515779e-14	1.47112461094	0.587717092835	0.396202607137
0.136950417729	8.48989574374e-23	1.98702700904e-14	1.47112461146	0.58771709231	0.396202607322
0.136950417729	7.5370748301e-23	1.89199319979e-14	1.47112461195	0.587717091818	0.396202607496
0.136950417729	6.69065474814e-23	1.80284569019e-14	1.47112461241	0.58771709136	0.396202607658
0.136950417729	5.93928838011e-23	1.71789866e-14	1.47112461284	0.587717090934	0.396202607809
0.136950417729	5.27230111099e-23	1.63695418974e-14	1.47112461324	0.587717090536	0.39620260795
0.136950417729	4.68021709432e-23	1.55982368559e-14	1.47112461361	0.587717090166	0.396202608081
0.136950417729	4.1546246295e-23	1.48632743992e-14	1.47112461395	0.587717089821	0.396202608203
0.136950417729	3.68805665721e-23	1.41629421266e-14	1.47112461427	0.587717089499	0.396202608317
0.136950417729	3.27388467545e-23	1.34956083224e-14	1.47112461457	0.5877170892	0.396202608423
0.136950417729	2.90622456873e-23	1.28597181548e-14	1.47112461485	0.587717088921	0.396202608522
0.136950417729	2.5798530129e-23	1.22537900531e-14	1.47112461511	0.587717088661	0.396202608614
0.136950417729	2.29013326766e-23	1.16764122555e-14	1.47112461535	0.587717088419	0.396202608699
0.136950417729	2.03294930269e-23	1.11262395201e-14	1.47112461558	0.587717088193	0.396202608779
0.136950417729	1.80464732147e-23	1.06019899905e-14	1.47112461579	0.587717087983	0.396202608853
0.136950417729	1.60198385202e-23	1.01024422094e-14	1.47112461599	0.587717087787	0.396202608923
0.136950417729	1.42207966708e-23	9.62643227214e-15	1.47112461617	0.587717087605	0.396202608987
0.136950417729	1.26237887914e-23	9.17285111553e-15	1.47112461634	0.587717087435	0.396202609047
0.136950417729	1.12061262909e-23	8.74064193347e-15	1.4711246165	0.587717087277	0.396202609103
0.136950417729	9.94766852663e-24	8.32879771479e-15	1.47112461664	0.587717087129	0.396202609155
0.136950417729	8.83053666777e-24	7.93635889694e-15	1.47112461678	0.587717086992	0.396202609204
0.136950417729	7.83885969177e-24	7.56241113039e-15	1.47112461691	0.587717086864	0.396202609249
0.136950417729	6.95854890581e-24	7.20608314815e-15	1.47112461703	0.587717086745	0.396202609291
0.136950417729	6.1682669125e-24	7.04907814507e-15	1.47112461714	0.587717086634	0.396202609331
0.136950417729	5.46485095712e-24	6.9293958546e-15	1.47112461724	0.587717086533	0.396202609366
0.136950417729	4.8416510516e-24	6.8117455817e-15	1.47112461733	0.587717086442	0.396202609398
0.136950417729	4.28951952933e-24	6.69609282589e-15	1.47112461741	0.587717086361	0.396202609427
0.136950417729	3.80035190399e-24	6.58240367248e-15	1.47112461749	0.587717086287	0.396202609453
0.136950417729	3.36696790757e-24	6.47064478257e-15	1.47112461755	0.587717086221	0.396202609477
0.136950417729	2.98300609443e-24	6.36078338331e-15	1.47112461761	0.587717086161	0.396202609498
0.136950417729	2.64283046458e-24	6.2527872583e-15	1.47112461767	0.587717086107	0.396202609517
0.136950417729	2.34144773541e-24	6.14662473809e-15	1.47112461771	0.587717086058	0.396202609534
0.136950417729	2.07443404755e-24	6.04226469097e-15	1.47112461776	0.587717086014	0.39620260955
0.136950417729	1.83787002911e-24	5.93967651375e-15	1.4711246178	0.587717085975	0.396202609564
0.136950417729	1.62828326496e-24	5.83883012287e-15	1.47112461783	0.587717085939	0.396202609576
0.136950417729	1.44259732678e-24	5.73969594554e-15	1.47112461787	0.587717085907	0.396202609588
0.136950417729	1.27808661552e-24	5.64224491104e-15	1.47112461789	0.587717085878	0.396202609598
0.136950417729	1.13233635364e-24	5.54644844226e-15	1.47112461792	0.587717085852	0.396202609607
0.136950417729	1.00320713964e-24	5.45227844726e-15	1.47112461794	0.587717085829	0.396202609616
0.136950417729	8.88803544801e-25	5.35970731107e-15	1.47112461796	0.587717085808	0.396202609623
0.136950417729	7.87446291038e-25	5.26870788757e-15	1.47112461798	0.587717085789	0.39620260963
0.136950417729	6.97647601538e-25	5.17925349156e-15	1.471124618	0.587717085771	0.396202609636
0.136950417729	6.18089362375e-25	5.09131789088e-15	1.47112461802	0.587717085756	0.396202609641
0.136950417729	5.47604828178e-25	5.00460732032e-15	1.47112461803	0.587717085742	0.396202609646
0.136950417729	4.85159793181e-25	4.91921254354e-15	1.47112461804	0.587717085729	0.396202609651
0.136950417729	4.29835554413e-25	4.83527487766e-15	1.47112461805	0.587717085718	0.396202609655
0.136950417729	3.80820105941e-25	4.75276945967e-15	1.47112461806	0.587717085708	0.396202609658
0.136950417729	3.37394037324e-25	4.67167185078e-15	1.47112461807	0.587717085699	0.396202609662
0.136950417729	2.9891997467e-25	4.59195802922e-15	1.47112461808	0.58771708569	0.396202609665
0.136950417729	2.6483322576e-25	4.51360438311e-15	1.47112461809	0.587717085683	0.396202609667
0.136950417729	2.34633491937e-25	4.43658770346e-15	1.4711246181	0.587717085676	0.39620260967
0.136950417729	2.07877525112e-25	4.36088517729e-15	1.4711246181	0.58771708567	0.396202609672
0.136950417729	1.84172622118e-25	4.28647438091e-15	1.47112461811	0.587717085664	0.396202609674
0.136950417729	1.63170860917e-25	4.21333327322e-15	1.47112461811	0.58771708566	0.396202609675
0.136950417729	1.44563994074e-25	4.14144018924e-15	1.47112461812	0.587717085655	0.396202609677
0.136950417729	1.2807892454e-25	4.07077383364e-15	1.47112461812	0.587717085651	0.396202609678
0.136950417729	1.13473697351e-25	4.00131327448e-15	1.47112461813	0.587717085647	0.39620260968
0.136950417729	1.00533948397e-25	3.93303793697e-15	1.47112461813	0.587717085644	0.396202609681
0.136950417729	8.90697581574e-26	3.8659275974e-15	1.47112461813	0.587717085641	0.396202609682
0.136950417729	7.89128642089e-26	3.79996237713e-15	1.47112461813	0.587717085639	0.396202609683
0.136950417729	6.99141916008e-26	3.73512273673e-15	1.47112461814	0.587717085636	0.396202609684
0.136950417729	6.19416648502e-26	3.67138947017e-15	1.47112461814	0.587717085634	0.396202609684
0.136950417729	5.48782694408e-26	3.60874369914e-15	1.47112461814	0.587717085632	0.396202609685
0.136950417729	4.86185878004e-26	3.55315167495e-15	1.47112461814	0.58771708563	0.396202609686
0.136950417729	4.30319722066e-26	3.54728825064e-15	1.47112461814	0.587717085629	0.396202609686
0.136950417729	3.80872977963e-26	3.54143450217e-15	1.47112461815	0.587717085627	0.396202609687
0.136950417729	3.37108010402e-26	3.53559041358e-15	1.47112461815	0.587717085626	0.396202609687
0.136950417729	2.98371943542e-26	3.52975596893e-15	1.47112461815	0.587717085625	0.396202609688
0.136950417729	2.64086921538e-26	3.5239311523e-15	1.47112461815	0.587717085624	0.396202609688
0.136950417729	2.33741488222e-26	3.5181159478e-15	1.47112461815	0.587717085623	0.396202609688
0.136950417729	2.06882957317e-26	3.51231033958e-15	1.47112461815	0.587717085622	0.396202609689
0.136950417729	1.8311065936e-26	3.50651431179e-15	1.47112461815	0.587717085622	0.396202609689
0.136950417729	1.62069964612e-26	3.50072784863e-15	1.47112461815	0.587717085621	0.396202609689
0.136950417729	1.4344699277e-26	3.49495093431e-15	1.47112461815	0.587717085621	0.396202609689
0.136950417729	1.26963930572e-26	3.48918355308e-15	1.47112461815	0.58771708562	0.396202609689
0.136950417729	1.12374887441e-26	3.48342568921e-15	1.47112461815	0.58771708562	0.39620260969
0.136950417729	9.94622273471e-27	3.47767732698e-15	1.47112461815	0.587717085619	0.39620260969
0.136950417729	8.80333221602e-27	3.47193845072e-15	1.47112461815	0.587717085619	0.39620260969
0.136950417729	7.791767807e-27	3.46620904478e-15	1.47112461815	0.587717085619	0.39620260969
