0.0	0.107526305538	0.591434683285	0.0	0.0	0.0
2.47739580809e-18	0.107526305536	0.591434683279	2.63687938452e-12	2.47746267944e-12	1e-06
2.77335706104e-18	0.107526305536	0.591434683279	2.78645578798e-12	2.67097455264e-12	1.03833333333e-06
3.10467522504e-18	0.107526305536	0.591434683279	2.94771950993e-12	2.87969648126e-12	1.07813611111e-06
3.47557420153e-18	0.107526305536	0.591434683278	3.12158375198e-12	3.10473868835e-12	1.11946466204e-06
3.89078249889e-18	0.107526305536	0.591434683278	3.30903306976e-12	3.34732241923e-12	1.16237747408e-06
4.35559351518e-18	0.107526305536	0.591434683277	3.51112894826e-12	3.60877994153e-12	1.20693527725e-06
4.87593302243e-18	0.107526305535	0.591434683277	3.72901581278e-12	3.89077658978e-12	1.25320112955e-06
5.45843471307e-18	0.107526305535	0.591434683276	3.96392750955e-12	4.19486667623e-12	1.30124050618e-06
6.1105247713e-18	0.107526305535	0.591434683276	4.21719429276e-12	4.52260451309e-12	1.35112139225e-06
6.84051654796e-18	0.107526305535	0.591434683275	4.49025035749e-12	4.87598850183e-12	1.40291437895e-06
7.65771654551e-18	0.107526305535	0.591434683275	4.78464196123e-12	5.25690602157e-12	1.45669276348e-06
8.57254306458e-18	0.107526305535	0.591434683274	5.10203618003e-12	5.66768854068e-12	1.51253265274e-06
9.59665902457e-18	0.107526305534	0.591434683273	5.44423034877e-12	6.1105565052e-12	1.5705130711e-06
1.07431206516e-17	0.107526305534	0.591434683272	5.8131622391e-12	6.58795240578e-12	1.63071607216e-06
1.20265439294e-17	0.107526305534	0.591434683271	6.21092103261e-12	7.10276282229e-12	1.69322685492e-06
1.34632909354e-17	0.107526305533	0.59143468327	6.63975915141e-12	7.65776331229e-12	1.75813388436e-06
1.50716784369e-17	0.107526305533	0.591434683269	7.10210501309e-12	8.25606250025e-12	1.82552901659e-06
1.68722114076e-17	0.107526305533	0.591434683268	7.6005767824e-12	8.90121309985e-12	1.89550762889e-06
1.88878444412e-17	0.107526305532	0.591434683267	8.13799719726e-12	9.59665680247e-12	1.96816875467e-06
2.11442743939e-17	0.107526305532	0.591434683266	8.71740955337e-12	1.03465014333e-11	2.04361522359e-06
2.36702679882e-17	0.107526305532	0.591434683264	9.34209493771e-12	1.11549658398e-11	2.12195380716e-06
2.64980285537e-17	0.107526305531	0.591434683263	1.00155908086e-11	1.20266019364e-11	2.20329536977e-06
2.96636065793e-17	0.107526305531	0.591434683261	1.07417110278e-11	1.29662947044e-11	2.28775502561e-06
3.3207359314e-17	0.10752630553	0.59143468326	1.1524567457e-11	1.39793732144e-11	2.37545230159e-06
3.71744652714e-17	0.107526305529	0.591434683258	1.23685932432e-11	1.50717216483e-11	2.46651130648e-06
4.16155002012e-17	0.107526305529	0.591434683256	1.3278567922e-11	1.62493352105e-11	2.56106090656e-06
4.65870818679e-17	0.107526305528	0.591434683254	1.42596444834e-11	1.75189862614e-11	2.65923490797e-06
5.21525918582e-17	0.107526305527	0.591434683251	1.5317378552e-11	1.88878912507e-11	2.7611722461e-06
5.83829836185e-17	0.107526305527	0.591434683249	1.64577598473e-11	2.03637107173e-11	2.8670171822e-06
6.53576870247e-17	0.107526305526	0.591434683246	1.76872461022e-11	2.19548823561e-11	2.97691950751e-06
7.3165621016e-17	0.107526305525	0.591434683243	1.90127996318e-11	2.36702879514e-11	3.0910347553e-06
8.19063272027e-17	0.107526305524	0.59143468324	2.04419267591e-11	2.5519808488e-11	3.20952442091e-06
9.16912388998e-17	0.107526305523	0.591434683236	2.19827203225e-11	2.75137690401e-11	3.33255619037e-06
1.02645101766e-16	0.107526305522	0.591434683233	2.36439055029e-11	2.96636049049e-11	3.46030417766e-06
1.14907564157e-16	0.10752630552	0.591434683229	2.54348892331e-11	3.19814175132e-11	3.59294917113e-06
1.28634957472e-16	0.107526305519	0.591434683224	2.73658134671e-11	3.44803074969e-11	3.73067888935e-06
1.44002289191e-16	0.107526305518	0.59143468322	2.94476126115e-11	3.71744857106e-11	3.87368824676e-06
1.61205474e-16	0.107526305516	0.591434683215	3.16920754451e-11	4.00791622097e-11	4.02217962954e-06
1.80463831467e-16	0.107526305514	0.591434683209	3.41119118761e-11	4.3210768295e-11	4.17636318199e-06
2.020228821e-16	0.107526305512	0.591434683204	3.67208249152e-11	4.65870675348e-11	4.33645710395e-06
2.26157477429e-16	0.10752630551	0.591434683197	3.95335882734e-11	5.02272667876e-11	4.50268795959e-06
2.53175304033e-16	0.107526305508	0.591434683191	4.25661300218e-11	5.4151794157e-11	4.67529099802e-06
2.8342080616e-16	0.107526305506	0.591434683183	4.58356227892e-11	5.83829651256e-11	4.85451048626e-06
3.17279576975e-16	0.107526305504	0.591434683176	4.93605810067e-11	6.29448715333e-11	5.04060005487e-06
3.55183274401e-16	0.107526305501	0.591434683167	5.31609657509e-11	6.78630485094e-11	5.23382305695e-06
3.97615124228e-16	0.107526305498	0.591434683158	5.72582977798e-11	7.31656957189e-11	5.43445294077e-06
4.45116080652e-16	0.107526305495	0.591434683148	6.16757793991e-11	7.88825671387e-11	5.6427736368e-06
4.9829172278e-16	0.107526305492	0.591434683138	6.6438425853e-11	8.50460812812e-11	5.85907995951e-06
5.5781997502e-16	0.107526305488	0.591434683126	7.15732069792e-11	9.16913211939e-11	6.08367802458e-06
6.24459749791e-16	0.107526305484	0.591434683114	7.71091999338e-11	9.88557013928e-11	6.31688568214e-06
6.9906062273e-16	0.10752630548	0.591434683101	8.30777538489e-11	1.0657985604e-10	6.55903296657e-06
7.82573663736e-16	0.107526305476	0.591434683087	8.95126673555e-11	1.14907638946e-10	6.81046256356e-06
8.76063561955e-16	0.107526305471	0.591434683071	9.64503799786e-11	1.23886012544e-10	7.0715302951e-06
9.80722199261e-16	0.107526305465	0.591434683055	1.03930178486e-10	1.33566047094e-10	7.34260562301e-06
1.09788384529e-15	0.10752630546	0.591434683037	1.1199441936e-10	1.44002365567e-10	7.62407217181e-06
1.22904216776e-15	0.107526305454	0.591434683017	1.20688768654e-10	1.55254142851e-10	7.91632827163e-06
1.37586927488e-15	0.107526305447	0.591434682997	1.3006246059e-10	1.67384994726e-10	8.21978752194e-06
1.54023703271e-15	0.10752630544	0.591434682974	1.40168576361e-10	1.8046386604e-10	8.53487937684e-06
1.72424092916e-15	0.107526305433	0.59143468295	1.51064344715e-10	1.94564586626e-10	8.86204975282e-06
1.9302267889e-15	0.107526305424	0.591434682924	1.62811466035e-10	2.09767092541e-10	9.20176165986e-06
2.16082067971e-15	0.107526305415	0.591434682896	1.75476461731e-10	2.26157537091e-10	9.55449585666e-06
2.41896239173e-15	0.107526305406	0.591434682865	1.89131050937e-10	2.43828623899e-10	9.92075153099e-06
2.70794291609e-15	0.107526305396	0.591434682833	2.03852556641e-10	2.62880384058e-10	1.03010470061e-05
3.03144640108e-15	0.107526305385	0.591434682798	2.19724343548e-10	2.8342084227e-10	1.06959204745e-05
3.3935971205e-15	0.107526305373	0.59143468276	2.36836290159e-10	3.05566238885e-10	1.11059307591e-05
3.79901205315e-15	0.10752630536	0.591434682719	2.5528529773e-10	3.29442029104e-10	1.15316581046e-05
4.25285974362e-15	0.107526305346	0.591434682674	2.75175839004e-10	3.55183327068e-10	1.19737049983e-05
4.76092619495e-15	0.107526305331	0.591434682627	2.96620549817e-10	3.82935905061e-10	1.24326970228e-05
5.32968863304e-15	0.107526305315	0.591434682576	3.19740866935e-10	4.12857081685e-10	1.29092837416e-05
5.96639808341e-15	0.107526305297	0.59143468252	3.44667715715e-10	4.45116054927e-10	1.3404139618e-05
6.6791718129e-15	0.107526305278	0.591434682461	3.71542251517e-10	4.79895789543e-10	1.39179649695e-05
7.47709681486e-15	0.107526305258	0.591434682396	4.00516659029e-10	5.17392906029e-10	1.44514869594e-05
8.37034565723e-15	0.107526305236	0.591434682327	4.3175501406e-10	5.57820012092e-10	1.50054606256e-05
9.37030617032e-15	0.107526305213	0.591434682252	4.65434212663e-10	6.01405924699e-10	1.55806699488e-05
1.04897266278e-14	0.107526305187	0.591434682172	5.01744972862e-10	6.48397446425e-10	1.61779289628e-05
1.17428782713e-14	0.10752630516	0.591434682085	5.40892914645e-10	6.99060697728e-10	1.67980829054e-05
1.31457372519e-14	0.107526305131	0.591434681991	5.83099724346e-10	7.53682560238e-10	1.74420094158e-05
1.47161883057e-14	0.107526305099	0.59143468189	6.28604410006e-10	8.12572342085e-10	1.81106197757e-05
1.6474252763e-14	0.107526305064	0.591434681781	6.77664654826e-10	8.76063554266e-10	1.88048601992e-05
1.84423437956e-14	0.107526305027	0.591434681664	7.30558276369e-10	9.44515798014e-10	1.95257131721e-05
2.06455521569e-14	0.107526304988	0.591434681537	7.87584799781e-10	1.01831654116e-09	2.02741988421e-05
2.3111966059e-14	0.107526304945	0.591434681401	8.49067153939e-10	1.0978838937e-09	2.10513764627e-05
2.58730292625e-14	0.107526304898	0.591434681254	9.15353500125e-10	1.18366827311e-09	2.18583458918e-05
2.89639419463e-14	0.107526304848	0.591434681095	9.86819203591e-10	1.27615551297e-09	2.26962491488e-05
3.24241094665e-14	0.107526304794	0.591434680924	1.06386895916e-09	1.37586930548e-09	2.35662720305e-05
3.62976447268e-14	0.107526304736	0.59143468074	1.14693908296e-09	1.48337442109e-09	2.44696457889e-05
4.06339305641e-14	0.107526304674	0.591434680541	1.23649998312e-09	1.59927948406e-09	2.54076488744e-05
4.54882493186e-14	0.107526304606	0.591434680327	1.33305882368e-09	1.72424096925e-09	2.63816087445e-05
5.09224876169e-14	0.107526304534	0.591434680095	1.43716239646e-09	1.85896642178e-09	2.73929037426e-05
5.70059253501e-14	0.107526304455	0.591434679846	1.54940021749e-09	2.00421878691e-09	2.84429650485e-05
6.38161189077e-14	0.107526304371	0.591434679578	1.67040786528e-09	2.16082073989e-09	2.95332787039e-05
7.14398899271e-14	0.107526304279	0.591434679288	1.80087057998e-09	2.32965879378e-09	3.06653877155e-05
7.99744321627e-14	0.107526304181	0.591434678976	1.94152714373e-09	2.51168929468e-09	3.18408942386e-05
8.95285505876e-14	0.107526304075	0.591434678639	2.09317406423e-09	2.70794286261e-09	3.30614618444e-05
1.00224048524e-13	0.107526303961	0.591434678277	2.25667008519e-09	2.91953105283e-09	3.43288178742e-05
1.12197280484e-13	0.107526303838	0.591434677885	2.43294104921e-09	3.14765179596e-09	3.56447558843e-05
1.25600890529e-13	0.107526303705	0.591434677464	2.62298514064e-09	3.39359705851e-09	3.70111381838e-05
1.40605758288e-13	0.107526303562	0.591434677009	2.82787853805e-09	3.65875961521e-09	3.84298984703e-05
1.57403177464e-13	0.107526303407	0.591434676519	3.04878150841e-09	3.94464082064e-09	3.99030445665e-05
1.762072946e-13	0.107526303241	0.59143467599	3.28694497746e-09	4.25285971296e-09	4.14326612617e-05
1.97257839181e-13	0.107526303061	0.59143467542	3.54371761337e-09	4.58516156272e-09	4.3020913262e-05
2.20823179889e-13	0.107526302868	0.591434674806	3.82055346402e-09	4.94342830891e-09	4.46700482538e-05
2.47203745983e-13	0.107526302659	0.591434674143	4.11902019089e-09	5.32968855095e-09	4.6382400085e-05
2.76735857393e-13	0.107526302434	0.591434673429	4.44080794644e-09	5.74612976119e-09	4.81603920675e-05
3.09796012396e-13	0.107526302192	0.591434672659	4.78773894506e-09	6.19510994219e-09	5.00065404069e-05
3.46805687504e-13	0.10752630193	0.591434671829	5.16177778185e-09	6.67917172661e-09	5.19234577632e-05
3.88236710774e-13	0.107526301648	0.591434670934	5.56504255774e-09	7.20105614393e-09	5.39138569483e-05
4.34617277032e-13	0.107526301344	0.591434669969	5.99981687377e-09	7.7637187187e-09	5.59805547654e-05
4.86538681719e-13	0.107526301017	0.591434668928	6.46856276269e-09	8.37034545775e-09	5.8126475995e-05
5.44662859174e-13	0.107526300664	0.591434667807	6.97393463087e-09	9.02437172395e-09	6.0354657534e-05
6.09730821487e-13	0.107526300283	0.591434666598	7.51879428962e-09	9.72950099902e-09	6.26682526937e-05
6.82572105497e-13	0.107526299872	0.591434665294	8.10622716105e-09	1.04897263108e-08	6.50705356625e-05
7.64115348364e-13	0.107526299429	0.591434663888	8.73955975007e-09	1.13093527707e-08	6.7564906139e-05
8.55400126553e-13	0.107526298952	0.591434662373	9.4223784817e-09	1.21930215547e-08	7.01548941435e-05
9.57590209161e-13	0.107526298438	0.591434660739	1.01585500102e-08	1.31457368817e-08	7.28441650139e-05
1.07198839454e-12	0.107526297883	0.591434658977	1.09522431151e-08	1.41728935466e-08	7.56365245924e-05
1.20005311936e-12	0.107526297285	0.591434657078	1.18079523081e-08	1.52803082295e-08	7.85359246119e-05
1.34341705193e-12	0.10752629664	0.59143465503	1.27305232843e-08	1.64742520243e-08	8.1546468288e-05
1.50390790664e-12	0.107526295945	0.591434652823	1.37251803625e-08	1.77614859663e-08	8.46724161263e-05
1.68357174512e-12	0.107526295195	0.591434650443	1.47975560696e-08	1.91492993348e-08	8.79181919516e-05
1.88469906101e-12	0.107526294387	0.591434647877	1.59537230356e-08	2.06455510644e-08	9.12883891685e-05
2.1098539809e-12	0.107526293516	0.59143464511	1.72002283824e-08	2.22587140428e-08	9.47877772618e-05
2.36190695378e-12	0.107526292576	0.591434642127	1.85441307981e-08	2.39979232944e-08	9.84213085465e-05
2.64407134577e-12	0.107526291564	0.591434638912	1.99930405091e-08	2.5873027606e-08	0.000102194125176
2.95994440652e-12	0.107526290472	0.591434635444	2.1555162375e-08	2.78946451483e-08	0.000106111566419
3.31355312972e-12	0.107526289295	0.591434631707	2.32393423508e-08	3.00742239838e-08	0.000110179176217
3.7094055923e-12	0.107526288026	0.591434627676	2.50551175795e-08	3.24241066808e-08	0.000114402711027
4.1525484268e-12	0.107526286657	0.591434623332	2.70127703992e-08	3.49576001471e-08	0.000118788147972
4.64863115972e-12	0.107526285182	0.591434618647	2.91233865692e-08	3.7689050792e-08	0.000123341693296
5.20397823594e-12	0.107526283591	0.591434613597	3.13989180462e-08	4.0633926238e-08	0.000128069791149
5.82566964758e-12	0.107526281877	0.591434608152	3.38522506658e-08	4.38089028069e-08	0.000132979132706
6.52163119507e-12	0.107526280028	0.591434602281	3.64972771116e-08	4.72319596663e-08	0.000138076665638
7.30073553125e-12	0.107526278035	0.591434595952	3.93489755865e-08	5.09224807481e-08	0.00014336960394
8.17291527665e-12	0.107526275886	0.591434589128	4.2423494631e-08	5.49013647711e-08	0.000148865438145
9.14928964798e-12	0.107526273569	0.591434581771	4.57382445682e-08	5.91911432582e-08	0.000154571945922
1.02423062143e-11	0.107526271071	0.591434573839	4.93119960945e-08	6.38161080999e-08	0.000160497203081
1.14658995878e-11	0.107526268378	0.591434565288	5.3164986574e-08	6.88024496667e-08	0.000166649595007
1.28356690729e-11	0.107526265474	0.591434556068	5.73190346373e-08	7.41784044676e-08	0.00017303782852
1.43690775374e-11	0.107526262344	0.591434546128	6.17976637357e-08	7.99744151337e-08	0.000179670944203
1.60856740425e-11	0.107526258969	0.591434535411	6.66262353485e-08	8.62233033901e-08	0.000186558329192
1.80073430681e-11	0.10752625533	0.591434523857	7.18320925992e-08	9.29604553516e-08	0.000193709730461
2.0158583513e-11	0.107526251407	0.5914345114	7.74447150927e-08	1.00224021696e-07	0.000201135268618
2.25668210237e-11	0.107526247178	0.59143449797	8.34958858509e-08	1.08055134599e-07	0.000208845452224
2.52627576378e-11	0.107526242618	0.59143448349	9.00198712926e-08	1.16498139886e-07	0.000216851192666
2.82807631945e-11	0.107526237701	0.591434467879	9.70536152749e-08	1.25600848267e-07	0.000225163819598
3.16593135072e-11	0.107526232401	0.591434451048	1.04636948297e-07	1.3541480635e-07	0.000233795096977
3.54414808799e-11	0.107526226686	0.591434432902	1.12812813052e-07	1.45995588398e-07	0.000242757239705
3.96754832237e-11	0.107526220525	0.591434413338	1.21627507595e-07	1.57403110861e-07	0.00025206293092
4.44152987731e-11	0.107526213883	0.591434392246	1.31130947524e-07	1.69701971986e-07	0.000261725339943
4.97213542378e-11	0.107526206721	0.591434369505	1.41376948631e-07	1.82961817306e-07	0.000271758140914
5.56612951647e-11	0.107526199	0.591434344988	1.52423531653e-07	1.97257734316e-07	0.000282175532145
6.23108483297e-11	0.107526190676	0.591434318555	1.64333250822e-07	2.12670677359e-07	0.000292992256207
6.97547871538e-11	0.107526181701	0.591434290057	1.77173548097e-07	2.29287926364e-07	0.0003042236208
7.80880124524e-11	0.107526172025	0.591434259331	1.91017135062e-07	2.4720358078e-07	0.000315885520412
8.7416762293e-11	0.107526161592	0.591434226205	2.05942404678e-07	2.66519092817e-07	0.000327994458809
9.78599663887e-11	0.107526150345	0.591434190491	2.22033875193e-07	2.87343841422e-07	0.000340567572396
1.0955076229e-10	0.107526138219	0.591434151986	2.39382668746e-07	3.09795752223e-07	0.00035362265446
1.22638192708e-10	0.107526125145	0.591434110473	2.58087027362e-07	3.34001964772e-07	0.000367178180357
1.37289105604e-10	0.10752611105	0.591434065716	2.78252869268e-07	3.60099553067e-07	0.000381253333648
1.53690281267e-10	0.107526095854	0.591434017461	2.99994388669e-07	3.88236301037e-07	0.000395868033252
1.72050813504e-10	0.10752607947	0.591433965437	3.23434702395e-07	4.18571540197e-07	0.000411042961632
1.9260477529e-10	0.107526061806	0.591433909347	3.48706547068e-07	4.51277051136e-07	0.00042679959406
2.15614202862e-10	0.107526042762	0.591433848875	3.75953030743e-07	4.86538036728e-07	0.000443160229005
2.41372436305e-10	0.10752602223	0.591433783677	4.05328443274e-07	5.24554170834e-07	0.000460148019694
2.70207859206e-10	0.107526000093	0.591433713386	4.36999130003e-07	5.65540728711e-07	0.000477787006864
3.02488085061e-10	0.107525976227	0.591433637602	4.71144433708e-07	6.09729806243e-07	0.00049610215279
3.38624643795e-10	0.107525950496	0.591433555896	5.07957710147e-07	6.573716342e-07	0.000515119376601
3.7907822814e-10	0.107525922754	0.591433467807	5.4764742295e-07	7.08735994961e-07	0.00053486559096
4.24364566756e-10	0.107525892845	0.591433372835	5.90438324065e-07	7.64113750714e-07	0.000555368740142
4.75060998961e-10	0.107525860599	0.591433270441	6.36572726417e-07	8.23818489428e-07	0.000576657839577
5.31813834886e-10	0.107525825834	0.591433160048	6.86311876021e-07	8.88188301952e-07	0.000598763016902
5.95346594872e-10	0.107525788351	0.591433041028	7.39937431286e-07	9.57587695208e-07	0.000621715554597
6.66469233158e-10	0.107525747941	0.591432912709	7.97753057903e-07	1.03240965682e-06	0.00064554793424
7.46088463421e-10	0.107525704373	0.591432774364	8.60086148346e-07	1.11307788026e-06	0.000670293882469
8.35219317813e-10	0.1075256574	0.591432625209	9.27289675707e-07	1.2000491641e-06	0.0006959884187
9.34998086814e-10	0.107525606757	0.5914324644	9.99744192381e-07	1.29381599826e-06	0.000722667904674
1.04669680488e-09	0.107525552158	0.591432291025	1.0778599849e-06	1.39490935292e-06	0.000750370095907
1.17173946653e-09	0.107525493292	0.591432104105	1.16207939712e-06	1.50390168488e-06	0.000779134195098
1.31172017951e-09	0.107525429827	0.591431902579	1.25287933491e-06	1.62141017893e-06	0.0008090009076
1.46842348662e-09	0.107525361402	0.591431685306	1.35077396655e-06	1.74810024292e-06	0.000840012499004
1.64384711494e-09	0.107525287632	0.591431451057	1.45631763405e-06	1.88468927486e-06	0.000872212854931
1.84022744274e-09	0.107525208097	0.591431198505	1.57010799196e-06	2.03195072521e-06	0.000905647543116
2.06006800849e-09	0.107525122349	0.59143092622	1.6927893914e-06	2.19071847609e-06	0.000940363877873
2.3061714254e-09	0.1075250299	0.59143063266	1.82505652844e-06	2.3618915631e-06	0.000976410987017
2.58167510828e-09	0.107524930227	0.591430316162	1.96765837749e-06	2.54643926501e-06	0.00101383988136
2.89009126811e-09	0.107524822767	0.591429974935	2.12140243201e-06	2.74540659243e-06	0.00105270352688
3.23535168405e-09	0.107524706911	0.591429607047	2.28715927652e-06	2.95992020401e-06	0.00109305691959
3.62185782346e-09	0.107524582002	0.591429210413	2.46586751568e-06	3.19119478542e-06	0.0011349571634
4.05453694885e-09	0.107524447333	0.591428782789	2.65853908855e-06	3.4405399267e-06	0.00117846355078
4.5389049267e-09	0.107524302143	0.591428321753	2.86626499786e-06	3.70936753646e-06	0.00122363764672
5.08113653868e-09	0.107524145608	0.591427824693	3.09022148692e-06	3.99919983563e-06	0.00127054337569
5.68814419127e-09	0.107523976842	0.591427288797	3.33167669896e-06	4.31167797483e-06	0.00131924711211
6.36766602691e-09	0.107523794891	0.591426711029	3.5919978567e-06	4.64857132653e-06	0.00136981777417
7.12836455942e-09	0.107523598722	0.591426088117	3.87265900265e-06	5.01178750026e-06	0.00142232692126
7.97993709066e-09	0.107523387227	0.591425416536	4.17524934409e-06	5.40338314347e-06	0.00147684885517
8.93323931532e-09	0.107523159207	0.591424692481	4.5014822497e-06	5.82557558243e-06	0.00153346072509
1.00004236889e-08	0.107522913372	0.591423911853	4.85320494897e-06	6.28075537529e-06	0.00159224263671
1.11950943218e-08	0.107522648328	0.591423070233	5.2324089891e-06	6.77149984342e-06	0.00165327776541
1.25324803731e-08	0.107522362577	0.591422162855	5.64124150856e-06	7.3005876606e-06	0.0017166524738
1.40296301528e-08	0.107522054499	0.591421184581	6.08201739109e-06	7.87101458102e-06	0.00178245643381
1.57056284059e-08	0.107521722351	0.591420129872	6.55723236871e-06	8.48601039544e-06	0.00185078275334
1.75818395456e-08	0.107521364252	0.591418992757	7.06957714812e-06	9.14905721145e-06	0.00192172810783
1.96821799338e-08	0.107520978175	0.591417766798	7.62195263996e-06	9.86390916107e-06	0.00199539287682
2.20334226784e-08	0.107520561934	0.591416445052	8.2174863773e-06	1.0634613647e-05	0.00207188128574
2.46655388274e-08	0.107520113173	0.591415020038	8.85955021595e-06	1.14655342469e-05	0.00215130155306
2.76120793062e-08	0.10751962935	0.591413483687	9.55177941672e-06	1.23613754072e-05	0.00223376604313
3.09106024615e-08	0.107519107727	0.591411827301	1.02980932173e-05	1.33272090625e-05	0.00231939142476
3.46031526562e-08	0.107518545352	0.591410041502	1.110271701e-05	1.43685033343e-05	0.00240829883593
3.87367960074e-08	0.10751793904	0.59140811618	1.19702062507e-05	1.54911534689e-05	0.00250061405472
4.33642200892e-08	0.107517285359	0.591406040437	1.29054722336e-05	1.67015151892e-05	0.00259646767673
4.85444052331e-08	0.10751658061	0.59140380252	1.39138098779e-05	1.80064406499e-05	0.00269599529935
5.43433759704e-08	0.107515820803	0.591401389761	1.50009276823e-05	1.94133171974e-05	0.00279933771286
6.08350421792e-08	0.107515001638	0.591398788501	1.61729800171e-05	2.09301091534e-05	0.00290664109901
6.81021406384e-08	0.107514118477	0.591395984017	1.74366019352e-05	2.25654028586e-05	0.00301805723696
7.6237288969e-08	0.107513166323	0.591392960432	1.87989466998e-05	2.43284552284e-05	0.00313374371714
8.5344165366e-08	0.107512139788	0.591389700633	2.02677262377e-05	2.62292460961e-05	0.00325386416316
9.55388291281e-08	0.10751103306	0.591386186169	2.18512547483e-05	2.8278534637e-05	0.00337858846218
1.06951198773e-07	0.107509839878	0.591382397148	2.35584957132e-05	3.04879201907e-05	0.00350809300396
1.19726706534e-07	0.107508553491	0.591378312125	2.53991125706e-05	3.28699078251e-05	0.00364256092897
1.34028150255e-07	0.107507166618	0.59137390798	2.73835233395e-05	3.54379790089e-05	0.00378218238585
1.50037766238e-07	0.107505671413	0.591369159791	2.95229595016e-05	3.82066677907e-05	0.00392715479863
1.6795954935e-07	0.107504059417	0.591364040688	3.18295294712e-05	4.11916429123e-05	0.00407768314396
1.88021849876e-07	0.107502321511	0.591358521702	3.43162870093e-05	4.44097963162e-05	0.0042339802388
2.10480280072e-07	0.107500447863	0.591352571607	3.69973049662e-05	4.78793385445e-05	0.00439626703894
2.35620967327e-07	0.107498427875	0.591346156737	3.98877547668e-05	5.16199015626e-05	0.0045647729487
2.63764195195e-07	0.107496250124	0.591339240798	4.3003992082e-05	5.5652649584e-05	0.00473973614222
2.9526847848e-07	0.107493902293	0.591331784666	4.63636491689e-05	6.00003985154e-05	0.00492140389677
3.30535124047e-07	0.107491371106	0.591323746165	4.99857343931e-05	6.46877446896e-05	0.00511003293848
3.7001333514e-07	0.107488642251	0.591315079825	5.38907394921e-05	6.97412036047e-05	0.005305889801
4.1420592388e-07	0.107485700302	0.591305736633	5.81007551769e-05	7.51893594423e-05	0.00550925119739
4.63675704244e-07	0.10748252863	0.591295663749	6.26395957171e-05	8.10630261982e-05	0.00572040440584
5.19052646437e-07	0.107479109307	0.591284804217	6.75329332041e-05	8.739542132e-05	0.00593964766967
5.81041883109e-07	0.107475423012	0.591273096636	7.28084422375e-05	9.42223528165e-05	0.00616729061196
6.50432668613e-07	0.107471448918	0.59126047482	7.84959558411e-05	0.000101582420876	0.0064036546655
7.28108404438e-07	0.107467164574	0.591246867423	8.462763347e-05	0.000109517235108	0.00664907351844
8.15057857348e-07	0.107462545782	0.59123219754	9.12381420428e-05	0.000118071648609	0.00690389357617
9.12387711664e-07	0.107457566462	0.591216382272	9.83648509966e-05	0.000127294010145	0.00716847443995
1.02133661384e-06	0.107452198503	0.591199332264	0.000106048042442	0.000137236435829	0.00744318940287
1.14329088614e-06	0.107446411606	0.591180951201	0.000114331137577	0.0001479551018	0.00772842596362
1.27980210689e-06	0.107440173117	0.591161135268	0.0001232609406	0.000159510559484	0.00802458635865
1.43260677833e-06	0.107433447845	0.59113977257	0.00013288790146	0.000171968075182	0.00833208811322
1.60364832857e-06	0.107426197862	0.591116742505	0.000143266398884	0.000185397995816	0.00865136461195
1.79510172353e-06	0.107418382295	0.591091915088	0.000154455045216	0.000199876142817	0.00898286568939
2.00940099672e-06	0.107409957097	0.591065150225	0.000166517014736	0.000215484236304	0.00932705824115
2.24927004087e-06	0.107400874805	0.591036296934	0.00017952039722	0.000232310351811	0.00968442685616
2.51775704549e-06	0.107391084272	0.5910051925	0.00019353857867	0.000250449412037	0.0100554744705
2.81827300925e-06	0.10738053039	0.590971661567	0.000208650651239	0.00027000371623	0.0104407230437
3.15463480586e-06	0.10736915378	0.590935515169	0.000224941854566	0.000291083510027	0.010840714257
3.53111333763e-06	0.107356890466	0.590896549674	0.000242504050853	0.00031380759876	0.0112560102359
3.95248737285e-06	0.107343671525	0.59085454566	0.00026143623622	0.000338304007459	0.011687194295
4.42410373173e-06	0.107329422706	0.590809266696	0.000281845091022	0.000364710690991	0.0121348717083
4.9519445623e-06	0.107314064025	0.590760458037	0.000303845572023	0.000393176298041	0.0125996705025
5.54270253263e-06	0.107297509326	0.590707845222	0.000327561549505	0.00042386099285	0.0130822422764
6.20386486032e-06	0.107279665812	0.590651132557	0.000353126492609	0.000456937338941	0.0135832630443
6.94380720503e-06	0.107260433542	0.590590001495	0.00038068420644	0.000492591249296	0.0141034341054
7.77189856641e-06	0.107239704889	0.590524108893	0.000410389624667	0.000531023007759	0.0146434829381
8.69861845862e-06	0.107217363961	0.590453085132	0.000442409661649	0.000572448366765	0.0152041641204
9.73568777607e-06	0.107193285974	0.590376532106	0.000476924128323	0.000617099726776	0.0157862602744
1.08962149227e-05	0.107167336589	0.590294021059	0.000514126716401	0.000665227403168	0.016390583038
1.21948589528e-05	0.107139371193	0.590205090263	0.000554226055683	0.000717100986641	0.0170179740593
1.36480116643e-05	0.107109234135	0.590109242529	0.000597446849602	0.000773010803592	0.0176693060171
1.52740007989e-05	0.107076757901	0.590005942535	0.000644031094393	0.000833269483239	0.0183454836643
1.70933167383e-05	0.107041762242	0.589894613957	0.00069423938763	0.000898213638656	0.0190474448941
1.91288653454e-05	0.107004053229	0.589774636407	0.000748352332151	0.000968205669274	0.0197761618282
2.14062498813e-05	0.106963422253	0.589645342137	0.000806672041741	0.00104363569274	0.0205326419253
2.3954085244e-05	0.106919644953	0.589506012523	0.000869523755256	0.00112492361443	0.021317929108
2.68043481116e-05	0.106872480072	0.589355874297	0.000937257566208	0.00121252134325	0.0221331049067
2.999276695e-05	0.106821668237	0.589194095516	0.00101025027511	0.00130691516267	0.0229792896172
3.35592562473e-05	0.106766930666	0.589019781263	0.00108890737226	0.00140862826637	0.0238576434698
3.75483997811e-05	0.106707967783	0.588831969045	0.00117366515883	0.00151822346805	0.0247693678065
4.20099882019e-05	0.106644457753	0.588629623895	0.00126499301452	0.00163630609507	0.025715706262
4.69996167334e-05	0.106576054924	0.588411633137	0.00136339582013	0.00176352707626	0.0266979459444
5.25793493452e-05	0.106502388181	0.588176800829	0.00146941654374	0.00190058623363	0.0277174186102
5.88184563507e-05	0.106423059196	0.587923841831	0.00158363899914	0.00204823578834	0.0287755018278
6.57942330159e-05	0.10633764059	0.587651375519	0.00170669078548	0.00220728409084	0.0298736201224
7.35929074404e-05	0.106245673984	0.587357919102	0.00183924641677	0.00237859958493	0.0310132460951
8.23106466772e-05	0.10614666796	0.58704188055	0.00198203065005	0.00256311501517	0.032195901507
9.20546708019e-05	0.10604009591	0.586701551097	0.00213582202047	0.00276183188622	0.0334231583186
0.000102944485405	0.105925393795	0.586335097338	0.00230145659147	0.0029758251821	0.0346966396729
0.000115113243762	0.105801957798	0.585940552881	0.00247983192737	0.00320624835195	0.0360180208111
0.000128709250739	0.105669141886	0.585515809573	0.00267191129493	0.00345433856763	0.0373890299048
0.000143897621242	0.105526255282	0.585058608286	0.00287872809952	0.00372142225636	0.0388114487904
0.000160862106814	0.105372559858	0.584566529268	0.00310139055998	0.0040089209093	0.0402871135881
0.00017980710465	0.105207267456	0.584036982067	0.00334108662466	0.00431835716436	0.0418179151856
0.000200959863938	0.105029537154	0.583467195049	0.00359908912898	0.00465136115752	0.043405799565
0.000224572904944	0.10483847249	0.582854204523	0.00387676119211	0.00500967713311	0.0450527679493
0.00025092666658	0.10463311867	0.582194843515	0.00417556184764	0.00539517029828	0.0467608767421
0.000280332398359	0.104412459788	0.581485730223	0.00449705189888	0.00580983390089	0.0485322372313
0.00031313531244	0.104175416074	0.580723256221	0.00484289998534	0.00625579650327	0.0503690150257
0.000349718011002	0.103920841233	0.579903574468	0.00521488884177	0.00673532941562	0.0522734291891
0.0003905042032	0.103647519896	0.579022587223	0.00561492172475	0.00725085424383	0.0542477510345
0.000435962724476	0.103354165244	0.578075933957	0.00604502897523	0.00780495049526	0.0562943025379
0.000486611868806	0.103039416872	0.577058979408	0.00650737467693	0.00840036317323	0.0584154543269
0.000543024041498	0.102701838954	0.575966801901	0.00700426336161	0.00904001027707	0.060613623197
0.000605830736232	0.102339918786	0.574794182153	0.00753814670133	0.0097269901079	0.062891269104
0.000675727834947	0.101952065812	0.573535592729	0.00811163011631	0.0104645882621	0.0652508915799
0.000753481222832	0.10153661122	0.572185188426	0.0087274792134	0.0112562841739	0.0676950255137
0.000839932702778	0.101091808237	0.570736797842	0.00938862595564	0.012105757046	0.0702262362375
0.000936006184069	0.100615833234	0.569183916463	0.0100981744467	0.0130168909816	0.072847113856
0.00104271410852	0.100106787804	0.567519701615	0.0108594061967	0.0139937791041	0.0755602667535
0.00116116406363	0.0995627019421	0.565736969699	0.0116757847156	0.0150407264208	0.0783683142148
0.00129256551633	0.0989815385138	0.563828196153	0.012550959261	0.0161622511565	0.0812738780909
0.00143823658236	0.0983611991771	0.561785518639	0.0134887675442	0.0173630842462	0.0842795734477
0.00159961072522	0.0976995319476	0.559600744007	0.0144932371754	0.0186481666466	0.0873879981299
0.00177824325496	0.0969943406006	0.557265359614	0.0155685856069	0.0200226440842	0.0906017211843
0.00197581747063	0.0962433961052	0.554770549645	0.0167192183087	0.0214918588289	0.0939232700859
0.00219414781521	0.0954444580618	0.552093963191	0.0179497245806	0.0230613117285	0.0973551167207
0.00243519095155	0.0945952693058	0.549237178334	0.0192649004935	0.024736695457	0.100899742801
0.002701044836	0.0936935945909	0.546192021721	0.0206696889259	0.0265238542069	0.104559477385
0.00299395182434	0.0927372376087	0.542948724953	0.022169187239	0.0284287532099	0.108336536616
0.00331630007468	0.091724063568	0.539497400134	0.0237686350253	0.0304574511845	0.112233013211
0.0036706225722	0.0906520263765	0.535828101355	0.0254733950952	0.0326160639118	0.116250856101
0.00405959384441	0.0895191987519	0.531930895951	0.0272889303856	0.0349107212823	0.120391848885
0.00448602397617	0.0883238051959	0.527795945984	0.0292207764653	0.0373475173267	0.124657587201
0.00495284952127	0.0870642576822	0.523413600295	0.0312745093358	0.0399324528028	0.129049455153
0.0054631209062	0.0857391938004	0.518774497253	0.0334557082781	0.0426713699932	0.133568600957
0.00601998593509	0.0843475169843	0.51386967811	0.0357699135543	0.0455698794821	0.138215912037
0.00662666903573	0.0828884383171	0.508690710596	0.0382225788594	0.0486332788292	0.142991989828
0.00728644173141	0.0813615274894	0.503211161778	0.0408190185186	0.0518664316872	0.147897124594
0.00800256650007	0.0797668020654	0.497402421209	0.0435644410195	0.0552734160153	0.152931450942
0.00877835684015	0.0781045886757	0.491296513911	0.0464639160929	0.0588580989747	0.158094959584
0.00961704250965	0.0763757682818	0.48488865439	0.0495220002989	0.0626235265424	0.163386903355
0.0105217554284	0.0745817345584	0.478175343939	0.0527428554789	0.0665719147475	0.168806136853
0.0114954807154	0.0727244261764	0.471154527431	0.0561301750954	0.0707045316536	0.174351097872
0.0125410038627	0.0708063531886	0.463825746086	0.0596871086203	0.0750215781083	0.180019791578
0.0136608519501	0.068830620395	0.456183528992	0.0634161852021	0.0795220516243	0.185809778013
0.0148571048951	0.0668011318455	0.44813874696	0.0673192815179	0.0842027872	0.191718247352
0.0161317213856	0.0647219903483	0.439793674643	0.0713982777952	0.0890602162257	0.197743110985
0.0174861200264	0.0625981220401	0.431156045275	0.0756534584488	0.0940890820736	0.203880644516
0.018921235488	0.0604350182886	0.422235785139	0.0800842131963	0.0992825470409	0.210126681598
0.0204374666222	0.0582386996577	0.413045050243	0.084688982054	0.104632129441	0.216476624781
0.0220345711097	0.0560157395665	0.40354784821	0.0894652076361	0.110127331982	0.222925461793
0.0237116821525	0.053773114421	0.393780123967	0.0944098639503	0.11575551796	0.229468565715
0.0254674478118	0.0515179818482	0.383792022926	0.0995187057553	0.121503370886	0.236100703084
0.0272997558111	0.0492578959333	0.373604755303	0.104786093864	0.127355652308	0.242815845993
0.0292058236999	0.0470005745171	0.363245184474	0.110205347599	0.133295579586	0.249607676468
0.0311836902361	0.0447522837303	0.353264308931	0.11576880004	0.13931263312	0.256469558293
0.0332279301364	0.0425223138131	0.343148586447	0.121459968259	0.145386568813	0.263384793356
0.0353336894744	0.0403181288154	0.332922201023	0.127268996858	0.151496758331	0.270345941987
0.0374955048066	0.0381469920554	0.322610392703	0.133185159031	0.157621541521	0.277345407258
0.0397081602086	0.0360151782734	0.312671043467	0.139196967497	0.163742364794	0.284375487548
0.0419663627304	0.0339283999196	0.302987047038	0.145284598095	0.169848356296	0.291419137476
0.0442612638464	0.0318942438363	0.29327216799	0.151429530966	0.175912091321	0.298461417344
0.04658532109	0.0299181217284	0.283549612784	0.157618337581	0.181909922036	0.305493936683
0.0489306490446	0.0280049412912	0.273798804111	0.163837253319	0.187818050645	0.31250836875
0.0512863678103	0.0261610146278	0.263462670295	0.170073110093	0.193599379461	0.319497570707
0.0536472000689	0.0243877832258	0.253219362888	0.176325710571	0.199232744012	0.326469558833
0.0560054241844	0.0226883178463	0.243093391334	0.18258114983	0.204697512785	0.333417084499
0.0583534633308	0.0210649657168	0.233107902669	0.188825750071	0.209974484141	0.340333156666
0.0606925890382	0.0195140830296	0.225129665313	0.195046491084	0.215084282111	0.347211062923
0.0630098522381	0.0180407627989	0.217505343062	0.201182917645	0.220026789806	0.353989837896
0.0652949547449	0.016646605991	0.209961785025	0.207216222866	0.224780736053	0.36065377976
0.0675403310792	0.0153311427762	0.202511567429	0.213135722807	0.22933077393	0.367195888685
0.0697389107208	0.0140934531018	0.195166693093	0.218931464104	0.233663633044	0.373609614294
0.071884961028	0.01293181271	0.188342605291	0.224594314271	0.237771515445	0.379888893038
0.0739779319626	0.0118419466061	0.182409649299	0.230105092361	0.241678180411	0.38601546848
0.0760060728336	0.0108249824951	0.176551290227	0.235434501519	0.245370301751	0.391958492943
0.0779641419384	0.00987848344794	0.170775113367	0.240577889619	0.248840661584	0.397713979963
0.0798476928617	0.00899979899402	0.16508830831	0.245531610375	0.252084433225	0.403278689337
0.0816530930263	0.00818609890853	0.159497604925	0.250293042311	0.255099131777	0.408650142044
0.0833775258431	0.00743440901645	0.154009220525	0.254860587412	0.257884520749	0.413826624551
0.0850190476593	0.0067416198807	0.14866689599	0.259233651277	0.260442761199	0.418807183211
0.0865769082943	0.00610439005295	0.143513808497	0.26341159081	0.262780603463	0.423590409321
0.0880499749886	0.00551977736182	0.138471496581	0.267393585823	0.264903143919	0.428174290233
0.0894383847014	0.00498458541534	0.133543861294	0.271182039342	0.266817166225	0.432560213204
0.0907429166827	0.00449564528417	0.128734225562	0.274780134576	0.268530802312	0.436750238267
0.0919649289403	0.00404984166567	0.124045336716	0.278191757687	0.270053301808	0.440747054568
0.0931062905568	0.00364413577236	0.119479376445	0.281421416084	0.271394801699	0.444553932084
0.0941693118623	0.00327558478966	0.115037977224	0.284474154528	0.272566102151	0.448174669788
0.0951567702887	0.00294132659784	0.110787124011	0.287355471038	0.27357882086	0.451613541287
0.0960727633255	0.00263829758469	0.106902388518	0.290069687773	0.27445022076	0.454873339388
0.0969190969411	0.00236438451643	0.103123760341	0.292617127281	0.275192206075	0.457951918222
0.0976991090202	0.00211714795066	0.0994515336949	0.29500499267	0.275815373429	0.460855416615
0.098416276876	0.00189429376803	0.0958856464514	0.297240587883	0.276330188109	0.463590226305
0.0990741608282	0.00169367423841	0.0924257051513	0.299331252534	0.276746860114	0.466162930134
0.0996763536387	0.00151328717425	0.0890710115111	0.301284303114	0.277075241635	0.468580243244
0.10022643609	0.00135127344597	0.0858205898087	0.303106980868	0.277324745253	0.470848957926
0.100727938777	0.00120591313362	0.0826732145868	0.30480640643	0.277504281627	0.472975892614
0.101184309998	0.00107562057971	0.0796274381875	0.306389541132	0.277622215064	0.474967845383
0.101598889485	0.000958938591078	0.076681617707	0.307863154742	0.277686335117	0.476831552166
0.101974888789	0.000854531693772	0.0738351227338	0.309233799279	0.277703846534	0.478573649782
0.102317423484	0.000760624449262	0.071953540842	0.310507779526	0.277688819109	0.480200617417
0.102626959752	0.000676773171302	0.0701138490341	0.311676242615	0.277653193792	0.481699566197
0.102906237523	0.000601951246457	0.0683157988718	0.312747213251	0.277600293039	0.483079252342
0.103157848026	0.000535227542695	0.0665590656855	0.313728223093	0.277533144315	0.484348039029
0.103384226858	0.000475759216742	0.0648432562061	0.314626322003	0.277454480393	0.485513880609
0.103587650749	0.000422784762036	0.0631679160989	0.315448092388	0.277366745775	0.486584313621
0.103770237381	0.000375617346505	0.0615325372762	0.316199666043	0.277272107798	0.487566453729
0.103933947705	0.000333638477472	0.0599365648946	0.316886742881	0.277172471166	0.488466997709
0.104079796501	0.000296492673863	0.0569867718727	0.317514610167	0.277066671559	0.48929222965
0.104208393533	0.000263942744488	0.0532071623289	0.318102465424	0.276938150435	0.490066929942
0.104323666604	0.000234938562825	0.0496424194247	0.318663753772	0.27678775675	0.490808564194
0.104426929081	0.00020910632919	0.0462698599522	0.319199928942	0.276618921827	0.491518866749
0.104519400126	0.00018610336187	0.0430865559901	0.319712531528	0.276434621807	0.492199698939
0.104602180917	0.000165623045202	0.0400892160998	0.32020296882	0.276237516905	0.49285275855
0.104676266213	0.000147390940469	0.0372697638795	0.320672517976	0.27602999346	0.493479582976
0.104742557119	0.000131160752409	0.0346190690238	0.321122381188	0.275814157734	0.494081621934
0.104801870804	0.000116711191941	0.0321396930945	0.321553700215	0.275591858948	0.49466025653
0.104854917121	0.000103850946418	0.0298233065913	0.321967408311	0.275364758296	0.495216599518
0.104902350903	9.24053423586e-05	0.0276552046166	0.322364383504	0.275134362476	0.495751699288
0.104944765057	8.22175522851e-05	0.0256399228382	0.322745527391	0.274901922882	0.496266645993
0.104982674734	7.31519295953e-05	0.0237580047043	0.323111505109	0.274668642268	0.49676221966
0.105016561405	6.50830427767e-05	0.0220128617147	0.32346309793	0.274435478474	0.497239365912
0.105046839197	5.79033830578e-05	0.0203869170543	0.323800863297	0.274203368229	0.497698734959
0.105073893544	5.15138632792e-05	0.0188806161983	0.324125471074	0.273973027421	0.498141137257
0.105098061105	4.58283346326e-05	0.0174812286397	0.324437419462	0.273745166294	0.498567156784
0.105119645982	4.07695180327e-05	0.0161836278765	0.324737260855	0.273520321342	0.498977458087
0.105138922649	3.62681378216e-05	0.0149820768139	0.325025485896	0.27329898228	0.499372627894
0.10515613252	3.22635494113e-05	0.0138644362631	0.325302535125	0.273081569404	0.499753190284
0.105171496014	2.87007798121e-05	0.0128287595527	0.325568935534	0.272868339639	0.500119794116
0.105185210387	2.55309174857e-05	0.0118702880466	0.325825116075	0.272659564059	0.500472959437
0.105197450508	2.27108151075e-05	0.0109812916798	0.326071462502	0.272455476373	0.500813151973
0.105208361104	2.02047605104e-05	0.0101364817676	0.32630839067	0.272256173541	0.501140884035
0.105218097865	1.79749698361e-05	0.00935656834848	0.326536787717	0.272061316576	0.501457326526
0.10522678603	1.59910390789e-05	0.00863658143413	0.326756956758	0.271871043341	0.501762848228
0.105234537626	1.42259005113e-05	0.00797192916922	0.326969190624	0.27168545477	0.502057807252
0.105241452764	1.26554759469e-05	0.00735804323612	0.327173772155	0.271504619307	0.502342551249
0.105247527972	1.12793484714e-05	0.00658756392473	0.327370983392	0.271328250105	0.502617430178
0.105252956471	1.00527941201e-05	0.00589772747055	0.32756732029	0.271150519698	0.502891476866
0.10525780704	8.95956828617e-06	0.00528010034791	0.327762785582	0.270971664911	0.503164692864
0.105262141151	7.98518807996e-06	0.00472712961097	0.327957382119	0.270791896817	0.50343707967
0.105266013744	7.11674178825e-06	0.00423205122446	0.328151112857	0.270611403491	0.503708638729
0.105269473922	6.3427188367e-06	0.00378880788219	0.32834398084	0.270430352462	0.503979371444
0.105272580977	5.64942748805e-06	0.00343793584414	0.328535989201	0.270248945382	0.504249279181
0.10527536702	5.02932005163e-06	0.00313465773312	0.328724477545	0.270069954194	0.50451461102
0.105277853453	4.47725701035e-06	0.00285812246173	0.328908525637	0.269894374201	0.504774049804
0.105280072362	3.98577558804e-06	0.00260597354262	0.329088237211	0.269722212862	0.505027717903
0.105282052411	3.54823081053e-06	0.00237606186056	0.329263713661	0.269553467999	0.505275735523
0.105283819212	3.15870601527e-06	0.00216642747019	0.329435054088	0.269388129042	0.505518220726
0.105285395642	2.81193312893e-06	0.00197528298335	0.329602355341	0.269226178128	0.505755289453
0.105286802135	2.50322165188e-06	0.00180099840848	0.329765712061	0.269067591084	0.50598705555
0.105288056943	2.22839540222e-06	0.00164208731659	0.329925216726	0.2689123383	0.506213630788
0.105289176365	1.98373617491e-06	0.00149719421854	0.330080959692	0.268760385498	0.506435124888
0.105290174958	1.76593356241e-06	0.00136508304843	0.330233029238	0.268611694422	0.506651645547
0.105291065718	1.57204026492e-06	0.00124462665687	0.330381511611	0.268466223446	0.506863298459
0.105291860251	1.39943229152e-06	0.00113479722605	0.330526491065	0.268323928111	0.507070187343
0.105292568919	1.24577351799e-06	0.00103465752624	0.330668049905	0.268184761606	0.507272413963
0.105293200971	1.10898412552e-06	0.000943352940254	0.330806268532	0.268048675184	0.507470078162
0.105293764665	9.87212496312e-07	0.00086010418854	0.330941225478	0.267915618541	0.507663277876
0.105294267371	8.78810187878e-07	0.000784200693865	0.331072997453	0.26778554014	0.507852109169
0.105294715668	7.82309649539e-07	0.000714994529346	0.331201659382	0.267658387502	0.508036666254
0.105295115428	6.96404380961e-07	0.000651894898823	0.331327284445	0.267534107463	0.50821704152
0.105295462559	6.21930576276e-07	0.000558465579167	0.331449944113	0.267412615056	0.508393325557
0.10529576834	5.56432628716e-07	0.00046481668464	0.331577804569	0.267285782264	0.508577259607
0.10529603892	4.98570362263e-07	0.000376422685938	0.33171523109	0.26714926462	0.508775155188
0.10529627727	4.4768981491e-07	0.000294422743976	0.331867254924	0.266998040976	0.508994313272
0.105296591918	3.8069998916e-07	0.000187479128875	0.332041734803	0.2668246162	0.50924615831
0.105296787653	3.3909588836e-07	0.000169440091615	0.332274571739	0.266592435614	0.50958276062
0.105296962556	3.02035313829e-07	0.000153149014784	0.332504052884	0.266363540291	0.509915100212
0.105297118817	2.69026198758e-07	0.000138386162831	0.332730206059	0.266137909911	0.510243193395
0.105297258392	2.39631405703e-07	0.000125008285893	0.332953141404	0.26591544101	0.510567176733
0.105297383145	2.13436459638e-07	0.000113234594446	0.333172977554	0.265696021315	0.510887200484
0.105297495329	1.89950646661e-07	0.000103741254642	0.333389151744	0.265480221208	0.51120242185
0.105297595462	1.69048634466e-07	9.50436056389e-05	0.333599160533	0.265270545955	0.511509156024
0.105297684531	1.5050844891e-07	8.57606709149e-05	0.333803179152	0.265066823709	0.511807617044
0.105297763288	1.34159476391e-07	7.66496795155e-05	0.334004490672	0.264865773988	0.512102578697
0.105297833816	1.19558315494e-07	6.87235090308e-05	0.3342052658	0.264665233076	0.512397211475
0.105297896884	1.06537087485e-07	6.16674243509e-05	0.334404828793	0.264465879314	0.512690518844
0.105297953307	9.49189876964e-08	5.57813324154e-05	0.334603008016	0.264267887097	0.512982240764
0.105298004168	8.44743978259e-08	5.10963709933e-05	0.334798214197	0.264072849318	0.513270024117
0.105298049553	7.51789019575e-08	4.68047981205e-05	0.334987882457	0.263883331181	0.513550060268
0.105298090051	6.69056340242e-08	4.28801244521e-05	0.335172169422	0.263699178047	0.513822545819
0.105298126185	5.9542345083e-08	3.92865053332e-05	0.335351198837	0.263520267929	0.514087630844
0.105298158422	5.29892812657e-08	3.59944174931e-05	0.33552511031	0.263346462789	0.514345490801
0.10529818718	4.71570155271e-08	3.29813227501e-05	0.335694047687	0.26317762019	0.514596309355
0.105298212833	4.19665822732e-08	3.02204025667e-05	0.335858135979	0.263013616366	0.514840244029
0.105298235713	3.73473998223e-08	2.76891468866e-05	0.336017514003	0.26285431362	0.515077474578
0.105298256119	3.32367514027e-08	2.53684949677e-05	0.336172324649	0.262699570056	0.515308188545
0.105298274317	2.95784805223e-08	2.32423025267e-05	0.336322707418	0.262549247065	0.515532570088
0.105298290438	2.6344487512e-08	2.09653204009e-05	0.336468788648	0.262403218749	0.515750785278
0.105298304788	2.34713647231e-08	1.88560675423e-05	0.33661303205	0.262259022415	0.515966499071
0.10529831765	2.0901281948e-08	1.71713473517e-05	0.336755922191	0.262116174431	0.516180428477
0.105298329186	1.86006368883e-08	1.57322546934e-05	0.336895655782	0.261976478624	0.51638986283
0.105298339472	1.6553196204e-08	1.44137872669e-05	0.337031390504	0.261840777567	0.516593522508
0.105298348643	1.47310073953e-08	1.32070926024e-05	0.337163240186	0.261708957881	0.516791559829
0.10529835682	1.31093831116e-08	1.2101403878e-05	0.337291302473	0.26158092232	0.516984103953
0.105298364102	1.16678155484e-08	1.10142379343e-05	0.33741568593	0.261456562647	0.517171301539
0.105298370547	1.03939383858e-08	9.92604252512e-06	0.337537323075	0.261334946542	0.517354542144
0.105298376301	9.25858022903e-09	8.97251355744e-06	0.337657561348	0.261214727041	0.517535846926
0.105298381475	8.23941373634e-09	8.22006332609e-06	0.33777605048	0.261096254778	0.517714681264
0.105298386087	7.33242336675e-09	7.53070579316e-06	0.337891153813	0.260981166472	0.517888564453
0.105298390198	6.52524099432e-09	6.90009417935e-06	0.338002967915	0.260869365756	0.518057628943
0.105298393862	5.80684008676e-09	6.32297341274e-06	0.338111571415	0.260760774182	0.518221980889
0.105298397128	5.16752435245e-09	5.79411632673e-06	0.338217043593	0.260655312627	0.518381728182
0.105298400038	4.59863257475e-09	5.3086010953e-06	0.33831947458	0.260552891102	0.51853699589
0.105298402632	4.09237150747e-09	4.86368363203e-06	0.338418969456	0.260453404654	0.518687932516
0.105298404943	3.64183167289e-09	4.45652985205e-06	0.338515614017	0.260356767598	0.518834658065
0.105298407003	3.24081738165e-09	4.08461898922e-06	0.338609479504	0.260262908798	0.518977271086
0.105298408838	2.88395637775e-09	3.74374158327e-06	0.338700617782	0.260171776476	0.51911584124
0.105298410469	2.56729122654e-09	3.39815677868e-06	0.338789107971	0.260083291575	0.519250480147
0.105298411916	2.28671342034e-09	3.06780572884e-06	0.338875894703	0.259996509533	0.519382618238
0.105298413207	2.03656375617e-09	2.78575285784e-06	0.338961521919	0.259910886501	0.519513079317
0.105298414366	1.81231561367e-09	2.55296206409e-06	0.339045505105	0.259826907069	0.519641120962
0.105298415398	1.61275779885e-09	2.33962235287e-06	0.339127058058	0.259745357458	0.519765538463
0.105298416318	1.43517209262e-09	2.14410869037e-06	0.339206251011	0.259666167483	0.519886432003
0.105298417138	1.27713949711e-09	1.96493178136e-06	0.339283152169	0.259589268975	0.520003899129
0.105298417868	1.13650727113e-09	1.80072916292e-06	0.339357827773	0.259514595732	0.520118034817
0.105298418518	1.01135888859e-09	1.65026766281e-06	0.339430342054	0.259442083553	0.520228931378
0.105298419098	8.99990525106e-10	1.51237697056e-06	0.339500756559	0.25937167092	0.520336677406
0.105298419614	8.00884992701e-10	1.38600694051e-06	0.339569132022	0.259303297123	0.520441360605
0.105298420073	7.12692130091e-10	1.27019514089e-06	0.339635527424	0.259236903206	0.520543066345
0.105298420483	6.3421041703e-10	1.16405952897e-06	0.339700000041	0.259172431911	0.520641877708
0.105298420847	5.64364846578e-10	1.06700311642e-06	0.339762605499	0.259109827629	0.520737875551
0.105298421172	5.02208558273e-10	9.78081722826e-07	0.339823385163	0.259049049013	0.52083111914
0.105298421462	4.46897468855e-10	8.96570248877e-07	0.339882389335	0.258990045773	0.520921681702
0.105298421719	3.97677776242e-10	8.21851280065e-07	0.339939669833	0.258932766106	0.521009639043
0.105298421949	3.53878681001e-10	7.53358839678e-07	0.339995276961	0.258877159717	0.521095064897
0.105298422153	3.14903101431e-10	6.90588322848e-07	0.340049259562	0.258823177775	0.521178030982
0.105298422335	2.80219477284e-10	6.33058884455e-07	0.34010166395	0.258770773973	0.521258605355
0.105298422497	2.49355745619e-10	5.80321615733e-07	0.340152535219	0.258719903226	0.521336854395
0.105298422639	2.22374915684e-10	5.11252104507e-07	0.340201918183	0.258670520718	0.521412844253
0.105298422765	1.98407348848e-10	4.50639804526e-07	0.340251907115	0.258620532191	0.52148979678
0.10529842288	1.76551788586e-10	4.13201559304e-07	0.340302506823	0.258569932854	0.521567720503
0.105298422982	1.57103614637e-10	3.7887340577e-07	0.340351613231	0.258520826775	0.521643374353
0.105298423073	1.39797583905e-10	3.47407561841e-07	0.340399270374	0.258473169926	0.521716823547
0.105298423155	1.2439744417e-10	3.18564990451e-07	0.340445519557	0.258426921003	0.521788129269
0.105298423227	1.10693715118e-10	2.92116852558e-07	0.340490400771	0.258382040022	0.521857350838
0.105298423291	9.84995376419e-11	2.67864384357e-07	0.340533954447	0.258338486553	0.521924548414
0.105298423349	8.76486337583e-11	2.45625319861e-07	0.340576219824	0.258296221359	0.521989780461
0.1052984234	7.79929509073e-11	2.25245289836e-07	0.340617234985	0.258255206363	0.522053103798
0.105298423445	6.9399530507e-11	2.06615925414e-07	0.340657034585	0.258215406909	0.522114570087
0.105298423485	6.17529149754e-11	1.89527259455e-07	0.340695642678	0.258176798945	0.522174214729
0.105298423521	5.49487922044e-11	1.73851880915e-07	0.340733094913	0.258139346826	0.52223209114
0.105298423554	4.88943417768e-11	1.59472914277e-07	0.340769425873	0.258103015969	0.522288251206
0.105298423582	4.35069690591e-11	1.4628314849e-07	0.340804669108	0.258067772826	0.522342745319
0.105298423607	3.873490127e-11	1.32751828885e-07	0.340838857164	0.258033584851	0.522395622424
0.10529842363	3.44943360823e-11	1.20206921599e-07	0.340872398115	0.258000043972	0.5224475126
0.10529842365	3.07134834895e-11	1.09614722604e-07	0.340905384505	0.257967057646	0.522498558283
0.105298423668	2.73282409334e-11	1.00612363236e-07	0.340937593779	0.25793484843	0.522548414272
0.105298423684	2.43161084786e-11	9.2349310862e-08	0.340968817631	0.257903624629	0.522596757101
0.105298423698	2.16359647704e-11	8.47648544158e-08	0.340999086195	0.257873356111	0.52264363231
0.105298423711	1.92512203188e-11	7.78032679673e-08	0.341028428683	0.257844013663	0.522689084096
0.105298423722	1.7129318084e-11	7.14134014211e-08	0.341056873416	0.257815568967	0.522733155344
0.105298423732	1.5241289095e-11	6.5548304819e-08	0.341084447847	0.257787994568	0.522775887667
0.105298423741	1.35613570355e-11	6.01648834837e-08	0.341111178593	0.257761263851	0.522817321444
0.105298423749	1.20664974812e-11	5.52438401098e-08	0.341137091456	0.257735351013	0.522857495854
0.105298423756	1.07359529331e-11	5.0747853375e-08	0.341162202057	0.257710240435	0.522896434342
0.105298423762	9.55212076853e-12	4.66177568341e-08	0.341186523369	0.257685919143	0.52293415629
0.105298423768	8.49882426445e-12	4.282377522e-08	0.341210080192	0.257662362338	0.522970699467
0.105298423773	7.56167029722e-12	3.93385561478e-08	0.341232896546	0.257639546	0.523006100482
0.105298423778	6.7278526977e-12	3.61369729774e-08	0.341254995699	0.257617446861	0.523040394823
0.105298423782	5.98597728543e-12	3.31959437125e-08	0.341276400185	0.257596042388	0.523073616887
0.105298423785	5.32590619203e-12	3.04942646351e-08	0.341297131835	0.257575310749	0.523105800016
0.105298423788	4.73858465926e-12	2.80226492167e-08	0.34131721179	0.257555230804	0.523136976524
0.105298423791	4.21575232676e-12	2.57724937006e-08	0.341336653316	0.257535789287	0.52316716653
0.105298423793	3.75060560425e-12	2.37030153431e-08	0.341355460035	0.257516982576	0.523196375201
0.105298423796	3.33678003249e-12	2.17997071767e-08	0.341373652669	0.257498789949	0.523224634286
0.105298423798	2.96861332116e-12	2.00492269665e-08	0.341391251262	0.257481191362	0.523251974517
0.105298423799	2.64106788413e-12	1.84393037035e-08	0.341408275206	0.257464167424	0.523278425639
0.105298423801	2.34966192032e-12	1.69586516037e-08	0.341424743261	0.257447699374	0.523304016444
0.105298423802	2.09040809757e-12	1.55968910113e-08	0.341440673572	0.257431769067	0.523328774798
0.105298423804	1.85975646716e-12	1.43454313898e-08	0.341456083696	0.257416358948	0.523352727673
0.105298423805	1.6544084201e-12	1.32126270185e-08	0.341470989599	0.257401453048	0.523375899597
0.105298423806	1.47173384624e-12	1.2169273785e-08	0.341485386605	0.257387056045	0.523398283022
0.105298423806	1.30922930909e-12	1.12083084753e-08	0.341499292084	0.257373150568	0.523419904685
0.105298423807	1.16466777579e-12	1.03232255731e-08	0.341512722814	0.257359719842	0.523440790425
0.105298423808	1.03606810044e-12	9.50803322731e-09	0.341525694998	0.257346747659	0.523460965211
0.105298423809	9.21667876604e-13	8.75721269702e-09	0.34153822429	0.25733421837	0.523480453168
0.105298423809	8.19899286918e-13	8.06568099717e-09	0.341550325807	0.257322116854	0.52349927761
0.10529842381	7.29367618939e-13	7.4287564937e-09	0.341562014151	0.257310428511	0.523517461061
0.10529842381	6.48805102968e-13	6.84955329214e-09	0.341573303427	0.257299139237	0.523535025288
0.10529842381	5.77106310092e-13	6.31907220563e-09	0.341584194983	0.257288247682	0.523551972221
0.105298423811	5.13330779457e-13	5.82967480668e-09	0.341594696271	0.257277746395	0.523568313299
0.105298423811	4.56602944311e-13	5.37817940926e-09	0.341604821273	0.257267621395	0.523584070127
0.105298423811	4.06143991147e-13	4.96165072051e-09	0.341614583469	0.257257859199	0.523599263547
0.105298423812	3.61261168406e-13	4.57738076085e-09	0.341623995859	0.25724844681	0.523613913661
0.105298423812	3.21338276543e-13	4.22287126138e-09	0.341633070974	0.257239371695	0.523628039853
0.105298423812	2.85827208905e-13	3.8958174244e-09	0.341641820899	0.257230621771	0.523641660824
0.105298423812	2.54244448037e-13	3.59130512092e-09	0.341650257284	0.257222185387	0.523654794605
0.105298423812	2.26286198553e-13	3.28047381993e-09	0.341658397806	0.257214044866	0.52366746862
0.105298423812	2.01402386193e-13	2.99654506668e-09	0.341666329677	0.257206112994	0.523679818576
0.105298423813	1.79224220509e-13	2.7562767491e-09	0.341674058247	0.257198384425	0.523691852739
0.105298423813	1.59390500347e-13	2.54992945415e-09	0.341681535302	0.257190907371	0.523703495971
0.105298423813	1.41751644334e-13	2.35903002311e-09	0.341688723045	0.257183719628	0.523714689341
0.105298423813	1.26064764591e-13	2.18242200089e-09	0.34169563267	0.257176810003	0.523725450204
0.105298423813	1.1211385125e-13	2.01903550396e-09	0.341702274936	0.257170167737	0.523735795246
0.105298423813	9.97067981936e-14	1.86788074e-09	0.341708660188	0.257163782486	0.523745740515
0.105298423813	8.8672757904e-14	1.72804201252e-09	0.341714798369	0.257157644305	0.523755301437
0.105298423813	7.88597890199e-14	1.59867217432e-09	0.341720699038	0.257151743636	0.523764492848
0.105298423813	7.01327641998e-14	1.47898749606e-09	0.341726371386	0.257146071288	0.52377332901
0.105298423813	6.23715094945e-14	1.36826291898e-09	0.341731824245	0.257140618429	0.523781823638
0.105298423813	5.54691496115e-14	1.26582766293e-09	0.341737066108	0.257135376566	0.523789989917
0.105298423813	4.93306362861e-14	1.17106116317e-09	0.341742105139	0.257130337535	0.523797840525
0.105298423813	4.38680826829e-14	1.08533357762e-09	0.341746949186	0.257125493488	0.523805387652
0.105298423813	3.90072153977e-14	1.00665429922e-09	0.341751597096	0.257120845579	0.523812629466
0.105298423813	3.46849603293e-14	9.33678674401e-10	0.341756053021	0.257116389653	0.523819572405
0.105298423813	3.08416366172e-14	8.65993237692e-10	0.341760324892	0.257112117783	0.523826228793
0.105298423813	2.74241762593e-14	8.03214495575e-10	0.34176442031	0.257108022365	0.523832610445
0.105298423813	2.43853913934e-14	7.44986753917e-10	0.341768346563	0.257104096112	0.523838728693
0.105298423813	2.1683322764e-14	6.9098010287e-10	0.341772110638	0.257100332037	0.5238445944
0.105298423813	1.92806603791e-14	6.40888547821e-10	0.341775719234	0.257096723441	0.523850217982
0.105298423813	1.71442283591e-14	5.94428275832e-10	0.341779178773	0.257093263902	0.523855609427
0.105298423813	1.52445268638e-14	5.51336047726e-10	0.341782495411	0.257089947264	0.523860778311
0.105298423813	1.35553247759e-14	5.11367706729e-10	0.341785675051	0.257086767624	0.523865733815
0.105298423813	1.20532975145e-14	4.7429679521e-10	0.341788723351	0.257083719324	0.523870484741
0.105298423813	1.0717483924e-14	4.40360837071e-10	0.341791645736	0.257080796939	0.523875039532
0.105298423813	9.52862194441e-15	4.09328706648e-10	0.341794444502	0.257077998173	0.52387940175
0.105298423813	8.47163674486e-15	3.80483389148e-10	0.341797121456	0.257075321219	0.523883574202
0.105298423813	7.53189971957e-15	3.53670782963e-10	0.341799681901	0.257072760774	0.523887565137
0.105298423813	6.69640494858e-15	3.28747645632e-10	0.341802130906	0.257070311769	0.523891382449
0.105298423813	5.95358920222e-15	3.05580828643e-10	0.341804473322	0.257067969353	0.523895033688
0.105298423813	5.29317191118e-15	2.8404656615e-10	0.341806713787	0.257065728888	0.523898526076
0.105298423813	4.70601288766e-15	2.64029813821e-10	0.34180885674	0.257063585935	0.52390186652
0.105298423813	4.18398582861e-15	2.45423634258e-10	0.341810906423	0.257061536252	0.523905061629
0.105298423813	3.71986585035e-15	2.28128625737e-10	0.341812866896	0.257059575779	0.523908117724
0.105298423813	3.30722949845e-15	2.12052391189e-10	0.341814742041	0.257057700634	0.523911040849
0.105298423813	2.9403658488e-15	1.97109044609e-10	0.341816535573	0.257055907102	0.52391383679
0.105298423813	2.6141974698e-15	1.8321875224e-10	0.341818251044	0.257054191631	0.523916511078
0.105298423814	2.32401935349e-15	1.70564953308e-10	0.34181989185	0.257052550825	0.523919069004
0.105298423814	2.065994031e-15	1.58826173497e-10	0.341821458742	0.257050983933	0.523921511734
0.105298423814	1.83661602361e-15	1.47895287708e-10	0.341822954622	0.257049488053	0.523923843785
0.105298423814	1.63270476712e-15	1.37716694881e-10	0.341824382707	0.257048059969	0.523926070172
0.105298423814	1.45143281753e-15	1.28238620507e-10	0.341825746069	0.257046696606	0.52392819568
0.105298423814	1.29028664631e-15	1.1941285328e-10	0.341827047643	0.257045395032	0.52393022488
0.105298423814	1.14703178829e-15	1.11194499879e-10	0.341828290228	0.257044152447	0.523932162133
0.105298423814	1.01968185898e-15	1.03541756617e-10	0.341829476498	0.257042966177	0.523934011607
0.105298423814	9.06471011562e-16	9.64156968146e-11	0.341830609005	0.257041833671	0.523935777276
0.105298423814	8.05829451974e-16	8.97800728005e-11	0.341831690185	0.25704075249	0.523937462938
0.105298423814	7.16361672235e-16	8.36011315386e-11	0.341832722365	0.257039720311	0.523939072217
0.105298423814	6.3682710048e-16	7.78474429454e-11	0.341833707765	0.257038734911	0.523940608574
0.105298423814	5.66122899258e-16	7.24897400212e-11	0.341834648505	0.25703779417	0.523942075312
0.105298423814	5.03225677809e-16	6.75991273023e-11	0.34183554661	0.257036896065	0.523943475587
0.105298423814	4.4731123435e-16	6.30453219909e-11	0.341836402691	0.257036039984	0.523944810349
0.105298423814	3.9760955203e-16	5.87982824023e-11	0.341837218616	0.257035224059	0.523946082511
0.105298423814	3.53430320265e-16	5.48373434346e-11	0.341837996269	0.257034446406	0.523947295007
0.105298423814	3.14159929879e-16	5.11432320697e-11	0.341838737445	0.257033705231	0.523948450636
0.105298423814	2.79252950728e-16	4.76979735991e-11	0.341839443854	0.257032998821	0.523949552065
0.105298423814	2.48224556256e-16	4.44848041643e-11	0.341840117128	0.257032325547	0.523950601835
0.105298423814	2.20643789748e-16	4.14880891902e-11	0.341840758821	0.257031683854	0.523951602369
0.105298423814	1.96127578792e-16	3.86932473126e-11	0.341841370415	0.25703107226	0.523952555976
0.105298423814	1.7433541479e-16	3.60866794301e-11	0.34184195332	0.257030489355	0.523953464856
0.105298423814	1.54964623629e-16	3.36557025347e-11	0.341842508883	0.257029933792	0.523954331108
0.105298423814	1.37746161845e-16	3.13884880011e-11	0.341843038387	0.257029404288	0.52395515673
0.105298423814	1.22440879866e-16	2.92740040316e-11	0.341843543053	0.257028899622	0.523955943629
0.105298423814	1.08831215503e-16	2.73292790142e-11	0.341844024047	0.257028418628	0.523956693619
0.105298423814	9.67305547032e-17	2.55229967788e-11	0.341844482	0.257027960676	0.523957407685
0.105298423814	8.59753340555e-17	2.38360975424e-11	0.34184491784	0.257027524835	0.523958087274
0.105298423814	7.64159578114e-17	2.2260690916e-11	0.341845332636	0.257027110039	0.523958734052
0.105298423814	6.79194633349e-17	2.07894080087e-11	0.341845727403	0.257026715272	0.523959349601
0.105298423814	6.03676717186e-17	1.94153669608e-11	0.341846103109	0.257026339566	0.523959935431
0.105298423814	5.36555440275e-17	1.81321407545e-11	0.341846460673	0.257025982002	0.523960492975
0.105298423814	4.76897203054e-17	1.69337271523e-11	0.341846800973	0.257025641702	0.5239610236
0.105298423814	4.23872210248e-17	1.58145206221e-11	0.341847124841	0.257025317834	0.523961528604
0.105298423814	3.76742929188e-17	1.47692861182e-11	0.341847433071	0.257025009604	0.523962009226
0.105298423814	3.34853831397e-17	1.37931345945e-11	0.341847726419	0.257024716257	0.523962466641
0.105298423814	2.97622274796e-17	1.28815001368e-11	0.341848005601	0.257024437074	0.523962901972
0.105298423814	2.6453039967e-17	1.20301186058e-11	0.341848271304	0.257024171372	0.523963316283
0.105298423814	2.35115807558e-17	1.12399649642e-11	0.341848524176	0.257023918499	0.523963710589
0.105298423814	2.08951988254e-17	1.05147919472e-11	0.341848764731	0.257023677944	0.523964085688
0.105298423814	1.85699692344e-17	9.83640515466e-12	0.34184899326	0.257023449415	0.523964442038
0.105298423814	1.65034924171e-17	9.20178606815e-12	0.341849210366	0.257023232309	0.523964780575
0.105298423814	1.46669742433e-17	8.60811091542e-12	0.341849416619	0.257023026056	0.523965102189
0.105298423814	1.3034824805e-17	8.05273810585e-12	0.341849612562	0.257022830113	0.523965407727
0.105298423814	1.15843018494e-17	7.53319647672e-12	0.34184979871	0.257022643965	0.523965697992
0.105298423814	1.02951938912e-17	7.04717429765e-12	0.341849975553	0.257022467122	0.523965973748
0.105298423814	9.14953858755e-18	6.5925089846e-12	0.341850143556	0.257022299119	0.52396623572
0.105298423814	8.13137245332e-18	6.16717747732e-12	0.34185030316	0.257022139515	0.523966484596
0.105298423814	7.22650842708e-18	5.76928723777e-12	0.341850454787	0.257021987889	0.523966721032
0.105298423814	6.42233819021e-18	5.39706782915e-12	0.341850598833	0.257021843842	0.523966945649
0.105298423814	5.70765648374e-18	5.04886303833e-12	0.341850735679	0.257021706996	0.523967159038
0.105298423814	5.07250497536e-18	4.72312350644e-12	0.341850865685	0.25702157699	0.52396736176
0.105298423814	4.50800905563e-18	4.41957251371e-12	0.341850989192	0.257021453484	0.523967554349
0.105298423814	4.00621084317e-18	4.13682891473e-12	0.341851106493	0.257021336183	0.523967737261
0.105298423814	3.56026908409e-18	3.87217392355e-12	0.341851217861	0.257021224814	0.523967910923
0.105298423814	3.16396625416e-18	3.62445031672e-12	0.341851323598	0.257021119077	0.523968075803
0.105298423814	2.81177691737e-18	3.39257490436e-12	0.341851423987	0.257021018688	0.523968232344
0.105298423814	2.49879068787e-18	3.1755337939e-12	0.341851519299	0.257020923376	0.523968380969
0.105298423814	2.22064376727e-18	2.97237795676e-12	0.341851609791	0.257020832884	0.523968522078
0.105298423814	1.97345810258e-18	2.78221907865e-12	0.341851695707	0.257020746968	0.52396865605
0.105298423814	1.75378731675e-18	2.60422567542e-12	0.341851777278	0.257020665398	0.523968783247
0.105298423814	1.55856865768e-18	2.43761945729e-12	0.341851854723	0.257020587952	0.523968904012
0.105298423814	1.38508029604e-18	2.28167192575e-12	0.341851928252	0.257020514423	0.523969018669
0.105298423814	1.23090337625e-18	2.13570118817e-12	0.341851998062	0.257020444613	0.523969127528
0.105298423814	1.09388829173e-18	1.99906897617e-12	0.341852064342	0.257020378333	0.523969230882
0.105298423814	9.72124714118e-19	1.87117785476e-12	0.34185212727	0.257020315405	0.523969329008
0.105298423814	8.63914958607e-19	1.75146860998e-12	0.341852187015	0.25702025566	0.523969422173
0.105298423814	7.67750314049e-19	1.63941780377e-12	0.341852243739	0.257020198936	0.523969510625
0.105298423814	6.82290007819e-19	1.53453548515e-12	0.341852297594	0.257020145081	0.523969594605
0.105298423814	6.06342512151e-19	1.43636304786e-12	0.341852348726	0.257020093949	0.523969674337
0.105298423814	5.38848931313e-19	1.34447122514e-12	0.341852397272	0.257020045404	0.523969750038
0.105298423814	4.78868237994e-19	1.25845821268e-12	0.341852443362	0.257019999313	0.523969821909
0.105298423814	4.25564153072e-19	1.17794791171e-12	0.341852487122	0.257019955553	0.523969890147
0.105298423814	3.78193485821e-19	1.1025882845e-12	0.341852528669	0.257019914006	0.523969954933
0.105298423814	3.36095772006e-19	1.03204981502e-12	0.341852568114	0.257019874561	0.523970016443
0.105298423814	2.98684065382e-19	9.66024068147e-13	0.341852605565	0.25701983711	0.523970074842
0.105298423814	2.65436754216e-19	9.04222340967e-13	0.341852641122	0.257019801553	0.523970130287
0.105298423814	2.35890288738e-19	8.46374400438e-13	0.34185267488	0.257019767795	0.523970182929
0.105298423814	2.0963271811e-19	7.92227301751e-13	0.341852706932	0.257019735744	0.523970232909
0.105298423814	1.86297946817e-19	7.41544282325e-13	0.341852737362	0.257019705313	0.523970280361
0.105298423814	1.65560630392e-19	6.94103726534e-13	0.341852766253	0.257019676422	0.523970325413
0.105298423814	1.47131639312e-19	6.49698196684e-13	0.341852793684	0.257019648992	0.523970368187
0.105298423814	1.30754027814e-19	6.08133525973e-13	0.341852819727	0.257019622949	0.523970408797
0.105298423814	1.16199451444e-19	5.6922796948e-13	0.341852844453	0.257019598223	0.523970447354
0.105298423814	1.03264983367e-19	5.32811409476e-13	0.341852867928	0.257019574747	0.523970483961
0.105298423814	9.17689193513e-20	4.99086197481e-13	0.341852890217	0.257019552459	0.523970518716
0.105298423814	8.15102119638e-20	4.71194898013e-13	0.341852911362	0.257019531313	0.52397055169
0.105298423814	7.2398309766e-20	4.4486229626e-13	0.341852931255	0.25701951142	0.523970582711
0.105298423814	6.43050131694e-20	4.2000128484e-13	0.341852949971	0.257019492704	0.523970611895
0.105298423814	5.71164538193e-20	3.96529624338e-13	0.341852967578	0.257019475097	0.523970639351
0.105298423814	5.07314925283e-20	3.74369671265e-13	0.341852984143	0.257019458532	0.523970665182
0.105298423814	4.50602963024e-20	3.53448121216e-13	0.341852999727	0.257019442948	0.523970689483
0.105298423814	4.00230744396e-20	3.33695766379e-13	0.341853014388	0.257019428287	0.523970712345
0.105298423814	3.55489559174e-20	3.15047266604e-13	0.341853028181	0.257019414494	0.523970733853
0.105298423814	3.15749922757e-20	2.97440933252e-13	0.341853041157	0.257019401518	0.523970754088
0.105298423814	2.80452719661e-20	2.80818525139e-13	0.341853053365	0.25701938931	0.523970773124
0.105298423814	2.49101337062e-20	2.65125055872e-13	0.34185306485	0.257019377825	0.523970791034
0.105298423814	2.2125467772e-20	2.50308611955e-13	0.341853075655	0.25701936702	0.523970807883
0.105298423814	1.96520953978e-20	2.36320181067e-13	0.34185308582	0.257019356855	0.523970823734
0.105298423814	1.74552175522e-20	2.23113489923e-13	0.341853095383	0.257019347292	0.523970838646
0.105298423814	1.55039253341e-20	2.10644851209e-13	0.34185310438	0.257019338295	0.523970852676
0.105298423814	1.3770765101e-20	1.98873019064e-13	0.341853112845	0.257019329831	0.523970865875
0.105298423814	1.22313522112e-20	1.87759052641e-13	0.341853120808	0.257019321868	0.523970878292
0.105298423814	1.08640279448e-20	1.7726618729e-13	0.341853128299	0.257019314376	0.523970889974
0.105298423814	9.64955477694e-21	1.67359712946e-13	0.341853135347	0.257019307328	0.523970900965
0.105298423814	8.57084571636e-21	1.58006859303e-13	0.341853141978	0.257019300697	0.523970911304
0.105298423814	7.61272390041e-21	1.49176687417e-13	0.341853148216	0.257019294459	0.523970921031
0.105298423814	6.76170906474e-21	1.40839987358e-13	0.341853154084	0.257019288591	0.523970930183
0.105298423814	6.00582788317e-21	1.32969181584e-13	0.341853159605	0.25701928307	0.523970938792
0.105298423814	5.33444550939e-21	1.25538233717e-13	0.3418531648	0.257019277876	0.523970946892
0.105298423814	4.73811595031e-21	1.18522562415e-13	0.341853169686	0.257019272989	0.523970954512
0.105298423814	4.20844916603e-21	1.11898960058e-13	0.341853174284	0.257019268392	0.523970961681
0.105298423814	3.73799302641e-21	1.05645515976e-13	0.341853178609	0.257019264066	0.523970968425
0.105298423814	3.32012846357e-21	9.97415439734e-14	0.341853182678	0.257019259998	0.52397097477
0.105298423814	2.94897634516e-21	9.41675138945e-14	0.341853186506	0.257019256169	0.52397098074
0.105298423814	2.61890832621e-21	8.92360743037e-14	0.341853190107	0.257019252568	0.523970986356
0.105298423814	2.32535648113e-21	8.47079422535e-14	0.341853193482	0.257019249193	0.523970991618
0.105298423814	2.064708684e-21	8.04095825199e-14	0.341853196639	0.257019246036	0.523970996541
0.105298423814	1.83327674012e-21	7.63293356999e-14	0.341853199592	0.257019243083	0.523971001146
0.105298423814	1.62778586227e-21	7.24561340272e-14	0.341853202354	0.257019240321	0.523971005453
0.105298423814	1.44532833214e-21	6.87794713502e-14	0.341853204938	0.257019237738	0.523971009482
0.105298423814	1.2833223558e-21	6.5289374634e-14	0.341853207354	0.257019235321	0.52397101325
0.105298423814	1.13947553103e-21	6.19763769082e-14	0.341853209615	0.257019233061	0.523971016775
0.105298423814	1.01175240954e-21	5.88314915876e-14	0.341853211729	0.257019230946	0.523971020072
0.105298423814	8.98345695253e-22	5.58461880958e-14	0.341853213707	0.257019228969	0.523971023156
0.105298423814	7.97650670771e-22	5.3012368726e-14	0.341853215557	0.257019227119	0.523971026041
0.105298423814	7.08242490506e-22	5.03223466755e-14	0.341853217287	0.257019225388	0.523971028739
0.105298423814	6.28856018944e-22	4.77688251954e-14	0.341853218905	0.25701922377	0.523971031263
0.105298423814	5.5836792884e-22	4.53448777976e-14	0.341853220419	0.257019222256	0.523971033624
0.105298423814	4.95780806017e-22	4.30439294671e-14	0.341853221835	0.25701922084	0.523971035832
0.105298423814	4.40209035849e-22	4.08597388265e-14	0.34185322316	0.257019219515	0.523971037897
0.105298423814	3.90866271712e-22	3.87863812065e-14	0.341853224399	0.257019218276	0.523971039829
0.105298423814	3.47054308099e-22	3.68182325751e-14	0.341853225558	0.257019217117	0.523971041636
0.105298423814	3.08153200935e-22	3.49499542819e-14	0.341853226642	0.257019216033	0.523971043327
0.105298423814	2.73612495298e-22	3.31764785774e-14	0.341853227656	0.257019215019	0.523971044908
0.105298423814	2.42943436425e-22	3.14929948665e-14	0.341853228604	0.257019214071	0.523971046387
0.105298423814	2.15712053779e-22	2.98949366591e-14	0.341853229491	0.257019213184	0.52397104777
0.105298423814	1.91533020314e-22	2.83779691843e-14	0.341853230321	0.257019212354	0.523971049064
0.105298423814	1.70064200062e-22	2.69379776314e-14	0.341853231097	0.257019211578	0.523971050275
0.105298423814	1.51001806866e-22	2.55710559888e-14	0.341853231823	0.257019210852	0.523971051407
0.105298423814	1.34076105777e-22	2.42734964489e-14	0.341853232503	0.257019210173	0.523971052466
0.105298423814	1.1904759627e-22	2.30417793503e-14	0.341853233138	0.257019209537	0.523971053456
0.105298423814	1.05703623291e-22	2.18725636309e-14	0.341853233732	0.257019208943	0.523971054383
0.105298423814	9.38553681606e-23	2.0762677765e-14	0.341853234288	0.257019208388	0.523971055249
0.105298423814	8.33351767724e-23	1.97091111607e-14	0.341853234808	0.257019207868	0.52397105606
0.105298423814	7.39778221228e-23	1.87774750783e-14	0.341853235294	0.257019207381	0.523971056818
0.105298423814	6.56700481364e-23	1.78927123116e-14	0.341853235747	0.257019206928	0.523971057525
0.105298423814	5.8295244418e-23	1.70496380652e-14	0.341853236169	0.257019206506	0.523971058183
0.105298423814	5.17486375927e-23	1.62462880468e-14	0.341853236562	0.257019206113	0.523971058796
0.105298423814	4.59372204268e-23	1.54807905182e-14	0.341853236928	0.257019205747	0.523971059367
0.105298423814	4.07784304801e-23	1.47513619342e-14	0.34185323727	0.257019205406	0.523971059899
0.105298423814	3.61989771464e-23	1.40563027875e-14	0.341853237588	0.257019205088	0.523971060395
0.105298423814	3.21338004186e-23	1.33939936484e-14	0.341853237884	0.257019204792	0.523971060857
0.105298423814	2.8525146585e-23	1.27628913923e-14	0.34185323816	0.257019204516	0.523971061287
0.105298423814	2.53217477264e-23	1.21615256036e-14	0.341853238417	0.257019204259	0.523971061688
0.105298423814	2.24780933554e-23	1.15884951506e-14	0.341853238656	0.257019204019	0.523971062061
0.105298423814	1.9953783852e-23	1.10424649203e-14	0.341853238879	0.257019203796	0.523971062409
0.105298423814	1.7712956509e-23	1.0522162708e-14	0.341853239087	0.257019203588	0.523971062733
0.105298423814	1.57237760324e-23	1.00263762532e-14	0.341853239281	0.257019203395	0.523971063035
0.105298423814	1.39579822595e-23	9.55395041492e-15	0.341853239461	0.257019203214	0.523971063316
0.105298423814	1.23904886685e-23	9.10378448061e-15	0.341853239629	0.257019203046	0.523971063578
0.105298423814	1.09990259758e-23	8.67482960135e-15	0.341853239785	0.25701920289	0.523971063822
0.105298423814	9.76382575808e-24	8.26608634822e-15	0.341853239931	0.257019202744	0.52397106405
0.105298423814	8.6673396029e-24	7.87660238368e-15	0.341853240067	0.257019202608	0.523971064261
0.105298423814	7.69398979999e-24	7.50547024275e-15	0.341853240194	0.257019202482	0.523971064459
0.105298423814	6.82994802954e-24	7.15182521862e-15	0.341853240311	0.257019202364	0.523971064643
0.105298423814	6.05111358533e-24	7.02998722638e-15	0.341853240421	0.257019202254	0.523971064814
0.105298423814	5.36105754475e-24	6.91062906979e-15	0.34185324052	0.257019202155	0.523971064968
0.105298423814	4.74969401791e-24	6.79329742748e-15	0.34185324061	0.257019202066	0.523971065107
0.105298423814	4.20804907901e-24	6.67795789242e-15	0.34185324069	0.257019201985	0.523971065233
0.105298423814	3.72817216951e-24	6.56457664175e-15	0.341853240762	0.257019201913	0.523971065346
0.105298423814	3.30301939556e-24	6.45312042687e-15	0.341853240828	0.257019201848	0.523971065448
0.105298423814	2.9263501339e-24	6.3435565637e-15	0.341853240887	0.257019201789	0.523971065539
0.105298423814	2.59263542855e-24	6.23585292308e-15	0.34185324094	0.257019201736	0.523971065622
0.105298423814	2.29697683387e-24	6.12997792134e-15	0.341853240987	0.257019201688	0.523971065697
0.105298423814	2.03503451246e-24	6.02590051106e-15	0.341853241031	0.257019201645	0.523971065764
0.105298423814	1.80296353268e-24	5.92359017196e-15	0.341853241069	0.257019201606	0.523971065824
0.105298423814	1.59735743069e-24	5.82301690194e-15	0.341853241104	0.257019201571	0.523971065879
0.105298423814	1.41519820846e-24	5.7241512083e-15	0.341853241136	0.257019201539	0.523971065928
0.105298423814	1.25381203401e-24	5.62696409907e-15	0.341853241164	0.257019201511	0.523971065973
0.105298423814	1.11082999345e-24	5.53142707451e-15	0.34185324119	0.257019201485	0.523971066013
0.105298423814	9.84153318739e-25	5.43751211878e-15	0.341853241213	0.257019201462	0.523971066049
0.105298423814	8.71922580858e-25	5.34519169169e-15	0.341853241234	0.257019201441	0.523971066081
0.105298423814	7.72490396093e-25	5.25443872065e-15	0.341853241253	0.257019201423	0.52397106611
0.105298423814	6.84397244843e-25	5.16522659271e-15	0.34185324127	0.257019201406	0.523971066137
0.105298423814	6.06350047997e-25	5.07752914677e-15	0.341853241285	0.25701920139	0.52397106616
0.105298423814	5.37205007466e-25	4.99098565057e-15	0.341853241299	0.257019201377	0.523971066182
0.105298423814	4.75945895484e-25	4.9058233035e-15	0.341853241311	0.257019201364	0.523971066201
0.105298423814	4.21672345342e-25	4.82211410134e-15	0.341853241322	0.257019201353	0.523971066218
0.105298423814	3.73587772294e-25	4.73983324873e-15	0.341853241332	0.257019201343	0.523971066234
0.105298423814	3.30986428561e-25	4.65895637342e-15	0.341853241341	0.257019201334	0.523971066248
0.105298423814	2.93243044917e-25	4.579459519e-15	0.341853241349	0.257019201326	0.523971066261
0.105298423814	2.5980365348e-25	4.50131913788e-15	0.341853241357	0.257019201319	0.523971066273
0.105298423814	2.30177456998e-25	4.42451208422e-15	0.341853241363	0.257019201312	0.523971066283
0.105298423814	2.03929625316e-25	4.34901560715e-15	0.341853241369	0.257019201306	0.523971066292
0.105298423814	1.80674913278e-25	4.274807344e-15	0.341853241375	0.257019201301	0.523971066301
0.105298423814	1.60072006396e-25	4.20186531367e-15	0.34185324138	0.257019201296	0.523971066308
0.105298423814	1.41818511308e-25	4.13016791015e-15	0.341853241384	0.257019201291	0.523971066315
0.105298423814	1.25646517479e-25	4.05969389607e-15	0.341853241388	0.257019201287	0.523971066321
0.105298423814	1.11318665025e-25	3.99042239645e-15	0.341853241391	0.257019201284	0.523971066327
0.105298423814	9.86246609257e-26	3.92233289252e-15	0.341853241395	0.257019201281	0.523971066332
0.105298423814	8.73781925122e-26	3.8554052156e-15	0.341853241398	0.257019201278	0.523971066336
0.105298423814	7.7414192911e-26	3.78961954118e-15	0.3418532414	0.257019201275	0.52397106634
0.105298423814	6.85864183244e-26	3.724956383e-15	0.341853241403	0.257019201273	0.523971066344
0.105298423814	6.07653015768e-26	3.66139658729e-15	0.341853241405	0.257019201271	0.523971066347
0.105298423814	5.383605043e-26	3.59892132714e-15	0.341853241407	0.257019201269	0.52397106635
0.105298423814	4.76927407879e-26	3.5522274531e-15	0.341853241408	0.257019201267	0.523971066353
0.105298423814	4.22125114878e-26	3.54636555394e-15	0.34185324141	0.257019201265	0.523971066355
0.105298423814	3.73619988423e-26	3.54051332811e-15	0.341853241411	0.257019201264	0.523971066357
0.105298423814	3.3068844006e-26	3.53467075965e-15	0.341853241412	0.257019201263	0.523971066359
0.105298423814	2.92690026706e-26	3.52883783261e-15	0.341853241413	0.257019201262	0.523971066361
0.105298423814	2.59057896665e-26	3.52301453109e-15	0.341853241414	0.257019201261	0.523971066363
0.105298423814	2.29290333462e-26	3.51720083921e-15	0.341853241415	0.25701920126	0.523971066364
0.105298423814	2.02943271353e-26	3.5113967411e-15	0.341853241416	0.257019201259	0.523971066365
0.105298423814	1.79623670852e-26	3.50560222094e-15	0.341853241417	0.257019201259	0.523971066366
0.105298423814	1.58983655459e-26	3.49981726291e-15	0.341853241417	0.257019201258	0.523971066367
0.105298423814	1.40715322113e-26	3.49404185125e-15	0.341853241418	0.257019201257	0.523971066368
0.105298423814	1.24546147969e-26	3.48827597019e-15	0.341853241418	0.257019201257	0.523971066369
0.105298423814	1.1023492496e-26	3.48251960401e-15	0.341853241419	0.257019201257	0.523971066369
0.105298423814	9.75681615134e-27	3.47677273701e-15	0.341853241419	0.257019201256	0.52397106637
0.105298423814	8.63568977308e-27	3.47103535351e-15	0.341853241419	0.257019201256	0.52397106637
0.105298423814	7.64338865262e-27	3.46530743786e-15	0.34185324142	0.257019201256	0.523971066371
