0.0	0.201611883062	0.854883213019	1.0	0.0	0.0
3.58092613693e-12	0.201611839728	0.854883135767	1.00000004102	3.58092627162e-08	0.0001
4.46929637785e-12	0.201611834586	0.8548831266	1.00000004588	4.15104947615e-08	0.000107666665915
5.5780569818e-12	0.201611828625	0.854883115972	1.00000005153	4.81194260153e-08	0.000115921109418
6.96188324248e-12	0.201611821715	0.854883103653	1.00000005807	5.57805724915e-08	0.000124808393417
8.68901450776e-12	0.201611813704	0.854883089373	1.00000006565	6.46614581146e-08	0.000134377035632
1.08446191998e-11	0.201611804418	0.854883072819	1.00000007444	7.49562792272e-08	0.000144679273468
1.35349946409e-11	0.201611793654	0.85488305363	1.00000008463	8.68901495195e-08	0.00015577134918
1.68928087858e-11	0.201611781176	0.854883031385	1.00000009644	1.00724023857e-07	0.000167713816912
2.10836423405e-11	0.201611766712	0.854883005599	1.00000011013	1.16760403591e-07	0.000180571873271
2.63141538689e-11	0.201611749944	0.854882975707	1.000000126	1.35349951912e-07	0.000194415713241
3.2842270525e-11	0.201611730507	0.854882941056	1.0000001444	1.56899160915e-07	0.000209320913387
4.09899069288e-11	0.201611707975	0.854882900889	1.00000016572	1.81879241006e-07	0.000225368844433
5.11588393751e-11	0.201611681856	0.854882854326	1.00000019045	2.10836424165e-07	0.00024264711547
6.38505181541e-11	0.201611651579	0.85488280035	1.00000021911	2.44403908108e-07	0.000261250052219
7.96907949551e-11	0.201611616481	0.85488273778	1.00000025233	2.83315702455e-07	0.000281279211951
9.94607846898e-11	0.201611575795	0.854882665249	1.00000029084	3.28422678882e-07	0.000302843937891
1.24135383565e-10	0.201611528632	0.85488258117	1.00000033548	3.80711176194e-07	0.000326061956108
1.54931342763e-10	0.201611473959	0.854882483705	1.00000038723	4.41324568855e-07	0.000351060018171
1.93367268271e-10	0.201611410582	0.854882370722	1.00000044721	5.11588267373e-07	0.000377974593062
2.41338505484e-10	0.201611337115	0.854882239751	1.00000051675	5.93038701392e-07	0.000406952612125
3.01210601139e-10	0.201611251951	0.854882087928	1.00000059736	6.87456914086e-07	0.000438152271114
3.75935951191e-10	0.201611153229	0.854881911933	1.00000069081	7.96907508079e-07	0.000471743893724
4.69199386459e-10	0.201611038788	0.854881707918	1.00000079913	9.2378378896e-07	0.000507910861291
5.85599874739e-10	0.201610906128	0.854881471421	1.0000009247	1.07086009794e-06	0.00054685061376
7.30877298863e-10	0.201610752346	0.854881197272	1.00000107025	1.24135247462e-06	0.000588775727349
9.1219549266e-10	0.201610574081	0.854880879476	1.00000123899	1.43898897752e-06	0.000633915074808
1.13849549059e-09	0.201610367435	0.854880511083	1.00000143458	1.66809119997e-06	0.000682515074569
1.42093640858e-09	0.201610127889	0.854880084038	1.00000166132	1.93366876282e-06	0.00073484103562
1.77344569399e-09	0.201609850204	0.854879589004	1.00000192416	2.24152884961e-06	0.000791178605392
2.21340587465e-09	0.20160952831	0.854879015155	1.00000222884	2.59840317929e-06	0.000851835328573
2.76251166609e-09	0.201609155168	0.854878349945	1.00000258203	3.0120951905e-06	0.000917142325307
3.44783969415e-09	0.201608722619	0.854877578827	1.00000299145	3.49165065687e-06	0.000987456097902
4.30318357104e-09	0.201608221206	0.854876684941	1.00000346606	4.0475554595e-06	0.00106316047588
5.37072014213e-09	0.201607639963	0.854875648741	1.00000401623	4.69196484088e-06	0.00114466870993
6.70308904406e-09	0.201606966184	0.854874447569	1.00000465398	5.43896914868e-06	0.00123242572605
8.36598808395e-09	0.201606185137	0.854873055163	1.00000539327	6.3049018765e-06	0.00132691055226
1.04414123693e-08	0.201605279743	0.854871441077	1.00000625027	7.30869673034e-06	0.00142863893082
1.30316968384e-08	0.201604230209	0.854869570019	1.0000072437	8.47230152274e-06	0.0015381661302
1.62645614243e-08	0.201603013587	0.854867401079	1.00000839529	9.82115793043e-06	0.00165608997197
2.02994074751e-08	0.20160160328	0.854864886836	1.00000973021	1.13847575948e-05	0.00178305408884
2.53351756844e-08	0.201599968456	0.854861972318	1.00001127766	1.31972867042e-05	0.00191975143143
3.16201526788e-08	0.201598073375	0.854858593805	1.00001307147	1.5298373125e-05	0.00206692804259
3.94642093506e-08	0.20159587661	0.854854677433	1.00001515084	1.77339523848e-05	0.00222538711928
4.92540737163e-08	0.201593330142	0.854850137583	1.00001756125	2.0557271394e-05	0.00239599338397
6.14723903967e-08	0.201590378309	0.854844875007	1.00002035538	2.38300517903e-05	0.00257967778834
7.67215050833e-08	0.201586956596	0.854838774662	1.00002359432	2.76238382563e-05	0.00277744257454
9.57531446753e-08	0.201582990219	0.8548317032	1.00002734887	3.20215611766e-05	0.00299036672026
1.19505453538e-07	0.201578392501	0.854823506048	1.00003170108	3.71193476478e-05	0.00321961179629
1.49149207665e-07	0.201573062977	0.854814004044	1.0000367461	4.30286202293e-05	0.00346642826674
1.8614547909e-07	0.201566885206	0.854802989515	1.00004259416	4.98785290449e-05	0.00373216226444
2.32317584578e-07	0.201559724228	0.854790221757	1.00004937308	5.78187700333e-05	0.00401826287588
2.8994085278e-07	0.201551423633	0.854775421773	1.00005723097	6.70228504624e-05	0.00432628997239
3.61854616544e-07	0.201541802149	0.854758266199	1.00006633952	7.7691872422e-05	0.00465792262631
4.51601924172e-07	0.201530649702	0.854738380249	1.00007689771	9.00589161024e-05	0.00501496815328
5.6360381743e-07	0.201517722849	0.854715329554	1.00008913614	0.000104394117461	0.00539937182388
7.03376710107e-07	0.201502739494	0.854688610705	1.00010332207	0.000121010549641	0.00581322728995
8.77803499445e-07	0.201485372765	0.854657640302	1.00011976523	0.000140271034493	0.00625878777311
1.09547165359e-06	0.201465243941	0.854621742267	1.00013882454	0.000162596030151	0.00673847806472
1.36709476482e-06	0.201441914255	0.854580133168	1.00016091591	0.000188472763061	0.00725490738781
1.70603809312e-06	0.201414875423	0.854531905216	1.00018652124	0.000218465798734	0.00781088317314
2.1289736353e-06	0.201383538693	0.854476006601	1.0002161989	0.000253229275053	0.00840942580122
2.65669647282e-06	0.201347222189	0.854411218737	1.00025059575	0.000293521055842	0.00905378436256
3.31514185985e-06	0.201305136299	0.854336129935	1.00029046114	0.000340219101022	0.00974745348621
4.13665205872e-06	0.201256366796	0.854249104985	1.00033666305	0.000394340393656	0.0104941912843
5.16155373576e-06	0.201199855382	0.854148249979	1.00039020671	0.000457062814045	0.0112980384551
6.440121309e-06	0.201134377259	0.854031371698	1.00045225617	0.000529750407411	0.0121633385802
8.03501961015e-06	0.201058515295	0.853895930709	1.00052415915	0.00061398255502	0.0130947596409
1.00243413292e-05	0.200970630321	0.85373898727	1.00060747571	0.00071158762945	0.014097316765
1.25053818348e-05	0.200868826999	0.853557138957	1.0007040113	0.000824681793308	0.0151763961956
1.55993271515e-05	0.200750914678	0.853346448834	1.0008158548	0.000955713687092	0.0163377804485
1.94570713335e-05	0.200614362574	0.853102362807	1.00094542231	0.0011075158459	0.0175876745924
2.42664286049e-05	0.200456248551	0.852819614655	1.00109550734	0.00128336378529	0.018932733541
3.02610649763e-05	0.200273200746	0.852492117063	1.00126933852	0.0014870438021	0.020380090195
3.77315453145e-05	0.200061331223	0.852112836788	1.00147064552	0.00172293064401	0.0219373841987
4.70389767741e-05	0.199816160821	0.851673651952	1.00170373447	0.00199607630676	0.0236127909911
5.8631829811e-05	0.19953253439	0.851165189276	1.0019735738	0.00231231131498	0.0254150507204
7.30666351222e-05	0.199204525644	0.850576638932	1.00228589187	0.0026783599204	0.0273534964544
9.10333896183e-05	0.198825330994	0.849895544652	1.00264728744	0.00310197069777	0.0294380809503
0.000113386656665	0.198387151947	0.849107566676	1.00306535424	0.00359206401411	0.0316794010407
0.000141183513184	0.197881065985	0.848196215278	1.00354882078	0.00415889776619	0.0340887184396
0.000175729673693	0.197296886374	0.847142552875	1.00410770622	0.00481425258946	0.0366779754649
0.000218635299468	0.196623012087	0.845924863243	1.00475349296	0.00557163739357	0.0394598038097
0.000271882163581	0.195846270055	0.844518287206	1.00549931612	0.00644651551509	0.0424475240568
0.000337903964371	0.194951753397	0.84289442544	1.006360169	0.00745655092165	0.0456551331233
0.000419681622623	0.193922661128	0.841020910875	1.0073531231	0.00862187265445	0.0490972762287
0.000520855306363	0.192740147294	0.838860955753	1.00849755927	0.00996535394131	0.0527891993175
0.000645854482478	0.191383191849	0.83637013894	1.00981540475	0.0115128974432	0.0567466771232
0.000800047235388	0.189828503895	0.833502278371	1.01133137265	0.0132937227804	0.0609859242079
0.000989908437718	0.188050480713	0.83020572459	1.01307317888	0.0153406464439	0.0655234399047
0.00122320410531	0.186021250114	0.826421294368	1.01507173479	0.0176903156641	0.0703758255358
0.00150918866997	0.183710817994	0.822083223629	1.01736129282	0.0203833918181	0.0755595573013
0.00185880862092	0.18108735166	0.817145659794	1.019979514	0.0234646664304	0.0810906937794
0.00228495014214	0.178117348608	0.811712875943	1.02296735461	0.0269837235629	0.0869843313651
0.00280245951807	0.174767244604	0.805519537105	1.02636828069	0.0309932306382	0.0932530750899
0.00342838623039	0.171003435633	0.79847629053	1.03022907029	0.035549432187	0.0999089801326
0.00418193689105	0.166794110698	0.790419716493	1.03459856174	0.0407108099639	0.106961689456
0.00508444863561	0.162110505243	0.781309108327	1.03952705141	0.046537437508	0.114418329008
0.00615902779615	0.1569293631	0.771027954096	1.04506431942	0.0530888074008	0.122281676928
0.00743005673583	0.151235059556	0.759486192782	1.0512582704	0.0604215414184	0.13054999298
0.00892234979757	0.145022320728	0.746554739108	1.05815256455	0.0685861644581	0.139215914271
0.0106602016157	0.138298229671	0.732424497132	1.0657843655	0.0776246138263	0.148266094833
0.0126661738674	0.131084143236	0.717080655632	1.07417840463	0.0875697219391	0.157676729033
0.0149580475662	0.123421198873	0.700282624329	1.08334544655	0.0984296422998	0.167415402201
0.0175479403752	0.115367884988	0.682013791835	1.09328129986	0.110190165157	0.177443377011
0.0204400561951	0.107001161274	0.662391084088	1.10396172262	0.12280948908	0.187713068341
0.0236284378863	0.0984160364761	0.641481632223	1.11533823443	0.136213060479	0.198166704325
0.0270948009012	0.0897238530717	0.61927878154	1.12733729709	0.150286266046	0.208738024248
0.0308090764577	0.081044510501	0.595910347827	1.13986193018	0.164881543469	0.219355120906
0.0347284698118	0.0725032695003	0.571768285161	1.15279161727	0.179814395068	0.22994064871
0.0387979396435	0.0642253135777	0.546820044333	1.16598064592	0.194868393928	0.240409911676
0.0429538851842	0.0563255685177	0.521293495815	1.17927255525	0.20980541533	0.250681106314
0.0471270017665	0.0489038055952	0.495485402824	1.19250215812	0.224377871115	0.26067406904
0.0512464134136	0.0420392471602	0.469601293026	1.20550212968	0.23834485758	0.2703120366
0.0552432471275	0.0357881572764	0.443820342361	1.21811331519	0.251481520826	0.279525923219
0.059055252857	0.0301817256859	0.418396092412	1.23019311145	0.263596131663	0.288257159016
0.0626306032943	0.0252263642595	0.393426150085	1.24161987049	0.274546056148	0.296457882514
0.065930052864	0.0209066010415	0.369153126405	1.25230066845	0.284241194091	0.304094425994
0.0689268787218	0.0171905397627	0.345676047329	1.26216897164	0.292643369481	0.311144468257
0.0716075832212	0.0140332782036	0.323064302259	1.27118792815	0.29976513076	0.317599197052
0.0739713481539	0.0113809955258	0.301392899092	1.27934851473	0.305665592313	0.323462547922
0.0760273854877	0.00917615938187	0.28057921289	1.28666500898	0.310436785964	0.328749095765
0.0777938213822	0.00735989199393	0.260759724488	1.29317378159	0.314195955617	0.333484708828
0.0792932796284	0.00587678537315	0.241793729282	1.29892239461	0.317069058676	0.337700174596
0.0805530633232	0.00467427361207	0.223735867339	1.30397150377	0.319188831188	0.341434007789
0.0816014594883	0.00370547608889	0.206677125772	1.30838518324	0.320682883201	0.344726505503
0.0824664644173	0.00292932465082	0.190506210768	1.31222713042	0.321670573636	0.347617723038
0.083174949175	0.00231028381651	0.175377370556	1.31556178102	0.322257873116	0.350148887684
0.0837512628024	0.0018186113997	0.161034916572	1.31844738206	0.322537366172	0.352357483432
0.0842164499443	0.00143012849768	0.146841176955	1.32094188438	0.322579197676	0.35428190466
0.0845894448321	0.00112452037236	0.132413060915	1.32310785486	0.322433550858	0.355965449005
0.0848869147077	0.00088493143424	0.117504610215	1.32500694881	0.322136073357	0.357452119864
0.0851230846805	0.000697650299391	0.102022661535	1.32669835656	0.321709275808	0.358785313068
0.0853103426014	0.000551277271654	0.0866364678662	1.32823928352	0.321165946457	0.36000806303
0.0854597363433	0.000436086943739	0.0729261557079	1.32967677954	0.320520441477	0.361156376434
0.0855802060394	0.000344424573117	0.0621126643733	1.33103043592	0.319802337544	0.362244961455
0.0856779872167	0.000270979371624	0.0540399684474	1.33228802678	0.319058092672	0.363262955894
0.0857557684905	0.000213259975239	0.0468265522994	1.33342730929	0.318325263093	0.3641909731
0.0858176229819	0.000167869993956	0.0404284372991	1.33446360122	0.317610803966	0.365040067708
0.085866779159	0.000132169603742	0.0347874773658	1.33540962058	0.316919522273	0.365819474565
0.0859058357933	0.000104074917063	0.0298645009897	1.33627615332	0.316254634059	0.366537087129
0.0859368506364	8.19626926484e-05	0.0255880351727	1.33707169125	0.315618665164	0.36719909925
0.0859614741138	6.45518371746e-05	0.0218947490698	1.33780348175	0.315013149982	0.367810827209
0.0859810161292	5.08398169607e-05	0.0187180699503	1.33847749432	0.314439050909	0.36837664865
0.0859965185112	4.00397198216e-05	0.0159920176437	1.33909878789	0.31389679401	0.368900282353
0.0860088109674	3.1532549809e-05	0.0136552124238	1.33967180191	0.313386286989	0.369385013249
0.086018550301	2.48337207647e-05	0.0116542151799	1.34020053364	0.312906958885	0.369833827756
0.0860262586335	1.95620741704e-05	0.00991460653013	1.34068863308	0.312457872063	0.370249483002
0.0860323561217	1.54141492134e-05	0.00842202879608	1.3411407389	0.31203656136	0.37063563996
0.0860371767059	1.21510142552e-05	0.0070760011746	1.34156024362	0.311641355204	0.370994953118
0.0860408916297	9.64772757375e-06	0.00566920447633	1.34195394224	0.311266348977	0.371333048132
0.0860438542776	7.66007280216e-06	0.00454204980589	1.34234412569	0.310891047771	0.371668977777
0.0860462175894	6.08140268054e-06	0.00364514161546	1.3427308223	0.310516202985	0.372002750289
0.0860481345878	4.80644826644e-06	0.00302381065001	1.34311338435	0.310143238247	0.372333787565
0.0860496562914	3.79871337042e-06	0.00250835048972	1.34347792826	0.309786299876	0.372650009426
0.0860508639505	3.00221092458e-06	0.00208073047934	1.34382529778	0.309444956627	0.372952041889
0.0860518221787	2.37267845156e-06	0.00172598845096	1.34415629783	0.309118730858	0.373240487811
0.0860525823438	1.87512442802e-06	0.0014317091326	1.3444716962	0.308807114415	0.373515927458
0.0860531852713	1.48188760641e-06	0.00118759104611	1.34477222511	0.308509580969	0.37377891908
0.0860536633997	1.17110222367e-06	0.00098508693331	1.34505858283	0.308225595528	0.374029999504
0.0860540424958	9.25484318866e-07	0.000817105263032	1.34533143517	0.307954621732	0.374269684723
0.0860543430227	7.31372052442e-07	0.000677762467817	1.34559141691	0.307696127384	0.374498470496
0.0860545727228	5.83433700926e-07	0.000505204687822	1.34583913327	0.307449546624	0.374716832953
0.0860547448108	4.72902152746e-07	0.000335882531059	1.34610420322	0.307185326655	0.37495089412
0.0860549596933	3.35435309869e-07	0.000167841412622	1.34642722101	0.306863368415	0.375236687102
0.0860550690261	2.65710100722e-07	0.000136886212023	1.34688525659	0.306405871623	0.375643002404
0.0860551561087	2.1046451642e-07	0.000112048232407	1.34733017618	0.305961380306	0.376038883159
0.0860552263321	1.66142058736e-07	9.38135131749e-05	1.34776075705	0.305531144096	0.376423137046
0.0860552810114	1.31798000459e-07	7.53604658755e-05	1.34816680474	0.305125364273	0.376786521272
0.0860553245231	1.04595523323e-07	6.06109780627e-05	1.34856780493	0.304724576864	0.37714636784
0.0860553596521	8.27355689019e-08	5.03028525781e-05	1.34896349801	0.304329055259	0.377502409926
0.0860553877812	6.53111696732e-08	4.21106902463e-05	1.34934068619	0.303952004142	0.377842690754
0.0860554100879	5.15531270808e-08	3.52605218955e-05	1.34969642014	0.303596378705	0.378164414981
0.0860554277707	4.06915048202e-08	2.95293655652e-05	1.35003182128	0.303261063433	0.378468462657
0.0860554417817	3.21184459308e-08	2.47250301554e-05	1.35034798523	0.302944967434	0.378755706588
0.0860554528269	2.53845463139e-08	2.02627956797e-05	1.35064607081	0.30264693533	0.379027092148
0.0860554615035	2.01129327539e-08	1.66828975088e-05	1.35093356476	0.302359483343	0.37928935705
0.0860554685021	1.58749570839e-08	1.39687303461e-05	1.35121025809	0.30208282381	0.379542254827
0.0860554740446	1.25294901113e-08	1.16978322062e-05	1.35147111572	0.301821992915	0.379781116232
0.0860554783761	9.92279498242e-09	9.52025754941e-06	1.35171699742	0.301576132081	0.380006654248
0.0860554818415	7.84327896267e-09	7.92143434886e-06	1.35195627696	0.301336869221	0.380226500364
0.0860554846037	6.19039540316e-09	6.63319820368e-06	1.35218360563	0.301109553832	0.380435699615
0.08605548679	4.88554353336e-09	5.5552799988e-06	1.35239789451	0.300895275456	0.380633197114
0.0860554885195	3.85586549966e-09	4.65117752246e-06	1.35259984859	0.300693329672	0.38081959174
0.0860554898882	3.04292320776e-09	3.89683390635e-06	1.35279023834	0.300502946476	0.380995549308
0.086055490966	2.40418837956e-09	3.20666315862e-06	1.35296958814	0.300323601844	0.381161513953
0.0860554918128	1.90336845968e-09	2.6483120487e-06	1.35314179916	0.300151394878	0.381321064833
0.0860554924928	1.5020612693e-09	2.21842899956e-06	1.35330689017	0.299986307111	0.381474196256
0.0860554930304	1.18535614254e-09	1.85831459782e-06	1.35346243087	0.299830768986	0.381618628089
0.0860554934555	9.35417506654e-10	1.55668443387e-06	1.35360897279	0.299684229096	0.381754845099
0.0860554937915	7.38173779373e-10	1.30401012026e-06	1.35374703212	0.299546171364	0.381883302741
0.0860554940571	5.82513890424e-10	1.09248819355e-06	1.35387709863	0.299416106122	0.382004435036
0.086055494267	4.59649259406e-10	9.15579717456e-07	1.35399961746	0.299293588294	0.382118637254
0.086055494433	3.62697158074e-10	7.67314787119e-07	1.35411498081	0.299178225734	0.38222625775
0.0860554945641	2.86191922416e-10	6.43089081737e-07	1.35422360606	0.299069601107	0.382327670534
0.0860554946671	2.2614051668e-10	5.21319659632e-07	1.35432588069	0.298967326972	0.382423223713
0.0860554947462	1.80088507843e-10	4.19337259056e-07	1.35442557368	0.298867634357	0.382516429731
0.0860554948116	1.42090475378e-10	3.51630049852e-07	1.35452427346	0.29876893488	0.38260877026
0.0860554948632	1.12107632534e-10	2.94883180973e-07	1.35461714708	0.298676061511	0.382695717379
0.086055494904	8.84511166951e-11	2.47293375261e-07	1.3547045281	0.298588680686	0.382777573245
0.0860554949362	6.97847151565e-11	2.07463353364e-07	1.35478674105	0.298506467888	0.38285463287
0.0860554949616	5.50536381047e-11	1.74097128494e-07	1.35486405981	0.298429149252	0.382927144969
0.0860554949817	4.34320154998e-11	1.46096740238e-07	1.35493675003	0.298356459121	0.382995351565
0.0860554949974	3.43612985392e-11	1.19809889775e-07	1.35500508859	0.298288120641	0.383059506116
0.0860554950099	2.71394508175e-11	1.00101846612e-07	1.35507101833	0.29822219096	0.383121428022
0.0860554950198	2.14067237307e-11	8.41048644406e-08	1.35513334524	0.298159864093	0.383179992037
0.0860554950277	1.68848770659e-11	7.06641398613e-08	1.35519185909	0.298101350284	0.383234996139
0.0860554950339	1.33181603586e-11	5.93712290431e-08	1.355246793	0.298046416404	0.383286655267
0.0860554950388	1.05033799813e-11	4.99467197967e-08	1.35529836586	0.297994843562	0.383335171557
0.0860554950426	8.28289412304e-12	4.20304812918e-08	1.3553467147	0.297946494738	0.383380670606
0.0860554950457	6.53181659775e-12	3.53688477331e-08	1.35539202449	0.297901184966	0.383423323528
0.0860554950481	5.15091953844e-12	2.97629975756e-08	1.35543448615	0.297858723316	0.383463307458
0.08605549505	4.06113593574e-12	2.50921494243e-08	1.35547427864	0.297818930841	0.383500788616
0.0860554950515	3.20157404372e-12	2.11635642811e-08	1.35551149306	0.29778171642	0.383535850794
0.0860554950526	2.52393776052e-12	1.78500357475e-08	1.35554627747	0.297746932015	0.38356863165
0.0860554950536	1.98972409763e-12	1.50552767856e-08	1.35557879048	0.29771441901	0.383599279065
0.0860554950543	1.56825043082e-12	1.2725040064e-08	1.35560918036	0.297684029138	0.383627931402
0.0860554950549	1.23584856181e-12	1.07628748644e-08	1.35563751959	0.297655689913	0.383654655764
0.0860554950553	9.73899965212e-13	9.10325897974e-09	1.35566392392	0.297629285577	0.383679560207
0.0860554950557	7.67472367442e-13	7.69954419102e-09	1.35568852544	0.297604684063	0.383702768331
0.086055495056	6.04708276979e-13	6.52559643601e-09	1.35571144719	0.29758176231	0.383724395386
0.0860554950562	4.76329162974e-13	5.53706228254e-09	1.35573275709	0.297560452417	0.383744504701
0.0860554950564	3.75204325961e-13	4.69827243887e-09	1.35575253992	0.297540669584	0.383763175644
0.0860554950565	2.95547949939e-13	3.98654439951e-09	1.3557709051	0.297522304404	0.383780510899
0.0860554950566	2.32885458816e-13	3.35457903662e-09	1.3557879542	0.297505255308	0.383796605849
0.0860554950567	1.83880598959e-13	2.80358441357e-09	1.35580391953	0.297489289973	0.383811679411
0.0860554950568	1.44736514971e-13	2.39187294373e-09	1.35581900292	0.297474206584	0.383825921821
0.0860554950568	1.13925214411e-13	2.04062062341e-09	1.35583291912	0.297460290384	0.383839063436
0.0860554950569	8.96728917724e-14	1.74094943032e-09	1.35584575844	0.297447451069	0.38385118923
0.0860554950569	7.05833237774e-14	1.48528495579e-09	1.35585760419	0.297435605316	0.383862377632
0.0860554950569	5.55574975616e-14	1.26716500101e-09	1.35586853326	0.297424676248	0.383872701032
0.086055495057	4.37268323853e-14	1.08309292729e-09	1.35587861657	0.297414592938	0.383882226237
0.086055495057	3.4395099112e-14	9.28671198499e-10	1.3558879015	0.297405308008	0.38389099784
0.086055495057	2.70548299632e-14	7.96265755635e-10	1.35589641942	0.297396790088	0.383899045334
0.086055495057	2.12810363476e-14	6.82737758815e-10	1.35590423369	0.297388975824	0.38390642845
0.086055495057	1.67394229375e-14	5.85395853165e-10	1.35591140242	0.297381807091	0.383913202003
0.086055495057	1.31670339863e-14	5.0193237712e-10	1.35591797894	0.297375230568	0.383919416289
0.086055495057	1.03562918342e-14	4.31077305494e-10	1.35592401217	0.297369197335	0.383925117457
0.086055495057	8.14145824046e-15	3.71197541473e-10	1.3559295375	0.297363672005	0.383930338886
0.086055495057	6.40029404629e-15	3.19635423083e-10	1.35593458189	0.297358627624	0.383935105993
0.086055495057	5.03150002487e-15	2.75235600014e-10	1.35593918718	0.297354022332	0.383939458293
0.086055495057	3.95544063834e-15	2.37003200172e-10	1.3559433916	0.297349817908	0.383943431866
0.086055495057	3.10951113994e-15	2.04081540104e-10	1.35594723005	0.297345979462	0.383947059658
0.086055495057	2.44441492103e-15	1.75865328969e-10	1.35595073437	0.297342475137	0.383950371749
0.086055495057	1.92074091554e-15	1.51963489183e-10	1.35595393114	0.297339278365	0.383953393228
0.086055495057	1.50925468658e-15	1.31310124792e-10	1.35595683816	0.297336371348	0.383956140899
0.086055495057	1.18592212786e-15	1.13463743287e-10	1.35595948168	0.297333727825	0.383958639568
0.086055495057	9.31857952155e-16	9.80428533732e-11	1.3559618856	0.297331323912	0.383960911796
0.086055495057	7.3222267088e-16	8.47178106838e-11	1.35596407162	0.297329137891	0.3839629781
0.086055495057	5.75355868572e-16	7.32037716449e-11	1.3559660595	0.297327150014	0.383964857139
0.086055495057	4.51940071795e-16	6.34308044991e-11	1.35596786719	0.297325342321	0.383966565882
0.086055495057	3.54971905403e-16	5.49788436758e-11	1.3559695059	0.297323703608	0.383968114913
0.086055495057	2.78809168444e-16	4.76530767632e-11	1.35597099088	0.297322218626	0.383969518641
0.086055495057	2.18987872421e-16	4.13034432685e-11	1.35597233656	0.297320872953	0.383970790695
0.086055495057	1.72001813651e-16	3.57998774281e-11	1.35597355599	0.297319653521	0.383971943424
0.086055495057	1.35097073749e-16	3.10296440606e-11	1.35597466102	0.297318548488	0.383972988022
0.086055495057	1.06104600408e-16	2.69299543765e-11	1.35597566239	0.29731754712	0.38397393463
0.086055495057	8.33085897961e-17	2.34043543651e-11	1.35597656859	0.297316640921	0.383974791279
0.086055495057	6.54101758017e-17	2.03403158281e-11	1.35597738728	0.297315822234	0.383975565207
0.086055495057	5.13571384738e-17	1.76774126641e-11	1.3559781269	0.297315082607	0.3839762644
0.086055495057	4.03233207034e-17	1.53631295125e-11	1.3559787951	0.297314414405	0.383976896076
0.086055495057	3.16600601745e-17	1.3351826121e-11	1.35597939878	0.297313810731	0.383977466754
0.086055495057	2.48580557887e-17	1.160383729e-11	1.35597994416	0.297313265353	0.383977982323
0.086055495057	1.9510228657e-17	1.01149363518e-11	1.35598043687	0.297312772643	0.383978448106
0.086055495057	1.53116701908e-17	8.82001156762e-12	1.3559808805	0.297312329008	0.383978867496
0.086055495057	1.20166318078e-17	7.69086423418e-12	1.35598127978	0.297311929726	0.383979244959
0.086055495057	9.4306782202e-18	6.70627141019e-12	1.35598163915	0.297311570363	0.383979584686
0.086055495057	7.40121609045e-18	5.84772712129e-12	1.35598196258	0.297311246926	0.383979890449
0.086055495057	5.80848976851e-18	5.0990945349e-12	1.35598225368	0.297310955826	0.383980165644
0.086055495057	4.55847296702e-18	4.44722178874e-12	1.35598251568	0.297310693828	0.383980413327
0.086055495057	3.57694533479e-18	3.88232462059e-12	1.35598275143	0.297310458075	0.383980636199
0.086055495057	2.80675957349e-18	3.38918205251e-12	1.35598296334	0.297310246167	0.38398083653
0.086055495057	2.20240971191e-18	2.95867965142e-12	1.35598315382	0.297310055692	0.383981016599
0.086055495057	1.72818808453e-18	2.58286071833e-12	1.35598332503	0.297309884483	0.383981178454
0.086055495057	1.35607557061e-18	2.25477923104e-12	1.35598347892	0.297309730591	0.38398132394
0.086055495057	1.06408610423e-18	1.96837146613e-12	1.35598361725	0.297309592263	0.38398145471
0.086055495057	8.34967642534e-19	1.71834392775e-12	1.35598374158	0.297309467927	0.383981572254
0.086055495057	6.55182840041e-19	1.50007551179e-12	1.35598385334	0.297309356167	0.383981677909
0.086055495057	5.14109203095e-19	1.30953209732e-12	1.3559839538	0.297309255711	0.383981772877
0.086055495057	4.03411466271e-19	1.14319198684e-12	1.35598404409	0.297309165415	0.38398185824
0.086055495057	3.16549108125e-19	9.97980817073e-13	1.35598412526	0.297309084253	0.383981934969
0.086055495057	2.48389908215e-19	8.71214737679e-13	1.35598419821	0.297309011299	0.383982003938
0.086055495057	1.94906712704e-19	7.60550807399e-13	1.35598426379	0.297308945724	0.38398206593
0.086055495057	1.52939492159e-19	6.63943691025e-13	1.35598432273	0.297308886782	0.383982121653
0.086055495057	1.20008632878e-19	5.79607856801e-13	1.35598437571	0.297308833802	0.383982171739
0.086055495057	9.41684302028e-20	5.05984575585e-13	1.35598442333	0.29730878618	0.38398221676
0.086055495057	7.37402632695e-20	4.48843485223e-13	1.35598446613	0.297308743375	0.383982257227
0.086055495057	5.7728493281e-20	3.98585215865e-13	1.35598450392	0.297308705588	0.383982292949
0.086055495057	4.51934774065e-20	3.5395450575e-13	1.35598453723	0.297308672277	0.383982324441
0.086055495057	3.53802823561e-20	3.14321221465e-13	1.3559845666	0.29730864291	0.383982352204
0.086055495057	2.769789906e-20	2.79125787343e-13	1.35598459249	0.297308617021	0.383982376679
0.086055495057	2.16836486021e-20	2.47871284938e-13	1.35598461531	0.297308594198	0.383982398255
0.086055495057	1.69753169527e-20	2.2011643712e-13	1.35598463543	0.297308574077	0.383982417276
0.086055495057	1.32893402889e-20	1.9546937778e-13	1.35598465317	0.29730855634	0.383982434045
0.086055495057	1.04037270966e-20	1.73582119135e-13	1.35598466881	0.297308540703	0.383982448828
0.086055495057	8.14468852127e-21	1.54145638562e-13	1.35598468259	0.297308526918	0.38398246186
0.086055495057	6.37617176877e-21	1.36885515558e-13	1.35598469474	0.297308514765	0.383982473349
0.086055495057	4.99166619593e-21	1.21558057248e-13	1.35598470546	0.297308504052	0.383982483477
0.086055495057	3.90778860491e-21	1.07946857729e-13	1.3559847149	0.297308494607	0.383982492406
0.086055495057	3.05926140986e-21	9.5859742671e-14	1.35598472323	0.297308486281	0.383982500278
0.086055495057	2.39328161332e-21	8.57830526351e-14	1.35598473057	0.29730847894	0.383982507217
0.086055495057	1.87083274285e-21	7.70103806444e-14	1.35598473699	0.297308472524	0.383982513283
0.086055495057	1.46243347602e-21	6.91348528955e-14	1.35598474257	0.297308466936	0.383982518565
0.086055495057	1.1431869997e-21	6.20647222284e-14	1.35598474744	0.297308462071	0.383982523165
0.086055495057	8.93631427968e-22	5.57176240768e-14	1.35598475168	0.297308457834	0.38398252717
0.086055495057	6.98553367757e-22	5.00196169508e-14	1.35598475536	0.297308454146	0.383982530657
0.086055495057	5.4606048098e-22	4.49043210447e-14	1.35598475858	0.297308450933	0.383982533694
0.086055495057	4.26856504497e-22	4.03121449352e-14	1.35598476137	0.297308448137	0.383982536338
0.086055495057	3.33674531875e-22	3.61895913625e-14	1.35598476381	0.297308445701	0.38398253864
0.086055495057	2.60834008652e-22	3.24886340063e-14	1.35598476593	0.297308443581	0.383982540645
0.086055495057	2.03894434702e-22	2.91661579955e-14	1.35598476778	0.297308441734	0.383982542391
0.086055495057	1.59384662712e-22	2.61834576352e-14	1.35598476938	0.297308440126	0.383982543911
0.086055495057	1.2459129029e-22	2.3505785499e-14	1.35598477078	0.297308438726	0.383982545235
0.086055495057	9.73932456814e-23	2.11019476335e-14	1.355984772	0.297308437507	0.383982546387
0.086055495057	7.61230154795e-23	1.89962169848e-14	1.35598477306	0.297308436445	0.383982547391
0.086055495057	5.94430116322e-23	1.71848597024e-14	1.35598477399	0.297308435524	0.383982548262
0.086055495057	4.64179145979e-23	1.55462218195e-14	1.35598477478	0.297308434728	0.383982549014
0.086055495057	3.62468646224e-23	1.40638339233e-14	1.35598477547	0.297308434041	0.383982549663
0.086055495057	2.83044855895e-23	1.27227970185e-14	1.35598477606	0.297308433449	0.383982550224
0.086055495057	2.21024332109e-23	1.15096327824e-14	1.35598477657	0.297308432937	0.383982550708
0.086055495057	1.72593687409e-23	1.04121480983e-14	1.35598477701	0.297308432495	0.383982551125
0.086055495057	1.3477512022e-23	9.419312507e-15	1.3559847774	0.297308432114	0.383982551485
0.086055495057	1.05243322059e-23	8.521147343e-15	1.35598477772	0.297308431785	0.383982551797
0.086055495057	8.21825038583e-24	7.70862544223e-15	1.35598477801	0.297308431501	0.383982552065
0.086055495057	6.41274005098e-24	7.08793444933e-15	1.35598477825	0.297308431256	0.383982552297
0.086055495057	4.96325380738e-24	6.83568465099e-15	1.35598477846	0.297308431048	0.383982552494
0.086055495057	3.84139824155e-24	6.59241207456e-15	1.35598477863	0.297308430881	0.383982552652
0.086055495057	2.97311824507e-24	6.35779723312e-15	1.35598477876	0.297308430747	0.383982552778
0.086055495057	2.30109755435e-24	6.13153200986e-15	1.35598477887	0.297308430639	0.38398255288
0.086055495057	1.7809752314e-24	5.9133192534e-15	1.35598477896	0.297308430553	0.383982552962
0.086055495057	1.37841734212e-24	5.70287238756e-15	1.35598477903	0.297308430483	0.383982553027
0.086055495057	1.06685052971e-24	5.49991503504e-15	1.35598477908	0.297308430428	0.38398255308
0.086055495057	8.25707873765e-25	5.3041806544e-15	1.35598477913	0.297308430383	0.383982553122
0.086055495057	6.3907124176e-25	5.11541219005e-15	1.35598477916	0.297308430347	0.383982553156
0.086055495057	4.94626330762e-25	4.93274361226e-15	1.35598477919	0.297308430319	0.383982553183
0.086055495057	3.82834548247e-25	4.75633507878e-15	1.35598477921	0.297308430296	0.383982553205
0.086055495057	2.96309117035e-25	4.5862354016e-15	1.35598477923	0.297308430277	0.383982553222
0.086055495057	2.29339523405e-25	4.42221895862e-15	1.35598477925	0.297308430262	0.383982553236
0.086055495057	1.7750590168e-25	4.26406819657e-15	1.35598477926	0.29730843025	0.383982553247
