0.0	0.00350504200542	0.155563171674	0.0	0.0	0.0
6.5162148973e-19	0.00350504200533	0.155563171673	5.37889841136e-13	6.51700915455e-13	1e-06
7.29467230775e-19	0.00350504200533	0.155563171673	5.65068205931e-13	7.02549129982e-13	1.03833333333e-06
8.16612786966e-19	0.00350504200532	0.155563171673	5.94370182458e-13	7.57505169701e-13	1.07813611111e-06
9.14169157575e-19	0.00350504200532	0.155563171673	6.25961701478e-13	8.16680056914e-13	1.11946466204e-06
1.02338006703e-18	0.00350504200531	0.155563171673	6.60021658939e-13	8.80406858527e-13	1.16237747408e-06
1.14563782087e-18	0.00350504200531	0.155563171673	6.9674292902e-13	9.49240686054e-13	1.20693527725e-06
1.28250105595e-18	0.0035050420053	0.155563171673	7.3633345634e-13	1.0234035841e-12	1.25320112955e-06
1.43571461116e-18	0.00350504200529	0.155563171673	7.79017433502e-13	1.10333964187e-12	1.30124050618e-06
1.60723177196e-18	0.00350504200528	0.155563171673	8.25036570646e-13	1.18960397088e-12	1.35112139225e-06
1.79923917241e-18	0.00350504200528	0.155563171672	8.74651464203e-13	1.28252963805e-12	1.40291437895e-06
2.01418467206e-18	0.00350504200527	0.155563171672	9.28143072595e-13	1.38278277717e-12	1.45669276348e-06
2.25480856319e-18	0.00350504200526	0.155563171672	9.85814307244e-13	1.49080747746e-12	1.51253265274e-06
2.52417850614e-18	0.00350504200525	0.155563171672	1.04799174789e-12	1.60726987275e-12	1.57051307109e-06
2.82572863829e-18	0.00350504200524	0.155563171672	1.11502749195e-12	1.73283609683e-12	1.63071607215e-06
3.16330335506e-18	0.00350504200523	0.155563171672	1.18730114835e-12	1.86828330584e-12	1.69322685492e-06
3.54120632128e-18	0.00350504200521	0.155563171672	1.26522198721e-12	2.01416661127e-12	1.75813388435e-06
3.96425533764e-18	0.0035050420052	0.155563171671	1.34923125738e-12	2.17159623616e-12	1.82552901658e-06
4.43784376176e-18	0.00350504200519	0.155563171671	1.43980468522e-12	2.34123831432e-12	1.89550762888e-06
4.96800926691e-18	0.00350504200517	0.155563171671	1.53745516848e-12	2.52420306878e-12	1.96816875466e-06
5.56151081496e-18	0.00350504200515	0.155563171671	1.64273568075e-12	2.72148970026e-12	2.04361522358e-06
6.22591482485e-18	0.00350504200514	0.155563171671	1.75624240283e-12	2.93409740947e-12	2.12195380715e-06
6.96969163524e-18	0.00350504200512	0.15556317167	1.87861809875e-12	3.16335846405e-12	2.20329536975e-06
7.8023234909e-18	0.0035050420051	0.15556317167	2.01055575565e-12	3.41049410933e-12	2.28775502559e-06
8.73442542979e-18	0.00350504200507	0.15556317167	2.15280250796e-12	3.67694763524e-12	2.37545230157e-06
9.77788061178e-18	0.00350504200505	0.15556317167	2.30616386832e-12	3.96427335401e-12	2.46651130646e-06
1.09459918144e-17	0.00350504200502	0.155563171669	2.47150828897e-12	4.27402557788e-12	2.56106090653e-06
1.22536510271e-17	0.00350504200499	0.155563171669	2.64977207964e-12	4.60798066369e-12	2.65923490794e-06
1.37175293057e-17	0.00350504200496	0.155563171668	2.84196470966e-12	4.96802599057e-12	2.76117224608e-06
1.5356289308e-17	0.00350504200493	0.155563171668	3.04917452438e-12	5.35627098228e-12	2.86701718217e-06
1.71908232202e-17	0.0035050420049	0.155563171668	3.2725749082e-12	5.77471404025e-12	2.97691950748e-06
1.92445191061e-17	0.00350504200486	0.155563171667	3.51343092922e-12	6.22590867745e-12	3.09103475526e-06
2.15435590769e-17	0.00350504200482	0.155563171667	3.77310650307e-12	6.71240840684e-12	3.20952442086e-06
2.41172530808e-17	0.00350504200477	0.155563171666	4.0530721164e-12	7.23687776366e-12	3.33255619032e-06
2.69984125691e-17	0.00350504200472	0.155563171665	4.354913154e-12	7.8023143501e-12	3.4603041776e-06
3.02237688017e-17	0.00350504200467	0.155563171665	4.68033887644e-12	8.41204883521e-12	3.59294917106e-06
3.38344411266e-17	0.00350504200462	0.155563171664	5.03119209929e-12	9.06930086578e-12	3.73067888927e-06
3.78764612004e-17	0.00350504200456	0.155563171663	5.40945962853e-12	9.77795622238e-12	3.87368824668e-06
4.24013598361e-17	0.00350504200449	0.155563171662	5.81728351146e-12	1.05419006856e-11	4.02217962945e-06
4.74668239579e-17	0.00350504200442	0.155563171661	6.2569731666e-12	1.13655751476e-11	4.17636318189e-06
5.31374320389e-17	0.00350504200435	0.155563171661	6.73101846149e-12	1.22536425449e-11	4.33645710383e-06
5.94854773977e-17	0.00350504200426	0.155563171659	7.24210381219e-12	1.32110988814e-11	4.50268795945e-06
6.65918898495e-17	0.00350504200418	0.155563171658	7.79312338463e-12	1.42433842496e-11	4.67529099787e-06
7.45472674628e-17	0.00350504200408	0.155563171657	8.38719748359e-12	1.53562718095e-11	4.85451048609e-06
8.34530315738e-17	0.00350504200398	0.155563171656	9.02769022233e-12	1.65562008544e-11	5.04060005468e-06
9.34227197839e-17	0.00350504200387	0.155563171654	9.71822857284e-12	1.78498327227e-11	5.23382305674e-06
1.04583433426e-16	0.00350504200375	0.155563171653	1.04627229046e-11	1.92444948862e-11	5.43445294053e-06
1.17077457951e-16	0.00350504200362	0.155563171651	1.12653891282e-11	2.0748291973e-11	5.64277363653e-06
1.31064076892e-16	0.00350504200349	0.15556317165	1.21307725689e-11	2.23694396335e-11	5.8590799592e-06
1.46721602537e-16	0.00350504200334	0.155563171648	1.30637737063e-11	2.4117263741e-11	6.08367802424e-06
1.64249649191e-16	0.00350504200318	0.155563171646	1.40696759242e-11	2.6001756303e-11	6.31688568176e-06
1.83871678013e-16	0.00350504200301	0.155563171643	1.51541754295e-11	2.80333534156e-11	6.55903296614e-06
2.05837845874e-16	0.00350504200282	0.155563171641	1.63234135085e-11	3.02238234431e-11	6.81046256308e-06
2.30428194553e-16	0.00350504200262	0.155563171639	1.75840113039e-11	3.25853788386e-11	7.07153029456e-06
2.57956220924e-16	0.0035050420024	0.155563171636	1.89431073087e-11	3.51314533008e-11	7.3426056224e-06
2.88772873659e-16	0.00350504200217	0.155563171633	2.04083977898e-11	3.7876479729e-11	7.62407217113e-06
3.23271027394e-16	0.00350504200192	0.15556317163	2.19881803705e-11	4.08360012455e-11	7.91632827088e-06
3.61890491401e-16	0.00350504200165	0.155563171626	2.36914010184e-11	4.4026782218e-11	8.21978752109e-06
4.05123616619e-16	0.00350504200136	0.155563171622	2.55277047039e-11	4.74668082595e-11	8.53487937588e-06
4.53521572523e-16	0.00350504200104	0.155563171618	2.7507490018e-11	5.11757303175e-11	8.86204975175e-06
5.07701373864e-16	0.0035050420007	0.155563171614	2.96419680572e-11	5.51744205848e-11	9.20176165867e-06
5.68353746851e-16	0.00350504200033	0.155563171609	3.19432259093e-11	5.94855276113e-11	9.55449585533e-06
6.36251935068e-16	0.00350504199994	0.155563171604	3.44242951003e-11	6.41334763033e-11	9.92075152949e-06
7.12261557379e-16	0.00350504199951	0.155563171599	3.70992253889e-11	6.91445789466e-11	1.03010470045e-05
7.97351643513e-16	0.00350504199906	0.155563171593	3.99831643274e-11	7.45472572505e-11	1.06959204726e-05
8.9260698801e-16	0.00350504199856	0.155563171587	4.30924430387e-11	8.03721533706e-11	1.1105930757e-05
9.9924198002e-16	0.00350504199803	0.15556317158	4.64446686962e-11	8.66521299084e-11	1.15316581022e-05
1.11861608528e-15	0.00350504199745	0.155563171573	5.00588242295e-11	9.34227140005e-11	1.19737049956e-05
1.25225117765e-15	0.00350504199683	0.155563171565	5.39553758204e-11	1.00722430386e-10	1.24326970199e-05
1.40185094111e-15	0.00350504199617	0.155563171556	5.81563887984e-11	1.08592468339e-10	1.29092837383e-05
1.56932258971e-15	0.00350504199544	0.155563171547	6.26856525921e-11	1.17077458825e-10	1.34041396142e-05
1.75680118215e-15	0.00350504199467	0.155563171537	6.75688154437e-11	1.26225474501e-10	1.39179649653e-05
1.96667684119e-15	0.00350504199383	0.155563171526	7.2833529649e-11	1.3608825176e-10	1.44514869547e-05
2.20162522482e-15	0.00350504199293	0.155563171515	7.85096081467e-11	1.4672163482e-10	1.50054606203e-05
2.46464163758e-15	0.00350504199195	0.155563171502	8.46291933427e-11	1.58185908791e-10	1.5580669943e-05
2.75907921707e-15	0.0035050419909	0.155563171489	9.12269391252e-11	1.70545910698e-10	1.61779289562e-05
3.08869168232e-15	0.00350504198977	0.155563171475	9.83402071026e-11	1.83871695613e-10	1.67980828981e-05
3.45768118913e-15	0.00350504198855	0.155563171459	1.06009278174e-10	1.98238758703e-10	1.74420094076e-05
3.87075190244e-15	0.00350504198724	0.155563171442	1.14277580631e-10	2.13728368291e-10	1.81106197665e-05
4.33316996862e-15	0.00350504198582	0.155563171424	1.23191936084e-10	2.30428231998e-10	1.88048601889e-05
4.85083065245e-15	0.00350504198429	0.155563171405	1.328028246e-10	2.48432940824e-10	1.95257131606e-05
5.43033349451e-15	0.00350504198264	0.155563171384	1.43164670563e-10	2.67844524266e-10	2.02741988292e-05
6.07906644724e-15	0.00350504198087	0.155563171361	1.54336150868e-10	2.88772894402e-10	2.10513764482e-05
6.80530006231e-15	0.00350504197895	0.155563171337	1.66380527191e-10	3.1133651203e-10	2.18583458756e-05
7.61829293003e-15	0.00350504197688	0.15556317131	1.79366004232e-10	3.35663163818e-10	2.26962491307e-05
8.52840971504e-15	0.00350504197466	0.155563171282	1.9336611594e-10	3.61890517422e-10	2.35662720102e-05
9.54725329312e-15	0.00350504197226	0.155563171251	2.0846014192e-10	3.90167231704e-10	2.44696457662e-05
1.06878126736e-14	0.00350504196967	0.155563171218	2.24733556378e-10	4.20653400824e-10	2.5407648849e-05
1.19646285935e-14	0.00350504196688	0.155563171183	2.42278512139e-10	4.53521553439e-10	2.63816087161e-05
1.33939788939e-14	0.00350504196387	0.155563171144	2.61194362495e-10	4.88957984973e-10	2.73929037107e-05
1.49940860425e-14	0.00350504196062	0.155563171103	2.81588223815e-10	5.27163312724e-10	2.84429650128e-05
1.67853494481e-14	0.00350504195713	0.155563171058	3.03575582124e-10	5.68353808138e-10	2.95332786639e-05
1.87906055278e-14	0.00350504195336	0.15556317101	3.27280947075e-10	6.12762729071e-10	3.06653876708e-05
2.10354188434e-14	0.00350504194929	0.155563170958	3.52838557022e-10	6.60641652058e-10	3.18408941885e-05
2.35484080182e-14	0.00350504194491	0.155563170902	3.80393139181e-10	7.1226158254e-10	3.30614617883e-05
2.63616105897e-14	0.00350504194018	0.155563170842	4.10100729187e-10	7.67914953258e-10	3.43288178115e-05
2.95108914486e-14	0.00350504193509	0.155563170777	4.42129554693e-10	8.27916845506e-10	3.56447558141e-05
3.30364000725e-14	0.00350504192959	0.155563170707	4.76660988006e-10	8.92606987526e-10	3.70111381051e-05
3.69830823825e-14	0.00350504192367	0.155563170631	5.13890573157e-10	9.62351863938e-10	3.84298983822e-05
4.14012537484e-14	0.00350504191729	0.15556317055	5.54029133227e-10	1.03754627004e-09	3.99030444679e-05
4.63472404485e-14	0.0035050419104	0.155563170462	5.97303964189e-10	1.1186160874e-09	4.14326611513e-05
5.18840977601e-14	0.00350504190298	0.155563170367	6.43960122039e-10	1.20602039321e-09	4.30209131384e-05
5.80824138376e-14	0.00350504189498	0.155563170265	6.94261810491e-10	1.3002541249e-09	4.46700481155e-05
6.50212096243e-14	0.00350504188635	0.155563170155	7.48493877109e-10	1.40185096668e-09	4.63823999301e-05
7.27889462729e-14	0.00350504187705	0.155563170037	8.06963426333e-10	1.51138612508e-09	4.81603918941e-05
8.14846529169e-14	0.00350504186703	0.155563169909	8.70001558546e-10	1.62947999272e-09	5.00065402128e-05
9.12191891703e-14	0.00350504185622	0.155563169771	9.37965245022e-10	1.75680114591e-09	5.19234575459e-05
1.02116658452e-13	0.00350504184456	0.155563169622	1.01123934938e-09	1.89407078551e-09	5.39138567051e-05
1.14315990151e-13	0.00350504183199	0.155563169462	1.09023880697e-09	2.04206606762e-09	5.59805544931e-05
1.27972710808e-13	0.00350504181845	0.155563169289	1.17541097458e-09	2.20162521062e-09	5.81264756901e-05
1.43260926884e-13	0.00350504180384	0.155563169103	1.26723816371e-09	2.37365160297e-09	6.03546571927e-05
1.6037554441e-13	0.00350504178809	0.155563168902	1.36624037178e-09	2.55911946534e-09	6.26682523117e-05
1.79534753792e-13	0.00350504177111	0.155563168685	1.47297822679e-09	2.75907906871e-09	6.50705352348e-05
2.00982811475e-13	0.00350504175281	0.155563168452	1.58805616202e-09	2.97466284053e-09	6.75649056601e-05
2.24993153914e-13	0.00350504173307	0.1555631682	1.71212583878e-09	3.20709135996e-09	7.01548936075e-05
2.51871883548e-13	0.00350504171179	0.155563167928	1.84588983666e-09	3.45768101843e-09	7.28441644138e-05
2.81961671232e-13	0.00350504168885	0.155563167636	1.99010563206e-09	3.72785079193e-09	7.56365239206e-05
3.15646124867e-13	0.00350504166412	0.15556316732	2.14558988762e-09	4.01913045672e-09	7.85359238598e-05
3.53354679931e-13	0.00350504163746	0.15556316698	2.3132230768e-09	4.33316969316e-09	8.15464674461e-05
3.95568074252e-13	0.00350504160871	0.155563166613	2.49395446978e-09	4.67174663437e-09	8.46724151838e-05
4.42824476818e-13	0.00350504157771	0.155563166218	2.688807509e-09	5.03677874647e-09	8.79181908965e-05
4.95726348771e-13	0.0035050415443	0.155563165792	2.89888560465e-09	5.43033304261e-09	9.12883879873e-05
5.54948124046e-13	0.00350504150827	0.155563165332	3.12537838306e-09	5.8546381844e-09	9.47877759396e-05
6.21244807562e-13	0.00350504146942	0.155563164836	3.36956842328e-09	6.31209669434e-09	9.84213070663e-05
6.95461600608e-13	0.00350504142755	0.155563164302	3.63283852003e-09	6.80529938877e-09	0.000102194123519
7.78544676113e-13	0.0035050413824	0.155563163726	3.91667951414e-09	7.33703892254e-09	0.000106111564564
8.71553241172e-13	0.00350504133372	0.155563163105	4.22269873484e-09	7.91032655338e-09	0.00011017917414
9.75673040633e-13	0.00350504128124	0.155563162436	4.55262910173e-09	8.52840868425e-09	0.000114402708702
1.09223147386e-12	0.00350504122466	0.155563161714	4.90833893787e-09	9.19478529299e-09	0.000118788145369
1.22271451744e-12	0.00350504116365	0.155563160935	5.29184254967e-09	9.91322991637e-09	0.000123341690382
1.36878566952e-12	0.00350504109788	0.155563160096	5.70531163343e-09	1.06878109664e-08	0.000128069787887
1.53230715734e-12	0.00350504102697	0.155563159192	6.15108757316e-09	1.15229148228e-08	0.000132979129055
1.71536367832e-12	0.00350504095052	0.155563158217	6.63169469928e-09	1.24232703691e-08	0.000138076661551
1.92028897732e-12	0.0035050408681	0.155563157165	7.14985458329e-09	1.33939761931e-08	0.000143369599364
2.14969559899e-12	0.00350504077924	0.155563156031	7.7085014494e-09	1.44405292304e-08	0.000148865433023
2.40650819443e-12	0.00350504068343	0.155563154809	8.3107987903e-09	1.55688557398e-08	0.000154571940188
2.69400080679e-12	0.00350504058014	0.155563153491	8.96015728131e-09	1.67853452762e-08	0.000160497196662
3.01583861124e-12	0.00350504046878	0.155563152071	9.66025409411e-09	1.80968864394e-08	0.00016664958782
3.37612464131e-12	0.00350504034871	0.155563150539	1.04150537197e-08	1.95109062874e-08	0.000173037820475
3.77945209735e-12	0.00350504021927	0.155563148888	1.12288304185e-08	2.10354121915e-08	0.000179670935197
4.23096290405e-12	0.00350504007971	0.155563147107	1.21061924238e-08	2.26790369115e-08	0.00018655831911
4.73641326341e-12	0.00350503992924	0.155563145188	1.3052108038e-08	2.44510878894e-08	0.000193709719175
5.30224703897e-12	0.00350503976702	0.155563143118	1.40719337658e-08	2.63616000962e-08	0.000201135255983
5.93567790682e-12	0.00350503959212	0.155563140887	1.51714446472e-08	2.8421392098e-08	0.00020884543808
6.64478132072e-12	0.00350503940356	0.155563138481	1.63568669603e-08	3.06421280064e-08	0.000216851176832
7.43859746371e-12	0.00350503920026	0.155563135888	1.76349134783e-08	3.30363835365e-08	0.000225163801873
8.32724649873e-12	0.00350503898108	0.155563133092	1.90128214826e-08	3.56177166176e-08	0.000233795077134
9.32205758754e-12	0.00350503874477	0.155563130077	2.04983937454e-08	3.84007447749e-08	0.000242757217491
1.04357133227e-11	0.00350503849	0.155563126827	2.21000427147e-08	4.14012276197e-08	0.000252062906052
1.16824114141e-11	0.00350503821532	0.155563123323	2.38268381513e-08	4.46361562217e-08	0.000261725312104
1.30780456908e-11	0.00350503791918	0.155563119545	2.56885584883e-08	4.81238492545e-08	0.00027175810975
1.46404087265e-11	0.0035050375999	0.155563115471	2.76957462037e-08	5.18840565792e-08	0.000282175497257
1.63894186708e-11	0.00350503725568	0.15556311108	2.98597675186e-08	5.59380714877e-08	0.000292992217151
1.83473731791e-11	0.00350503688455	0.155563106345	3.21928767614e-08	6.03088507178e-08	0.000304223577079
2.05392336773e-11	0.00350503648443	0.155563101241	3.47082857593e-08	6.50211449038e-08	0.000315885471467
2.29929435861e-11	0.00350503605305	0.155563095738	3.74202386529e-08	7.01016386869e-08	0.000327994404018
2.57397845609e-11	0.00350503558796	0.155563089804	4.03440925561e-08	7.55791015937e-08	0.000340567511059
2.88147752898e-11	0.00350503508652	0.155563083407	4.34964045177e-08	8.14845510172e-08	0.000353622585795
3.22571179327e-11	0.00350503454591	0.155563076511	4.68950252784e-08	8.78514281859e-08	0.000367178103489
3.61106978935e-11	0.00350503396306	0.155563069075	5.05592003526e-08	9.4715786791e-08	0.000381253247597
4.04246432958e-11	0.00350503333466	0.155563061058	5.45096790086e-08	1.02116498044e-07	0.000395867936921
4.52539512962e-11	0.00350503265717	0.155563052415	5.87688317637e-08	1.10095470276e-07	0.000411042853793
5.06601892171e-11	0.00350503192673	0.155563043097	6.33607770589e-08	1.18697885975e-07	0.000426799473337
5.67122794389e-11	0.00350503113923	0.15556303305	6.83115178315e-08	1.27972458462e-07	0.000443160093861
6.34873780569e-11	0.00350503029019	0.155563022219	7.36490887587e-08	1.37971706897e-07	0.000460147868404
7.10718585042e-11	0.00350502937482	0.155563010541	7.94037150046e-08	1.48752254147e-07	0.000477786837501
7.95624126787e-11	0.00350502838792	0.155562997951	8.56079833712e-08	1.6037514731e-07	0.000496101963194
8.90672836136e-11	0.0035050273239	0.155562984377	9.22970268213e-08	1.72906203435e-07	0.000515119164355
9.97076454021e-11	0.00350502617675	0.155562969742	9.95087234181e-08	1.86416381996e-07	0.000534865353358
1.1161914797e-10	0.00350502493997	0.155562953964	1.07283910808e-07	2.009821868e-07	0.000555368474154
1.24953646388e-10	0.00350502360655	0.155562936953	1.15666617462e-07	2.16686099406e-07	0.000576657541813
1.39881136763e-10	0.00350502216894	0.155562918613	1.24704311982e-07	2.33617046088e-07	0.000598762683566
1.565919234e-10	0.00350502061901	0.155562898839	1.34448171883e-07	2.51870900868e-07	0.000621715181439
1.75299044838e-10	0.00350501894796	0.155562877521	1.44953373385e-07	2.71551029086e-07	0.000645547516503
1.96240989709e-10	0.00350501714636	0.155562854537	1.56279403831e-07	2.92768872363e-07	0.000670293414827
2.19684737023e-10	0.00350501520398	0.155562829758	1.68490398521e-07	3.15644579318e-07	0.000695987895191
2.45929159642e-10	0.00350501310984	0.155562803042	1.81655503867e-07	3.40307686573e-07	0.000722667318625
2.75308834318e-10	0.00350501085206	0.155562774238	1.95849268905e-07	3.6689785149e-07	0.000750369439845
3.08198306873e-10	0.00350500841788	0.155562743184	2.11152067408e-07	3.95565643532e-07	0.00077913346066
3.45016866877e-10	0.00350500579351	0.155562709704	2.27650552967e-07	4.26473396239e-07	0.000809000085423
3.86233892685e-10	0.00350500296407	0.155562673608	2.45438149629e-07	4.59796126702e-07	0.000840011578606
4.32374834969e-10	0.00350499991356	0.155562634691	2.64615580859e-07	4.95722526424e-07	0.000872211824578
4.84027915005e-10	0.00350499662471	0.155562592733	2.85291439831e-07	5.34456029672e-07	0.000905646389674
5.41851623086e-10	0.00350499307887	0.155562547498	3.07582804262e-07	5.76215964985e-07	0.000940362586635
6.06583112642e-10	0.00350498925599	0.155562498727	3.31615899285e-07	6.21238797491e-07	0.000976409541522
6.79047597048e-10	0.0035049851344	0.155562446146	3.57526812095e-07	6.69779467258e-07	0.00101383826318
7.60168868882e-10	0.00350498069079	0.155562389457	3.85462262421e-07	7.22112832887e-07	0.00105270171538
8.5098107569e-10	0.00350497589997	0.155562328338	4.15580433183e-07	7.78535227017e-07	0.00109305489169
9.52641902357e-10	0.00350497073483	0.155562262443	4.48051866034e-07	8.39366134831e-07	0.00113495489323
1.06644732805e-09	0.00350496516611	0.1555621914	4.83060426848e-07	9.04950002233e-07	0.00117846100942
1.1938481458e-09	0.0035049591623	0.155562114806	5.20804346625e-07	9.75658185682e-07	0.00122363480175
1.33646845528e-09	0.00350495268938	0.155562032227	5.61497343686e-07	1.05189105445e-06	0.00127054019085
1.49612636435e-09	0.00350494571072	0.155561943196	6.05369833526e-07	1.13408025742e-06	0.0013192435468
1.67485716321e-09	0.00350493818679	0.155561847209	6.52670233149e-07	1.2226911657e-06	0.00136981378293
1.87493926643e-09	0.00350493007501	0.155561743721	7.03666367263e-07	1.31822550764e-06	0.00142232245322
2.09892325345e-09	0.00350492132943	0.155561632148	7.58646984306e-07	1.42122420838e-06	0.00147684385335
2.34966437737e-09	0.00350491190054	0.155561511857	8.17923390837e-07	1.53227045134e-06	0.00153345512574
2.63035895646e-09	0.00350490173495	0.155561382168	8.81831213573e-07	1.65199297915e-06	0.00159223636845
2.9445851118e-09	0.00350489077512	0.155561242345	9.50732298991e-07	1.7810696519e-06	0.00165327074832
3.29634836999e-09	0.00350487895898	0.155561091598	1.02501676127e-06	1.92023128396e-06	0.00171664461843
3.69013271205e-09	0.00350486621964	0.155560929072	1.1051051901e-06	2.07026577882e-06	0.00178244764001
4.13095771835e-09	0.00350485248498	0.155560753847	1.19145103087e-06	2.23202258828e-06	0.00185077290901
4.6244425378e-09	0.00350483767724	0.155560564932	1.28454315069e-06	2.40641751921e-06	0.00192171708747
5.17687749558e-09	0.00350482171258	0.155560361256	1.38490860462e-06	2.59443791445e-06	0.00199538053995
5.79530425157e-09	0.00350480450062	0.155560141667	1.49311561794e-06	2.79714824027e-06	0.00207186747507
6.48760552992e-09	0.00350478594393	0.155559904921	1.60977680106e-06	3.01569610712e-06	0.00215128609254
7.26260556236e-09	0.00350476593746	0.155559649677	1.7355526154e-06	3.25131876278e-06	0.00223374873566
8.13018252381e-09	0.00350474436795	0.155559374491	1.87115510966e-06	3.50535008997e-06	0.00231937204971
9.10139439157e-09	0.0035047211133	0.155559077804	2.01735194765e-06	3.7792281514e-06	0.00240827714631
1.01886198299e-08	0.00350469604188	0.155558757938	2.17497075033e-06	4.07450332283e-06	0.00250058977403
1.14057158928e-08	0.00350466901178	0.15555841308	2.3449037765e-06	4.39284705984e-06	0.00259644049546
1.27681945521e-08	0.00350463987	0.155558041278	2.52811296869e-06	4.73606134881e-06	0.00269596487098
1.42934202957e-08	0.00350460845159	0.155557640428	2.7256353924e-06	5.10608889528e-06	0.00279930364951
1.60008313103e-08	0.00350457457875	0.155557208261	2.93858909955e-06	5.50502410548e-06	0.00290660296646
1.79121870616e-08	0.00350453805975	0.155556742329	3.16817944896e-06	5.9351249245e-06	0.00301801454911
2.00518454189e-08	0.00350449868794	0.155556239995	3.41570591957e-06	6.39882559649e-06	0.00313369592983
2.24470728486e-08	0.00350445624051	0.155555698416	3.68256945451e-06	6.89875041955e-06	0.00325381066723
2.51283916183e-08	0.00350441047726	0.155555114525	3.97028037745e-06	7.43772857148e-06	0.00337852857572
2.81299684236e-08	0.00350436113924	0.155554485018	4.2804669256e-06	8.01881009007e-06	0.00350802596359
3.14900493743e-08	0.00350430794729	0.155553806332	4.6148844472e-06	8.64528309838e-06	0.00364248588014
3.52514468646e-08	0.00350425060049	0.155553074624	4.9754253151e-06	9.3206923688e-06	0.00378209837193
3.94620845094e-08	0.00350418877439	0.155552285755	5.36412961207e-06	1.00488593338e-05	0.00392706074874
4.41756070617e-08	0.00350412211925	0.155551435258	5.78319664739e-06	1.08339036511e-05	0.0040775778593
4.94520630506e-08	0.00350405025806	0.155550518321	6.23499736945e-06	1.16802664466e-05	0.00423386237739
5.5358668798e-08	0.00350397278437	0.155549529754	6.7220877434e-06	1.25927353635e-05	0.00439613509852
6.19706634991e-08	0.00350388926004	0.155548463963	7.24722316876e-06	1.35764715577e-05	0.0045646252476
6.93722662036e-08	0.00350379921277	0.155547314918	7.81337401715e-06	1.46370387892e-05	0.0047395707979
7.76577468181e-08	0.00350370213341	0.155546076116	8.4237423768e-06	1.57804347712e-05	0.00492121880187
8.69326246898e-08	0.00350359747313	0.15554474055	9.0817800969e-06	1.70131249518e-05	0.00510982573397
9.73150099349e-08	0.00350348464032	0.155543300661	9.79120823183e-06	1.83420789143e-05	0.00530565784611
1.08937104477e-07	0.00350336299724	0.155541748306	1.05560379933e-05	1.9774809598e-05	0.005508991536
1.21946881758e-07	0.00350323185649	0.155540074703	1.13805933263e-05	2.13194155561e-05	0.00572011372882
1.36509966346e-07	0.00350309047709	0.155538270385	1.2269535233e-05	2.29846264831e-05	0.00593932227272
1.52811737144e-07	0.00350293806037	0.155536325148	1.32278879799e-05	2.47798522624e-05	0.00616692634844
1.71059680729e-07	0.00350277374546	0.155534227992	1.42610673309e-05	2.67152358031e-05	0.00640324689367
1.91486024473e-07	0.00350259660447	0.155531967057	1.53749109629e-05	2.88017099545e-05	0.00664861704231
2.14350682573e-07	0.0035024056373	0.155529529561	1.65757112285e-05	3.10510588096e-05	0.00690338257937
2.39944552044e-07	0.00350219976606	0.155526901724	1.78702504466e-05	3.34759837302e-05	0.00716790241168
2.68593200077e-07	0.00350197782901	0.155524068692	1.92658389116e-05	3.60901744525e-05	0.00744254905506
3.00660988999e-07	0.00350173857411	0.155521014454	2.07703558286e-05	3.8908385656e-05	0.00772770913814
3.36555690548e-07	0.00350148065201	0.155517721751	2.23922933944e-05	4.19465194095e-05	0.00802378392352
3.76733647168e-07	0.00350120260855	0.15551417198	2.41408042642e-05	4.52217139342e-05	0.00833118984641
4.21705544831e-07	0.00350090287667	0.155510345088	2.60257526559e-05	4.87524391599e-05	0.00865035907138
4.72042869375e-07	0.00350057976767	0.155506219463	2.80577693674e-05	5.25585995789e-05	0.00898174006736
5.28385126768e-07	0.00350023146191	0.155501771808	3.02483109985e-05	5.6661644943e-05	0.00932579820151
5.91447917021e-07	0.00349985599867	0.155496977015	3.26097236902e-05	6.10846893847e-05	0.00968301635201
6.62031961913e-07	0.00349945126533	0.155491808023	3.5155311718e-05	6.58526395832e-05	0.0100538955403
7.41033198244e-07	0.00349901498573	0.155486235665	3.78994112973e-05	7.09923326419e-05	0.0104389555827
8.29454061259e-07	0.0034985447076	0.155480228508	4.08574699834e-05	7.65326843836e-05	0.0108387357624
9.28416097188e-07	0.00349803778915	0.155473752677	4.40461320777e-05	8.25048488252e-05	0.0112537955204
1.03917405983e-06	0.0034974913845	0.155466771665	4.74833304755e-05	8.89423896342e-05	0.0116847151675
1.16313166379e-06	0.00349690242821	0.155459246131	5.11883854225e-05	9.58814644311e-05	0.0121320966156
1.30185918664e-06	0.00349626761849	0.155451133683	5.51821106758e-05	0.000103361022848	0.0125965641293
1.45711313411e-06	0.00349558339932	0.155442388639	5.94869275993e-05	0.000111423019321	0.0130787650969
1.63085820662e-06	0.00349484594115	0.155432961779	6.41269877535e-05	0.000120112641639	0.0135793708214
1.82529183214e-06	0.00349405112023	0.155422800069	6.91283045771e-05	0.000129478556347	0.0140990773298
2.0428715603e-06	0.00349319449644	0.15541184637	7.45188947931e-05	0.000139573172168	0.0146386062012
2.286345645e-06	0.00349227128951	0.155400039126	8.03289302072e-05	0.00015045292264	0.0151987054124
2.55878717958e-06	0.00349127635353	0.155387312021	8.65909006063e-05	0.000162178569279	0.0157801502001
2.8636321879e-06	0.00349020414965	0.155373593621	9.3339788503e-05	0.000174815526613	0.0163837439382
3.20472211933e-06	0.00348904871688	0.15535880698	0.00010061325651	0.000188434210487	0.0170103190299
3.58635124356e-06	0.00348780364075	0.155342869222	0.000108451848166	0.000203110411159	0.0176607378109
4.01331949469e-06	0.0034864620199	0.155325691093	0.000116899203083	0.00021892569269	0.0183358934634
4.4909913721e-06	0.00348501643035	0.155307176475	0.000126002287298	0.000235967820265	0.0190367109373
5.02536156957e-06	0.00348345888726	0.155287221868	0.000135811639788	0.000254331217091	0.0197641478767
5.62312807388e-06	0.00348178080428	0.155265715838	0.00014638163609	0.000274117452579	0.0205191955468
6.29177354977e-06	0.00347997295005	0.155242538415	0.000157770770049	0.000295435763558	0.0213028797596
7.03965591078e-06	0.00347802540201	0.155217560458	0.000170041954698	0.000318403610292	0.0221162617913
7.87610906487e-06	0.00347592749714	0.155190642973	0.000183262843326	0.000343147269098	0.022960439289
8.81155491989e-06	0.00347366777973	0.155161636374	0.000197506171779	0.000369802463327	0.0238365471581
9.85762783766e-06	0.00347123394581	0.155130379705	0.00021285012305	0.000398515034479	0.0247457584261
1.10273128366e-05	0.00346861278442	0.1550966998	0.00022937871521	0.000429441655153	0.0256892850742
1.23350989601e-05	0.00346579011527	0.15506041039	0.000247182213682	0.000462750585434	0.0266683788272
1.37971493544e-05	0.00346275072307	0.155021311143	0.000266357568859	0.000498622474229	0.0276843318944
1.54314897282e-05	0.00345947828814	0.154979186647	0.000287008879954	0.000537251206848	0.028738477648
1.72582170067e-05	0.00345595531349	0.154933805323	0.000309247885921	0.000578844799936	0.0298321912285
1.929973013e-05	0.00345216304824	0.154884918268	0.00033319448414	0.000623626344566	0.0309668900623
2.15809850928e-05	0.00344808140744	0.154832258021	0.000358977277422	0.000671834997905	0.0321440342765
2.4129776462e-05	0.00344368888838	0.154775537261	0.000386734149685	0.000723727023452	0.0333651269937
2.69770477563e-05	0.00343896248349	0.154714447412	0.000416612870398	0.000779576879274	0.0346317144875
3.01572331983e-05	0.00343387759011	0.154648657176	0.000448771727617	0.00083967835297	0.0359453861768
3.37086334805e-05	0.00342840791728	0.154577810977	0.000483380189041	0.000904345741311	0.037307774436
3.76738282872e-05	0.0034225253901	0.154501527318	0.000520619590087	0.000973915071525	0.0387205541944
4.21001283989e-05	0.00341620005198	0.154419397047	0.000560683847475	0.00104874536004	0.0401854422951
4.70400702486e-05	0.00340939996555	0.154330981534	0.00060378019616	0.00112921990316	0.0417041965825
5.25519558067e-05	0.00340209111289	0.154235810762	0.000650129946742	0.0012157475926	0.0432786146828
5.87004406109e-05	0.00339423729605	0.154133381318	0.00069996925962	0.00130876424691	0.0449105324377
6.55571726289e-05	0.00338580003908	0.154023154309	0.000753549931157	0.00140873394775	0.0466018219517
7.32014844197e-05	0.0033767384928	0.153904553184	0.000811140185993	0.00151615036761	0.0483543892037
8.17211407233e-05	0.00336700934405	0.153776961479	0.000873025468303	0.0016315380727	0.0501701711759
9.12131431303e-05	0.00335656673121	0.153639720488	0.000939509223325	0.00175545378152	0.0520511324444
0.000101784592843	0.00334536216833	0.153492126874	0.00101091365874	0.00188848755641	0.0539992611735
0.000113553611697	0.00333334448032	0.153333430224	0.0010875804736	0.00203126390092	0.0560165644517
0.000126650320518	0.0033204597522	0.153162830564	0.00116987154037	0.00218444273182	0.0581050629026
0.000141217872564	0.0033066512958	0.152979475862	0.00125816952316	0.00234872018942	0.0602667845003
0.000157413538075	0.0032918596377	0.152782459522	0.00135287841272	0.00252482924458	0.0625037575151
0.000175409833958	0.0032760225327	0.152570817919	0.00145442395586	0.002713540055	0.0648180025113
0.000195395690134	0.00325907500756	0.152343527983	0.00156325395377	0.00291566001714	0.067211523317
0.00021757764117	0.00324094944047	0.152099504891	0.00167983840039	0.00313203345321	0.0696862968843
0.000242181028361	0.00322157568182	0.151837599886	0.00180466942872	0.00336354086632	0.0722442619552
0.00026945119346	0.00320088122288	0.151556598301	0.00193826102876	0.00361109768897	0.0748873064508
0.000299654640648	0.00317879141884	0.151255217821	0.00208114849775	0.00387565244382	0.0776172535039
0.000333080138153	0.00315522977377	0.150932107061	0.00223388757895	0.00415818422797	0.0804358460563
0.000370039725163	0.00313011829469	0.150585844533	0.00239705324223	0.00445969942612	0.0833447299526
0.000410869583252	0.00310337792273	0.150214938079	0.00257123805612	0.00478122755213	0.0863454354688
0.000455930724698	0.00307492904898	0.149817824869	0.00275705009828	0.0051238161142	0.0894393572283
0.00050560944276	0.00304469212272	0.149392872063	0.00295511034931	0.00548852439658	0.0926277324748
0.000560316592275	0.00301258885009	0.148924686168	0.00316604951362	0.00587640688103	0.0959116176936
0.000620480977438	0.00297854684861	0.14838996689	0.00339052240911	0.00628842138036	0.0992921695783
0.00068657124684	0.00294248836657	0.147818998299	0.00362921725342	0.00672563868447	0.102770794202
0.000759072296887	0.00290434378906	0.147209768017	0.00388277402266	0.00718906638786	0.106347939175
0.00083849072202	0.00286404833488	0.146560215234	0.00415182393762	0.00767967226148	0.1100237759
0.000925352353256	0.00282154331915	0.145868239575	0.00443698282323	0.00819836967534	0.113798169973
0.0010201990097	0.00277677752007	0.145131711688	0.00473884365892	0.00874600147104	0.117670650703
0.00112358437567	0.00272970864004	0.144348485711	0.00505796831583	0.00932332232052	0.121640380049
0.00123606892308	0.00268030484638	0.143516413689	0.00539487849729	0.00993097965617	0.125706121336
0.00135821381068	0.0026285463718	0.142633362055	0.00575004592285	0.0105694933158	0.129866208184
0.00149057370982	0.00257442714876	0.141697230223	0.00612388182488	0.0112392341127	0.134118514158
0.0016336885308	0.0025179564457	0.140705971295	0.006516725859	0.0119404016171	0.138460423721
0.00178807405578	0.00245916046697	0.139657614873	0.00692883456595	0.0126730015165	0.142888805161
0.00195421152343	0.00239808387187	0.138550291861	0.00736036956112	0.0134368230093	0.147399986202
0.00213253625728	0.00233479116284	0.137382261113	0.00781138566907	0.0142314167758	0.151989733102
0.00232342548292	0.0022693678879	0.136151937696	0.00828181926093	0.0150560741555	0.156653234068
0.0025271855381	0.0022019215992	0.134857922444	0.00877147709217	0.0159098082395	0.161385087859
0.00274403874187	0.00213258250794	0.133499032414	0.00928002597301	0.0167913376511	0.166179298461
0.00297411025169	0.00206150377701	0.132074331744	0.00980698363276	0.0176990738354	0.17102927668
0.00321741529711	0.00198886139616	0.130583162342	0.010351711158	0.0186311126967	0.175927849479
0.00347384723113	0.00191485359153	0.129025173761	0.0109134073907	0.0195852314074	0.180867277776
0.00374316688076	0.00183969973169	0.1274003515	0.0114911056654	0.0205588911592	0.185839283311
0.00402499370187	0.00176363870574	0.125709042995	0.0120836732342	0.0215492465258	0.190835085023
0.00431879924511	0.00168692676627	0.123951980438	0.0126898136874	0.0225531619616	0.195845445177
0.00462390341563	0.00160983484932	0.122130299644	0.0133080726084	0.0235672357614	0.200860725243
0.00493947395659	0.00153264540481	0.120245554142	0.0139368466165	0.0245878315717	0.205870951272
0.00526450487139	0.00145565446659	0.118246992824	0.0145743958489	0.0256109943054	0.210865888205
0.00559765289785	0.0013792083605	0.11605369188	0.0152191266223	0.0266313960595	0.215837332645
0.00593791203818	0.00130355093683	0.113803405528	0.0158698146857	0.027645449911	0.220780669334
0.0062839407387	0.00122897490616	0.111500199968	0.0165244422667	0.0286490902116	0.225685667716
0.00663430308841	0.00115576244347	0.109148539081	0.0171809373509	0.0296382841434	0.230542189529
0.00698748933315	0.00108418105915	0.10675324918	0.017837198481	0.0306090915528	0.235340278443
0.00734193878234	0.00101447977066	0.104319477062	0.0184911205868	0.0315577243368	0.240070249498
0.00769606444898	0.00094688569154	0.101852642103	0.0191406211838	0.0324806036142	0.244722776538
0.00804827867227	0.000881601138884	0.099358383381	0.0197836662543	0.0333744129429	0.249288975842
0.00839701891593	0.000818801339275	0.0968425029683	0.0204182951299	0.0342361459633	0.253760484249
0.00874077292085	0.000758632788537	0.0943109066415	0.0210426437282	0.0350631470469	0.258129530156
0.00907810241722	0.000701212293587	0.0917695433587	0.0216549655599	0.0358531437955	0.262388996017
0.00940766466909	0.000646626697092	0.0892243448608	0.0222536500125	0.036604270563	0.266532471142
0.00972590059918	0.000595308520822	0.085278353796	0.0228371921802	0.0373058008617	0.270554293905
0.0100336431256	0.00054699348814	0.0812129620385	0.0234136606494	0.0379551866393	0.274515567587
0.0103308730059	0.000501579597417	0.0772507501054	0.023983103457	0.0385540514342	0.278421793901
0.0106170261055	0.000459044083213	0.073399563902	0.0245442519515	0.0391031272822	0.28226887673
0.010891657066	0.000419338370073	0.0696658747935	0.0250959706457	0.0396034779518	0.286053115639
0.0111544348522	0.000382392048567	0.0660548468857	0.0256372555236	0.0400564571318	0.289771188561
0.0114051369609	0.000348116716972	0.0625704158487	0.0261672308239	0.0404636666369	0.293420134741
0.0116436420544	0.000316409676095	0.0592146410804	0.0266851445734	0.0408269135753	0.296997338086
0.0118697884836	0.000287174531455	0.0559234439306	0.0271903673541	0.0411476812005	0.300500555014
0.0120837872422	0.000260270446988	0.0527689240237	0.0276829795526	0.041428029165	0.303932078256
0.012285745622	0.000235575303989	0.0497229897554	0.0281625566678	0.0416700533003	0.307290306157
0.0124758690682	0.000212960277796	0.0467865284553	0.0286290367661	0.0418757571608	0.310575808897
0.0126544255108	0.000192295604793	0.043965259347	0.0290824571671	0.0420471768041	0.313789558042
0.0128217528287	0.000173450374886	0.0412553955012	0.0295228937894	0.0421864636235	0.316932529268
0.0129782583296	0.000156293241797	0.0386618301114	0.0299505341861	0.0422958057431	0.320006254754
0.0131243629803	0.000140698911812	0.0361929400039	0.0303655697219	0.0423773431995	0.323012087496
0.0132604798611	0.00012655013511	0.0338432837546	0.0307681402499	0.0424331557594	0.325950815703
0.013387086501	0.000113729987268	0.0316112449024	0.0311584739164	0.0424653704938	0.32882369732
0.0135046513645	0.000102129485136	0.0295052977112	0.0315368224792	0.042475980956	0.331632021735
0.0136136244116	9.16479753673e-05	0.0275082953615	0.0319033308016	0.0424669532337	0.334376151155
0.0137145105603	8.21857985502e-05	0.0256334610479	0.0322583413224	0.0424401664481	0.337057813963
0.013807745519	7.365575637e-05	0.0238646455833	0.0326019902221	0.04239741495	0.339677090917
0.0138938107484	6.5971926311e-05	0.0222092937928	0.0329345936665	0.0423404009492	0.342235346658
0.0139731325099	5.90585067453e-05	0.0206529975406	0.0332563087697	0.0422707521898	0.344732659345
0.0140461565283	5.28427249935e-05	0.0191989477388	0.0335674456127	0.0421899538981	0.347170236014
0.0141132970147	4.72589359666e-05	0.0178391736142	0.0338681998441	0.0420994577667	0.349548353591
0.0141749457056	4.22473598402e-05	0.0165680998364	0.0341588177335	0.0420005510411	0.351867653557
0.0142314935332	3.77519649738e-05	0.0153834892927	0.0344395656923	0.0418944580024	0.35412892514
0.0142833021563	3.37224226e-05	0.014277284869	0.0347106653568	0.0417823202372	0.356332591377
0.0143307095653	3.01132677698e-05	0.0132442647587	0.0349723980473	0.0416651138389	0.358479564593
0.0143740534205	2.68818209704e-05	0.0122833919033	0.0352250656487	0.0415437626734	0.360570951848
0.0144136421853	2.39900887876e-05	0.0113900094133	0.0354689015853	0.041419142588	0.362607321743
0.014449752559	2.14045874566e-05	0.0105448413353	0.035704142703	0.0412920058861	0.36458929494
0.0144826475068	1.9094795322e-05	0.00975184214791	0.0359313552116	0.0411627122933	0.366520339504
0.0145126136047	1.70303782247e-05	0.00901707311201	0.0361509761621	0.0410317996089	0.36840294621
0.0145398892639	1.51859724262e-05	0.00833647082649	0.0363632095976	0.0408998769559	0.37023767822
0.0145646963983	1.35387085381e-05	0.00770622322527	0.0365682598753	0.0407674886103	0.372025133264
0.01458719362	1.20710593102e-05	0.00703125714161	0.0367663308568	0.0406349809054	0.373765940864
0.0146073675699	1.07776187164e-05	0.00630575616198	0.0369601455227	0.0404996712423	0.375483214137
0.0146257143065	9.62156389908e-06	0.00565443118441	0.0371533171703	0.0403594472692	0.377208842583
0.0146423977799	8.588532794e-06	0.00506982617213	0.0373458271374	0.0402148505882	0.378942901455
0.0146575675144	7.66562047407e-06	0.0045452104965	0.037537658923	0.0400663723577	0.380685464373
0.0146713598258	6.84123989756e-06	0.00407451294774	0.0377287979765	0.0399144577896	0.382436603428
0.0146839012251	6.10486183442e-06	0.00365630583112	0.0379192315062	0.0397595167014	0.384196389291
0.0146954039056	5.44147556626e-06	0.00333703391047	0.0381087361865	0.0396024046805	0.385962899795
0.0147058480268	4.84977351512e-06	0.00304544019121	0.0382939482056	0.0394464606431	0.387704452793
0.014715327084	4.32208240979e-06	0.00277915755893	0.0384749511525	0.0392918938107	0.389421090632
0.014723926777	3.85153705596e-06	0.00253601605471	0.0386518284549	0.039138887199	0.391112867757
0.0147317256046	3.43199768446e-06	0.00231402732854	0.038824663197	0.0389876000364	0.392779850411
0.0147387954204	3.05797529792e-06	0.00211137017129	0.0389935379609	0.0388381699888	0.394422116308
0.014745201952	2.72456432827e-06	0.00192637707643	0.0391585346874	0.0386907152026	0.396039754302
0.0147510052855	2.4273819594e-06	0.00175752177951	0.0393197345567	0.0385453361793	0.397632864039
0.0147562603151	2.16251351257e-06	0.00160340772221	0.0394772178848	0.038402117492	0.399201555606
0.0147610171627	1.92646333529e-06	0.00146275738698	0.0396310640348	0.038261129357	0.400745949165
0.0147653215659	1.71611067732e-06	0.00133440244908	0.0397813513415	0.0381224290692	0.402266174582
0.0147692152381	1.52867007809e-06	0.00121727469336	0.0399281570482	0.0379860623137	0.403762371058
0.0147727362022	1.36165582967e-06	0.00111039764504	0.0400715572536	0.0378520643615	0.405234686746
0.0147759190986	1.21285011644e-06	0.00101287886545	0.040211626868	0.0377204611588	0.406683278372
0.0147787954698	1.08027446792e-06	0.000923902865695	0.0403484395785	0.0375912703189	0.408108310852
0.0147813940233	9.62164193803e-07	0.000842724593675	0.0404820678207	0.037464502024	0.40950995691
0.0147837408737	8.56945500863e-07	0.000768663452163	0.040612582758	0.0373401598446	0.410888396697
0.0147858597654	7.63215019444e-07	0.000701097807982	0.0407400542658	0.0372182414828	0.412243817414
0.0147877714316	6.79758160159e-07	0.000637785557009	0.0408645509215	0.0370987372423	0.413576412931
0.0147894339127	6.0810455456e-07	0.000540022367196	0.0409864641771	0.0369811509167	0.414889889644
0.0147909273511	5.44574212654e-07	0.000447539231542	0.0411152495797	0.0368562391805	0.416286693569
0.0147922658062	4.88429230116e-07	0.000360764969318	0.0412543714579	0.0367205763658	0.417806469483
0.0147934929584	4.37751637734e-07	0.000338673900712	0.0414090848447	0.0365690215893	0.419510002741
0.0147949879093	3.77042289152e-07	0.000185888362786	0.0415568366707	0.0364250994198	0.421150243944
0.0147960162248	3.36071435467e-07	0.000168119384701	0.0417880065693	0.0361965524692	0.423743181545
0.0147969559774	2.99549047851e-07	0.000152047346022	0.0420158647779	0.0359710755478	0.426331424123
0.0147978145612	2.6699461326e-07	0.000137467495872	0.0422404573148	0.0357486444344	0.428914712073
0.0147985986987	2.37982130436e-07	0.000124251983638	0.042461899816	0.0355291631791	0.431493609579
0.0147993152955	2.12105426561e-07	0.00011270377466	0.0426802979871	0.0353125458224	0.434068611874
0.0147999738459	1.88891567807e-07	0.000103306493323	0.0428949236549	0.0350995462801	0.43663024415
0.0148005744909	1.6821497392e-07	9.46913342041e-05	0.0431034928785	0.0348924508963	0.439149684581
0.0148011196875	1.49876527659e-07	8.54029722464e-05	0.0433061742315	0.0346910991448	0.441626938287
0.0148016123944	1.33677043119e-07	7.63863853184e-05	0.0435064172365	0.0344920505323	0.444102901652
0.0148020628424	1.19200521866e-07	6.85302689133e-05	0.0437061011952	0.0342934519844	0.446600675721
0.0148024740606	1.0628286392e-07	6.15291626278e-05	0.0439045796305	0.0340959584872	0.449112298494
0.01480284969	9.47493854241e-08	5.57063111424e-05	0.0441016934243	0.0338997389921	0.451635702574
0.0148031953396	8.43750266069e-08	5.10511323361e-05	0.0442958046718	0.0337064457329	0.454149459355
0.0148035101489	7.51352738405e-08	4.67843566114e-05	0.0444844613385	0.0335185296743	0.456620432068
0.0148037967357	6.69057396617e-08	4.28801752766e-05	0.0446678149869	0.0333358463517	0.459048706185
0.0148040574902	5.95762688135e-08	3.93033070004e-05	0.0448459848562	0.0331582829507	0.461434019065
0.0148042946086	5.30488589501e-08	3.60247542e-05	0.0450191062858	0.0329857099812	0.463776395962
0.0148045101358	4.72355638051e-08	3.30225008904e-05	0.0451873190103	0.0328179930972	0.466076001099
0.0148047059298	4.20586556562e-08	3.02700973012e-05	0.0453507440122	0.0326550161738	0.468332819651
0.0148048837092	3.74485907221e-08	2.77454443062e-05	0.0455095162416	0.0324966487122	0.470547103512
0.0148050450489	3.33435240588e-08	2.54296464275e-05	0.0456637744898	0.0323427559648	0.472719237536
0.0148051914078	2.96880211154e-08	2.33068861658e-05	0.0458136550968	0.0321932053026	0.474849651956
0.0148053232976	2.64528865343e-08	2.10445183965e-05	0.0459592811829	0.0320478751304	0.476938665155
0.0148054425666	2.35788646271e-08	1.89353522987e-05	0.0461029967089	0.0319044259546	0.479018956263
0.0148055511419	2.10083771707e-08	1.72373442921e-05	0.0462453726261	0.0317622913822	0.481098409399
0.0148056501708	1.87045772519e-08	1.57981940336e-05	0.0463847383125	0.0316231448071	0.483152023176
0.0148057398737	1.66531940124e-08	1.44790549957e-05	0.046520144279	0.031487936423	0.485164692576
0.0148058210981	1.48265128477e-08	1.32712324061e-05	0.0466517021257	0.0313565566965	0.487136805986
0.0148058946103	1.32000285948e-08	1.21640798419e-05	0.046779507171	0.0312289121677	0.489068569613
0.0148059610542	1.1753140302e-08	1.10866858916e-05	0.0469036653013	0.0311048985131	0.490960407756
0.0148060207072	1.04741618643e-08	9.99495136033e-06	0.0470249699052	0.0309837230906	0.492823405622
0.0148060747087	9.33398657452e-09	9.02734178634e-06	0.0471448876034	0.030863921865	0.494679494774
0.0148061239587	8.30986238614e-09	8.27279314943e-06	0.0472632122724	0.0307457029957	0.496525116296
0.0148061684708	7.39801945032e-09	7.5812474625e-06	0.0473781770715	0.0306308334419	0.498331986609
0.0148062086859	6.58614346518e-09	6.9482638847e-06	0.0474898767408	0.0305192194937	0.500100577048
0.0148062450083	5.86322505547e-09	6.36889374681e-06	0.0475983904917	0.0304107828765	0.501831164309
0.0148062777989	5.21959983868e-09	5.83778583701e-06	0.0477037937992	0.0303054489488	0.503524011084
0.0148063073884	4.64661445682e-09	5.35011628312e-06	0.0478061752415	0.0302031298908	0.505179636777
0.0148063340809	4.136500193e-09	4.90299071575e-06	0.0479056366482	0.0301037245659	0.50679882648
0.014806358153	3.68234504129e-09	4.49350988962e-06	0.0480022641791	0.0300071474403	0.508382161716
0.0148063798581	3.27794599696e-09	4.11952334972e-06	0.0480961314863	0.0299133254327	0.509930063524
0.0148063994184	2.91792997812e-09	3.77663545939e-06	0.0481872856496	0.029822211962	0.511442551186
0.0148064170125	2.59793103019e-09	3.43396949443e-06	0.0482758046361	0.0297337294635	0.512920190407
0.0148064327669	2.31470164081e-09	3.10096208262e-06	0.0483624865134	0.0296470801595	0.514375714732
0.0148064469755	2.06217362682e-09	2.81191569308e-06	0.0484480155719	0.0295615803902	0.515820248768
0.0148064598661	1.83565339747e-09	2.57751404833e-06	0.0485320510102	0.0294775714452	0.517247721823
0.0148064714695	1.63400084061e-09	2.36263644251e-06	0.0486136661891	0.0293959800449	0.518641896425
0.0148064819113	1.45448785838e-09	2.1656583134e-06	0.0486929304449	0.0293167371264	0.520003343305
0.0148064913049	1.2946853888e-09	1.98509010273e-06	0.0487699111462	0.0292397755676	0.521332634261
0.0148064997532	1.15243065983e-09	1.81956605505e-06	0.0488446737494	0.0291650301342	0.522630341465
0.0148065073492	1.02579719287e-09	1.66785636202e-06	0.0489172818515	0.0290924374294	0.523897036814
0.014806514177	9.13071472988e-10	1.52878724217e-06	0.0489877962403	0.0290219368454	0.525133273689
0.0148065203126	8.1272703519e-10	1.40130592714e-06	0.0490562769819	0.0289534684784	0.526339621925
0.0148065258248	7.23404798255e-10	1.2844477266e-06	0.0491227824584	0.0288869740924	0.527516649751
0.0148065307757	6.43894758042e-10	1.17732817146e-06	0.0491873693896	0.0288223970988	0.528664922815
0.0148065352215	5.73115679048e-10	1.07931673779e-06	0.0492500928802	0.0287596825118	0.529785003693
0.0148065392129	5.10109252007e-10	9.89533545034e-07	0.0493109958901	0.0286987874774	0.530877261387
0.0148065427951	4.54026435287e-10	9.07214357779e-07	0.0493701261546	0.0286396643555	0.531942171504
0.0148065460095	4.0410682305e-10	8.31739158339e-07	0.0494275350646	0.028582261841	0.532980297278
0.014806548893	3.59673468992e-10	7.62539380437e-07	0.0494832725326	0.0285265300985	0.533992196924
0.0148065514792	3.20123636983e-10	6.99104157246e-07	0.0495373870342	0.0284724207219	0.534978423287
0.0148065537983	2.8492037184e-10	6.40958125428e-07	0.049589924845	0.0284198874978	0.535939508787
0.0148065558774	2.53586801778e-10	5.87645588491e-07	0.0496409304389	0.0283688860081	0.536875971444
0.0148065577181	2.26038077064e-10	5.21045421265e-07	0.0496904483416	0.0283193717325	0.537788347982
0.0148065593532	2.01735127201e-10	4.56569064668e-07	0.049740227873	0.0282695954174	0.538708767499
0.0148065608557	1.79559479273e-10	4.18421452721e-07	0.0497909270465	0.0282188991938	0.539649529787
0.0148065622033	1.59809381459e-10	3.83712082828e-07	0.0498401703113	0.0281696585698	0.540566519198
0.0148065634109	1.4223075573e-10	3.51887812193e-07	0.0498879645805	0.028121866663	0.54145959776
0.0148065644929	1.26584591225e-10	3.2271495804e-07	0.0499343513591	0.0280754819974	0.542329284467
0.0148065654621	1.1265897317e-10	2.95959440946e-07	0.0499793699504	0.0280304652957	0.543176072595
0.0148065663302	1.00264782373e-10	2.71421083263e-07	0.0500230605791	0.0279867763565	0.544000487594
0.0148065671075	8.92336762988e-11	2.48916270149e-07	0.0500654622944	0.0279443761517	0.544803047166
0.0148065678034	7.94158051988e-11	2.28276913913e-07	0.050106613004	0.0279032267923	0.545584261114
0.0148065684264	7.06762892274e-11	2.09420209812e-07	0.0501465494473	0.0278632915561	0.546344630096
0.014806568984	6.28982303134e-11	1.92120464818e-07	0.0501852932144	0.0278245488677	0.547084377561
0.0148065694829	5.59758970374e-11	1.76249198207e-07	0.0502228798229	0.027786963223	0.547804002884
0.0148065699294	4.98151797792e-11	1.61688523589e-07	0.0502593437384	0.0277505001687	0.548503996738
0.0148065703287	4.43323140024e-11	1.48330276161e-07	0.0502947184051	0.0277151262713	0.54918484104
0.0148065706848	3.94663770975e-11	1.34895216636e-07	0.050329036276	0.0276808090857	0.549847008924
0.0148065710023	3.5150176467e-11	1.22160984655e-07	0.0503626312175	0.0276472147541	0.550496820473
0.0148065712866	3.13030002566e-11	1.11154736851e-07	0.0503956718499	0.0276141746674	0.551137452835
0.0148065715425	2.78562306441e-11	1.02035172545e-07	0.0504280106909	0.027581836317	0.55176596466
0.0148065717713	2.4788882729e-11	9.3663530587e-08	0.0504593621404	0.0275504853055	0.552376695292
0.0148065719758	2.20592033868e-11	8.59785021181e-08	0.0504897562753	0.0275200915616	0.552970106056
0.0148065721586	1.96300323222e-11	7.89238006302e-08	0.0505192222604	0.0274906259257	0.553546648741
0.0148065723219	1.74682971095e-11	7.24477508887e-08	0.0505477883757	0.027462060122	0.554106765652
0.0148065724678	1.55445637167e-11	6.65029114667e-08	0.0505754820433	0.0274343667326	0.554650889664
0.0148065725982	1.38326364224e-11	6.10457281447e-08	0.050602329853	0.0274075191711	0.555179444298
0.0148065727147	1.23091462576e-11	5.60487875484e-08	0.0506283575875	0.0273814916582	0.555692843798
0.0148065728188	1.0952914368e-11	5.14909419387e-08	0.0506535844797	0.0273562649638	0.556191379147
0.0148065729117	9.74608058133e-12	4.73036218128e-08	0.0506780196917	0.0273318299283	0.556675146892
0.0148065729947	8.6721921449e-12	4.34567181678e-08	0.0507016880216	0.0273081617558	0.557144557545
0.0148065730688	7.71660758978e-12	3.99225673159e-08	0.0507246134939	0.0272852364239	0.55760001183
0.0148065731349	6.86629740904e-12	3.66757524324e-08	0.0507468193828	0.0272630306603	0.558041900818
0.014806573194	6.10966665907e-12	3.36929211941e-08	0.0507683282358	0.027241521919	0.558470606064
0.0148065732467	5.43639707417e-12	3.09526182039e-08	0.0507891618964	0.027220688358	0.558886499751
0.0148065732937	4.83729203768e-12	2.8439359835e-08	0.0508093415255	0.0272005088177	0.559289944832
0.0148065733357	4.30389705326e-12	2.61571717097e-08	0.0508288846607	0.0271809657619	0.55968123583
0.0148065733732	3.82930759343e-12	2.40580763652e-08	0.0508477904674	0.0271620600258	0.56006030225
0.0148065734066	3.40704193679e-12	2.21273899823e-08	0.0508660796994	0.0271437708569	0.560427508797
0.0148065734365	3.03133259725e-12	2.03516058079e-08	0.0508837724361	0.0271260781763	0.560783210384
0.0148065734631	2.69704764833e-12	1.87182998613e-08	0.0509008881051	0.0271089625574	0.561127752317
0.0148065734868	2.39962071003e-12	1.72160441869e-08	0.0509174455029	0.0270924052043	0.561461470497
0.014806573508	2.13498864511e-12	1.58343270517e-08	0.0509334628151	0.0270763879319	0.561784691613
0.0148065735268	1.89953611634e-12	1.4563479531e-08	0.0509489576366	0.0270608931458	0.562097733335
0.0148065735437	1.68992980969e-12	1.34114424339e-08	0.0509639469905	0.0270459038235	0.56240090451
0.0148065735587	1.50341871199e-12	1.23528841631e-08	0.0509784281601	0.0270314226821	0.562694116666
0.0148065735721	1.33748925495e-12	1.13778601484e-08	0.0509924153906	0.0270174354767	0.562977626124
0.014806573584	1.18987064113e-12	1.04797803138e-08	0.051005925511	0.0270039253786	0.563251743871
0.0148065735946	1.05854255679e-12	9.65257427363e-09	0.0510189747785	0.0269908761311	0.563516771597
0.0148065736041	9.41707549722e-13	8.89065037228e-09	0.0510315788971	0.0269782720302	0.563773001923
0.0148065736126	8.37766452085e-13	8.18885795003e-09	0.0510437530371	0.0269660979061	0.564020718637
0.0148065736201	7.45296512607e-13	7.5424525808e-09	0.0510555118525	0.0269543391048	0.564260196915
0.0148065736268	6.63021463544e-13	6.95251625518e-09	0.051066869499	0.0269429814708	0.564491703553
0.0148065736328	5.89777218105e-13	6.41425246625e-09	0.051077830879	0.026932020102	0.564715318165
0.0148065736381	5.24623388049e-13	5.91765402664e-09	0.0510883997682	0.0269214512227	0.56493109835
0.0148065736429	4.66666450258e-13	5.45949652104e-09	0.0510985902087	0.0269112607912	0.56513931245
0.0148065736471	4.15111546108e-13	5.03680498205e-09	0.0511084157406	0.0269014352671	0.565340220041
0.0148065736509	3.6925158932e-13	4.64683460152e-09	0.0511178894208	0.026891961594	0.565534072195
0.0148065736542	3.28457575886e-13	4.28705293245e-09	0.0511270238394	0.0268828271816	0.565721111727
0.0148065736572	2.9216996348e-13	3.95512346633e-09	0.0511358311369	0.0268740198898	0.565901573442
0.0148065736599	2.59891002341e-13	3.64889047962e-09	0.0511443230197	0.0268655280119	0.566075684371
0.0148065736623	2.31292818281e-13	3.33673810178e-09	0.0511525107761	0.0268573402599	0.566243664013
0.0148065736644	2.05864892417e-13	3.04801376392e-09	0.051160479318	0.0268493717219	0.566407244658
0.0148065736662	1.83215766785e-13	2.79685476676e-09	0.051168243724	0.0268416073195	0.566566728185
0.0148065736679	1.62945216323e-13	2.58752115426e-09	0.051175774512	0.0268340765345	0.566721501313
0.0148065736694	1.44917162973e-13	2.39385328471e-09	0.0511830140523	0.0268268369971	0.566870370639
0.0148065736708	1.2888355016e-13	2.21467901916e-09	0.0511899736019	0.0268198774499	0.567013558201
0.0148065736719	1.14623756474e-13	2.04891389532e-09	0.0511966639835	0.0268131870705	0.567151277921
0.014806573673	1.01941561893e-13	1.89555457195e-09	0.0512030956018	0.0268067554542	0.567283735891
0.0148065736739	9.06624494001e-14	1.75367276328e-09	0.0512092784598	0.0268005725979	0.567411130637
0.0148065736748	8.06312049284e-14	1.62240962655e-09	0.0512152221742	0.0267946288851	0.567533653384
0.0148065736755	7.17097826572e-14	1.50097056908e-09	0.0512209359901	0.0267889150705	0.567651488312
0.0148065736762	6.37754063334e-14	1.38862044345e-09	0.0512264287959	0.026783422266	0.567764812797
0.0148065736768	5.67188805297e-14	1.28467910181e-09	0.0512317091364	0.0267781419266	0.567873797656
0.0148065736773	5.04430886305e-14	1.18851728245e-09	0.0512367852263	0.0267730658377	0.567978607373
0.0148065736778	4.48604288731e-14	1.10100276014e-09	0.051241664963	0.0267681861018	0.568079400327
0.0148065736782	3.98903524659e-14	1.02119986406e-09	0.0512463496344	0.0267635014312	0.568176198713
0.0148065736786	3.54708788811e-14	9.47180715855e-10	0.0512508408623	0.026759010204	0.568269031849
0.0148065736789	3.15410149015e-14	8.78526194183e-10	0.0512551466318	0.0267547044351	0.568358060851
0.0148065736792	2.80465231883e-14	8.14847543066e-10	0.0512592745984	0.0267505764691	0.568443440395
0.0148065736794	2.49391740675e-14	7.55784172612e-10	0.0512632321017	0.0267466189662	0.568525318966
0.0148065736797	2.21760801674e-14	7.01001618969e-10	0.0512670261789	0.0267428248895	0.568603839097
0.0148065736799	1.97191047342e-14	6.50189651954e-10	0.0512706635765	0.0267391874923	0.5686791376
0.0148065736801	1.75343354686e-14	6.03060519697e-10	0.0512741507628	0.0267357003063	0.568751345791
0.0148065736802	1.55916166297e-14	5.59347320377e-10	0.0512774939393	0.0267323571301	0.568820589703
0.0148065736804	1.38641329553e-14	5.18802491853e-10	0.0512806990515	0.0267291520182	0.568886990293
0.0148065736805	1.23280396603e-14	4.81196410666e-10	0.0512837717996	0.0267260792704	0.56895066364
0.0148065736806	1.09620026676e-14	4.46578440655e-10	0.0512867176485	0.0267231334216	0.569011721141
0.0148065736807	9.74612763737e-15	4.15111089216e-10	0.0512895401452	0.0267203109251	0.569070234599
0.0148065736808	8.6651093015e-15	3.85860895522e-10	0.0512922398204	0.0267176112501	0.569126213402
0.0148065736809	7.7039909786e-15	3.58671655598e-10	0.0512948220174	0.0267150290532	0.569179766839
0.014806573681	6.84947469513e-15	3.33398168779e-10	0.0512972918474	0.0267125592234	0.569230999531
0.014806573681	6.08973724944e-15	3.09905462794e-10	0.0512996541991	0.0267101968718	0.569280011624
0.0148065736811	5.41426667019e-15	2.88068073405e-10	0.0513019137487	0.0267079373223	0.56932689898
0.0148065736811	4.81371680841e-15	2.67769374766e-10	0.051304074969	0.0267057761021	0.569371753355
0.0148065736812	4.27977805264e-15	2.48900956919e-10	0.0513061421383	0.0267037089329	0.569414662572
0.0148065736812	3.80506237985e-15	2.3136204713e-10	0.0513081193487	0.0267017317225	0.569455710688
0.0148065736813	3.38300115257e-15	2.15058971966e-10	0.0513100105145	0.0266998405569	0.569494978153
0.0148065736813	3.00775424914e-15	1.99904657243e-10	0.0513118193795	0.0266980316919	0.569532541962
0.0148065736813	2.67412927048e-15	1.85818163197e-10	0.0513135495248	0.0266963015466	0.569568475803
0.0148065736813	2.37739902551e-15	1.72928011107e-10	0.0513152043758	0.0266946466957	0.569602850195
0.0148065736814	2.11346069555e-15	1.61027221731e-10	0.0513167852703	0.0266930658012	0.569635692352
0.0148065736814	1.87882413243e-15	1.49945407179e-10	0.0513182945247	0.0266915565469	0.569667049859
0.0148065736814	1.67023642021e-15	1.39626211454e-10	0.0513197353851	0.0266901156865	0.569696989666
0.0148065736814	1.4848057493e-15	1.30017156216e-10	0.0513211109505	0.0266887401211	0.569725575718
0.0148065736814	1.31996133211e-15	1.21069374011e-10	0.0513224241796	0.0266874268921	0.569752869088
0.0148065736814	1.17341776795e-15	1.12737359852e-10	0.0513236778969	0.0266861731748	0.569778928108
0.0148065736814	1.04314336334e-15	1.04978739887e-10	0.051324874799	0.0266849762727	0.569803808488
0.0148065736815	9.27331968687e-16	9.77540559802e-11	0.0513260174604	0.0266838336113	0.569827563432
0.0148065736815	8.24377941165e-16	9.10265651048e-11	0.051327108339	0.0266827427327	0.569850243754
0.0148065736815	7.32853886695e-16	8.47620525421e-11	0.0513281497811	0.0266817012906	0.569871897981
0.0148065736815	6.51490872642e-16	7.89286579257e-11	0.0513291440271	0.0266807070447	0.569892572456
0.0148065736815	5.79160836963e-16	7.3496713254e-11	0.0513300932155	0.0266797578563	0.569912311437
0.0148065736815	5.14833209053e-16	6.85180839062e-11	0.0513309993881	0.0266788516837	0.569931157188
0.0148065736815	4.57630629765e-16	6.39025055834e-11	0.051331863444	0.0266779876278	0.569949128228
0.0148065736815	4.06783694286e-16	5.95978396012e-11	0.0513326869723	0.0266771640995	0.569966257438
0.0148065736815	3.61586253455e-16	5.55831431558e-11	0.0513334718737	0.0266763791981	0.569982584202
0.0148065736815	3.21410613657e-16	5.18388840535e-11	0.0513342199599	0.0266756311119	0.569998146066
0.0148065736815	2.8569882042e-16	4.83468457075e-11	0.0513349329576	0.0266749181142	0.570012978823
0.0148065736815	2.53954910357e-16	4.5090038532e-11	0.0513356125124	0.0266742385594	0.570027116594
0.0148065736815	2.25738023885e-16	4.20526173033e-11	0.051336260193	0.0266735908788	0.570040591909
0.0148065736815	2.00656283105e-16	3.92198040853e-11	0.0513368774942	0.0266729735776	0.570053435776
0.0148065736815	1.78361349832e-16	3.65778163456e-11	0.051337465841	0.0266723852308	0.570065677756
0.0148065736815	1.58543588218e-16	3.41137999132e-11	0.0513380265913	0.0266718244805	0.570077346029
0.0148065736815	1.40927764799e-16	3.18157664499e-11	0.0513385610397	0.0266712900322	0.570088467457
0.0148065736815	1.25269226276e-16	2.96725351336e-11	0.0513390704195	0.0266707806523	0.570099067647
0.0148065736815	1.11348469082e-16	2.76942282824e-11	0.0513395559068	0.026670295165	0.570109171008
0.0148065736815	9.89681069865e-17	2.58638534848e-11	0.0513400182703	0.0266698328015	0.570118793488
0.0148065736815	8.79642556841e-17	2.41544509128e-11	0.0513404583092	0.0266693927627	0.57012795167
0.0148065736815	7.81838691745e-17	2.25580254884e-11	0.0513408771013	0.0266689739705	0.57013666794
0.0148065736815	6.94909175146e-17	2.10671105121e-11	0.0513412756725	0.0266685753993	0.570144963609
0.0148065736815	6.17644949604e-17	1.96747327457e-11	0.0513416549991	0.0266681960727	0.57015285896
0.0148065736815	5.48971384437e-17	1.83743798018e-11	0.0513420160103	0.0266678350616	0.5701603733
0.0148065736815	4.87933329964e-17	1.71599696885e-11	0.0513423595904	0.0266674914815	0.570167525007
0.0148065736815	4.33681833413e-17	1.60258223664e-11	0.0513426865809	0.0266671644909	0.57017433157
0.0148065736815	3.8546233174e-17	1.49666331855e-11	0.051342997783	0.0266668532888	0.570180809638
0.0148065736815	3.42604157173e-17	1.39774480766e-11	0.0513432939589	0.0266665571129	0.570186975057
0.0148065736815	3.04511209522e-17	1.30536403831e-11	0.0513435758342	0.0266662752377	0.570192842911
0.0148065736815	2.70653665556e-17	1.21908892229e-11	0.0513438440992	0.0266660069726	0.570198427553
0.0148065736815	2.4056008499e-17	1.13863677561e-11	0.0513440994112	0.0266657516606	0.570203742649
0.0148065736815	2.13790634543e-17	1.06517551617e-11	0.0513443423693	0.0266655087025	0.570208800654
0.0148065736815	1.90000069569e-17	9.96453714641e-12	0.0513445731825	0.0266652778893	0.570213605908
0.0148065736815	1.68856903445e-17	9.32165601607e-12	0.051344792458	0.0266650586138	0.570218171037
0.0148065736815	1.50066536704e-17	8.72025134199e-12	0.0513450007725	0.0266648502994	0.570222508036
0.0148065736815	1.33367152353e-17	8.15764723481e-12	0.0513451986738	0.026664652398	0.570226628303
0.0148065736815	1.18526067929e-17	7.63134043944e-12	0.0513453866825	0.0266644643893	0.570230542664
0.0148065736815	1.05336493491e-17	7.1389891979e-12	0.0513455652932	0.0266642857787	0.570234261407
0.0148065736815	9.36146503676e-18	6.67840283074e-12	0.0513457349755	0.0266641160964	0.570237794304
0.0148065736815	8.31972105159e-18	6.2475319904e-12	0.0513458961758	0.0266639548961	0.570241150642
0.0148065736815	7.39390208235e-18	5.84445954344e-12	0.051346049318	0.0266638017538	0.570244339243
0.0148065736815	6.57110806398e-18	5.46739204095e-12	0.0513461948051	0.0266636562668	0.570247368486
0.0148065736815	5.83987443619e-18	5.11465173913e-12	0.0513463330195	0.0266635180523	0.570250246334
0.0148065736815	5.19001240313e-18	4.78466913477e-12	0.0513464643249	0.0266633867469	0.570252980353
0.0148065736815	4.61245278811e-18	4.47664885072e-12	0.0513465890667	0.0266632620052	0.57025557773
0.0148065736815	4.09903064761e-18	4.19025490574e-12	0.0513467075547	0.0266631435172	0.570258044913
0.0148065736815	3.64275854123e-18	3.92218297463e-12	0.0513468200505	0.0266630310214	0.570260387346
0.0148065736815	3.23727500121e-18	3.67126091574e-12	0.0513469268571	0.0266629242147	0.570262611334
0.0148065736815	2.87692666317e-18	3.43639157383e-12	0.0513470282623	0.0266628228096	0.570264722868
0.0148065736815	2.55668944658e-18	3.216547983e-12	0.0513471245392	0.0266627265327	0.57026672763
0.0148065736815	2.27209850862e-18	3.01076887651e-12	0.0513472159471	0.0266626351247	0.570268631021
0.0148065736815	2.01918599488e-18	2.81815448375e-12	0.0513473027324	0.0266625483395	0.570270438165
0.0148065736815	1.79442571908e-18	2.63786259615e-12	0.0513473851287	0.0266624659432	0.570272153929
0.0148065736815	1.59468400045e-18	2.4691048848e-12	0.051347463358	0.0266623877139	0.570273782932
0.0148065736815	1.4171759735e-18	2.31114345352e-12	0.0513475376311	0.0266623134408	0.570275329561
0.0148065736815	1.25942676093e-18	2.16328761255e-12	0.051347608148	0.0266622429239	0.570276797982
0.0148065736815	1.11923696841e-18	2.02489085857e-12	0.0513476750987	0.0266621759732	0.570278192148
0.0148065736815	9.9465202022e-19	1.89534804794e-12	0.0513477386635	0.0266621124083	0.570279515814
0.0148065736815	8.83934908078e-19	1.77409275076e-12	0.0513477990137	0.0266620520581	0.570280772545
0.0148065736815	7.8554197341e-19	1.66059477419e-12	0.0513478563119	0.0266619947599	0.570281965726
0.0148065736815	6.98101385268e-19	1.55435784428e-12	0.0513479107123	0.0266619403595	0.570283098569
0.0148065736815	6.20394013919e-19	1.45491743597e-12	0.0513479623616	0.0266618887102	0.570284174126
0.0148065736815	5.51336433409e-19	1.36183874204e-12	0.0513480113989	0.026661839673	0.570285195292
0.0148065736815	4.8996581614e-19	1.27471477191e-12	0.0513480579562	0.0266617931157	0.57028616482
0.0148065736815	4.35426508853e-19	1.19316457211e-12	0.051348102159	0.0266617489129	0.570287085319
0.0148065736815	3.86958102849e-19	1.11683156056e-12	0.0513481441263	0.0266617069455	0.570287959269
0.0148065736815	3.43884832144e-19	1.04538196746e-12	0.0513481839713	0.0266616671006	0.570288789024
0.0148065736815	3.05606151723e-19	9.78503375837e-13	0.0513482218012	0.0266616292707	0.570289576818
0.0148065736815	2.71588364546e-19	9.15903355555e-13	0.0513482577179	0.0266615933539	0.570290324774
0.0148065736815	2.41357180569e-19	8.57308184652e-13	0.0513482918183	0.0266615592536	0.570291034905
0.0148065736815	2.1449110403e-19	8.02461652497e-13	0.051348324194	0.0266615268778	0.570291709125
0.0148065736815	1.90615556807e-19	7.51123939507e-13	0.0513483549325	0.0266614961393	0.570292349249
0.0148065736815	1.69397655922e-19	7.03070568544e-13	0.0513483841165	0.0266614669554	0.570292957002
0.0148065736815	1.50541572361e-19	6.58091423379e-13	0.0513484118245	0.0266614392474	0.570293534021
0.0148065736815	1.33784406523e-19	6.15989829965e-13	0.0513484381313	0.0266614129406	0.570294081859
0.0148065736815	1.1889252277e-19	5.76581696475e-13	0.0513484631076	0.0266613879642	0.570294601993
0.0148065736815	1.05658291997e-19	5.39694708359e-13	0.0513484868209	0.026661364251	0.570295095823
0.0148065736815	9.38971967824e-20	5.05167574893e-13	0.0513485093349	0.026661341737	0.57029556468
0.0148065736815	8.34089817446e-20	4.76488059411e-13	0.0513485307103	0.0266613203615	0.570296009826
0.0148065736815	7.40848250944e-20	4.49859668777e-13	0.051348550841	0.0266613002309	0.570296429051
0.0148065736815	6.58030006392e-20	4.24719396541e-13	0.0513485697797	0.0266612812922	0.570296823452
0.0148065736815	5.84469878304e-20	4.00984079848e-13	0.0513485875969	0.0266612634749	0.570297194501
0.0148065736815	5.19132917438e-20	3.78575203348e-13	0.0513486043592	0.0266612467127	0.57029754358
0.0148065736815	4.61099869705e-20	3.57418639477e-13	0.0513486201289	0.026661230943	0.570297871989
0.0148065736815	4.09554242823e-20	3.37444403249e-13	0.0513486349649	0.026661216107	0.570298180952
0.0148065736815	3.63770818762e-20	3.18586420749e-13	0.0513486489223	0.0266612021495	0.570298471621
0.0148065736815	3.23105450369e-20	3.00782310569e-13	0.0513486620533	0.0266611890185	0.570298745079
0.0148065736815	2.86985998598e-20	2.83973177453e-13	0.0513486744068	0.026661176665	0.570299002345
0.0148065736815	2.54904282856e-20	2.68103417479e-13	0.0513486860288	0.026661165043	0.570299244378
0.0148065736815	2.264089312e-20	2.53120534122e-13	0.0513486969627	0.0266611541092	0.570299472079
0.0148065736815	2.01099029799e-20	2.389749646e-13	0.0513487072491	0.0266611438228	0.570299686298
0.0148065736815	1.78618482309e-20	2.25619915925e-13	0.0513487169264	0.0266611341455	0.570299887833
0.0148065736815	1.58650999808e-20	2.13011210116e-13	0.0513487260307	0.0266611250412	0.570300077434
0.0148065736815	1.40915650789e-20	2.01107138057e-13	0.0513487345959	0.026661116476	0.570300255809
0.0148065736815	1.25162908615e-20	1.89868321528e-13	0.0513487426539	0.0266611084179	0.570300423621
0.0148065736815	1.11171140827e-20	1.79257582946e-13	0.0513487502348	0.026661100837	0.570300581497
0.0148065736815	9.8743490894e-21	1.69239822383e-13	0.0513487573669	0.026661093705	0.570300730025
0.0148065736815	8.77051085596e-21	1.59781901453e-13	0.0513487640766	0.0266610869953	0.570300869758
0.0148065736815	7.79006897943e-21	1.50852533699e-13	0.051348770389	0.0266610806829	0.570301001217
0.0148065736815	6.91922917561e-21	1.42422181094e-13	0.0513487763276	0.0266610747442	0.570301124893
0.0148065736815	6.14573920119e-21	1.34462956335e-13	0.0513487819146	0.0266610691573	0.570301241245
0.0148065736815	5.45871647156e-21	1.26948530586e-13	0.0513487871708	0.0266610639011	0.570301350707
0.0148065736815	4.84849494887e-21	1.19854046394e-13	0.0513487921157	0.0266610589562	0.570301453688
0.0148065736815	4.30648914628e-21	1.13156035452e-13	0.0513487967678	0.026661054304	0.570301550572
0.0148065736815	3.82507333493e-21	1.06832340972e-13	0.0513488011445	0.0266610499274	0.570301641718
0.0148065736815	3.39747425411e-21	1.00862044392e-13	0.051348805262	0.0266610458098	0.570301727468
0.0148065736815	3.01767581524e-21	9.52253961754e-14	0.0513488091357	0.0266610419361	0.57030180814
0.0148065736815	2.68018661739e-21	9.0144752601e-14	0.05134881278	0.0266610382918	0.570301884035
0.0148065736815	2.37976615945e-21	8.55705117533e-14	0.0513488161992	0.0266610348726	0.570301955242
0.0148065736815	2.1130196424e-21	8.12283828748e-14	0.0513488193974	0.0266610316744	0.570302021847
0.0148065736815	1.87617257568e-21	7.71065878478e-14	0.051348822389	0.0266610286829	0.570302084147
0.0148065736815	1.66587354889e-21	7.31939462139e-14	0.0513488251872	0.0266610258847	0.570302142421
0.0148065736815	1.47914680906e-21	6.94798448476e-14	0.0513488278045	0.0266610232673	0.57030219693
0.0148065736815	1.31335015343e-21	6.59542091675e-14	0.0513488302528	0.0266610208191	0.570302247915
0.0148065736815	1.16613754205e-21	6.26074758091e-14	0.0513488325428	0.0266610185291	0.570302295606
0.0148065736815	1.03542590108e-21	5.94305666837e-14	0.0513488346848	0.0266610163871	0.570302340215
0.0148065736815	9.19365647081e-22	5.64148643545e-14	0.0513488366883	0.0266610143835	0.570302381941
0.0148065736815	8.16314515258e-22	5.35521886614e-14	0.0513488385624	0.0266610125094	0.57030242097
0.0148065736815	7.24814321224e-22	5.08347745321e-14	0.0513488403154	0.0266610107564	0.570302457477
0.0148065736815	6.43570327558e-22	4.82552509193e-14	0.0513488419551	0.0266610091167	0.570302491625
0.0148065736815	5.71432923137e-22	4.58066208067e-14	0.0513488434889	0.026661007583	0.570302523566
0.0148065736815	5.07381356027e-22	4.34822422291e-14	0.0513488449235	0.0266610061484	0.570302553443
0.0148065736815	4.50509289733e-22	4.12758102567e-14	0.0513488462654	0.0266610048065	0.570302581389
0.0148065736815	4.00011978452e-22	3.9181339892e-14	0.0513488475206	0.0266610035513	0.570302607528
0.0148065736815	3.55174879834e-22	3.7193149836e-14	0.0513488486946	0.0266610023772	0.570302631979
0.0148065736815	3.15363544133e-22	3.53058470772e-14	0.0513488497928	0.026661001279	0.57030265485
0.0148065736815	2.80014636683e-22	3.35143122633e-14	0.05134885082	0.0266610002518	0.570302676242
0.0148065736815	2.48627966647e-22	3.18136858146e-14	0.0513488517809	0.026660999291	0.570302696252
0.0148065736815	2.2075940927e-22	3.01993547422e-14	0.0513488526796	0.0266609983923	0.570302714969
0.0148065736815	1.96014621466e-22	2.86669401356e-14	0.0513488535203	0.0266609975516	0.570302732476
0.0148065736815	1.7404346182e-22	2.72122852842e-14	0.0513488543066	0.0266609967653	0.570302748852
0.0148065736815	1.54535036053e-22	2.58314444029e-14	0.0513488550421	0.0266609960298	0.57030276417
0.0148065736815	1.37213297834e-22	2.45206719284e-14	0.0513488557301	0.0266609953418	0.570302778497
0.0148065736815	1.21833142693e-22	2.32764123596e-14	0.0513488563736	0.0266609946983	0.570302791899
0.0148065736815	1.08176939771e-22	2.20952906132e-14	0.0513488569755	0.0266609940963	0.570302804435
0.0148065736815	9.60514523174e-23	2.09741028686e-14	0.0513488575386	0.0266609935333	0.57030281616
0.0148065736815	8.52851033713e-23	1.99098078776e-14	0.0513488580652	0.0266609930066	0.570302827128
0.0148065736815	7.57147180746e-23	1.8954868795e-14	0.0513488585578	0.026660992514	0.570302837387
0.0148065736815	6.7211889285e-23	1.80617475513e-14	0.0513488590172	0.0266609920547	0.570302846953
0.0148065736815	5.9663935566e-23	1.72107086636e-14	0.0513488594451	0.0266609916267	0.570302855866
0.0148065736815	5.29636236178e-23	1.63997692828e-14	0.0513488598438	0.0266609912281	0.570302864168
0.0148065736815	4.70157625333e-23	1.56270399885e-14	0.0513488602152	0.0266609908567	0.570302871903
0.0148065736815	4.17358514266e-23	1.48907203863e-14	0.0513488605612	0.0266609905107	0.570302879108
0.0148065736815	3.70488789345e-23	1.41890949135e-14	0.0513488608835	0.0266609901884	0.570302885821
0.0148065736815	3.2888257535e-23	1.35205288416e-14	0.0513488611838	0.0266609898881	0.570302892074
0.0148065736815	2.91948775427e-23	1.28834644678e-14	0.0513488614635	0.0266609896083	0.5703028979
0.0148065736815	2.5916267341e-23	1.22764174858e-14	0.0513488617241	0.0266609893477	0.570302903327
0.0148065736815	2.30058479215e-23	1.1697973527e-14	0.0513488619669	0.026660989105	0.570302908383
0.0148065736815	2.04222711389e-23	1.11467848656e-14	0.051348862193	0.0266609888788	0.570302913093
0.0148065736815	1.81288322805e-23	1.06215672782e-14	0.0513488624037	0.0266609886681	0.570302917481
0.0148065736815	1.60929486049e-23	1.0121097052e-14	0.0513488626	0.0266609884718	0.570302921568
0.0148065736815	1.42856964407e-23	9.64420813338e-15	0.0513488627829	0.026660988289	0.570302925377
0.0148065736815	1.268140027e-23	9.18978941113e-15	0.0513488629532	0.0266609881186	0.570302928924
0.0148065736815	1.1257267958e-23	8.7567821278e-15	0.0513488631119	0.0266609879599	0.570302932229
0.0148065736815	9.99306694637e-24	8.34417741274e-15	0.0513488632598	0.0266609878121	0.570302935308
0.0148065736815	8.87083681071e-24	7.95101393157e-15	0.0513488633975	0.0266609876744	0.570302938176
0.0148065736815	7.87463409793e-24	7.57637564638e-15	0.0513488635258	0.0266609875461	0.570302940848
0.0148065736815	6.9903058186e-24	7.21938968138e-15	0.0513488636453	0.0266609874265	0.570302943337
0.0148065736815	6.19720368704e-24	7.0537456077e-15	0.0513488637567	0.0266609873152	0.570302945656
0.0148065736815	5.49048784636e-24	6.93398407148e-15	0.0513488638577	0.0266609872142	0.57030294776
0.0148065736815	4.86436436688e-24	6.81625589825e-15	0.0513488639488	0.0266609871231	0.570302949657
0.0148065736815	4.30964266836e-24	6.7005265647e-15	0.0513488640308	0.026660987041	0.570302951366
0.0148065736815	3.8181802446e-24	6.58676213367e-15	0.0513488641048	0.0266609869671	0.570302952906
0.0148065736815	3.38276314341e-24	6.4749292442e-15	0.0513488641715	0.0266609869004	0.570302954295
0.0148065736815	2.9970000762e-24	6.36499510175e-15	0.0513488642315	0.0266609868403	0.570302955546
0.0148065736815	2.65522860328e-24	6.25692746859e-15	0.0513488642857	0.0266609867862	0.570302956674
0.0148065736815	2.35243201743e-24	6.1506946543e-15	0.0513488643345	0.0266609867374	0.57030295769
0.0148065736815	2.08416570598e-24	6.04626550655e-15	0.0513488643785	0.0266609866934	0.570302958606
0.0148065736815	1.84649191037e-24	5.94360940191e-15	0.0513488644181	0.0266609866537	0.570302959431
0.0148065736815	1.63592192561e-24	5.8426962369e-15	0.0513488644538	0.026660986618	0.570302960175
0.0148065736815	1.44936489113e-24	5.74349641913e-15	0.051348864486	0.0266609865858	0.570302960846
0.0148065736815	1.28408242148e-24	5.64598085866e-15	0.0513488645151	0.0266609865568	0.57030296145
0.0148065736815	1.13764841086e-24	5.55012095943e-15	0.0513488645412	0.0266609865306	0.570302961995
0.0148065736815	1.00791342133e-24	5.45588861094e-15	0.0513488645648	0.0266609865071	0.570302962486
0.0148065736815	8.92973132292e-25	5.3632561799e-15	0.051348864586	0.0266609864858	0.570302962928
0.0148065736815	7.91140387765e-25	5.27219650225e-15	0.0513488646052	0.0266609864667	0.570302963327
0.0148065736815	7.00920431437e-25	5.18268287508e-15	0.0513488646224	0.0266609864494	0.570302963687
0.0148065736815	6.20988965801e-25	5.0946890489e-15	0.051348864638	0.0266609864339	0.57030296401
0.0148065736815	5.50173575191e-25	5.00793765912e-15	0.051348864652	0.0266609864199	0.570302964302
0.0148065736815	4.8743561823e-25	4.92248605603e-15	0.0513488646646	0.0266609864072	0.570302964565
0.0148065736815	4.3185186027e-25	4.83849253349e-15	0.051348864676	0.0266609863958	0.570302964803
0.0148065736815	3.82606486359e-25	4.75593221192e-15	0.0513488646863	0.0266609863856	0.570302965016
0.0148065736815	3.38976711394e-25	4.67478063628e-15	0.0513488646955	0.0266609863763	0.570302965209
0.0148065736815	3.0032217164e-25	4.59501376882e-15	0.0513488647039	0.026660986368	0.570302965383
0.0148065736815	2.66075525977e-25	4.51660798194e-15	0.0513488647114	0.0266609863605	0.570302965539
0.0148065736815	2.3573412891e-25	4.4395400512e-15	0.0513488647182	0.0266609863537	0.57030296568
0.0148065736815	2.08852653127e-25	4.36378714846e-15	0.0513488647243	0.0266609863476	0.570302965807
0.0148065736815	1.85036553341e-25	4.28932683508e-15	0.0513488647298	0.0266609863421	0.570302965922
0.0148065736815	1.63936275453e-25	4.21613705532e-15	0.0513488647347	0.0266609863371	0.570302966025
0.0148065736815	1.45242126077e-25	4.14419612977e-15	0.0513488647392	0.0266609863326	0.570302966119
0.0148065736815	1.28679727102e-25	4.07348274893e-15	0.0513488647432	0.0266609863286	0.570302966202
0.0148065736815	1.14005988581e-25	4.00397596692e-15	0.0513488647469	0.026660986325	0.570302966278
0.0148065736815	1.0100554085e-25	3.93565519528e-15	0.0513488647501	0.0266609863217	0.570302966346
0.0148065736815	8.94875734979e-26	3.86850019683e-15	0.0513488647531	0.0266609863188	0.570302966408
0.0148065736815	7.92830348033e-26	3.8024910797e-15	0.0513488647558	0.0266609863161	0.570302966463
0.0148065736815	7.02421505233e-26	3.73760829147e-15	0.0513488647582	0.0266609863137	0.570302966513
0.0148065736815	6.22322256253e-26	3.67383261332e-15	0.0513488647603	0.0266609863115	0.570302966558
0.0148065736815	5.51356966924e-26	3.61114515438e-15	0.0513488647623	0.0266609863096	0.570302966599
0.0148065736815	4.88472777451e-26	3.55337728924e-15	0.051348864764	0.0266609863078	0.570302966635
0.0148065736815	4.32343840784e-26	3.54751349261e-15	0.0513488647656	0.0266609863062	0.570302966668
0.0148065736815	3.82664511294e-26	3.54165937245e-15	0.051348864767	0.0266609863048	0.570302966697
0.0148065736815	3.38693684032e-26	3.53581491278e-15	0.0513488647682	0.0266609863036	0.570302966723
0.0148065736815	2.99775412188e-26	3.52998009766e-15	0.0513488647693	0.0266609863025	0.570302966746
0.0148065736815	2.65329121827e-26	3.52415491117e-15	0.0513488647703	0.0266609863015	0.570302966767
0.0148065736815	2.34840951016e-26	3.51833933743e-15	0.0513488647712	0.0266609863007	0.570302966785
0.0148065736815	2.07856084151e-26	3.51253336056e-15	0.051348864772	0.0266609862999	0.570302966801
0.0148065736815	1.83971967119e-26	3.50673696475e-15	0.0513488647726	0.0266609862992	0.570302966815
0.0148065736815	1.6283230209e-26	3.50095013417e-15	0.0513488647732	0.0266609862986	0.570302966827
0.0148065736815	1.44121732343e-26	3.49517285303e-15	0.0513488647738	0.0266609862981	0.570302966838
0.0148065736815	1.27561137852e-26	3.48940510559e-15	0.0513488647743	0.0266609862976	0.570302966848
0.0148065736815	1.1290347143e-26	3.48364687611e-15	0.0513488647747	0.0266609862972	0.570302966857
0.0148065736815	9.99300733407e-27	3.47789814888e-15	0.051348864775	0.0266609862968	0.570302966865
0.0148065736815	8.84474093789e-27	3.47215890822e-15	0.0513488647754	0.0266609862965	0.570302966872
0.0148065736815	7.82841837729e-27	3.46642913847e-15	0.0513488647757	0.0266609862962	0.570302966878
