0.0	0.000303676349292	0.0577971986271	0.0	0.0	0.0
2.42100339468e-19	0.00030367634928	0.0577971986258	1.93570823525e-13	2.42139641671e-13	1e-06
2.71022774701e-19	0.00030367634928	0.0577971986257	2.03178301785e-13	2.61013433089e-13	1.03833333333e-06
3.03400418884e-19	0.000303676349279	0.0577971986257	2.13536471032e-13	2.81441536742e-13	1.07813611111e-06
3.39646047387e-19	0.000303676349279	0.0577971986256	2.24703987344e-13	3.0342395263e-13	1.11946466204e-06
3.8022174765e-19	0.000303676349278	0.0577971986255	2.3674408995e-13	3.27182725357e-13	1.16237747408e-06
4.25644810231e-19	0.000303676349277	0.0577971986254	2.49724959352e-13	3.52717854923e-13	1.20693527725e-06
4.76494323632e-19	0.000303676349276	0.0577971986253	2.63720103407e-13	3.80251385934e-13	1.25320112954e-06
5.33418556965e-19	0.000303676349275	0.0577971986252	2.78808773593e-13	4.10005362994e-13	1.30124050618e-06
5.97143224596e-19	0.000303676349274	0.0577971986251	2.9507641379e-13	4.41979786103e-13	1.35112139225e-06
6.68480738108e-19	0.000303676349273	0.057797198625	3.12615144128e-13	4.76507722169e-13	1.40291437895e-06
7.48340563561e-19	0.000303676349272	0.0577971986249	3.31524282648e-13	5.13700193494e-13	1.45669276347e-06
8.37740816073e-19	0.000303676349271	0.0577971986248	3.51910907717e-13	5.53890266985e-13	1.51253265274e-06
9.37821239536e-19	0.00030367634927	0.0577971986246	3.73890464388e-13	5.97188964946e-13	1.57051307109e-06
1.04985773696e-18	0.000303676349268	0.0577971986245	3.9758741814e-13	6.4381833198e-13	1.63071607215e-06
1.17527863669e-18	0.000303676349267	0.0577971986243	4.23135959704e-13	6.94111434995e-13	1.69322685491e-06
1.31568290182e-18	0.000303676349265	0.0577971986241	4.5068076495e-13	7.48401340899e-13	1.75813388435e-06
1.47286051502e-18	0.000303676349264	0.0577971986239	4.80377814159e-13	8.06799071994e-13	1.82552901658e-06
1.64881529867e-18	0.000303676349262	0.0577971986237	5.12395275305e-13	8.69859739793e-13	1.89550762888e-06
1.84579046107e-18	0.00030367634926	0.0577971986235	5.46914456352e-13	9.378053889e-13	1.96816875465e-06
2.06629719468e-18	0.000303676349258	0.0577971986232	5.84130831964e-13	1.01108010853e-12	2.04361522358e-06
2.31314669069e-18	0.000303676349255	0.057797198623	6.24255150436e-13	1.09012798788e-12	2.12195380714e-06
2.58948597832e-18	0.000303676349253	0.0577971986227	6.67514627114e-13	1.17528209387e-12	2.20329536975e-06
2.89883804554e-18	0.00030367634925	0.0577971986224	7.14154231067e-13	1.267097538e-12	2.28775502558e-06
3.24514675292e-18	0.000303676349247	0.0577971986221	7.64438072297e-13	1.3661294318e-12	2.37545230156e-06
3.63282711299e-18	0.000303676349244	0.0577971986217	8.18650897332e-13	1.47293288677e-12	2.46651130645e-06
4.06682157623e-18	0.000303676349241	0.0577971986213	8.77099701686e-13	1.58795199212e-12	2.56106090652e-06
4.55266304135e-18	0.000303676349237	0.0577971986209	9.40115468311e-13	1.71207492627e-12	2.65923490793e-06
5.09654539289e-18	0.000303676349233	0.0577971986205	1.00805504188e-12	1.84585680074e-12	2.76117224606e-06
5.70540246573e-18	0.000303676349229	0.05779719862	1.08130314951e-12	1.99007477164e-12	2.86701718215e-06
6.38699644299e-18	0.000303676349224	0.0577971986195	1.16027457942e-12	2.14550599508e-12	2.97691950746e-06
7.15001681437e-18	0.000303676349219	0.0577971986189	1.24541652975e-12	2.3131496718e-12	3.09103475523e-06
8.00419115653e-18	0.000303676349214	0.0577971986183	1.33721114097e-12	2.49389398021e-12	3.20952442084e-06
8.96040914776e-18	0.000303676349208	0.0577971986177	1.43617822613e-12	2.68873812103e-12	3.33255619029e-06
1.00308613981e-17	0.000303676349202	0.057797198617	1.54287821445e-12	2.89890333959e-12	3.46030417757e-06
1.12291948647e-17	0.000303676349195	0.0577971986162	1.65791532491e-12	3.12538883661e-12	3.59294917103e-06
1.25706868339e-17	0.000303676349188	0.0577971986154	1.78194098782e-12	3.36952687973e-12	3.73067888923e-06
1.40724396878e-17	0.00030367634918	0.0577971986146	1.91565753369e-12	3.63287178117e-12	3.87368824663e-06
1.57535989387e-17	0.000303676349172	0.0577971986136	2.05982217045e-12	3.91675580856e-12	4.0221796294e-06
1.76355973112e-17	0.000303676349163	0.0577971986126	2.21525127127e-12	4.22273327414e-12	4.17636318183e-06
1.97424279832e-17	0.000303676349153	0.0577971986115	2.38282499759e-12	4.55269155706e-12	4.33645710378e-06
2.21009504693e-17	0.000303676349143	0.0577971986103	2.56349228319e-12	4.90840701415e-12	4.50268795939e-06
2.47412330469e-17	0.000303676349131	0.0577971986091	2.75827620789e-12	5.29198906915e-12	4.6752909978e-06
2.76969360902e-17	0.000303676349119	0.0577971986077	2.96827979096e-12	5.70543612352e-12	4.85451048601e-06
3.10057411984e-17	0.000303676349106	0.0577971986062	3.19469223732e-12	6.1511906679e-12	5.04060005459e-06
3.47098315903e-17	0.000303676349092	0.0577971986046	3.43879567174e-12	6.63180621525e-12	5.23382305664e-06
3.88564298887e-17	0.000303676349077	0.0577971986029	3.70197239921e-12	7.15005832314e-12	5.43445294042e-06
4.3498400151e-17	0.00030367634906	0.0577971986011	3.98571273269e-12	7.70872254912e-12	5.6427736364e-06
4.86949218215e-17	0.000303676349042	0.0577971985991	4.29162343237e-12	8.31101853997e-12	5.85907995906e-06
5.45122441965e-17	0.000303676349023	0.0577971985969	4.62143680445e-12	8.96038798706e-12	6.08367802408e-06
6.10245310223e-17	0.000303676349002	0.0577971985946	4.97702051078e-12	9.66060564868e-12	6.31688568159e-06
6.8314805992e-17	0.00030367634898	0.0577971985921	5.36038814508e-12	1.04154462831e-11	6.55903296595e-06
7.64760111961e-17	0.000303676348956	0.0577971985894	5.7737106354e-12	1.12292397601e-11	6.81046256287e-06
8.56121920206e-17	0.00030367634893	0.0577971985865	6.21932853771e-12	1.21066490165e-11	7.07153029432e-06
9.58398235981e-17	0.000303676348902	0.0577971985834	6.69976528991e-12	1.30525590334e-11	7.34260562213e-06
1.07289295724e-16	0.000303676348872	0.05779719858	7.21774150149e-12	1.40725209261e-11	7.62407217083e-06
1.20106575165e-16	0.00030367634884	0.0577971985763	7.77619035983e-12	1.51720858097e-11	7.91632827054e-06
1.34455066561e-16	0.000303676348805	0.0577971985724	8.37827424014e-12	1.6357470933e-11	8.21978752071e-06
1.50517695628e-16	0.000303676348767	0.0577971985682	9.02740261333e-12	1.76356707013e-11	8.53487937546e-06
1.68499241246e-16	0.000303676348726	0.0577971985636	9.7272513531e-12	1.90135684971e-11	8.86204975128e-06
1.88628946128e-16	0.000303676348683	0.0577971985587	1.04817835517e-11	2.04992689486e-11	9.20176165814e-06
2.11163439396e-16	0.000303676348635	0.0577971985534	1.12952719618e-11	2.21009877061e-11	9.55449585473e-06
2.3639000828e-16	0.000303676348584	0.0577971985477	1.21723231925e-11	2.38278285985e-11	9.92075152882e-06
2.64630260682e-16	0.000303676348529	0.0577971985415	1.31179037955e-11	2.56896726107e-11	1.03010470037e-05
2.96244225283e-16	0.00030367634847	0.0577971985348	1.41373683893e-11	2.76969558392e-11	1.06959204718e-05
3.3163494147e-16	0.000303676348406	0.0577971985277	1.52364899816e-11	2.98611135809e-11	1.1105930756e-05
3.71253597591e-16	0.000303676348337	0.0577971985199	1.64214926605e-11	3.21943582893e-11	1.15316581012e-05
4.15605283059e-16	0.000303676348263	0.0577971985116	1.769908684e-11	3.47099016184e-11	1.19737049944e-05
4.65255427622e-16	0.000303676348183	0.0577971985026	1.90765072599e-11	3.74219544227e-11	1.24326970186e-05
5.20837009902e-16	0.000303676348097	0.0577971984929	2.05615539543e-11	4.03459488025e-11	1.29092837369e-05
5.83058627094e-16	0.000303676348004	0.0577971984825	2.21626364216e-11	4.34984270806e-11	1.34041396126e-05
6.52713528719e-16	0.000303676347904	0.0577971984712	2.38888212459e-11	4.68972638479e-11	1.39179649635e-05
7.30689729584e-16	0.000303676347796	0.0577971984591	2.57498834387e-11	5.05615549403e-11	1.44514869527e-05
8.17981330879e-16	0.000303676347679	0.057797198446	2.77563617929e-11	5.4512283573e-11	1.50054606181e-05
9.1570119376e-16	0.000303676347553	0.0577971984319	2.99196185617e-11	5.87716542065e-11	1.55806699404e-05
1.02509512696e-15	0.000303676347418	0.0577971984167	3.22519038006e-11	6.33638697027e-11	1.61779289533e-05
1.14755776932e-15	0.000303676347272	0.0577971984003	3.47664247368e-11	6.83147982581e-11	1.67980828949e-05
1.28465036976e-15	0.000303676347114	0.0577971983826	3.74774205586e-11	7.36526395374e-11	1.7442009404e-05
1.43812069125e-15	0.000303676346944	0.0577971983635	4.04002430493e-11	7.9407591607e-11	1.81106197625e-05
1.60992529266e-15	0.000303676346761	0.057797198343	4.35514435209e-11	8.56121840014e-11	1.88048601844e-05
1.80225447252e-15	0.000303676346564	0.0577971983208	4.69488665401e-11	9.23016107905e-11	1.95257131555e-05
2.01756019262e-15	0.000303676346351	0.0577971982969	5.0611750979e-11	9.95137305793e-11	2.02741988236e-05
2.25858733752e-15	0.000303676346122	0.0577971982712	5.45608389601e-11	1.07289288553e-10	2.10513764419e-05
2.5284087085e-15	0.000303676345874	0.0577971982434	5.88184933146e-11	1.15672471588e-10	2.18583458686e-05
2.83046419795e-15	0.000303676345607	0.0577971982135	6.34088242183e-11	1.24710686207e-10	2.26962491228e-05
3.16860464387e-15	0.00030367634532	0.0577971981812	6.83578257223e-11	1.34455113691e-10	2.35662720013e-05
3.54714092329e-15	0.00030367634501	0.0577971981464	7.36935229517e-11	1.44960932126e-10	2.44696457563e-05
3.97089891068e-15	0.000303676344676	0.0577971981089	7.94461308055e-11	1.56287538442e-10	2.54076488379e-05
4.44528100193e-15	0.000303676344315	0.0577971980684	8.56482250576e-11	1.68499214553e-10	2.63816087037e-05
4.97633498835e-15	0.000303676343927	0.0577971980248	9.23349268258e-11	1.81665127353e-10	2.73929036969e-05
5.57083115851e-15	0.000303676343508	0.0577971979778	9.95441014552e-11	1.95859772806e-10	2.84429649973e-05
6.23634861118e-15	0.000303676343056	0.0577971979271	1.07316572942e-10	2.11163420038e-10	2.95332786466e-05
6.98137187956e-15	0.00030367634257	0.0577971978724	1.15696355109e-10	2.27662999512e-10	3.06653876513e-05
7.81539909868e-15	0.000303676342045	0.0577971978135	1.24730900849e-10	2.45451658938e-10	3.18408941668e-05
8.74906309496e-15	0.000303676341479	0.0577971977499	1.34471370838e-10	2.64630317589e-10	3.3061461764e-05
9.79426694177e-15	0.000303676340869	0.0577971976814	1.4497292325e-10	2.85307444255e-10	3.43288177842e-05
1.0964335709e-14	0.000303676340211	0.0577971976076	1.562950261e-10	3.07600278487e-10	3.56447557836e-05
1.22741863412e-14	0.000303676339501	0.057797197528	1.68501794005e-10	3.3163494162e-10	3.7011138071e-05
1.37405178309e-14	0.000303676338737	0.0577971974421	1.81662351246e-10	3.5754765802e-10	3.8429898344e-05
1.53820241095e-14	0.000303676337912	0.0577971973496	1.95851223207e-10	3.85484977124e-10	3.99030444252e-05
1.72196323726e-14	0.000303676337024	0.0577971972498	2.11148758394e-10	4.15605327758e-10	4.14326611035e-05
1.92767698757e-14	0.000303676336065	0.0577971971422	2.27641583432e-10	4.48079129155e-10	4.30209130848e-05
2.15796626033e-14	0.000303676335032	0.0577971970262	2.45423093612e-10	4.83090234249e-10	4.46700480555e-05
2.41576696176e-14	0.000303676333918	0.0577971969012	2.64593981769e-10	5.20837039892e-10	4.6382399863e-05
2.7043657351e-14	0.000303676332718	0.0577971967664	2.85262808483e-10	5.61533152994e-10	4.81603918189e-05
3.02744186121e-14	0.000303676331423	0.057797196621	3.0754661683e-10	6.05409166876e-10	5.00065401286e-05
3.38911416498e-14	0.000303676330027	0.0577971964643	3.3157159518e-10	6.5271354945e-10	5.19234574516e-05
3.79399352517e-14	0.000303676328522	0.0577971962954	3.57473791764e-10	7.03713975485e-10	5.39138565996e-05
4.24724165754e-14	0.0003036763269	0.0577971961132	3.85399885092e-10	7.58699436034e-10	5.5980554375e-05
4.75463692033e-14	0.00030367632515	0.0577971959168	4.15508014558e-10	8.17981348652e-10	5.81264755579e-05
5.32264798124e-14	0.000303676323264	0.0577971957051	4.47968675948e-10	8.81895222737e-10	6.03546570447e-05
5.95851628499e-14	0.000303676321231	0.0577971954768	4.82965686922e-10	9.50802990991e-10	6.2668252146e-05
6.67034837277e-14	0.000303676319039	0.0577971952307	5.2069722793e-10	1.02509511885e-09	6.50705350493e-05
7.46721923074e-14	0.000303676316675	0.0577971949654	5.61376964465e-10	1.10519204777e-09	6.75649054525e-05
8.35928798485e-14	0.000303676314127	0.0577971946793	6.05235257004e-10	1.19154741487e-09	7.01548933751e-05
9.35792741718e-14	0.00030367631138	0.0577971943709	6.52520465485e-10	1.2846502734e-09	7.28441641537e-05
1.04758689549e-13	0.000303676308418	0.0577971940384	7.03500355715e-10	1.38502786825e-09	7.56365236294e-05
1.17273649802e-13	0.000303676305224	0.0577971936799	7.58463615667e-10	1.4932485226e-09	7.85359235338e-05
1.31283705306e-13	0.000303676301781	0.0577971932933	8.17721490257e-10	1.60992519057e-09	8.15464670811e-05
1.46967467059e-13	0.000303676298069	0.0577971928766	8.81609543849e-10	1.73571845484e-09	8.46724147753e-05
1.6452488375e-13	0.000303676294067	0.0577971924273	9.50489560482e-10	1.8713406345e-09	8.79181904392e-05
1.8417979086e-13	0.000303676289753	0.057797191943	1.02475159257e-09	2.01755989286e-09	9.12883874754e-05
2.06182764283e-13	0.000303676285101	0.0577971914207	1.10481616968e-09	2.17520423422e-09	9.47877753665e-05
2.3081431486e-13	0.000303676280086	0.0577971908577	1.1911366799e-09	2.34516616687e-09	9.84213064247e-05
2.58388464541e-13	0.000303676274678	0.0577971902506	1.28420193724e-09	2.52840825415e-09	0.000102194122801
2.89256749776e-13	0.000303676268849	0.0577971895962	1.38453894973e-09	2.72596822149e-09	0.00010611156376
3.23812703166e-13	0.000303676262564	0.0577971888906	1.49271590367e-09	2.9389647296e-09	0.00011017917324
3.62496870512e-13	0.000303676255787	0.0577971881298	1.6093453812e-09	3.16860392475e-09	0.000114402707695
4.05802427222e-13	0.000303676248481	0.0577971873097	1.73508782918e-09	3.41618632215e-09	0.000118788144242
4.54281465679e-13	0.000303676240605	0.0577971864254	1.87065529911e-09	3.68311368935e-09	0.00012334168912
5.08552033731e-13	0.000303676232113	0.0577971854721	2.01681547939e-09	3.970897817e-09	0.000128069786474
5.69306014015e-13	0.000303676222957	0.0577971844442	2.17439604244e-09	4.2811681794e-09	0.000132979127473
6.37317944596e-13	0.000303676213086	0.0577971833361	2.34428933173e-09	4.61568192646e-09	0.000138076659779
7.13454893343e-13	0.000303676202444	0.0577971821413	2.52745741478e-09	4.97633320961e-09	0.000143369597382
7.98687511951e-13	0.00030367619097	0.0577971808532	2.7249375312e-09	5.36516450608e-09	0.000148865430803
8.94102410513e-13	0.0003036761786	0.0577971794645	2.93784796626e-09	5.78437738803e-09	0.000154571937703
1.00091601042e-12	0.000303676165263	0.0577971779672	3.16739438348e-09	6.23634595628e-09	0.00016049719388
1.12049005216e-12	0.000303676150884	0.057797176353	3.414876652e-09	6.72362949681e-09	0.000166649584706
1.2543489558e-12	0.000303676135382	0.0577971746126	3.68169620736e-09	7.24898746881e-09	0.000173037816989
1.40419925534e-12	0.000303676118668	0.0577971727363	3.96936398748e-09	7.81539482573e-09	0.000179670931294
1.57195135486e-12	0.000303676100648	0.0577971707133	4.2795089887e-09	8.4260590017e-09	0.000186558314741
1.75974388363e-12	0.000303676081221	0.0577971685323	4.61388749033e-09	9.08443800814e-09	0.000193709714284
1.96997096091e-12	0.000303676060275	0.0577971661808	4.97439299998e-09	9.79426019576e-09	0.000201135250508
2.20531271781e-12	0.000303676037693	0.0577971636456	5.36306697596e-09	1.05595450157e-08	0.000208845431951
2.46876946544e-12	0.000303676013346	0.0577971609123	5.78211038743e-09	1.13846261121e-08	0.000216851169971
2.76369994488e-12	0.000303675987097	0.0577971579655	6.2338961779e-09	1.22741757472e-08	0.000225163794192
3.0938641467e-12	0.000303675958797	0.0577971547884	6.72098270246e-09	1.32332312244e-08	0.000233795068535
3.46347124576e-12	0.000303675928285	0.0577971513631	7.24612821496e-09	1.42672233102e-08	0.000242757207865
3.87723326254e-12	0.00030367589539	0.0577971476701	7.81230648717e-09	1.5382007431e-08	0.000252062895277
4.340425135e-12	0.000303675859924	0.0577971436885	8.42272364825e-09	1.65838962033e-08	0.000261725300042
4.85895196679e-12	0.000303675821687	0.0577971393959	9.08083634001e-09	1.78796956263e-08	0.000271758096246
5.4394243092e-12	0.000303675780463	0.0577971347679	9.79037129074e-09	1.92767436072e-08	0.00028217548214
6.08924243645e-12	0.000303675736017	0.0577971297782	1.05553464183e-08	2.0782951039e-08	0.000292992200228
6.81669068878e-12	0.000303675688099	0.0577971243986	1.13800935823e-08	2.24068474306e-08	0.000304223558134
7.63104308606e-12	0.000303675636436	0.0577971185988	1.22692831136e-08	2.41576282027e-08	0.00031588545026
8.54268155816e-12	0.000303675580737	0.0577971123457	1.32279502608e-08	2.60452077561e-08	0.000327994380276
9.56322829952e-12	0.000303675520685	0.0577971056041	1.42615237027e-08	2.80802748718e-08	0.000340567484481
1.0705693935e-11	0.000303675455942	0.0577970983357	1.53758562889e-08	3.02743535512e-08	0.000353622556043
1.1984643386e-11	0.000303675386139	0.0577970904994	1.65772581818e-08	3.26398680755e-08	0.000367178070182
1.34163815511e-11	0.000303675310883	0.0577970820507	1.78725325885e-08	3.51902139479e-08	0.000381253210311
1.50191611687e-11	0.000303675229746	0.057797072942	1.9269014284e-08	3.79398327238e-08	0.000395867895181
1.68134155107e-11	0.00030367514227	0.0577970631215	2.07746111446e-08	4.09042949434e-08	0.000411042807066
1.88220188747e-11	0.000303675047959	0.0577970525337	2.23978489264e-08	4.41003871734e-08	0.000426799421029
2.10705781942e-11	0.000303674946278	0.0577970411186	2.41479195423e-08	4.75462079306e-08	0.000443160035303
2.35877594847e-11	0.000303674836653	0.0577970288116	2.60347331105e-08	5.12612698213e-08	0.000460147802851
2.64056532881e-11	0.000303674718462	0.0577970155429	2.80689740702e-08	5.52666100094e-08	0.000477786764117
2.95601837712e-11	0.000303674591037	0.0577970012375	3.0262161681e-08	5.95849091202e-08	0.000496101881043
3.30915666968e-11	0.000303674453654	0.0577969858144	3.26267152494e-08	6.42406204708e-08	0.00051511907239
3.70448221024e-11	0.000303674305538	0.0577969691861	3.51760244512e-08	6.9260107293e-08	0.000534865250407
4.14703482228e-11	0.000303674145848	0.0577969512586	3.79245251478e-08	7.46717932795e-08	0.000555368358904
4.64245639734e-11	0.000303673973681	0.0577969319304	4.08877811263e-08	8.05063225664e-08	0.000576657412794
5.19706281813e-11	0.000303673788062	0.0577969110919	4.40825722248e-08	8.67967337051e-08	0.000598762539135
5.81792447355e-11	0.000303673587939	0.0577968886252	4.75269893437e-08	9.35786467342e-08	0.000621715019754
6.51295639162e-11	0.00030367337218	0.057796864403	5.12405368781e-08	1.00890464462e-07	0.000645547335502
7.29101913937e-11	0.000303673139563	0.0577968382883	5.52442431544e-08	1.08773590405e-07	0.000670293212203
8.16203177568e-11	0.00030367288877	0.0577968101331	5.95607794926e-08	1.17272663039e-07	0.000695987668361
9.13709829692e-11	0.000303672618381	0.057796779778	6.42145885716e-08	1.2643580838e-07	0.000722667064698
1.02286491869e-10	0.000303672326866	0.057796747051	6.92320228212e-08	1.36314912539e-07	0.000750369155583
1.14505998754e-10	0.000303672012574	0.057796711767	7.46414936257e-08	1.46965915488e-07	0.000779133142439
1.28185281247e-10	0.000303671673724	0.0577966737261	8.0473632183e-08	1.58449127914e-07	0.000808999729187
1.43498726055e-10	0.000303671308399	0.0577966327129	8.67614629287e-08	1.70829572282e-07	0.000840011179813
1.60641551917e-10	0.00030367091453	0.0577965884951	9.35405905084e-08	1.84177351422e-07	0.000872211378145
1.79832298094e-10	0.000303670489887	0.0577965408224	1.00849401353e-07	1.9856804499e-07	0.000905645889908
2.01315610091e-10	0.000303670032064	0.0577964894249	1.08729281003e-07	2.14083137571e-07	0.000940362027167
2.25365358121e-10	0.000303669538471	0.0577964340114	1.17224848401e-07	2.30810479746e-07	0.000976408915219
2.52288128065e-10	0.000303669006311	0.0577963742684	1.26384208493e-07	2.48844785693e-07	0.00101383756206
2.82427129386e-10	0.000303668432573	0.0577963098573	1.36259224551e-07	2.68288168978e-07	0.0010527009305
3.1616656982e-10	0.000303667814006	0.0577962404137	1.46905811771e-07	2.89250720864e-07	0.00109305401305
3.53936552572e-10	0.00030366714711	0.0577961655441	1.58384253793e-07	3.11851133254e-07	0.00113495390963
3.96218558421e-10	0.000303666428109	0.0577960848249	1.70759543952e-07	3.36217370479e-07	0.00117845990831
4.43551582581e-10	0.00030366565293	0.0577959977988	1.84101753167e-07	3.62487393821e-07	0.00122363356911
4.96539004506e-10	0.000303664817186	0.0577959039732	1.98486426563e-07	3.90809941665e-07	0.00127053881096
5.55856278153e-10	0.000303663916145	0.0577958028167	2.13995011067e-07	4.21345372141e-07	0.00131924200207
6.22259540685e-10	0.000303662944705	0.0577956937568	2.30715316387e-07	4.5426657017e-07	0.00136981205367
6.96595249256e-10	0.000303661897367	0.0577955761759	2.48742011989e-07	4.89759925336e-07	0.00142232051738
7.79810968645e-10	0.0003036607682	0.0577954494083	2.68177162868e-07	5.28026387468e-07	0.00147684168626
8.72967447125e-10	0.000303659550814	0.0577953127362	2.89130807152e-07	5.69282602716e-07	0.00153345269978
9.77252134375e-10	0.000303658238315	0.057795165386	3.11721578796e-07	6.13762140106e-07	0.00159223365269
1.09399431357e-09	0.000303656823273	0.0577950065233	3.36077378881e-07	6.61716812125e-07	0.00165326770815
1.22468204034e-09	0.000303655297679	0.0577948352488	3.6233609931e-07	7.13418100001e-07	0.00171664121509
1.37098110431e-09	0.000303653652896	0.0577946505929	3.90646402984e-07	7.69158688551e-07	0.00178244383013
1.5347562545e-09	0.000303651879613	0.0577944515102	4.21168564868e-07	8.29254122157e-07	0.00185076864403
1.71809495899e-09	0.000303649967793	0.0577942368737	4.54075378677e-07	8.94044588962e-07	0.00192171231302
1.92333400109e-09	0.000303647906615	0.0577940054683	4.89553134316e-07	9.63896844945e-07	0.00199537519519
2.15308925055e-09	0.000303645684411	0.0577937559842	5.27802671568e-07	1.03920628699e-06	0.00207186149188
2.41028898868e-09	0.000303643288605	0.0577934870092	5.69040515971e-07	1.12039918901e-06	0.00215127939466
2.69821121141e-09	0.000303640705637	0.0577931970206	6.13500103299e-07	1.20793511133e-06	0.00223374123773
3.02052538471e-09	0.000303637920889	0.0577928843772	6.61433099521e-07	1.30230949787e-06	0.00231936365617
3.38133918359e-09	0.000303634918602	0.0577925473093	7.13110823688e-07	1.40405647624e-06	0.0024082677502
3.78525080898e-09	0.000303631681786	0.0577921839093	7.68825781739e-07	1.51375187579e-06	0.00250057925561
4.2374075477e-09	0.000303628192125	0.0577917921204	8.2889331987e-07	1.63201648068e-06	0.00259642872069
4.74357131982e-09	0.000303624429874	0.0577913697254	8.93653406739e-07	1.7595195359e-06	0.00269595168983
5.31019204658e-09	0.000303620373748	0.0577909143339	9.63472554538e-07	1.89698252697e-06	0.00279928889402
5.94448977086e-09	0.000303616000797	0.057790423369	1.03874588971e-06	2.04518325318e-06	0.00290658644861
6.6545465735e-09	0.000303611286284	0.0577898940527	1.11989938491e-06	2.20496021789e-06	0.00301799605846
7.44940945247e-09	0.000303606203541	0.05778932339	1.20739226479e-06	2.37721736071e-06	0.0031336752308
8.33920547112e-09	0.000303600723819	0.0577887081523	1.30171959897e-06	2.56292915681e-06	0.00325378749612
9.33527063648e-09	0.000303594816127	0.0577880448589	1.40341509686e-06	2.76314611337e-06	0.00337850263735
1.04502941429e-08	0.000303588447056	0.0577873297577	1.51305411977e-06	2.9790006919e-06	0.00350799692755
1.16984798096e-08	0.000303581580592	0.0577865588038	1.63125692738e-06	3.21171369195e-06	0.00364245337659
1.30957267595e-08	0.000303574177914	0.0577857276368	1.75869217644e-06	3.46260112882e-06	0.00378206198689
1.46598316268e-08	0.000303566197173	0.057784831556	1.89608069136e-06	3.73308164539e-06	0.00392702001881
1.64107148557e-08	0.00030355759326	0.0577838654942	2.04419952768e-06	4.02468449881e-06	0.00407753226581
1.83706739535e-08	0.000303548317548	0.0577828239892	2.2038863509e-06	4.33905816545e-06	0.00423381133978
2.05646669019e-08	0.000303538317623	0.0577817011528	2.3760441551e-06	4.67797961217e-06	0.00439607796697
2.30206293096e-08	0.000303527536988	0.0577804906379	2.56164634745e-06	5.04336428513e-06	0.00456456129476
2.57698293125e-08	0.000303515914747	0.0577791856025	2.76174222677e-06	5.43727687045e-06	0.00473949920968
2.8847264703e-08	0.000303503385262	0.0577777786717	2.97746288639e-06	5.86194288677e-06	0.00492113866708
3.22921072966e-08	0.000303489877785	0.0577762618959	3.21002757383e-06	6.31976117122e-06	0.00510973603279
3.61482001383e-08	0.000303475316064	0.0577746267064	3.46075054237e-06	6.81331732935e-06	0.00530555743712
4.04646138099e-08	0.000303459617916	0.0577728638673	3.731048432e-06	7.34539821959e-06	0.00550887914171
4.52962688363e-08	0.000303442694767	0.0577709634236	4.02244822024e-06	7.91900755319e-06	0.00571998791948
5.07046320142e-08	0.000303424451158	0.0577689146456	4.33659578625e-06	8.53738269195e-06	0.00593918144821
5.67584954044e-08	0.000303404784214	0.0577667059688	4.67526513481e-06	9.20401273461e-06	0.006166768718
6.35348477551e-08	0.00030338358307	0.0577643249294	5.04036833025e-06	9.92265798983e-06	0.00640307045322
7.11198492685e-08	0.000303360728253	0.0577617580944	5.43396619405e-06	1.06973709377e-05	0.00664841954913
7.96099218992e-08	0.000303336091024	0.057758990987	5.85827982383e-06	1.15325187934e-05	0.00690316152369
8.91129687979e-08	0.000303309532659	0.0577560080058	6.31570299545e-06	1.2432807789e-05	0.00716765498503
9.97497380995e-08	0.000303280903682	0.0577527923377	6.80881551455e-06	1.34033093044e-05	0.00744227211475
1.11655348025e-07	0.000303250043044	0.0577493258652	7.34039758858e-06	1.44494879807e-05	0.00772739916766
1.24980992239e-07	0.000303216777229	0.0577455890651	7.91344529536e-06	1.55772319632e-05	0.00802343698818
1.39895846588e-07	0.000303180919302	0.0577415609008	8.53118722949e-06	1.67928854289e-05	0.0083308015438
1.56589200814e-07	0.000303142267886	0.0577372187061	9.19710241389e-06	1.81032835658e-05	0.00864992447593
1.75272841514e-07	0.000303100606053	0.0577325380595	9.91493956938e-06	1.95157901773e-05	0.00898125366849
1.96183715681e-07	0.000303055700146	0.0577274926503	1.06887378419e-05	2.10383381058e-05	0.00932525383437
2.19586907499e-07	0.000303007298501	0.0577220541337	1.15228490933e-05	2.26794726689e-05	0.0096824071202
2.4577896478e-07	0.000302955130086	0.0577161919754	1.24219618693e-05	2.44483983277e-05	0.0100532137295
2.75091615616e-07	0.000302898903031	0.0577098732847	1.33911271647e-05	2.63550288075e-05	0.0104381925642
3.07895920368e-07	0.000302838303059	0.057703062635	1.4435786115e-05	2.84100409149e-05	0.0108378818851
3.44606909229e-07	0.000302772991793	0.0576957218712	1.55617997498e-05	3.06249322995e-05	0.011252839991
3.8568876123e-07	0.000302702604954	0.0576878099032	1.67754809541e-05	3.30120834326e-05	0.0116836459155
4.31660586803e-07	0.000302626750418	0.0576792824834	1.80836287903e-05	3.55848240799e-05	0.0121309001439
4.8310288289e-07	0.000302545006141	0.0576700919689	1.94935653442e-05	3.83575045668e-05	0.0125952253465
5.40664737234e-07	0.00030245691794	0.0576601870663	2.10131752665e-05	4.13455721461e-05	0.0130772671309
6.05071866846e-07	0.00030236199711	0.057649512558	2.26509481915e-05	4.45656527924e-05	0.0135776948111
6.77135584915e-07	0.000302259717888	0.0576380090087	2.44160242238e-05	4.80356387615e-05	0.0140972021927
7.57762800577e-07	0.000302149514734	0.0576256124519	2.63182426937e-05	5.17747822665e-05	0.014636508375
8.47967167144e-07	0.000302030779434	0.0576122540537	2.83681943912e-05	5.58037956331e-05	0.0151963585665
9.48881506599e-07	0.000301902858007	0.0575978597532	3.05772774987e-05	6.01449583086e-05	0.0157775249143
1.06177165156e-06	0.000301765047408	0.0575823498789	3.29577574493e-05	6.4822231106e-05	0.0163808073456
1.18805186054e-06	0.000301616592022	0.0575656387378	3.55228309496e-05	6.98613780735e-05	0.0170070344185
1.32930197817e-06	0.000301456679933	0.0575476341783	3.82866944097e-05	7.52900963781e-05	0.0176570641812
1.4872865294e-06	0.000301284438955	0.0575282371224	4.12646170317e-05	8.11381545984e-05	0.0183317850364
1.66397595532e-06	0.000301098932435	0.057507341069	4.44730188149e-05	8.74375398077e-05	0.0190321166078
1.86157021838e-06	0.000300899154793	0.0574848315643	4.79295537345e-05	9.42226138261e-05	0.0197590106058
2.08252502659e-06	0.000300684026811	0.0574605856389	5.16531983576e-05	0.000101530278995	0.0205134516887
2.32958094925e-06	0.000300452390662	0.0574344712101	5.56643461555e-05	0.000109400153806	0.021296458314
2.60579572156e-06	0.000300203004666	0.0574063464485	5.99849077679e-05	0.00011787475868	0.0221090835761
2.91458006149e-06	0.000299934537777	0.0573760591072	6.46384174652e-05	0.000126999712144	0.0229524160235
3.2597373498e-06	0.000299645563804	0.0573434458121	6.96501460439e-05	0.000136823937583	0.0238275804499
3.64550755243e-06	0.000299334555356	0.0573083313137	7.50472203703e-05	0.000147399880699	0.0247357386513
4.07661579419e-06	0.000298999877539	0.0572705276988	8.085874976e-05	0.000158783737665	0.0256780901413
4.55832602246e-06	0.000298639781388	0.0572298335623	8.71159593532e-05	0.000171035693892	0.0266558728159
5.09650023004e-06	0.000298252397075	0.0571860331385	9.38523305975e-05	0.000184220173169	0.0276703635555
5.69766373552e-06	0.000297835726902	0.0571388953933	0.000101103748902	0.00019840609675	0.0287228787565
6.36907704841e-06	0.000297387638112	0.0570881730781	0.00010890865846	0.000213667151804	0.0298147747751
7.1188148722e-06	0.000296905855551	0.0570336017458	0.000117308224159	0.000230082068368	0.0309474482735
7.95585282147e-06	0.000296387954231	0.0569748987343	0.000126346500399	0.000247734903685	0.0321223364503
8.89016244757e-06	0.000295831351862	0.0569117621171	0.000136070606547	0.00026671533251	0.0333409171393
9.93281517858e-06	0.000295233301398	0.0568438696294	0.000146530908582	0.000287118941547	0.0346047087572
1.10960957828e-05	0.000294590883711	0.0567708775716	0.000157781206387	0.000309047525803	0.0359152700807
1.23936259565e-05	0.000293901000473	0.0566924197003	0.000169878925911	0.000332609384149	0.0372741998291
1.38404986152e-05	0.000293160367373	0.0566081061131	0.000182885315251	0.000357919610791	0.0386831360302
1.54534234283e-05	0.000292365507806	0.0565175221394	0.000196865643457	0.000385100378805	0.040143755141
1.72508840757e-05	0.0002915127472	0.0564202272487	0.000211889400586	0.000414281211124	0.0416577708966
1.92533076197e-05	0.000290598208154	0.0563157539908	0.000228030497231	0.000445599233637	0.0432269328561
2.14832462689e-05	0.000289617806609	0.0562036069864	0.000245367461418	0.000479199404213	0.0448530246139
2.39655716544e-05	0.000288567249292	0.0560832619869	0.00026398363036	0.000515234710498	0.0465378616404
2.67276815486e-05	0.000287442032687	0.0559541650275	0.000283967334149	0.000553866328371	0.048283288719
2.97997187049e-05	0.000286237443851	0.0558157316986	0.000305412068022	0.00059526373184	0.0500911769381
3.32148012031e-05	0.000284948563396	0.0556673465667	0.000328416649287	0.000639604744028	0.0519634202015
3.7009263149e-05	0.000283570271059	0.0555083488729	0.00035308535452	0.000687075514651	0.0539019312164
4.12229005042e-05	0.000282097255656	0.0553379621141	0.000379528037152	0.000737870337227	0.0559086374119
4.58992406063e-05	0.000280524022724	0.0551555799239	0.000407860249715	0.000792191634525	0.0579854787661
5.10857921849e-05	0.000278844914184	0.0549604608255	0.000438203198203	0.000850249516642	0.0601343948625
5.68343123305e-05	0.000277054126761	0.0547518329659	0.000470683791126	0.000912261366662	0.0623573220604
6.3201067214e-05	0.000275145736577	0.0545288952723	0.000505434591179	0.000978451254134	0.0646561862731
7.02470854311e-05	0.00027311372898	0.0542908190713	0.000542593708191	0.00104904918479	0.0670328949943
7.80383981799e-05	0.00027095203407	0.0540367502298	0.000582304624863	0.001124290168	0.0694893285452
8.66462594505e-05	0.000268654568383	0.0537658118751	0.000624715946362	0.00120441308334	0.0720273305193
9.61473383147e-05	0.000266215283121	0.0534771077554	0.000669981064545	0.00128965932786	0.074648697413
0.000106623874272	0.000263628219292	0.0531697262985	0.000718257727409	0.0013802712267	0.0773551674361
0.000118163785463	0.00026088756999	0.0528427454224	0.000769707504471	0.00147649019111	0.0801484085109
0.000130860718456	0.000257987749953	0.0524952381508	0.00082449513901	0.00157855461027	0.0830300054798
0.00014481402726	0.000254923472381	0.0521262790738	0.000882787778782	0.00168669746672	0.0860014465571
0.000160128612643	0.000251689844288	0.0517338632016	0.000944754077701	0.00180114304175	0.0890641090796
0.000176913932794	0.0002482826258	0.0513130952718	0.00101056433446	0.00192209414289	0.0922193101471
0.000195286215015	0.000244697832222	0.0508678916379	0.001080393163	0.00204975292359	0.0954684707368
0.000215365567127	0.000240932326963	0.0503974203282	0.00115440750714	0.00218430025922	0.09881257478
0.00023727618113	0.000236983752377	0.0499008989578	0.00123277093686	0.00232589554042	0.102252437601
0.000261145606087	0.000232850636571	0.0493776065467	0.00131564207036	0.00247467275701	0.105788689978
0.000287103858553	0.000228532500296	0.0488268959835	0.00140317286834	0.00263073642258	0.109421762282
0.000315282362161	0.000224029961652	0.0482482069961	0.00149550681186	0.00279415739532	0.113151868874
0.000345811089249	0.000219345087815	0.0476344959918	0.0015927768513	0.00296495471442	0.116978993007
0.000378820413982	0.00021448102528	0.0469893931059	0.00169511657559	0.00314310699911	0.120903403751
0.00041443918384	0.000209442161093	0.0463150299017	0.00180263786558	0.00332856362646	0.124924816908
0.000452790568925	0.000204234505011	0.0456113596442	0.00191543166233	0.00352121828287	0.129042501268
0.000493991367162	0.000198865553175	0.0448784912921	0.0020335705219	0.0037209115238	0.133255451509
0.000538149370129	0.000193344394275	0.0441130061378	0.00215710662104	0.00392742317782	0.137562379427
0.000585357782952	0.000187682173417	0.0433116461438	0.00228607965588	0.00414043519851	0.141962072996
0.000635706920707	0.000181890450794	0.0424823128736	0.00242051687123	0.00435962743464	0.146453430504
0.000689267866817	0.000175982830504	0.0416258895592	0.00256040023676	0.00458460372537	0.151034365774
0.000746094981268	0.000169974282646	0.0407434553846	0.00270568501005	0.00481490728049	0.155702505033
0.00080621599825	0.000163881845216	0.0398251603392	0.00285629817113	0.00504997204195	0.160455189294
0.000869651820763	0.000157722374898	0.0388825059668	0.00301217942121	0.00528922123463	0.165290819309
0.000936397362922	0.000151514174494	0.0379183265527	0.00317320466171	0.00553203069958	0.170206411587
0.00100642265987	0.000145276446819	0.0369343188978	0.0033392168978	0.00577772134741	0.175198599497
0.00107966054838	0.000139030032373	0.0359204552331	0.00351003083611	0.00602549755454	0.180263803409
0.00115604360086	0.000132794063378	0.034891482753	0.00368549023178	0.00627461066629	0.185399948718
0.00123546766955	0.000126588804999	0.0338498330432	0.00386535686598	0.00652426811555	0.190603098995
0.00131780102082	0.000120434500894	0.0327929253744	0.00404936734961	0.00677364259441	0.195869130966
0.00140287778167	0.000114351688476	0.0317218544312	0.00423726240273	0.00702181719845	0.201194583927
0.00149053359885	0.00010835851504	0.0306463513889	0.00442877384206	0.00726798542704	0.206576228781
0.00158056902266	0.00010247319433	0.0295691939338	0.00462357620187	0.00751131469064	0.212009610117
0.00167274758687	9.6713852279e-05	0.0284830074965	0.0048213270239	0.00775090857455	0.217490166707
0.00176684582737	9.10954263626e-05	0.0274008450433	0.00502174018553	0.00798597136267	0.223015246004
0.00186261099967	8.56323187801e-05	0.0263257716254	0.00522445278311	0.00821573693816	0.228580301843
0.0019597719698	8.03376093342e-05	0.0252558501142	0.00542909188012	0.00843945752998	0.23418068078
0.0020580418445	7.52229932721e-05	0.0241947613614	0.00563531570535	0.00865637290354	0.239812731034
0.00215714866073	7.02973063249e-05	0.0231488930286	0.00584277628255	0.00886587439769	0.245472707132
0.00225680308675	6.55683055399e-05	0.0221204699105	0.00605109504822	0.00906738517853	0.251156005175
0.00235670004633	6.10426105031e-05	0.021105898515	0.00625989709765	0.0092603335095	0.256858053462
0.00245656411354	5.67238550976e-05	0.0201133264378	0.00646887009738	0.0094442696501	0.262575900096
0.00255611044213	5.26146594696e-05	0.0191445114201	0.00667765303808	0.00961881130693	0.268305088339
0.00265505971952	4.87160864785e-05	0.0181999870436	0.00688589528725	0.00978364023868	0.274041207203
0.00275313348808	4.50280213002e-05	0.0172793265734	0.00709326960621	0.00993846532336	0.279780223996
0.00285008479192	4.15482388622e-05	0.0163867990129	0.00729948600878	0.0100831139995	0.285518849621
0.00294566986192	3.82736754324e-05	0.0155233419628	0.00750423482245	0.0102174764578	0.291252903021
0.00303965948406	3.5200167143e-05	0.014689390273	0.00770722284873	0.010341505656	0.296978273934
0.00313182608693	3.23230405048e-05	0.013881392989	0.00790817802845	0.0104551620957	0.302691045844
0.00322199188781	2.96358114057e-05	0.0131045624574	0.00810690670514	0.0105585135036	0.308389155561
0.00330998199	2.71318279245e-05	0.0123590697949	0.00830316844874	0.0106516921355	0.314068791846
0.00339564036159	2.48038769507e-05	0.0116449208509	0.0084967417334	0.0107348797327	0.319726226297
0.00347882677413	2.2644398351e-05	0.010959294268	0.00868742404116	0.010808292424	0.325357815716
0.00355935451019	2.06471585172e-05	0.0102879186942	0.0088750758582	0.0108719383641	0.330961389669
0.00363720950606	1.88020006011e-05	0.00964921471167	0.00905984227483	0.0109260720351	0.336543145763
0.00371232017269	1.7100690355e-05	0.00904254505138	0.00924156647237	0.0109710534467	0.342099981191
0.00378463229328	1.55349649109e-05	0.0084671684343	0.00942010943641	0.0110072665633	0.347628866359
0.00385410827077	1.40966157497e-05	0.00792225528659	0.00959534935627	0.0110351147076	0.353126844866
0.003920726269	1.27775598064e-05	0.00740690261327	0.00976718095664	0.0110550161813	0.358591033859
0.00398377861407	1.15831120495e-05	0.00675793977656	0.00993550505668	0.0110654322822	0.364018624742
0.00404395977662	1.04929932729e-05	0.00614566293714	0.0101043017124	0.0110646908944	0.369542177878
0.00410150535144	9.49744126657e-06	0.00558432396499	0.0102738821238	0.0110533948777	0.375179570754
0.00415651507956	8.58958049477e-06	0.00507042042145	0.0104441345937	0.0110321662154	0.380935075613
0.00420908946721	7.76280543279e-06	0.00460056549116	0.0106149556764	0.0110016053149	0.386813187826
0.00425932893203	7.01081550068e-06	0.00417150891427	0.0107862495917	0.0109622894787	0.392818630892
0.00430733309583	6.32763828856e-06	0.00378015177044	0.0109579276704	0.0109147718946	0.398956363191
0.00435340303067	5.70493031777e-06	0.00346473668434	0.0111299100889	0.0108600925651	0.405231586375
0.00439756762916	5.13830032782e-06	0.00318849033666	0.0113000380269	0.010800662695	0.411570604175
0.00443969297767	4.6253132599e-06	0.00293294156875	0.0114674470735	0.0107372060351	0.417942384057
0.00447983595475	4.16128308487e-06	0.00269671230252	0.0116321141713	0.0106700808569	0.424346004191
0.00451805514146	3.74187437172e-06	0.00247849340894	0.0117940222714	0.010599630227	0.430780504666
0.00455441042112	3.36308512593e-06	0.00227704446686	0.0119531598902	0.0105261818376	0.437244886459
0.00458896261265	3.02122892118e-06	0.00209119295263	0.0121095206888	0.0104500479516	0.443738110663
0.00462177313614	2.7129166815e-06	0.00191983296037	0.0122631030745	0.0103715254457	0.450259097972
0.00465290370897	2.43503840867e-06	0.00176192354169	0.0124139098248	0.010290895941	0.456806728401
0.00468241607122	2.1847450942e-06	0.00161648674307	0.0125619477317	0.0102084260075	0.46337984124
0.00471037173855	1.95943100711e-06	0.00148260540958	0.0127072272667	0.0101243674316	0.469977235215
0.00473683178105	1.75671650709e-06	0.00135942081465	0.0128497622656	0.0100389575375	0.476597668857
0.00476185662647	1.5744314963e-06	0.00124613016726	0.0129895696326	0.0099524195531	0.483239861065
0.00478550588627	1.41059959277e-06	0.00114198404078	0.0131266690613	0.00986496301199	0.489902491855
0.00480783820285	1.26342308248e-06	0.00104628376095	0.0132610827746	0.0097767841847	0.496584203273
0.00482891111666	1.13126868547e-06	0.000958378784507	0.01339283528	0.00968806653256	0.503283600483
0.00484878095151	1.01265415382e-06	0.000877664094708	0.0135219531412	0.00959898117859	0.509999252998
0.0048675027169	9.06235704512e-07	0.000803577635366	0.0136484647643	0.00950968739001	0.516729696066
0.00488513002593	8.10796278812e-07	0.00073559780085	0.0137724001987	0.00942033306819	0.523473432182
0.00490171502752	7.2523461046e-07	0.00067324099597	0.013893790951	0.00933105524197	0.530228932732
0.00491722032584	6.48977152397e-07	0.00059513090371	0.0140126698119	0.00924181357954	0.536994639744
0.00493135052901	5.8275698858e-07	0.000504174769503	0.0141331773333	0.00914796827929	0.544011497972
0.00494454099266	5.24014810845e-07	0.000417222433586	0.0142609726034	0.00904472759987	0.551636054935
0.0049568891952	4.7200460387e-07	0.000334351640333	0.0143998048651	0.00892854771173	0.560144706285
0.00496996101084	4.20501432573e-07	0.000545487364852	0.0145556587273	0.00879625728052	0.569993133235
0.00497974678205	3.83737525831e-07	0.000192609544944	0.0146415715466	0.00872775964228	0.575558386385
0.00499103112072	3.4414967687e-07	0.000171643642982	0.014860193442	0.00852887782382	0.590197226124
0.00500239218594	3.08095476454e-07	0.000155829497741	0.0150800987601	0.00832833761866	0.605663421047
0.00501365629973	2.75820547677e-07	0.000141452441801	0.0152969411653	0.00813019434305	0.621698394124
0.00502483363082	2.4693616393e-07	0.000128350478538	0.0155107871358	0.0079344147701	0.638334185612
0.00503594054864	2.21079718849e-07	0.000116463521586	0.0157217608232	0.00774091592804	0.655610263091
0.00504705178667	1.97809143703e-07	0.000106948678733	0.0159298945606	0.00754979290526	0.673561770346
0.00505812460423	1.76957020434e-07	9.83642447991e-05	0.0161327292005	0.00736345137913	0.691993606532
0.00506913512169	1.58308990457e-07	9.01753585582e-05	0.0163300674344	0.0071820705985	0.710885405069
0.00507995306064	1.41826766392e-07	8.08455225655e-05	0.0165226709786	0.00700472356381	0.73031002084
0.0050907577274	1.27041355878e-07	7.27604790488e-05	0.0167150287354	0.00682718791658	0.750761872043
0.00510156516502	1.1379133727e-07	6.5604491059e-05	0.0169063816625	0.0066502474719	0.772236982798
0.00511238936231	1.01928849559e-07	5.91580446405e-05	0.0170963730751	0.00647428042161	0.794769379794
0.00512331871111	9.12479593306e-08	5.41499648332e-05	0.0172849930498	0.00629940991712	0.818435445902
0.00513434884337	8.16489510704e-08	4.98048780088e-05	0.0174694353572	0.00612843615068	0.842935868698
0.00514543454808	7.30601584846e-08	4.58086509534e-05	0.0176488720312	0.00596213737473	0.868174109153
0.00515657727378	6.53744956948e-08	4.2141337868e-05	0.0178234389661	0.00580038721936	0.89417224274
0.00516777616666	5.84976208023e-08	3.87678998206e-05	0.0179932350023	0.00564309352366	0.920947569638
0.00517903132349	5.23443827762e-08	3.56654889533e-05	0.0181583900614	0.00549013402046	0.948522734555
0.00519034330186	4.68383593168e-08	3.28140939596e-05	0.0183190273707	0.00534139344332	0.976920420452
0.00520171147366	4.1911697677e-08	3.0190766743e-05	0.0184752577034	0.00519676757315	1.00616206362
0.00521313562101	3.75034435375e-08	2.77759457396e-05	0.0186272021324	0.00505614220399	1.03627196159
0.00522461520876	3.35591660973e-08	2.55530015752e-05	0.0187749852757	0.00491939912773	1.06727654861
0.00523615068652	3.00298499884e-08	2.3508043214e-05	0.0189187293635	0.00478642330955	1.09920346914
0.00524769103508	2.68853190141e-08	2.13601973229e-05	0.0190585445748	0.00465706530846	1.13207942416
0.00525924397702	2.4083920955e-08	1.93074549353e-05	0.0191962492623	0.00452952072493	1.16637104003
0.00527090279655	2.15730469525e-08	1.75839451153e-05	0.0193326328962	0.00440308321718	1.20237225181
0.00528276780148	1.93077561729e-08	1.61790651508e-05	0.019466710237	0.00427882005943	1.23992221689
0.00529475188908	1.72806691492e-08	1.48866458805e-05	0.0195971103453	0.00415802962265	1.27868212129
0.00530685779905	1.54666736115e-08	1.36985253716e-05	0.0197239341668	0.00404061621958	1.31869233951
0.00531908816318	1.38433268798e-08	1.26058421145e-05	0.0198472721699	0.00392649437058	1.35999198377
0.00533144510451	1.23906123269e-08	1.16004934212e-05	0.0199672159927	0.00381557688681	1.40262237528
0.00534385305401	1.10985211464e-08	1.05294782028e-05	0.0200838586358	0.00370772044181	1.44662768918
0.00535638423554	9.94390345572e-09	9.53847846407e-06	0.0201988921897	0.00360128647869	1.49271581075
0.00536911437686	8.90828596662e-09	8.71633565034e-06	0.0203125792336	0.00349606133268	1.54113629364
0.00538212347777	7.97546477785e-09	8.02149214541e-06	0.020423972502	0.00339304028321	1.59161266683
0.00539534114835	7.14059823278e-09	7.38225352383e-06	0.0205323058388	0.00329294142868	1.64385772093
0.00540877534219	6.39332701112e-09	6.79536979597e-06	0.0206376631758	0.00319568535808	1.69793890529
0.00542243287771	5.72445668203e-09	6.25567778009e-06	0.0207401076931	0.00310121245847	1.75391607327
0.0054363202684	5.12577391e-09	5.75902533496e-06	0.0208397139858	0.00300945132309	1.81185752355
0.00545044375487	4.58994138399e-09	5.30106971235e-06	0.0209365606264	0.00292032622337	1.87183756366
0.00546481242597	4.11030559186e-09	4.87967089059e-06	0.021030740362	0.00283374855598	1.93394468484
0.00547943491534	3.6809522055e-09	4.49224024314e-06	0.0211223269311	0.0027496481603	1.99826120375
0.00549432240407	3.29653388174e-09	4.13696008137e-06	0.0212113854419	0.00266796450333	2.0648678386
0.00550948082761	2.95239922135e-09	3.80991033722e-06	0.021297958687	0.00258865653797	2.13383089134
0.00552490378528	2.6445981827e-09	3.48842130958e-06	0.021382116019	0.00251165098373	2.20523952927
0.00554052089932	2.37076514541e-09	3.16723835703e-06	0.0214643954295	0.00243637698244	2.27962696236
0.00555646817806	2.1255132871e-09	2.87627451241e-06	0.0215455550364	0.00236213435578	2.35786911242
0.00557290772738	1.90430360498e-09	2.64928528064e-06	0.0216255944455	0.00228898536719	2.44024004901
0.00558975060776	1.70623876122e-09	2.44034088041e-06	0.0217033991685	0.00221800031648	2.5257696318
0.00560701411525	1.5288883116e-09	2.24800077725e-06	0.0217790311824	0.00214912012294	2.61459228571
0.00562471644545	1.37007770109e-09	2.07093974661e-06	0.021852550734	0.00208228739106	2.70684866806
0.00564287674474	1.22786126985e-09	1.90793862611e-06	0.0219240163872	0.00201744636387	2.80268596124
0.00566151518092	1.10049800564e-09	1.75788509335e-06	0.0219934850704	0.00195454288326	2.90225817666
0.00568065305519	9.86429626591e-10	1.61974897738e-06	0.0220610117722	0.00189352471394	3.00572591392
0.00570031256249	8.84262984476e-10	1.49256664752e-06	0.0221266497784	0.00183434120725	3.11325682028
0.00572051718212	7.92750746116e-10	1.3754650961e-06	0.0221904514318	0.00177694265551	3.22502710836
0.00574129164017	7.10776710413e-10	1.26764111257e-06	0.0222524676129	0.00172128077541	3.34122112288
0.00576266197881	6.37341990629e-10	1.16835569077e-06	0.0223127477805	0.00166730866782	3.46203169598
0.00578465713788	5.71548269778e-10	1.07711471235e-06	0.0223713400162	0.00161498120034	3.58766051165
0.00580730529327	5.12597700526e-10	9.93131114991e-07	0.0224282811731	0.00156426380027	3.71829494897
0.00583063506496	4.59777374433e-10	9.15770016424e-07	0.0224836141108	0.00151511560858	3.85414392119
0.00585467762162	4.12446300614e-10	8.4450592052e-07	0.0225373837831	0.00146749393034	3.99543289892
0.00587946573379	3.70030766205e-10	7.78855184898e-07	0.022589633881	0.00142135729446	4.14239722664
0.00590503386297	3.32017239481e-10	7.18374571648e-07	0.0226404068693	0.00137666541936	4.29528247472
0.00593141867419	2.97945488255e-10	6.62674201496e-07	0.0226897438955	0.00133337940145	4.45434436318
0.0059586576617	2.67404734336e-10	6.11351513408e-07	0.0227376834613	0.00129146271243	4.61984407388
0.00598674595693	2.40067107607e-10	5.58785623806e-07	0.0227842646735	0.0012508689298	4.79205900082
0.00601520969521	2.16037926329e-10	4.943719951e-07	0.0228299425436	0.00121103921939	4.97299938292
0.0060448658189	1.94429678154e-10	4.43908335829e-07	0.0228762579262	0.0011705892736	5.16999836878
0.00607648418387	1.74669311958e-10	4.09922876459e-07	0.0229225403269	0.00113031694092	5.38199057669
0.00610961552681	1.56953262453e-10	3.78603908645e-07	0.0229674715036	0.00109143413488	5.60389857736
0.00614435896773	1.41067997802e-10	3.49749283667e-07	0.0230110886883	0.00105390724546	5.83622216617
0.00618082103729	1.26822168465e-10	3.23164629184e-07	0.0230534269971	0.0010177048716	6.07947706204
0.00621911361234	1.14045158432e-10	2.9865941576e-07	0.0230945202885	0.000982796546008	6.33419781879
0.00625935695572	1.02583874639e-10	2.76069313699e-07	0.0231344028751	0.000949151468034	6.60094845157
0.00630167925439	9.23012714039e-11	2.55243023116e-07	0.0231731081116	0.000916739752453	6.88031472697
0.00634621696956	8.30746612061e-11	2.3604123509e-07	0.0232106684324	0.000885532373493	7.17290366688
0.00639311743045	7.47938229184e-11	2.18375765582e-07	0.0232471153937	0.000855501410085	7.47934279906
0.00644253728274	6.73599968956e-11	2.02108194066e-07	0.0232824733351	0.000826626104465	7.80021860528
0.00649463182869	6.06860555538e-11	1.87100400081e-07	0.0233167680332	0.000798882824126	8.13613894788
0.00654957023972	5.4693116291e-11	1.73253311408e-07	0.0233500294504	0.000772244292226	8.48776672862
0.00660753054632	4.93105415463e-11	1.60475658107e-07	0.0233822868041	0.000746683782428	8.85577759396
0.0066686996037	4.44750728549e-11	1.4868335395e-07	0.0234135686083	0.000722175047037	9.24085754397
0.00673315216242	4.01378009628e-11	1.36857612035e-07	0.0234439026127	0.000698679700752	9.643700207
0.00680097008923	3.62551519762e-11	1.2544144638e-07	0.0234735143329	0.000675961529149	10.0679817205
0.0068727510174	3.27644379064e-11	1.15026734921e-07	0.0235025537896	0.000653908509164	10.5171381791
0.00694929582546	2.96088934265e-11	1.0670777329e-07	0.023531023959	0.00063256746975	10.9928078559
0.00703059396877	2.67694729882e-11	9.90986195947e-08	0.02355861756	0.000612217405001	11.4908511938
0.00711688103501	2.42152715938e-11	9.20681274244e-08	0.02358534037	0.000592848997287	12.0116608735
0.007208444973	2.19167972802e-11	8.55708465858e-08	0.0236112190671	0.000574435774699	12.555949459
0.00730557943689	1.98476339114e-11	7.95648648147e-08	0.0236362799484	0.000556951052528	13.1244011646
0.00740858205469	1.79841198752e-11	7.40115335485e-08	0.0236605489656	0.000540367864078	13.7176664791
0.00751775248337	1.63050606756e-11	6.88752160708e-08	0.0236840517536	0.000524658904543	14.3363571338
0.00763339027237	1.47914718041e-11	6.41230562008e-08	0.023706813653	0.000509796489997	14.9810415707
0.00775579256497	1.34263486542e-11	5.9724765808e-08	0.0237288597231	0.000495752533173	15.6522410576
0.00788525810888	1.21944040184e-11	5.56686950581e-08	0.0237502147477	0.000482498931204	16.3504265796
0.00802210345921	1.10817273152e-11	5.19302180704e-08	0.0237708974103	0.000470014518345	17.0758013674
0.00816655234269	1.00764593349e-11	4.84633599475e-08	0.0237909247073	0.000458274302316	17.8283953391
0.00831885033456	9.16764389237e-12	4.52468148696e-08	0.0238103217897	0.000447246839806	18.608452264
0.00847922595649	8.34547315664e-12	4.2260962779e-08	0.0238291133925	0.000436900514373	19.4161617922
0.00864788830768	7.60116799122e-12	3.94877445935e-08	0.0238473237965	0.000427203624601	20.2516616077
0.00882502485299	6.92687058976e-12	3.69105464208e-08	0.0238649767854	0.000418124482657	21.1150403586
0.00901079939567	6.31554811133e-12	3.45140919186e-08	0.0238820955996	0.00040963152002	22.0063412275
0.00920535025443	5.76090616667e-12	3.22843420461e-08	0.0238987028888	0.000401693396997	22.9255659834
0.00940878865712	5.2573111383e-12	3.02084015571e-08	0.0239148206653	0.000394279112764	23.8726793503
0.00962120568671	4.7997036865e-12	2.8280961346e-08	0.0239304702589	0.000387358448421	24.8476135281
0.0098427397108	4.38340666802e-12	2.65022489381e-08	0.0239456689191	0.000380908120792	25.8500379195
0.01007329801	4.00457244075e-12	2.48414290936e-08	0.023960426422	0.000374904402037	26.8790522355
0.0103128411711	3.65957167643e-12	2.32896679088e-08	0.0239747630207	0.000369316732464	27.9344244057
0.0105612956384	3.34515480103e-12	2.18388670168e-08	0.023988698043	0.000364115496651	29.0159076823
0.0108185535556	3.05841087817e-12	2.0481603809e-08	0.0240022498762	0.000359272088753	30.1232440934
0.0110844728036	2.79673081984e-12	1.92110755769e-08	0.0240154359598	0.000354758965176	31.2561673507
0.0113588772225	2.55777450338e-12	1.80210474259e-08	0.0240282727864	0.000350549685099	32.4144052087
0.0116415570122	2.33944141208e-12	1.69058038185e-08	0.0240407759085	0.000346618939608	33.5976812914
0.0119322693048	2.13984445091e-12	1.58601036061e-08	0.0240529599536	0.000342942570466	34.805716419
0.012230738906	1.95728661946e-12	1.48791384083e-08	0.0240648386439	0.000339497579639	36.0382294777
0.0125366880834	1.79022533921e-12	1.39662315637e-08	0.0240764248219	0.000336262905661	37.2949378833
0.0128498911091	1.63722596564e-12	1.31160015864e-08	0.0240877244152	0.000333226893223	38.574838272
0.0131697980767	1.49712441521e-12	1.23165015736e-08	0.0240987426779	0.000330371239139	39.8768049928
0.0134959734	1.36879513239e-12	1.15644495571e-08	0.0241094908629	0.000327676019224	41.2004400622
0.0138279540226	1.25122090293e-12	1.0856823859e-08	0.024119979392	0.000325122546864	42.5453430496
0.0141652514558	1.14348110086e-12	1.01908388374e-08	0.0241302179026	0.000322693344545	43.9111100968
0.0145073539816	1.04474129343e-12	9.56392280451e-09	0.0241402152957	0.000320372112911	45.2973328349
0.0148537290149	9.54244051363e-13	8.97369797481e-09	0.0241499797835	0.000318143698009	46.7035972401
0.0152038256108	8.71300826804e-13	8.4179622986e-09	0.0241595189373	0.000315994057203	48.1294824655
0.0155570771045	7.95284775932e-13	7.89467303944e-09	0.024168839734	0.000313910224159	49.574559678
0.0159129038662	7.25624415713e-13	7.40193195935e-09	0.0241779486026	0.000311880273168	51.0383909223
0.0162707991634	6.61783537525e-13	6.94357802742e-09	0.0241868514774	0.000309894864559	52.5205280328
0.0166302228802	6.03275238513e-13	6.51494744357e-09	0.0241955468802	0.000307952048864	54.0192694884
0.0169903720552	5.49690465424e-13	6.11086962985e-09	0.0242040358224	0.00030604321058	55.5332442809
0.0173505984764	5.00628191727e-13	5.72998637873e-09	0.0242123236022	0.000304159059849	57.0618424511
0.0177102564106	4.55720903487e-13	5.37102568912e-09	0.0242204151177	0.000302291268384	58.6044403488
0.0180687060232	4.14631415074e-13	5.03279405954e-09	0.0242283149069	0.000300432427315	60.1603999726
0.0184253167405	3.77050047514e-13	4.71416961929e-09	0.0242360271873	0.000298576004988	61.7290684368
0.0187794705244	3.42692124008e-13	4.41409601488e-09	0.024243555891	0.000296716304707	63.309777564
0.0191305650271	3.11295742679e-13	4.13157697518e-09	0.0242509046986	0.000294848422419	64.9018436029
0.0194780165999	2.82619791506e-13	3.86567148413e-09	0.0242580770702	0.000292968204367	66.50456707
0.0198212616159	2.56442285642e-13	3.61540704021e-09	0.0242650762736	0.00029107218253	68.1172327124
0.0201583435043	2.32657938852e-13	3.35203200206e-09	0.0242719054037	0.000289137068384	69.7391472601
0.0204903937676	2.10966841932e-13	3.10655392197e-09	0.0242786242342	0.000287127583381	71.3838686152
0.0208171589444	1.91197570617e-13	2.87787772047e-09	0.0242852329888	0.000285046914122	73.0514604561
0.0211400997296	1.73097093055e-13	2.69339124735e-09	0.0242917321182	0.000282921078909	74.7419787704
0.0214571006565	1.56620933842e-13	2.52044499026e-09	0.0242980530315	0.000280796871349	76.4364866462
0.0217676160678	1.4163503931e-13	2.35774230521e-09	0.024304197824	0.000278672698462	78.1335336819
0.0220712082508	1.28012385872e-13	2.20473535467e-09	0.0243101701807	0.000276546792906	79.8321047349
0.0223674778193	1.15636210696e-13	2.06090389214e-09	0.0243159736654	0.000274417922494	81.5311777533
0.0226560649503	1.04399184405e-13	1.9257535124e-09	0.0243216117387	0.000272285344623	83.2297252576
0.022936650275	9.42026600079e-14	1.79881409063e-09	0.024327087774	0.000270148761582	84.9267159554
0.0232089554217	8.49559890479e-14	1.67963838679e-09	0.0243324050711	0.000268008276882	86.6211164805
0.023472743219	7.65758971978e-14	1.56780079366e-09	0.024337566869	0.000265864352749	88.3118932454
0.0237278175674	6.89859125969e-14	1.46289620938e-09	0.0243425763557	0.000263717768923	89.9980143982
0.0239740229924	6.21158411567e-14	1.36453901736e-09	0.0243474366774	0.000261569582874	91.6784518708
0.0242112438974	5.59012838582e-14	1.27236215854e-09	0.024352150946	0.000259421091591	93.3521835073
0.0244394035343	5.02831917563e-14	1.18601628257e-09	0.0243567222448	0.000257273795034	95.0181952592
0.0246585044093	4.5206517888e-14	1.10643815883e-09	0.0243611536337	0.000255129792864	96.6754834338
0.0248686985373	4.06182310875e-14	1.03310149803e-09	0.0243654432432	0.00025299739709	98.3211332215
0.0250697611862	3.647824009e-14	9.64331031755e-10	0.0243695891177	0.000250880906979	99.9520112493
0.0252617305559	3.27449716103e-14	8.99869991543e-10	0.0243735948936	0.000248781511957	101.567096083
0.0254446799351	2.93804517587e-14	8.39473962789e-10	0.0243774641637	0.000246700520933	103.165398965
0.0256187153079	2.63500184974e-14	7.8291037137e-10	0.0243812004799	0.00024463933127	104.745966363
0.0257839728187	2.36220558546e-14	7.29958003246e-10	0.024384807355	0.000242599400151	106.307882397
0.0259406161301	2.11677480687e-14	6.8040655177e-10	0.0243882882635	0.000240582218361	107.85027114
0.0260888337112	1.89608520563e-14	6.34056188281e-10	0.0243916466423	0.000238589286487	109.37229876
0.0262288360882	1.69774867826e-14	5.90717152255e-10	0.0243948858898	0.000236622093523	110.873175489
0.0263608530925	1.5195938271e-14	5.50209357981e-10	0.0243980093658	0.000234682097846	112.352157403
0.0264851311346	1.35964791174e-14	5.12362015247e-10	0.0244010203899	0.000232770710502	113.808547985
0.0266019305327	1.21612014876e-14	4.77013262085e-10	0.0244039222403	0.000230889280749	115.241699483
0.0267115363387	1.08737085638e-14	4.44339419716e-10	0.0244067181519	0.000229039198826	116.651014025
0.0268143070504	9.71839564121e-15	4.14376571718e-10	0.0244094093075	0.000227224328752	118.034897593
0.0269104138978	8.68319141515e-15	3.86361147968e-10	0.0244119952884	0.000225448352037	119.390898265
0.0270001416867	7.75600549406e-15	3.60174821784e-10	0.024414479602	0.000223711821952	120.71861984
0.0270837793808	6.92590812264e-15	3.35705609498e-10	0.0244168656846	0.000222015221539	122.017727655
0.0271616179066	6.18302620548e-15	3.12847604284e-10	0.0244191569002	0.000220358957322	123.287947911
0.0272339481349	5.51844777763e-15	2.9150071689e-10	0.024421356539	0.000218743354734	124.529066712
0.027301059046	4.9241343137e-15	2.71570422889e-10	0.024423467817	0.000217168655131	125.740928832
0.0273632360819	4.39284030949e-15	2.52967516184e-10	0.0244254938744	0.000215635014212	126.923436242
0.0274207596861	3.91803960773e-15	2.35607868675e-10	0.0244274377752	0.000214142501718	128.07654639
0.0274739040286	3.49385797383e-15	2.19412196026e-10	0.0244293025062	0.000212691102245	129.200270287
0.0275229359115	3.11501145893e-15	2.0430582957e-10	0.0244310909767	0.000211280717023	130.294670401
0.027568113849	2.776750116e-15	1.90218494439e-10	0.0244328060178	0.00020991116653	131.359858385
0.0276096912307	2.474778628e-15	1.77185710841e-10	0.0244344503822	0.00020858222341	132.395992671
0.0276479325832	2.20509085618e-15	1.65221801909e-10	0.0244360258301	0.000207294657215	133.402686878
0.0276830315757	1.9644982718e-15	1.54051754539e-10	0.0244375331512	0.000206049604229	134.378981939
0.0277152067759	1.74991062533e-15	1.43624661126e-10	0.0244389750912	0.000204846370253	135.325241491
0.0277446665766	1.55855801249e-15	1.33892663349e-10	0.024440354305	0.000203684216951	136.241867565
0.0277716090114	1.38795889878e-15	1.24810794117e-10	0.0244416733578	0.000202562365752	137.129297295
0.0277962216785	1.23589115143e-15	1.16336825161e-10	0.0244429347267	0.000201480001942	137.98799965
0.0278186817632	1.10036582191e-15	1.08431120289e-10	0.024444140802	0.000200436278857	138.818472222
0.027839156144	9.79603440196e-16	1.01056494311e-10	0.0244452938887	0.000199430322128	139.621238073
0.0278578015713	8.72012600491e-16	9.41780776365e-11	0.0244463962082	0.000198461233882	140.396842677
0.0278747649085	7.76170634168e-16	8.7763186508e-11	0.0244474499003	0.000197528096878	141.14585095
0.0278901834224	6.90806181886e-16	8.17811988382e-11	0.0244484570247	0.000196629978517	141.868844407
0.0279041851156	6.14783491474e-16	7.62034355833e-11	0.0244494195632	0.0001957659347	142.566418431
0.0279168898228	5.47084415171e-16	7.10280182502e-11	0.0244503394216	0.000194935018609	143.239179677
0.0279284154756	4.86765010714e-16	6.62809884214e-11	0.0244512181179	0.000194136638793	143.887511027
0.0279388545146	4.33069161091e-16	6.18489322144e-11	0.0244520563633	0.000193370816801	144.511244686
0.0279483017472	3.8527420531e-16	5.77112520685e-11	0.0244528559704	0.000192636475018	145.111074902
0.0279568447693	3.42735527252e-16	5.38486577506e-11	0.0244536186765	0.000191932548733	145.687696671
0.0279645643661	3.04878263579e-16	5.02430885055e-11	0.0244543461455	0.000191257988155	146.241803667
0.0279715349121	2.71189869763e-16	4.68776391988e-11	0.0244550399708	0.000190611760233	146.774086343
0.0279778247661	2.41213459172e-16	4.37364903245e-11	0.0244557016776	0.000189992850269	147.285230206
0.0279834966593	2.14541838012e-16	4.08048417469e-11	0.0244563327256	0.000189400263349	147.77591425
0.0279886080718	1.90812166103e-16	3.80688500383e-11	0.0244569345111	0.000188833025571	148.246809547
0.0279932115967	1.69701180088e-16	3.55155692759e-11	0.0244575083698	0.000188290185103	148.698577991
0.0279973552909	1.50920921733e-16	3.31328951555e-11	0.0244580555788	0.000187770813062	149.131871186
0.0280010830087	1.34214919491e-16	3.09095122809e-11	0.0244585773588	0.000187274004229	149.547329466
0.0280044347201	1.19354776575e-16	2.88348444887e-11	0.0244590748768	0.000186798877615	149.945581046
0.0280074486546	1.06129053182e-16	2.69335546084e-11	0.0244595492478	0.00018634458914	150.327241293
0.0280101558285	9.43657543789e-17	2.51591372684e-11	0.024460000924	0.000185910906575	150.692415312
0.0280125861181	8.39043257374e-17	2.35013009156e-11	0.0244604309454	0.000185497000288	151.041702273
0.0280147668361	7.46010223352e-17	2.19524272228e-11	0.0244608403406	0.000185102032512	151.375716226
0.0280167227489	6.6327912777e-17	2.05053902909e-11	0.0244612300908	0.000184725194595	151.695054503
0.0280184762921	5.89711496134e-17	1.91535255435e-11	0.0244616011312	0.000184365706628	152.000297497
0.0280200477714	5.24294271676e-17	1.78906004875e-11	0.0244619543536	0.000184022816997	152.29200853
0.0280214555485	4.66126067726e-17	1.67107872436e-11	0.0244622906077	0.000183695801888	152.570733786
0.0280227162135	4.14404915007e-17	1.56086367496e-11	0.0244626107036	0.000183383964737	152.837002323
0.0280238447438	3.68417343388e-17	1.45790545444e-11	0.0244629154132	0.000183086635642	153.091326137
0.0280248546509	3.27528654515e-17	1.36172780453e-11	0.0244632054721	0.000182803170742	153.334200285
0.0280257581151	2.91174256866e-17	1.27188552339e-11	0.0244634815812	0.000182532951561	153.566103057
0.0280265661089	2.58851948373e-17	1.18796246685e-11	0.0244637444081	0.000182275384335	153.787496181
0.0280272885998	2.30111504943e-17	1.11040882939e-11	0.0244639945891	0.000182029899902	153.998825077
0.0280279348266	2.04541734381e-17	1.03887488948e-11	0.0244642325466	0.0001817961375	154.200363612
0.0280285122204	1.81811397085e-17	9.71943649709e-12	0.024464458646	0.000181573781593	154.392344122
0.028029027978	1.61605491467e-17	9.09319642608e-12	0.0244646734762	0.00018136229128	154.575195848
0.0280294885644	1.43643910022e-17	8.50726282527e-12	0.0244648775969	0.000181161149678	154.749331052
0.0280298997839	1.27677582747e-17	7.9590466999e-12	0.0244650715404	0.000180969863026	154.915145474
0.0280302668449	1.13485045271e-17	7.44612470308e-12	0.0244652558128	0.0001807879598	155.073018779
0.0280305944191	1.00869385218e-17	6.96622862038e-12	0.0244654308948	0.000180614989853	155.223315032
0.0280308866945	8.96555253086e-18	6.51723551114e-12	0.0244655972439	0.000180450523564	155.366383168
0.0280311474241	7.96878062629e-18	6.09715846673e-12	0.0244657552945	0.000180294151019	155.502557467
0.0280313799697	7.08278365645e-18	5.70413794871e-12	0.0244659054597	0.000180145481202	155.632158033
0.0280315873414	6.29525797435e-18	5.33643367129e-12	0.0244660481321	0.000180004141216	155.755491271
0.0280317722333	5.59526530436e-18	4.99241699509e-12	0.0244661836848	0.000179869775528	155.872850354
0.0280319370561	4.97308141971e-18	4.67056380065e-12	0.0244663124725	0.000179742045227	155.9845157
0.0280320839807	4.42000544405e-18	4.37102737944e-12	0.0244664348323	0.000179620627411	156.090755426
0.0280322149413	3.92832956235e-18	4.09157994703e-12	0.0244665510409	0.000179505257806	156.191788001
0.0280323316319	3.491331619e-18	3.82998856925e-12	0.0244666613807	0.000179395665209	156.287838832
0.0280324355935	3.10293352306e-18	3.58511339301e-12	0.0244667661475	0.00017929156364	156.379147484
0.0280325282032	2.7577324288e-18	3.35588719693e-12	0.0244668656224	0.000179192680923	156.465942597
0.0280326106907	2.45092578605e-18	3.14131077926e-12	0.0244669600726	0.000179098758059	156.548442323
0.0280326841539	2.17824469849e-18	2.94044863659e-12	0.0244670497513	0.000179009548619	156.626854756
0.0280327495732	1.935894671e-18	2.7524249154e-12	0.0244671348995	0.000178924818166	156.701378346
0.0280328078233	1.72050292827e-18	2.57641961939e-12	0.0244672157457	0.000178844343698	156.772202305
0.0280328596848	1.52907157722e-18	2.41166505657e-12	0.0244672925072	0.000178767913113	156.839506995
0.0280329058542	1.35893596601e-18	2.25744251129e-12	0.02446736539	0.000178695324702	156.90346431
0.0280329469525	1.20772766402e-18	2.11307912695e-12	0.02446743459	0.000178626386653	156.96423804
0.0280329835338	1.07334155069e-18	1.97794498622e-12	0.0244675002932	0.000178560916586	157.021984222
0.0280330160918	9.53906557858e-19	1.85145037639e-12	0.0244675626761	0.000178498741108	157.076851487
0.028033045067	8.47759660443e-19	1.73304322829e-12	0.0244676219063	0.000178439695376	157.128981382
0.0280330708517	7.53422755318e-19	1.62220671764e-12	0.0244676781431	0.000178383622695	157.178508689
0.0280330937956	6.69582107967e-19	1.51845701876e-12	0.0244677315377	0.000178330374122	157.22556173
0.0280331142105	5.95070082068e-19	1.42134120106e-12	0.0244677822336	0.000178279808096	157.270262657
0.028033132374	5.28848898672e-19	1.33043525913e-12	0.0244678303671	0.000178231790077	157.312727735
0.0280331485334	4.69996199718e-19	1.24534226811e-12	0.0244678760677	0.000178186192209	157.353067611
0.028033162909	4.17692215601e-19	1.16569065642e-12	0.0244679194583	0.000178142892991	157.391387574
0.0280331756972	3.71208358707e-19	1.09113258833e-12	0.0244679606556	0.000178101776974	157.427787798
0.0280331870725	3.29897084572e-19	1.02134244955e-12	0.0244679997704	0.000178062734457	157.462363589
0.0280331971907	2.93182879902e-19	9.56015429156e-13	0.0244680369079	0.000178025661213	157.495205603
0.0280332061903	2.60554252288e-19	8.94866191901e-13	0.0244680721681	0.000177990458216	157.52640007
0.0280332141945	2.31556610344e-19	8.3762763503e-13	0.0244681056457	0.000177957031386	157.556029002
0.0280332213132	2.05785935357e-19	7.84049724355e-13	0.024468137431	0.000177925291347	157.584170389
0.0280332276441	1.82883156492e-19	7.33898404487e-13	0.0244681676093	0.000177895153196	157.610898395
0.0280332332742	1.62529151388e-19	6.86954578539e-13	0.024468196262	0.000177866536276	157.636283536
0.0280332382809	1.44440302642e-19	6.43013152876e-13	0.024468223466	0.000177839363975	157.660392857
0.028033242733	1.28364548393e-19	6.01882142787e-13	0.0244682492947	0.000177813563518	157.683290096
0.0280332466919	1.14077872099e-19	5.6338183519e-13	0.0244682738176	0.000177789065781	157.705035846
0.0280332502121	1.01381182683e-19	5.27344004754e-13	0.0244682971006	0.000177765805106	157.725687704
0.0280332533432	9.00936844845e-20	4.94645541434e-13	0.0244683192064	0.000177743719141	157.745300417
0.028033256138	8.00234090295e-20	4.67005690787e-13	0.0244683401498	0.000177722793498	157.763886274
0.0280332586216	7.10786833266e-20	4.40910117858e-13	0.0244683598533	0.000177703105709	157.781375862
0.0280332608285	6.31337153338e-20	4.1627256236e-13	0.0244683783904	0.000177684582614	157.797833607
0.0280332627896	5.60767699295e-20	3.93011580005e-13	0.0244683958301	0.000177667155368	157.813320175
0.0280332645321	4.98085983642e-20	3.71050273891e-13	0.0244684122373	0.00017765075919	157.82789269
0.0280332660804	4.42410431411e-20	3.50316040826e-13	0.0244684276732	0.000177635333122	157.841604938
0.0280332674561	3.92957987371e-20	3.30740331791e-13	0.0244684421952	0.000177620819807	157.854507558
0.0280332686784	3.49033107635e-20	3.12258425735e-13	0.0244684558575	0.000177607165273	157.866648226
0.0280332697644	3.10017981044e-20	2.94809215975e-13	0.0244684687109	0.000177594318735	157.878071823
0.0280332707293	2.75363843024e-20	2.78335008491e-13	0.0244684808034	0.00017758223241	157.888820601
0.0280332715866	2.44583259858e-20	2.62781331468e-13	0.0244684921799	0.000177570861334	157.898934334
0.0280332723482	2.17243275034e-20	2.48096755448e-13	0.0244685028828	0.000177560163203	157.908450463
0.0280332730249	1.92959321333e-20	2.3423272351e-13	0.0244685129521	0.000177550098211	157.917404228
0.0280332736261	1.71389813157e-20	2.21143390916e-13	0.0244685224252	0.000177540628906	157.9258288
0.0280332741601	1.52231343088e-20	2.08785473699e-13	0.0244685313374	0.000177531720046	157.933755403
0.0280332746346	1.35214415184e-20	1.97118105696e-13	0.024468539722	0.000177523338477	157.941213421
0.0280332750561	1.20099655053e-20	1.86102703554e-13	0.0244685476102	0.000177515453001	157.948230513
0.0280332754306	1.06674443428e-20	1.75702839266e-13	0.0244685550313	0.000177508034265	157.954832707
0.0280332757632	9.47499259461e-21	1.65884119817e-13	0.024468562013	0.000177501054654	157.961044503
0.0280332760587	8.41583570712e-21	1.56614073548e-13	0.0244685685813	0.000177494488183	157.966888956
0.0280332763212	7.47507408555e-21	1.47862042859e-13	0.0244685747608	0.000177488310406	157.972387761
0.0280332765544	6.63947353494e-21	1.39599082896e-13	0.0244685805743	0.00017748249832	157.977561338
0.0280332767616	5.89727912111e-21	1.31797865899e-13	0.0244685860437	0.000177477030284	157.982428902
0.0280332769456	5.23804983429e-21	1.24432590884e-13	0.0244685911892	0.000177471885939	157.987008535
0.0280332771091	4.6525117308e-21	1.17478898367e-13	0.02446859603	0.000177467046126	157.991317252
0.0280332772543	4.13242748805e-21	1.1091378985e-13	0.0244686005843	0.000177462492822	157.995371066
0.0280332773833	3.67048053853e-21	1.04715551799e-13	0.0244686048688	0.000177458209071	157.999185045
0.0280332774979	3.26017215356e-21	9.88636838705e-14	0.0244686088997	0.000177454178918	158.002773365
0.0280332775997	2.89573002974e-21	9.33388311386e-14	0.0244686126919	0.000177450387354	158.006149369
0.0280332776903	2.57140241365e-21	8.85233684425e-14	0.0244686162596	0.000177446820256	158.009325611
0.0280332777708	2.28318076476e-21	8.40314866738e-14	0.0244686196	0.000177443480341	158.012299655
0.0280332778423	2.02726480915e-21	7.97675282053e-14	0.0244686227246	0.000177440356237	158.015081608
0.0280332779058	1.80003357324e-21	7.57199285311e-14	0.0244686256472	0.000177437434001	158.017683871
0.0280332779621	1.59827193042e-21	7.18777098461e-14	0.024468628381	0.00017743470059	158.020118045
0.0280332780122	1.41912511429e-21	6.82304512887e-14	0.0244686309381	0.000177432143805	158.022394982
0.0280332780566	1.26005832968e-21	6.47682606908e-14	0.0244686333299	0.000177429752234	158.024524835
0.0280332780961	1.11882089034e-21	6.14817477617e-14	0.0244686355672	0.000177427515202	158.026517101
0.0280332781311	9.93414375818e-22	5.83619986299e-14	0.0244686376599	0.000177425422723	158.028380664
0.0280332781623	8.82064357207e-22	5.5400551677e-14	0.0244686396174	0.000177423465458	158.030123836
0.0280332781899	7.83195291815e-22	5.25893745957e-14	0.0244686414483	0.00017742163467	158.031754392
0.0280332782144	6.95408231554e-22	4.99208426125e-14	0.024468643161	0.000177419922187	158.033279606
0.0280332782362	6.17461029749e-22	4.73877178131e-14	0.0244686447629	0.000177418320364	158.03470628
0.0280332782556	5.48250766349e-22	4.49831295181e-14	0.0244686462614	0.000177416822052	158.03604078
0.0280332782727	4.86798142925e-22	4.27005556519e-14	0.024468647663	0.000177415420561	158.037289059
0.028033278288	4.32233626672e-22	4.05338050582e-14	0.024468648974	0.000177414109635	158.038456687
0.0280332783015	3.83785147419e-22	3.84770007115e-14	0.0244686502003	0.000177412883423	158.039548873
0.0280332783136	3.4076717357e-22	3.65245637802e-14	0.0244686513473	0.00017741173645	158.04057049
0.0280332783242	3.02571012435e-22	3.46711984983e-14	0.0244686524203	0.000177410663596	158.041526098
0.0280332783337	2.68656197732e-22	3.29118778042e-14	0.0244686534239	0.000177409660072	158.042419961
0.0280332783421	2.38542842396e-22	3.12418297079e-14	0.0244686543626	0.000177408721397	158.043256067
0.0280332783496	2.1180484852e-22	2.96565243502e-14	0.0244686552406	0.000177407843382	158.044038148
0.0280332783562	1.88063878338e-22	2.81516617175e-14	0.024468656062	0.000177407022106	158.044769694
0.0280332783621	1.66984000984e-22	2.67231599805e-14	0.0244686568302	0.000177406253902	158.04545397
0.0280332783674	1.4826693925e-22	2.53671444244e-14	0.0244686575488	0.000177405535342	158.04609403
0.028033278372	1.31647849118e-22	2.407993694e-14	0.0244686582209	0.000177404863217	158.046692732
0.0280332783761	1.16891572342e-22	2.28580460491e-14	0.0244686588497	0.000177404234527	158.047252746
0.0280332783798	1.03789309063e-22	2.16981574343e-14	0.0244686594378	0.000177403646465	158.047776573
0.0280332783831	9.21556633735e-23	2.0597124951e-14	0.0244686599878	0.000177403096405	158.048266551
0.0280332783859	8.182528726e-23	1.95604054907e-14	0.0244686605024	0.000177402581892	158.048724866
0.0280332783885	7.26362603956e-23	1.86387548983e-14	0.0244686609834	0.00017740210084	158.049153377
0.0280332783908	6.44791650608e-23	1.77605306341e-14	0.0244686614316	0.000177401652694	158.049552577
0.0280332783928	5.72381151723e-23	1.69236865553e-14	0.0244686618491	0.000177401235203	158.049924472
0.0280332783946	5.0810238629e-23	1.61262729258e-14	0.024468662238	0.000177400846271	158.050270928
0.0280332783962	4.51042158525e-23	1.53664318751e-14	0.0244686626004	0.000177400483943	158.050593687
0.0280332783976	4.00389824465e-23	1.46423930692e-14	0.0244686629379	0.000177400146399	158.050894368
0.0280332783989	3.55425775458e-23	1.39524695869e-14	0.0244686632524	0.000177399831945	158.051174482
0.0280332784	3.15511214944e-23	1.32950539896e-14	0.0244686635453	0.000177399539001	158.051435435
0.028033278401	2.80079083288e-23	1.26686145766e-14	0.0244686638183	0.000177399266096	158.051678539
0.0280332784019	2.4862600174e-23	1.20716918164e-14	0.0244686640725	0.000177399011859	158.051905014
0.0280332784027	2.20705121094e-23	1.15028949467e-14	0.0244686643093	0.000177398775012	158.052115997
0.0280332784034	1.95919773423e-23	1.09608987343e-14	0.02446866453	0.000177398554368	158.052312548
0.028033278404	1.73917836724e-23	1.04444403873e-14	0.0244686647356	0.000177398348816	158.052495655
0.0280332784045	1.54386732418e-23	9.95231661333e-15	0.024468664927	0.000177398157325	158.052666236
0.028033278405	1.37048984615e-23	9.48338081635e-15	0.0244686651054	0.000177397978933	158.052825149
0.0280332784054	1.2165827808e-23	9.03654042497e-15	0.0244686652716	0.000177397812743	158.052973192
0.0280332784058	1.07995958889e-23	8.61075434718e-15	0.0244686654265	0.000177397657922	158.053111108
0.0280332784061	9.58679280559e-24	8.20503054477e-15	0.0244686655707	0.000177397513692	158.05323959
0.0280332784064	8.51018840073e-24	7.81842372212e-15	0.0244686657051	0.000177397379327	158.053359283
0.0280332784067	7.55448747264e-24	7.45003312378e-15	0.0244686658302	0.000177397254154	158.053470789
0.028033278407	6.70545170485e-24	7.13281868239e-15	0.0244686659468	0.000177397137543	158.053574667
0.0280332784072	5.94077680748e-24	7.01171468603e-15	0.024468666055	0.000177397029435	158.053670971
0.0280332784074	5.26330370551e-24	6.89266683679e-15	0.0244686661524	0.000177396932001	158.053757767
0.0280332784075	4.66308811161e-24	6.77564022552e-15	0.0244686662402	0.000177396844187	158.053835993
0.0280332784077	4.13131975992e-24	6.66060053564e-15	0.0244686663193	0.000177396765043	158.053906495
0.0280332784078	3.6601930854e-24	6.54751403314e-15	0.0244686663907	0.000177396693714	158.053970036
0.0280332784079	3.24279265055e-24	6.43634755667e-15	0.024468666455	0.000177396629427	158.054027304
0.028033278408	2.87299163762e-24	6.32706850779e-15	0.0244686665129	0.000177396571488	158.054078917
0.0280332784081	2.54536191652e-24	6.21964484152e-15	0.0244686665651	0.000177396519269	158.054125434
0.0280332784082	2.25509436825e-24	6.11404505683e-15	0.0244686666122	0.000177396472207	158.054167358
0.0280332784083	1.99792829449e-24	6.01023818752e-15	0.0244686666546	0.000177396429791	158.054205143
0.0280332784083	1.77008887703e-24	5.90819379307e-15	0.0244686666928	0.000177396391563	158.054239197
0.0280332784084	1.56823176923e-24	5.80788194976e-15	0.0244686667273	0.000177396357109	158.054269889
0.0280332784084	1.3893940061e-24	5.70927324189e-15	0.0244686667583	0.000177396326058	158.054297551
0.0280332784085	1.23095051242e-24	5.61233875315e-15	0.0244686667863	0.000177396298072	158.054322481
0.0280332784085	1.09057557062e-24	5.51705005818e-15	0.0244686668115	0.000177396272849	158.05434495
0.0280332784086	9.66208682724e-25	5.42337921417e-15	0.0244686668343	0.000177396250117	158.0543652
0.0280332784086	8.5602432533e-25	5.33129875274e-15	0.0244686668548	0.000177396229629	158.054383451
0.0280332784086	7.58405153662e-25	5.24078167184e-15	0.0244686668732	0.000177396211164	158.0543999
0.0280332784086	6.71918261347e-25	5.15180142789e-15	0.0244686668899	0.000177396194523	158.054414725
0.0280332784087	5.95294147486e-25	5.06433192792e-15	0.0244686669049	0.000177396179524	158.054428086
0.0280332784087	5.27410611934e-25	4.97794851902e-15	0.0244686669184	0.000177396166006	158.054440127
0.0280332784087	4.67268388594e-25	4.89300863365e-15	0.0244686669306	0.000177396153822	158.054450981
0.0280332784087	4.13984364079e-25	4.80951809657e-15	0.0244686669416	0.00017739614284	158.054460764
0.0280332784087	3.66776477399e-25	4.7274521773e-15	0.0244686669515	0.000177396132941	158.054469582
0.0280332784087	3.2495184831e-25	4.64678656732e-15	0.0244686669604	0.000177396124019	158.05447753
0.0280332784087	2.8789660777e-25	4.56749737288e-15	0.0244686669684	0.000177396115977	158.054484694
0.0280332784088	2.55066888062e-25	4.48956110796e-15	0.0244686669757	0.000177396108729	158.054491151
0.0280332784088	2.2598084033e-25	4.41295468724e-15	0.0244686669822	0.000177396102195	158.054496971
0.0280332784088	2.00211562389e-25	4.33765541933e-15	0.0244686669881	0.000177396096306	158.054502217
0.0280332784088	1.7738083299e-25	4.26364100001e-15	0.0244686669934	0.000177396090998	158.054506946
0.0280332784088	1.57153560588e-25	4.19088950565e-15	0.0244686669982	0.000177396086214	158.054511208
0.0280332784088	1.39232865134e-25	4.11937938671e-15	0.0244686670025	0.000177396081902	158.054515049
0.0280332784088	1.23355720705e-25	4.04908946131e-15	0.0244686670064	0.000177396078015	158.054518512
0.0280332784088	1.09289095011e-25	3.97999890906e-15	0.0244686670099	0.000177396074511	158.054521633
0.0280332784088	9.68265291398e-26	3.91208726477e-15	0.024468667013	0.000177396071353	158.054524446
0.0280332784088	8.57851073084e-26	3.8453344125e-15	0.0244686670159	0.000177396068507	158.054526981
0.0280332784088	7.60027721721e-26	3.77972057952e-15	0.0244686670185	0.000177396065942	158.054529267
0.0280332784088	6.73359462736e-26	3.71522633049e-15	0.0244686670208	0.000177396063629	158.054531327
0.0280332784088	5.96574247259e-26	3.65183256171e-15	0.0244686670229	0.000177396061545	158.054533183
0.0280332784088	5.28545081989e-26	3.58952049544e-15	0.0244686670247	0.000177396059666	158.054534857
0.0280332784088	4.68208346713e-26	3.55134075016e-15	0.0244686670264	0.000177396057973	158.054536365
0.0280332784088	4.14407935247e-26	3.54548031429e-15	0.0244686670279	0.000177396056457	158.054537716
0.0280332784088	3.66789567037e-26	3.53962954934e-15	0.0244686670293	0.000177396055113	158.054538913
0.0280332784088	3.24642882121e-26	3.53378843933e-15	0.0244686670305	0.000177396053921	158.054539975
0.0280332784088	2.87339145856e-26	3.52795696834e-15	0.0244686670315	0.000177396052864	158.054540916
0.0280332784088	2.54321869602e-26	3.52213512046e-15	0.0244686670325	0.000177396051928	158.05454175
0.0280332784088	2.25098509151e-26	3.51632287981e-15	0.0244686670333	0.000177396051098	158.05454249
0.0280332784088	1.99233117064e-26	3.51052023054e-15	0.024468667034	0.000177396050361	158.054543146
0.0280332784088	1.76339839311e-26	3.50472715682e-15	0.0244686670347	0.000177396049709	158.054543727
0.0280332784088	1.56077159182e-26	3.49894364285e-15	0.0244686670353	0.00017739604913	158.054544243
0.0280332784088	1.38142802627e-26	3.49316967285e-15	0.0244686670358	0.000177396048617	158.0545447
0.0280332784088	1.22269228995e-26	3.48740523108e-15	0.0244686670362	0.000177396048162	158.054545105
0.0280332784088	1.08219639924e-26	3.48165030181e-15	0.0244686670366	0.000177396047759	158.054545464
0.0280332784088	9.57844468408e-27	3.47590486935e-15	0.024468667037	0.000177396047402	158.054545782
0.0280332784088	8.47781443623e-27	3.47016891802e-15	0.0244686670373	0.000177396047085	158.054546065
0.0280332784088	7.5036542971e-27	3.46444243217e-15	0.0244686670376	0.000177396046804	158.054546315
