0.0	0.565578083951	1.9584242996	1.0	0.0	0.0
8.20342557793e-12	0.565577830339	1.95842350461	1.00000010048	8.20342625368e-08	0.0001
1.02385633634e-11	0.565577799576	1.95842340818	1.00000011267	9.50950260256e-08	0.00010766666528
1.27785859591e-11	0.565577763915	1.95842329639	1.0000001268	1.10235207134e-07	0.000115921108115
1.59487470837e-11	0.565577722577	1.95842316681	1.00000014318	1.27785871986e-07	0.00012480839139
1.99053738476e-11	0.565577674657	1.9584230166	1.00000016216	1.48130795669e-07	0.000134377032801
2.48435755419e-11	0.565577619108	1.95842284247	1.00000018417	1.71714854937e-07	0.000144679269721
3.10068648447e-11	0.565577554715	1.95842264062	1.00000020968	1.99053754936e-07	0.000155771344369
3.86991658813e-11	0.565577480069	1.95842240663	1.00000023926	2.30745307242e-07	0.000167713810847
4.82998012714e-11	0.56557739354	1.95842213538	1.00000027354	2.67482500656e-07	0.000180571865706
6.02821971934e-11	0.565577293233	1.95842182096	1.00000031328	3.10068655421e-07	0.000194415703866
7.52372288351e-11	0.565577176957	1.95842145647	1.00000035935	3.59434988254e-07	0.000209320901811
9.39023574149e-11	0.565577042169	1.95842103395	1.00000041275	4.16660975088e-07	0.000225368830166
1.17197995545e-10	0.565576885921	1.95842054417	1.00000047466	4.8299795538e-07	0.000242647097899
1.46272894133e-10	0.565576704797	1.9584199764	1.00000054642	5.59896493433e-07	0.000261250030575
1.82560788865e-10	0.565576494835	1.95841931824	1.0000006296	6.4903809779e-07	0.000281279185276
2.27851099509e-10	0.565576251446	1.95841855529	1.00000072603	7.52371988305e-07	0.000302843904987
2.84377168203e-10	0.565575969307	1.95841767088	1.00000083782	8.72157718222e-07	0.000326061915482
3.549263877e-10	0.565575642248	1.95841664566	1.0000009674	1.01101458131e-06	0.00035105996796
4.42977649872e-10	0.565575263118	1.95841545721	1.00000111761	1.17197888419e-06	0.000377974530943
5.52872891827e-10	0.565574823627	1.95841407955	1.00000129173	1.35857033715e-06	0.000406952535199
6.90031198217e-10	0.565574314166	1.95841248255	1.00000149358	1.57486901378e-06	0.000438152175767
8.6121601648e-10	0.565573723593	1.95841063129	1.00000172756	1.82560456235e-06	0.000471743775446
1.07486866043e-09	0.565573038995	1.9584084853	1.0000019988	2.11625961907e-06	0.000507910714458
1.34152454569e-09	0.565572245404	1.95840599765	1.00000231322	2.45318968365e-06	0.000546850431356
1.67433267922e-09	0.565571325467	1.95840311395	1.0000026777	2.84376207713e-06	0.000588775500623
2.08970401527e-09	0.565570259069	1.95839977113	1.00000310021	3.29651702028e-06	0.00063391479284
2.60812064287e-09	0.565569022893	1.95839589612	1.00000358998	3.82135435137e-06	0.000682514723739
3.25514569768e-09	0.56556758991	1.95839140418	1.00000415773	4.42974996473e-06	0.000734840598931
4.06268378489e-09	0.565565928788	1.95838619709	1.00000481588	5.13500669927e-06	0.000791178061638
5.07055404667e-09	0.565564003208	1.95838016101	1.0000055788	5.95254515851e-06	0.000851834651296
6.32845341566e-09	0.565561771068	1.95837316397	1.00000646319	6.90024081488e-06	0.000917141481489
7.89840682364e-09	0.565559183566	1.95836505297	1.00000748838	7.99881476221e-06	0.000987455046345
9.85782512779e-09	0.565556184131	1.95835565069	1.00000867678	9.27228664866e-06	0.00106315916518
1.23033214574e-08	0.565552707187	1.95834475156	1.00001005438	1.07484996808e-05	0.00114466707592
1.53554740426e-08	0.565548676722	1.95833211731	1.00001165131	1.24597291577e-05	0.00123242368868
1.9164770201e-08	0.565544004624	1.95831747173	1.00001350247	1.44433878148e-05	0.00132690801163
2.391902432e-08	0.565538588762	1.95830049466	1.00001564835	1.67428433663e-05	0.00142863576224
2.98526352368e-08	0.565532310747	1.958280815	1.00001813585	1.94083660725e-05	0.0015381621781
3.72581389435e-08	0.565525033354	1.95825800256	1.00002101935	2.2498226989e-05	0.00165608504217
4.65006254799e-08	0.565516597525	1.95823155873	1.00002436191	2.60799708227e-05	0.00178304793904
5.80357297461e-08	0.565506818893	1.95820090557	1.00002823659	3.02318911128e-05	0.00191974375923
7.24320816663e-08	0.565495483763	1.95816537318	1.00003272809	3.50447398334e-05	0.00206691847061
9.03993202694e-08	0.565482344452	1.95812418512	1.00003793459	4.06237085888e-05	0.00222537517659
1.12823049495e-07	0.565467113883	1.95807644143	1.00004396991	4.70907244391e-05	0.00239597848284
1.40808454235e-07	0.565449459335	1.95802109907	1.00005096595	5.45871101716e-05	0.00257965919535
1.75734719831e-07	0.565428995191	1.95795694917	1.00005907561	6.32766666758e-05	0.0027774193744
2.19322927614e-07	0.565405274547	1.95788259069	1.00006847611	7.33492441286e-05	0.00299033777081
2.73720758705e-07	0.565377779488	1.95779639996	1.00007937288	8.50248791482e-05	0.00321957567222
3.41608160085e-07	0.565345909832	1.95769649537	1.00009200399	9.85585871317e-05	0.00346638318945
4.26329150412e-07	0.565308970099	1.9575806965	1.00010664538	0.000114245912889	0.00373210601454
5.3205621726e-07	0.565266154424	1.95744647681	1.00012361686	0.000132429358689	0.00401819268401
6.63995343283e-07	0.565216529105	1.95729090886	1.00014328907	0.000153505827249	0.00432620238304
8.2864167137e-07	0.565159012406	1.95711060099	1.00016609155	0.000177935238342	0.00465781332798
1.03409827135e-06	0.565092351199	1.95690162402	1.00019252205	0.000206250501995	0.0050148317667
1.29047351798e-06	0.565015093971	1.95665942655	1.00022315738	0.000239069058987	0.0053992016379
1.61037637318e-06	0.564925559616	1.95637873699	1.0002586659	0.00027710623119	0.00581301493226
2.0095335589e-06	0.564821801403	1.95605345046	1.000299822	0.00032119066043	0.00625852279988
2.50755842301e-06	0.564701565374	1.95567649818	1.00034752284	0.000372282155755	0.00673814744899
3.12890850082e-06	0.564562242365	1.95523969675	1.00040280778	0.000431492315561	0.00725449488229
3.90407767445e-06	0.564400812699	1.95473357441	1.00046688069	0.000500108343625	0.00781036851622
4.87107981715e-06	0.564213782501	1.95414717085	1.00054113593	0.000579620537038	0.00840878372849
6.07729434168e-06	0.563997110445	1.95346780691	1.00062718817	0.000671753989798	0.00905298337619
7.58176070461e-06	0.563746123602	1.95268081984	1.00072690698	0.00077850512851	0.00974645432383
9.45802931149e-06	0.563455420908	1.95176925942	1.0008424566	0.000902183776323	0.0104929450148
1.17977011916e-05	0.563118762635	1.95071353978	1.00097634185	0.00104546152731	0.0112964841116
1.47148191639e-05	0.562728944089	1.94949104125	1.00113146103	0.00121142730513	0.0121614002206
1.83513106796e-05	0.562277651561	1.94807666155	1.00131116672	0.00140365112588	0.0130923426988
2.28837242613e-05	0.561755298786	1.94643996261	1.00151933556	0.00162625701887	0.0140943030445
2.85315576903e-05	0.561150841567	1.94454582237	1.00176044857	0.00188400621533	0.0151726384166
3.55675412728e-05	0.56045156848	1.94235432152	1.002039683	0.00218239219304	0.0163330954804
4.43303061315e-05	0.559642866152	1.93981954651	1.0023630173	0.00252774848701	0.0175818348386
5.52399621066e-05	0.558707957193	1.93688875604	1.00273735087	0.00292737077674	0.0189254563141
6.88172057452e-05	0.557627609771	1.93350145478	1.00317064028	0.00338965452574	0.0203710246392
8.57066912486e-05	0.556379818609	1.92958837208	1.00367205369	0.00392424938064	0.0219260952314
0.000106705519518	0.554939458354	1.92507034712	1.00425214525	0.00454223132945	0.0235987396371
0.000132797838336	0.553277911699	1.91986025772	1.00492305126	0.00525629362214	0.0253975701071
0.000165196667031	0.551362677848	1.91385592237	1.00569870827	0.0060809570791	0.0273317596099
0.000205394058358	0.549156973913	1.90693845245	1.00659509751	0.00703279319098	0.029411065126
0.000255221183669	0.546619330734	1.89897663934	1.00763051439	0.00813066954044	0.0316458473074
0.000316919499264	0.543703212315	1.88983130292	1.00882586077	0.00939600691084	0.0340470804733
0.000393224045239	0.540356692191	1.87933376179	1.01020495568	0.0108530382693	0.0366263483041
0.000487460270084	0.536522201156	1.86730159285	1.01179487796	0.0125290636341	0.0393958568436
0.000603655413067	0.53213639241	1.85354047169	1.01362631264	0.0144547091	0.0423684152995
0.000746662254608	0.527130240174	1.8378283925	1.01573389961	0.0166641161764	0.0455574016697
0.000922297918445	0.521429317349	1.81992977159	1.01815658687	0.0191951312856	0.0489767329956
0.00113748987944	0.514954491499	1.79959910546	1.02093795058	0.022089353504	0.0526408026397
0.00140042749769	0.507623029708	1.77657289546	1.02412645599	0.0253920956377	0.0565643841842
0.00172071054895	0.499350219314	1.7505782082	1.0277756573	0.0291521813131	0.0607625349423
0.00210948197685	0.490051642831	1.72134939126	1.03194428084	0.0334215138903	0.0652504681709
0.002579529847	0.479646179706	1.68863856081	1.03669612519	0.038254389297	0.070043370334
0.00314533236057	0.468059875924	1.65219235049	1.04209973409	0.0437064005176	0.0751561787831
0.00382303797013	0.455230362383	1.61180938468	1.04822789733	0.0498330658667	0.0806034247896
0.00463033596029	0.44111213894	1.56734508606	1.05515671544	0.0566879575303	0.0863989337255
0.00558619462167	0.425682352534	1.51871562565	1.06296429916	0.0643203296041	0.0925555259322
0.0067104494153	0.40894664763	1.46592096012	1.07172909916	0.0727723082309	0.0990847488033
0.00802324117282	0.390944492313	1.40908077752	1.08152779481	0.0820758780894	0.10599659617
0.00954424877841	0.371754044516	1.34842828628	1.09243264886	0.0922491906117	0.113299164609
0.0112918180933	0.351494859392	1.28431523543	1.10450856872	0.103293241439	0.120998404184
0.0132778060074	0.330361865323	1.20267807063	1.11780997751	0.115147816586	0.129097959263
0.0154959817585	0.308677815276	1.10829151108	1.13252456346	0.127496535565	0.137694244847
0.0179773472831	0.286515317765	1.01896655179	1.14882191698	0.140382266184	0.146877436937
0.020731442913	0.264170914708	0.935751180531	1.16667757233	0.153751310718	0.156629771329
0.0237646055559	0.241932167546	0.859273897809	1.18602643043	0.167554247563	0.166921722315
0.0270790102661	0.220067889151	0.789845435077	1.20676150699	0.181744144171	0.177711121366
0.0306717202186	0.19882007284	0.72734231523	1.22873325281	0.196275555632	0.18894195922
0.0345333837525	0.178398882825	0.671222447831	1.25175508233	0.211097428414	0.200545953687
0.0386477210981	0.158976997596	0.620874292363	1.27561425815	0.226148481553	0.212446548021
0.042990180527	0.140691891034	0.575509847555	1.30007756461	0.241348748634	0.224560095542
0.0475266921057	0.123648685013	0.534089201171	1.32490294229	0.256587021869	0.236800279482
0.052214558209	0.107918693303	0.49565614994	1.34985803668	0.271716202014	0.249086412734
0.057003549545	0.0935425665005	0.459411369486	1.37472902348	0.286553087832	0.261347230298
0.0618388241566	0.0805309522414	0.424834473459	1.39932665117	0.300890319652	0.273523431006
0.0666644194009	0.0688661108984	0.391767144599	1.42348564892	0.31451568575	0.285566726581
0.0714262086163	0.0585053888606	0.360230736323	1.44705694364	0.327233980236	0.297434769362
0.0760729475444	0.0493872371789	0.33032089954	1.46990457912	0.338874385049	0.309088088344
0.0805598041224	0.0414319617373	0.302301950165	1.49190596918	0.349312316909	0.320488554375
0.0848486087255	0.0345481226933	0.276459112747	1.51294299086	0.358478103753	0.331592777021
0.0889078463375	0.0286374696219	0.253028195902	1.53289876404	0.366360096972	0.342348196906
0.0927124019624	0.0235991440562	0.232168860324	1.55165776348	0.373002716962	0.352691112536
0.0962421330926	0.0193344156767	0.213923286825	1.56910811253	0.378494062051	0.362546553334
0.0994819662513	0.0157487370985	0.198269482528	1.58514927432	0.382956165336	0.371832362075
0.102421794734	0.0127537379575	0.185419916605	1.59969828686	0.386533241671	0.380464055317
0.105072525158	0.0102542249095	0.176749115717	1.61268023432	0.38948563145	0.38835047466
0.107409958173	0.00819877645853	0.169557358568	1.62395250879	0.391938744589	0.395348846127
0.109439164339	0.00652045623098	0.163673182609	1.63359984816	0.393961607127	0.4014556803
0.111173105377	0.0051602607961	0.158900953533	1.64173936354	0.395615227948	0.406696182172
0.112645310346	0.0040564514137	0.157959056017	1.64851503747	0.397024672837	0.411122326256
0.113865019158	0.00317555935194	0.157424499383	1.65397560639	0.398256817887	0.414731926992
0.114821553623	0.00250464108863	0.144700658359	1.65833263383	0.399097483368	0.417639800294
0.115599854212	0.00197188953771	0.132692573527	1.66211054231	0.399515531417	0.42018322704
0.116229465926	0.00155026959589	0.121342186542	1.66538244049	0.399612963019	0.422404469632
0.116736212822	0.00121753943667	0.11059459219	1.66821584613	0.399472797006	0.424343318907
0.117142289168	0.000955566499533	0.100399538561	1.67067208551	0.399161094613	0.426036629788
0.117466450095	0.00074971047924	0.0906844179017	1.67280612382	0.398729029497	0.427518070366
0.117724451875	0.000588164303858	0.0814374084075	1.67466735403	0.398215191595	0.428818501833
0.117929218409	0.000461564011808	0.0726059984864	1.6762987498	0.397647958336	0.429965208894
0.118091446536	0.00036240080373	0.0642201004142	1.67773860934	0.397047428383	0.430982946426
0.118221530236	0.000283710051512	0.0581395509907	1.67901957194	0.396436676628	0.431893084355
0.118323723197	0.000222466294178	0.051087086004	1.68012956507	0.395851179917	0.432685494582
0.118403495762	0.000175051135978	0.0440596940797	1.6811215965	0.395267210449	0.433396770213
0.118466454578	0.000137911647946	0.0376823368195	1.682027726	0.394682143194	0.434049106803
0.118516436303	0.000108635040407	0.0322247996488	1.68286319395	0.394100817688	0.434652904628
0.118555856591	8.56967188359e-05	0.0271937168421	1.68363337277	0.393530530049	0.435211566232
0.118587109981	6.76230486106e-05	0.0229068152446	1.68435377466	0.392968197618	0.43573595403
0.118611884674	5.33799307179e-05	0.0192049001659	1.68502898453	0.392417981052	0.436229096484
0.118631525046	4.21513344777e-05	0.0160712593588	1.68566499893	0.391880823596	0.43669510601
0.118647111123	3.32877916215e-05	0.013434117024	1.68626538252	0.391358713927	0.437136364246
0.118659485104	2.62864072253e-05	0.0112333822576	1.68683278298	0.390853322427	0.43755461149
0.118669310489	2.07537663346e-05	0.00940077757454	1.6873687854	0.390366456039	0.437950828343
0.118677105201	1.6384635212e-05	0.00787118920279	1.68787461031	0.389899535399	0.438325742807
0.118683291649	1.29320115765e-05	0.00659895613841	1.68835167172	0.389453293529	0.438680241878
0.11868819514	1.02066383225e-05	0.00553223594974	1.68880090499	0.389028445024	0.439014871967
0.11869208235	8.05450905694e-06	0.00464182936651	1.68922392183	0.388624726547	0.439330697652
0.118695161505	6.3560118568e-06	0.00389468248817	1.6896218582	0.38824205255	0.439628443882
0.118697599763	5.01569845402e-06	0.00326590854358	1.68999619078	0.387879787474	0.439909104205
0.118699528992	3.95866268768e-06	0.00273591524341	1.69034851854	0.387536994378	0.440173778373
0.118701054488	3.12540944957e-06	0.00228493924744	1.69068051482	0.387212527364	0.440423636074
0.118702261579	2.46799332564e-06	0.00190449626283	1.69099440627	0.386904586133	0.440660277816
0.118703213989	1.9507115875e-06	0.00157738559366	1.69129182277	0.386611858859	0.44088486797
0.118703968074	1.54221775812e-06	0.00129870157986	1.69157568047	0.386331709738	0.441099555367
0.118704561549	1.22152851065e-06	0.00105849400053	1.69184827582	0.386062029971	0.441306034788
0.11870502693	9.70654674602e-07	0.000797387818526	1.69211320055	0.385799389238	0.441506995955
0.118705367098	7.87682440108e-07	0.00053601774747	1.69239262152	0.385521636385	0.441719266233
0.118705643788	6.39216902063e-07	0.000360337147372	1.69272979931	0.385185814263	0.441975842276
0.118705869475	5.18476805997e-07	0.000245447099854	1.69313662864	0.384780089551	0.442286046686
0.118706069585	4.11830040822e-07	0.000200110478646	1.69362080809	0.384296888057	0.442656126816
0.11870623257	3.25347717397e-07	0.000164814044156	1.69409256836	0.383825922804	0.443017655437
0.118706360639	2.57675810851e-07	0.00013573146065	1.69454513837	0.383373976387	0.443365354049
0.118706463657	2.0346211436e-07	0.000112800338941	1.69498042816	0.382939187329	0.443700589209
0.118706544483	1.61091696104e-07	9.22802592448e-05	1.69539407059	0.382525937108	0.444019893676
0.118706608086	1.27871842978e-07	7.51724048069e-05	1.69579443644	0.38212587942	0.444329639399
0.118706659853	1.00932873808e-07	6.29365668274e-05	1.69618459435	0.381735971922	0.444632142706
0.118706700499	7.98540681518e-08	5.17102379211e-05	1.69655248777	0.38136827483	0.444917977669
0.118706732086	6.3527010786e-08	4.15141737412e-05	1.69690677436	0.381014140599	0.445193787481
0.118706758065	5.01420254498e-08	3.47579448555e-05	1.69725785419	0.38066318591	0.445467631489
0.118706778636	3.95765323818e-08	2.91015535469e-05	1.69758887353	0.380332265524	0.445726313372
0.118706794693	3.13542482482e-08	2.36754649539e-05	1.69790096753	0.380020248669	0.445970638065
0.118706807529	2.48000124854e-08	1.96454479947e-05	1.69820490672	0.379716371067	0.446208983122
0.118706817792	1.95736417678e-08	1.64492761642e-05	1.69849465606	0.379426670918	0.446436573116
0.118706825903	1.5454143012e-08	1.36540646707e-05	1.69876781062	0.379153555186	0.44665146204
0.118706832247	1.22396630456e-08	1.11341715686e-05	1.69902765156	0.378893744584	0.446856178421
0.11870683735	9.66048888542e-09	9.32092101642e-06	1.69928003396	0.378641386561	0.447055300304
0.118706841388	7.62423214568e-09	7.80516808612e-06	1.69951800944	0.378403430352	0.447243310392
0.118706844582	6.01710622528e-09	6.53607611884e-06	1.69974231908	0.378179135944	0.447420750787
0.118706847104	4.75031623977e-09	5.42927882384e-06	1.69995373828	0.377967728761	0.447588196092
0.118706849078	3.76088069425e-09	4.43803308729e-06	1.70015468759	0.377766788849	0.447747531106
0.118706850663	2.96806810268e-09	3.71647969652e-06	1.70034932423	0.377572159748	0.447902030044
0.118706851916	2.34230500874e-09	3.11264205601e-06	1.70053276769	0.377388722244	0.448047796793
0.118706852906	1.84844312046e-09	2.60711604017e-06	1.70070563269	0.377215861951	0.448185293599
0.118706853689	1.4586848934e-09	2.1837694492e-06	1.70086851329	0.377052985063	0.448314969603
0.118706854308	1.15110250827e-09	1.8291573056e-06	1.70102197761	0.376899523673	0.448437256281
0.118706854794	9.09682189786e-10	1.51546223946e-06	1.70116656923	0.376754934368	0.448552568242
0.118706855179	7.18902967439e-10	1.25547706203e-06	1.70130449496	0.376617010453	0.448662650544
0.118706855484	5.68022996198e-10	1.04484268148e-06	1.70143607253	0.376485434329	0.448767744893
0.118706855726	4.48214220161e-10	8.75527704623e-07	1.70156099942	0.376360508585	0.448867598367
0.118706855918	3.53673979367e-10	7.3364711402e-07	1.70167864596	0.376242862948	0.448961696157
0.118706856067	2.79842204969e-10	5.98481518499e-07	1.70178943596	0.376132073662	0.449050366175
0.118706856185	2.21664257597e-10	4.92550370109e-07	1.70189689857	0.376024611609	0.449136425397
0.11870685628	1.74898329427e-10	4.12913835142e-07	1.70200032997	0.375921180659	0.449219304946
0.118706856355	1.37995757656e-10	3.4620803395e-07	1.70209768366	0.375823827325	0.449297358049
0.118706856414	1.0887461263e-10	2.90344921134e-07	1.70218929991	0.375732211349	0.449370849844
0.118706856461	8.58985510989e-11	2.43495020385e-07	1.70227549313	0.375646018347	0.449440025699
0.118706856498	6.77687137701e-11	2.04282365437e-07	1.70235658406	0.375564927592	0.449505136961
0.118706856527	5.34630298121e-11	1.71413051016e-07	1.70243284284	0.37548866895	0.449566395145
0.11870685655	4.21793678829e-11	1.43662284881e-07	1.7025045422	0.375416969697	0.449624014533
0.118706856568	3.33839897417e-11	1.1760997197e-07	1.70257203787	0.375349474111	0.449678276783
0.118706856583	2.63482071472e-11	9.85607292949e-08	1.70263729375	0.375284218299	0.449730757804
0.118706856594	2.07824139121e-11	8.28087426486e-08	1.70269875261	0.375222759496	0.449780202596
0.118706856603	1.6392294392e-11	6.95741031496e-08	1.70275645167	0.375165060475	0.449826637994
0.11870685661	1.29295200726e-11	5.84545389346e-08	1.70281062082	0.375110891358	0.449870246174
0.118706856616	1.01962709818e-11	4.91868449813e-08	1.7028614759	0.375060036306	0.449911198399
0.11870685662	8.04058201031e-12	4.13931363737e-08	1.70290913793	0.375012374304	0.449949589893
0.118706856624	6.34063375967e-12	3.48342948792e-08	1.70295380099	0.374967711257	0.449985575012
0.118706856626	5.0000802643e-12	2.93146745885e-08	1.70299565371	0.374925858548	0.450019303976
0.118706856629	3.94194443807e-12	2.47197600244e-08	1.70303487286	0.374886639413	0.450050917702
0.11870685663	3.10760940626e-12	2.08484012807e-08	1.70307154028	0.374849971999	0.450080480799
0.118706856632	2.44986191922e-12	1.75833138611e-08	1.7031058151	0.374815697182	0.450108120337
0.118706856633	1.93132822087e-12	1.48295576788e-08	1.70313785339	0.374783658895	0.4501339611
0.118706856634	1.52210771008e-12	1.25375526766e-08	1.70316780105	0.374753711241	0.450158119823
0.118706856634	1.1994909686e-12	1.06035448229e-08	1.70319571838	0.374725793915	0.450180644323
0.118706856635	9.45252814567e-13	8.96786290837e-09	1.70322173154	0.37469978076	0.450201635643
0.118706856635	7.44900759608e-13	7.58449119565e-09	1.70324597037	0.37467554193	0.450221197916
0.118706856635	5.86867411741e-13	6.43070355895e-09	1.70326855587	0.374652956429	0.450239428232
0.118706856636	4.62270244812e-13	5.45687653474e-09	1.70328954258	0.374631969726	0.450256370109
0.118706856636	3.64125763471e-13	4.63051650911e-09	1.70330902394	0.374612488369	0.450272098547
0.118706856636	2.86818020014e-13	3.92929324127e-09	1.7033271079	0.374594404402	0.450286700322
0.118706856636	2.26047099305e-13	3.29805440066e-09	1.7033438947	0.374577617608	0.450300256023
0.118706856636	1.7845684889e-13	2.76544055544e-09	1.70335965701	0.374561855291	0.450312985595
0.118706856636	1.40466291353e-13	2.35941315121e-09	1.70337449759	0.374547014718	0.450324971796
0.118706856636	1.105632112e-13	2.01299835415e-09	1.70338818917	0.37453332314	0.450336030875
0.118706856637	8.70259618044e-14	1.71744413164e-09	1.70340082069	0.374520691613	0.450346234471
0.118706856637	6.84993903334e-14	1.46528333059e-09	1.70341247423	0.374509038072	0.450355648701
0.118706856637	5.39168226752e-14	1.25014505609e-09	1.7034232255	0.374498286807	0.450364334577
0.118706856637	4.24341008378e-14	1.06925744721e-09	1.70343314434	0.374488367965	0.450372348406
0.118706856637	3.3378345168e-14	9.16776260716e-10	1.70344227143	0.374479240877	0.450379722938
0.118706856637	2.62551409921e-14	7.86039332086e-10	1.70345064486	0.374470867449	0.450386488857
0.118706856637	2.06520745655e-14	6.73945927685e-10	1.70345832685	0.374463185453	0.450392696362
0.118706856637	1.62447416426e-14	5.77837465965e-10	1.70346537451	0.374456137798	0.450398391516
0.118706856637	1.27779664812e-14	4.95434471113e-10	1.7034718402	0.374449672108	0.450403616586
0.118706856637	1.00500575446e-14	4.25733352404e-10	1.70347777198	0.374443740329	0.450408410356
0.118706856637	7.90069502736e-15	3.66600290691e-10	1.70348320125	0.374438311054	0.450412798167
0.118706856637	6.21100520715e-15	3.15680560864e-10	1.70348815787	0.374433354442	0.4504168041
0.118706856637	4.88268095892e-15	2.71833380804e-10	1.70349268296	0.374428829345	0.450420461378
0.118706856637	3.83843926911e-15	2.34076412941e-10	1.70349681411	0.374424698199	0.450423800339
0.118706856637	3.01752503673e-15	2.01563758391e-10	1.7035005856	0.374420926707	0.450426848679
0.118706856637	2.37217637024e-15	1.73567080637e-10	1.70350402875	0.37441748356	0.450429631688
0.118706856637	1.86484572062e-15	1.49459164785e-10	1.70350717213	0.374414340174	0.450432172454
0.118706856637	1.46601614028e-15	1.28699745371e-10	1.70351004185	0.374411470455	0.450434492057
0.118706856637	1.1524829621e-15	1.10823732685e-10	1.70351266173	0.374408850579	0.450436609744
0.118706856637	9.06004179439e-16	9.54306349426e-11	1.70351505351	0.374406458794	0.450438543088
0.118706856637	7.12239114739e-16	8.21755862126e-11	1.70351723706	0.374404275242	0.450440308134
0.118706856637	5.59914066168e-16	7.07616204563e-11	1.70351923051	0.374402281796	0.450441919531
0.118706856637	4.40166390902e-16	6.0933018606e-11	1.7035210504	0.374400461903	0.450443390651
0.118706856637	3.46028852249e-16	5.24696038113e-11	1.70352271185	0.374398800454	0.450444733705
0.118706856637	2.72024282156e-16	4.51817400961e-11	1.70352422865	0.374397283657	0.450445959839
0.118706856637	2.13846915527e-16	3.89061354364e-11	1.70352561339	0.374395898917	0.450447079231
0.118706856637	1.68111827274e-16	3.35021910649e-11	1.70352687757	0.374394634737	0.450448101172
0.118706856637	1.32158016221e-16	2.88488367156e-11	1.70352803169	0.374393480621	0.450449034146
0.118706856637	1.0389358212e-16	2.48418182311e-11	1.70352908532	0.374392426987	0.450449885897
0.118706856637	8.16740139579e-17	2.13913619001e-11	1.70353004722	0.374391465087	0.450450663495
0.118706856637	6.42065082356e-17	1.84201632015e-11	1.70353092537	0.374390586933	0.450451373396
0.118706856637	5.04747482256e-17	1.586166009e-11	1.70353172707	0.374389785235	0.450452021494
0.118706856637	3.96797790642e-17	1.36585249203e-11	1.70353245897	0.374389053336	0.450452613168
0.118706856637	3.11935145099e-17	1.17613980118e-11	1.70353312715	0.374388385159	0.45045315333
0.118706856637	2.45221956341e-17	1.01277758937e-11	1.70353373715	0.374387775157	0.450453646465
0.118706856637	1.9277662814e-17	8.72105866208e-12	1.70353429404	0.374387218265	0.450454096667
0.118706856637	1.51547714394e-17	7.50973000021e-12	1.70353480245	0.374386709858	0.450454507674
0.118706856637	1.19136376621e-17	6.46665109078e-12	1.70353526659	0.374386245715	0.450454882897
0.118706856637	9.3656811872e-18	5.56845283801e-12	1.70353569032	0.374385821983	0.450455225453
0.118706856637	7.36265297607e-18	4.79501214493e-12	1.70353607716	0.374385435143	0.450455538184
0.118706856637	5.78801011801e-18	4.12899988149e-12	1.70353643032	0.374385081983	0.450455823689
0.118706856637	4.55013436878e-18	3.55549459755e-12	1.70353675274	0.374384759571	0.450456084336
0.118706856637	3.57700175275e-18	3.06164737957e-12	1.70353704708	0.37438446523	0.450456322291
0.118706856637	2.81199196676e-18	2.63639398329e-12	1.70353731579	0.374384196515	0.450456539528
0.118706856637	2.21059401941e-18	2.27020694987e-12	1.70353756111	0.374383951197	0.450456737852
0.118706856637	1.73781642976e-18	1.9548821521e-12	1.70353778507	0.374383727236	0.450456918909
0.118706856637	1.36615129928e-18	1.68335506975e-12	1.70353798953	0.374383522775	0.450457084203
0.118706856637	1.07397380911e-18	1.44954230143e-12	1.70353817619	0.374383336116	0.450457235105
0.118706856637	8.44284032947e-19	1.24820538783e-12	1.7035383466	0.374383165708	0.450457372869
0.118706856637	6.63717787426e-19	1.07483353737e-12	1.70353850217	0.374383010136	0.450457498639
0.118706856637	5.21769072575e-19	9.2554249245e-13	1.7035386442	0.37438286811	0.450457613459
0.118706856637	4.10178795449e-19	7.96987506063e-13	1.70353877386	0.374382738449	0.450457718282
0.118706856637	3.22454226691e-19	6.86288405614e-13	1.70353889223	0.374382620077	0.450457813979
0.118706856637	2.53491230309e-19	5.90965065109e-13	1.7035390003	0.374382512011	0.450457901344
0.118706856637	1.99277285903e-19	5.08881858384e-13	1.70353909895	0.374382413354	0.450457981102
0.118706856637	1.56658028402e-19	4.38199754502e-13	1.70353918902	0.374382323286	0.450458053917
0.118706856637	1.23153713214e-19	3.77335173141e-13	1.70353927125	0.37438224106	0.450458120391
0.118706856637	9.68149360203e-20	3.24924491515e-13	1.70353934631	0.374382165993	0.450458181078
0.118706856637	7.61092097504e-20	2.79793489658e-13	1.70353941485	0.374382097462	0.450458236482
0.118706856637	5.98317989038e-20	2.40931042999e-13	1.70353947741	0.374382034898	0.450458287062
0.118706856637	4.70356236406e-20	2.07466468944e-13	1.70353953453	0.374381977781	0.450458333238
0.118706856637	3.69761552088e-20	1.78650020491e-13	1.70353958667	0.374381925636	0.450458375393
0.118706856637	2.90680964732e-20	1.53836089717e-13	1.70353963428	0.374381878032	0.450458413879
0.118706856637	2.28513274344e-20	1.32468736296e-13	1.70353967773	0.374381834573	0.450458449013
0.118706856637	1.79641334447e-20	1.14069241471e-13	1.70353971741	0.374381794897	0.450458481089
0.118706856637	1.4122159446e-20	9.82253790028e-14	1.70353975363	0.374381758675	0.450458510372
0.118706856637	1.11018651448e-20	8.45821795748e-14	1.7035397867	0.374381725608	0.450458537105
0.118706856637	8.72751861337e-21	7.28339779864e-14	1.70353981689	0.374381695419	0.450458561511
0.118706856637	6.86097155774e-21	6.27175649702e-14	1.70353984445	0.374381667858	0.450458583792
0.118706856637	5.39362133805e-21	5.400629046e-14	1.70353986961	0.374381642698	0.450458604133
0.118706856637	4.24009206432e-21	4.65049850715e-14	1.70353989258	0.374381619728	0.450458622703
0.118706856637	3.33326712427e-21	4.00455875799e-14	1.70353991355	0.374381598757	0.450458639657
0.118706856637	2.62038407137e-21	3.44833802395e-14	1.70353993269	0.374381579613	0.450458655134
0.118706856637	2.05996471836e-21	2.96937461448e-14	1.70353995017	0.374381562135	0.450458669264
0.118706856637	1.61940178251e-21	2.55693772873e-14	1.70353996613	0.374381546179	0.450458682163
0.118706856637	1.2730616729e-21	2.20178704043e-14	1.70353998069	0.374381531612	0.45045869394
0.118706856637	1.00079303293e-21	1.89596567569e-14	1.70353999399	0.374381518314	0.450458704691
0.118706856637	7.86754259299e-22	1.63262195187e-14	1.70354000613	0.374381506173	0.450458714506
0.118706856637	6.18491779493e-22	1.40585585171e-14	1.70354001722	0.37438149509	0.450458723466
0.118706856637	4.86215456099e-22	1.21058685547e-14	1.70354002734	0.374381484971	0.450458731647
0.118706856637	3.82228959917e-22	1.0424401138e-14	1.70354003657	0.374381475734	0.450458739115
0.118706856637	3.00481969215e-22	8.9764843021e-15	1.70354004501	0.3743814673	0.450458745933
0.118706856637	2.36218139496e-22	7.7296786004e-15	1.70354005271	0.374381459601	0.450458752157
