0.0	1.13099584878	1.59186703431	0.0	0.0	0.0
6.66799704055e-18	1.13099584874	1.59186703428	1.238508749e-11	6.66799948585e-12	1e-06
7.46458705344e-18	1.13099584874	1.59186703428	1.32008484374e-11	7.1890271513e-12	1.03833333333e-06
8.35634142301e-18	1.13099584874	1.59186703428	1.40803497727e-11	7.75080000176e-12	1.07813611111e-06
9.35462892696e-18	1.13099584874	1.59186703427	1.50285719222e-11	8.35631563938e-12	1.11946466204e-06
1.04721765102e-17	1.13099584873	1.59186703427	1.60508844629e-11	9.00934882245e-12	1.16237747408e-06
1.17232315377e-17	1.13099584873	1.59186703427	1.71530765298e-11	9.71323022005e-12	1.20693527725e-06
1.31237434313e-17	1.13099584873	1.59186703427	1.83413895985e-11	1.04721786797e-11	1.25320112955e-06
1.4691567005e-17	1.13099584872	1.59186703426	1.96225528293e-11	1.12904130488e-11	1.30124050618e-06
1.6446690092e-17	1.13099584872	1.59186703426	2.10038211725e-11	1.21725962641e-11	1.35112139225e-06
1.84114883654e-17	1.13099584872	1.59186703426	2.24930164525e-11	1.31237243293e-11	1.40291437895e-06
2.06110106004e-17	1.13099584871	1.59186703425	2.40985716603e-11	1.41492373371e-11	1.45669276347e-06
2.3073298016e-17	1.13099584871	1.59186703425	2.58295787083e-11	1.5254797425e-11	1.51253265274e-06
2.58297417654e-17	1.1309958487	1.59186703424	2.76958399153e-11	1.64467328642e-11	1.57051307109e-06
2.89154831358e-17	1.1309958487	1.59186703424	2.97079235153e-11	1.77318160152e-11	1.63071607215e-06
3.23698615561e-17	1.13099584869	1.59186703423	3.1877223503e-11	1.91172633276e-11	1.69322685491e-06
3.62369161269e-17	1.13099584868	1.59186703423	3.42160241556e-11	2.06110684071e-11	1.75813388435e-06
4.0565947065e-17	1.13099584868	1.59186703422	3.67375695958e-11	2.22215579266e-11	1.82552901658e-06
4.5412144221e-17	1.13099584867	1.59186703422	3.94561387907e-11	2.39578357147e-11	1.89550762888e-06
5.08372906824e-17	1.13099584866	1.59186703421	4.23871264103e-11	2.58297827564e-11	1.96816875465e-06
5.69105504323e-17	1.13099584865	1.5918670342	4.55471300041e-11	2.78480571928e-11	2.04361522358e-06
6.37093501055e-17	1.13099584864	1.59186703419	4.89540439899e-11	3.00239832986e-11	2.12195380714e-06
7.13203660838e-17	1.13099584863	1.59186703418	5.26271609853e-11	3.23698845495e-11	2.20329536975e-06
7.98406295137e-17	1.13099584862	1.59186703417	5.65872810584e-11	3.48991946441e-11	2.28775502558e-06
8.93787633345e-17	1.13099584861	1.59186703416	6.08568295134e-11	3.76260134146e-11	2.37545230156e-06
1.00056367088e-16	1.1309958486	1.59186703415	6.54599838809e-11	4.05659950059e-11	2.46651130645e-06
1.12009567166e-16	1.13099584859	1.59186703414	7.04228108295e-11	4.3735681741e-11	2.56106090652e-06
1.25390752251e-16	1.13099584857	1.59186703413	7.57734137759e-11	4.71529482104e-11	2.65923490793e-06
1.40370516089e-16	1.13099584855	1.59186703411	8.15420920285e-11	5.08373343396e-11	2.76117224606e-06
1.57139832351e-16	1.13099584854	1.5918670341	8.77615123659e-11	5.4809601299e-11	2.86701718215e-06
1.75912489313e-16	1.13099584852	1.59186703408	9.44668940218e-11	5.90921755937e-11	2.97691950746e-06
1.96927815394e-16	1.1309958485	1.59186703406	1.01696208124e-10	6.37093711079e-11	3.09103475523e-06
2.20453730301e-16	1.13099584848	1.59186703404	1.09490392715e-10	6.86873891051e-11	3.20952442084e-06
2.46790160682e-16	1.13099584846	1.59186703402	1.1789358458e-10	7.40543182277e-11	3.33255619029e-06
2.76272863816e-16	1.13099584843	1.591867034	1.26953369178e-10	7.98406896088e-11	3.46030417757e-06
3.09277708115e-16	1.1309958484	1.59186703398	1.36721050111e-10	8.60791438055e-11	3.59294917103e-06
3.46225464982e-16	1.13099584838	1.59186703395	1.47251939647e-10	9.28049859097e-11	3.73067888923e-06
3.87587173134e-16	1.13099584834	1.59186703393	1.58605671938e-10	1.00056407594e-10	3.87368824663e-06
4.3389014377e-16	1.13099584831	1.5918670339	1.70846540715e-10	1.07874376087e-10	4.0221796294e-06
4.85724683142e-16	1.13099584828	1.59186703386	1.84043863376e-10	1.1630330031e-10	4.17636318183e-06
5.43751618239e-16	1.13099584824	1.59186703383	1.98272373505e-10	1.25390808831e-10	4.33645710377e-06
6.08710721522e-16	1.1309958482	1.59186703379	2.13612644083e-10	1.35188304977e-10	4.50268795939e-06
6.81430142121e-16	1.13099584815	1.59186703375	2.30151543746e-10	1.45751410919e-10	4.67529099779e-06
7.62836963719e-16	1.1309958481	1.59186703371	2.4798272871e-10	1.57139856658e-10	4.854510486e-06
8.53969023741e-16	1.13099584805	1.59186703366	2.67207173123e-10	1.6941814615e-10	5.04060005458e-06
9.55988144507e-16	1.13099584799	1.59186703361	2.8793374086e-10	1.82655779357e-10	5.23382305663e-06
1.07019494505e-15	1.13099584793	1.59186703356	3.10279801994e-10	1.96927807356e-10	5.43445294041e-06
1.1980454224e-15	1.13099584787	1.5918670335	3.34371897444e-10	2.12315054381e-10	5.64277363639e-06
1.34116951381e-15	1.1309958478	1.59186703343	3.60346455538e-10	2.28904450897e-10	5.85907995905e-06
1.50139187642e-15	1.13099584772	1.59186703337	3.88350564588e-10	2.46790143815e-10	6.08367802407e-06
1.6807551494e-15	1.13099584764	1.59186703329	4.18542805812e-10	2.66073385476e-10	6.31688568157e-06
1.88154599515e-15	1.13099584755	1.59186703321	4.51094151348e-10	2.86863310801e-10	6.55903296593e-06
2.10632425139e-15	1.13099584745	1.59186703313	4.86188932433e-10	3.09277714454e-10	6.81046256284e-06
2.35795556602e-15	1.13099584735	1.59186703304	5.24025883229e-10	3.33443494926e-10	7.07153029429e-06
2.63964793056e-15	1.13099584724	1.59186703294	5.64819266212e-10	3.59497431694e-10	7.3426056221e-06
2.95499257818e-15	1.13099584712	1.59186703283	6.08800085496e-10	3.87587184419e-10	7.62407217079e-06
3.30800976749e-15	1.13099584699	1.59186703271	6.56217394956e-10	4.17871737038e-10	7.91632827049e-06
3.70320003594e-15	1.13099584685	1.59186703259	7.07339708571e-10	4.50522619008e-10	8.21978752066e-06
4.14560157616e-15	1.1309958467	1.59186703245	7.62456520956e-10	4.85724682461e-10	8.5348793754e-06
4.64085446675e-15	1.13099584654	1.59186703231	8.21879946708e-10	5.23677323453e-10	8.86204975121e-06
5.19527257641e-15	1.13099584636	1.59186703215	8.85946487847e-10	5.64595481159e-10	9.20176165806e-06
5.81592405801e-15	1.13099584618	1.59186703199	9.55018939352e-10	6.08710748103e-10	9.55449585465e-06
6.51072145891e-15	1.13099584597	1.5918670318	1.02948844359e-09	6.56273035484e-10	9.92075152873e-06
7.28852259625e-15	1.13099584575	1.59186703161	1.10977670527e-09	7.07551683409e-10	1.03010470036e-05
8.15924348332e-15	1.13099584552	1.5918670314	1.19633837946e-09	7.62837015196e-10	1.06959204716e-05
9.13398474655e-15	1.13099584527	1.59186703117	1.28966364623e-09	8.22442113736e-10	1.11059307559e-05
1.0225173145e-14	1.13099584499	1.59186703092	1.39028098639e-09	8.86704486826e-10	1.1531658101e-05
1.14467199961e-14	1.1309958447	1.59186703066	1.49876017418e-09	9.55988176595e-10	1.19737049943e-05
1.28141985284e-14	1.13099584438	1.59186703038	1.61571550382e-09	1.03068531381e-09	1.24326970184e-05
1.43450424206e-14	1.13099584403	1.59186703007	1.74180926805e-09	1.11121911549e-09	1.29092837366e-05
1.60587680603e-14	1.13099584366	1.59186702974	1.8777555086e-09	1.1980454392e-09	1.34041396124e-05
1.79772233532e-14	1.13099584326	1.59186702938	2.02432405966e-09	1.29165600271e-09	1.39179649632e-05
2.0124866258e-14	1.13099584283	1.591867029	2.18234490725e-09	1.39258104854e-09	1.44514869524e-05
2.25290765952e-14	1.13099584237	1.59186702858	2.35271288927e-09	1.50139189744e-09	1.50054606177e-05
2.52205051058e-14	1.13099584187	1.59186702813	2.53639276279e-09	1.61870483422e-09	1.558066994e-05
2.82334642117e-14	1.13099584133	1.59186702765	2.73442466722e-09	1.74518410529e-09	1.61779289529e-05
3.16063654562e-14	1.13099584075	1.59186702713	2.94793001442e-09	1.88154602655e-09	1.67980828944e-05
3.53822092047e-14	1.13099584012	1.59186702657	3.17811783902e-09	2.02856264708e-09	1.74420094035e-05
3.96091328466e-14	1.13099583945	1.59186702597	3.42629164491e-09	2.18706674514e-09	1.81106197618e-05
4.43410244881e-14	1.13099583872	1.59186702531	3.69385678671e-09	2.35795560299e-09	1.88048601837e-05
4.96382099597e-14	1.13099583793	1.59186702461	3.98232842794e-09	2.542197002e-09	1.95257131547e-05
5.55682218964e-14	1.13099583709	1.59186702385	4.29334012115e-09	2.74083444078e-09	2.02741988227e-05
6.22066606968e-14	1.13099583617	1.59186702304	4.62865305831e-09	2.95499257523e-09	2.10513764409e-05
6.96381583348e-14	1.13099583519	1.59186702216	4.99016604406e-09	3.18588421295e-09	2.18583458675e-05
7.79574573145e-14	1.13099583413	1.59186702121	5.37992624827e-09	3.43481675255e-09	2.26962491216e-05
8.72706185206e-14	1.13099583298	1.59186702018	5.80014079866e-09	3.7032000662e-09	2.35662719999e-05
9.7696373365e-14	1.13099583175	1.59186701908	6.25318927936e-09	3.99255360511e-09	2.44696457547e-05
1.09367637467e-13	1.13099583042	1.59186701789	6.7416372059e-09	4.30451628043e-09	2.54076488362e-05
1.22433205165e-13	1.13099582899	1.59186701661	7.26825055322e-09	4.64085445695e-09	2.63816087017e-05
1.37059646461e-13	1.13099582744	1.59186701522	7.83601141878e-09	5.0034727222e-09	2.73929036946e-05
1.53433430586e-13	1.13099582577	1.59186701373	8.4481349095e-09	5.39442465562e-09	2.84429649948e-05
1.71763303253e-13	1.13099582398	1.59186701212	9.10808734824e-09	5.81592404184e-09	2.95332786438e-05
1.92282947908e-13	1.13099582204	1.59186701039	9.81960590282e-09	6.27035763821e-09	3.06653876482e-05
2.15253964911e-13	1.13099581995	1.59186700852	1.05867197488e-08	6.76029905259e-09	3.18408941633e-05
2.40969206618e-13	1.1309958177	1.59186700651	1.14137728858e-08	7.28852251014e-09	3.306146176e-05
2.69756510888e-13	1.13099581527	1.59186700434	1.23054487367e-08	7.85801928458e-09	3.43288177798e-05
3.01982880619e-13	1.13099581265	1.59186700199	1.32667966687e-08	8.47201435156e-09	3.56447557786e-05
3.38059162578e-13	1.13099580983	1.59186699947	1.4303260587e-08	9.13398459629e-09	3.70111380655e-05
3.78445285201e-13	1.13099580679	1.59186699675	1.5420709762e-08	9.84767868656e-09	3.84298983378e-05
4.2365612211e-13	1.13099580351	1.59186699381	1.66254720664e-08	1.06171379449e-08	3.99030444182e-05
4.74268056125e-13	1.13099579997	1.59186699065	1.7924369808e-08	1.14467197742e-08	4.14326610957e-05
5.30926327436e-13	1.13099579616	1.59186698724	1.9324758363e-08	1.23411219719e-08	4.30209130761e-05
5.94353259623e-13	1.13099579205	1.59186698356	2.08345678282e-08	1.33054091528e-08	4.46700480457e-05
6.65357468395e-13	1.13099578761	1.59186697959	2.24623479271e-08	1.43450420594e-08	4.6382399852e-05
7.44844170451e-13	1.13099578284	1.59186697532	2.42173164252e-08	1.54659078706e-08	4.81603918067e-05
8.33826723875e-13	1.13099577768	1.59186697071	2.6109411328e-08	1.66743537306e-08	5.00065401149e-05
9.33439547212e-13	1.13099577213	1.59186696574	2.81493471583e-08	1.79772228314e-08	5.19234574363e-05
1.04495258191e-12	1.13099576614	1.59186696038	3.03486756295e-08	1.93818930479e-08	5.39138565824e-05
1.1697874825e-12	1.13099575969	1.59186695461	3.27198510607e-08	2.08963186828e-08	5.59805543558e-05
1.30953574097e-12	1.13099575272	1.59186694838	3.5276300903e-08	2.25290757636e-08	5.81264755363e-05
1.46597897629e-12	1.13099574522	1.59186694167	3.80325017757e-08	2.4289410004e-08	6.03546570205e-05
1.6411116479e-12	1.13099573713	1.59186693443	4.10040614445e-08	2.61872899835e-08	6.2668252119e-05
1.8371664826e-12	1.1309957284	1.59186692662	4.42078072046e-08	2.8233462881e-08	6.50705350191e-05
2.05664293903e-12	1.130995719	1.59186691821	4.76618811704e-08	3.04395157585e-08	6.75649054186e-05
2.30233907273e-12	1.13099570886	1.59186690914	5.13858430095e-08	3.28179409536e-08	7.01548933371e-05
2.57738720789e-12	1.13099569793	1.59186689936	5.54007807053e-08	3.53822071335e-08	7.28441641112e-05
2.88529387057e-12	1.13099568614	1.59186688881	5.97294299734e-08	3.81468349012e-08	7.56365235818e-05
3.22998449264e-12	1.13099567343	1.59186687745	6.43963030084e-08	4.11274800621e-08	7.85359234805e-05
3.61585345613e-12	1.13099565973	1.59186686519	6.94278272917e-08	4.43410211094e-08	8.15464670215e-05
4.04782011618e-12	1.13099564496	1.59186685198	7.48524952437e-08	4.78056558134e-08	8.46724147085e-05
4.53139151671e-12	1.13099562904	1.59186683773	8.07010255701e-08	5.15410033622e-08	8.79181903644e-05
5.07273259843e-12	1.13099561187	1.59186682237	8.70065372149e-08	5.55682166045e-08	9.12883873917e-05
5.67874479412e-12	1.13099559336	1.59186680581	9.38047369055e-08	5.99101003996e-08	9.47877752727e-05
6.35715401339e-12	1.1309955734	1.59186678796	1.01134121351e-07	6.45912420684e-08	9.84213063197e-05
7.11660913834e-12	1.13099555189	1.59186676871	1.09036195243e-07	6.96381498377e-08	0.000102194122683
7.96679228606e-12	1.13099552869	1.59186674795	1.1755570628e-07	7.50794033863e-08	0.000106111563629
8.91854224353e-12	1.13099550368	1.59186672558	1.26740898573e-07	8.09458150489e-08	0.000110179173093
9.98399264859e-12	1.13099547671	1.59186670146	1.36643785832e-07	8.72706052313e-08	0.00011440270753
1.11767266786e-11	1.13099544764	1.59186667545	1.47320445912e-07	9.4089589593e-08	0.000118788144057
1.2511950219e-11	1.1309954163	1.59186664741	1.58831338368e-07	1.01441382884e-07	0.000123341688913
1.40066857191e-11	1.13099538251	1.59186661718	1.71241646819e-07	1.09367616326e-07	0.000128069786242
1.56799892069e-11	1.13099534608	1.59186658459	1.84621648074e-07	1.17913174643e-07	0.000132979127214
1.75531932294e-11	1.1309953068	1.59186654945	1.99047110086e-07	1.27126449416e-07	0.000138076659489
1.96501788156e-11	1.13099526445	1.59186651156	2.14599721011e-07	1.37059613081e-07	0.000143369597057
2.19976799289e-11	1.13099521879	1.59186647072	2.31367551785e-07	1.47768915251e-07	0.00014886543044
2.4625624292e-11	1.13099516957	1.59186642668	2.49445554851e-07	1.59315000124e-07	0.000154571937296
2.75675149259e-11	1.1309951165	1.5918663792	2.68936101845e-07	1.71763250652e-07	0.000160497193424
3.08608572717e-11	1.13099505928	1.59186632802	2.89949563309e-07	1.85184158354e-07	0.000166649584196
3.45476373356e-11	1.1309949976	1.59186627283	3.1260493368e-07	1.99653722772e-07	0.000173037816418
3.86748569573e-11	1.13099493109	1.59186621333	3.37030505132e-07	2.15253881903e-07	0.000179670930655
4.32951330216e-11	1.13099485939	1.59186614918	3.63364594058e-07	2.32072975713e-07	0.000186558314026
4.84673682558e-11	1.13099478208	1.59186608002	3.91756324316e-07	2.50206246846e-07	0.000193709713483
5.4257502162e-11	1.13099469873	1.59186600546	4.22366471678e-07	2.69756379851e-07	0.000201135249612
6.07393516591e-11	1.13099460887	1.59186592507	4.55368374259e-07	2.90834082609e-07	0.000208845430947
6.79955521512e-11	1.13099451199	1.5918658384	4.90948914078e-07	3.13558713263e-07	0.000216851168847
7.61186110185e-11	1.13099440754	1.59186574495	5.29309575321e-07	3.38058955898e-07	0.000225163792934
8.5212086963e-11	1.13099429493	1.59186564421	5.70667585281e-07	3.64473549727e-07	0.000233795067127
9.53919102418e-11	1.13099417352	1.59186553559	6.15257144452e-07	3.92952074123e-07	0.000242757206288
1.06787860621e-10	1.13099404262	1.59186541849	6.63330752735e-07	4.23655796261e-07	0.000252062893511
1.19545221891e-10	1.13099390149	1.59186529223	7.15160639264e-07	4.56758583827e-07	0.000261725298065
1.33826634032e-10	1.13099374934	1.59186515611	7.71040303949e-07	4.92447889767e-07	0.000271758094034
1.49814166648e-10	1.1309935853	1.59186500936	8.31286179468e-07	5.30925813872e-07	0.000282175479663
1.67711640102e-10	1.13099340844	1.59186485114	8.9623942312e-07	5.72410246953e-07	0.000292992197456
1.87747223932e-10	1.13099321776	1.59186468055	9.66267848673e-07	6.17136104946e-07	0.00030422355503
2.10176345685e-10	1.13099301219	1.59186449664	1.04176800916e-06	6.65356659048e-07	0.000315885446785
2.35284947251e-10	1.13099279055	1.59186429836	1.12316744241e-06	7.17344969763e-07	0.000327994376386
2.63393130202e-10	1.13099255159	1.59186408458	1.21092709204e-06	7.7339543341e-07	0.000340567480126
2.94859236605e-10	1.13099229396	1.5918638541	1.30554391757e-06	8.33825448866e-07	0.000353622551168
3.30084417349e-10	1.13099201621	1.59186360562	1.4075537085e-06	8.98977215195e-07	0.000367178064724
3.69517746202e-10	1.13099171675	1.59186333771	1.51753411829e-06	9.69219668828e-07	0.000381253204201
4.13661944803e-10	1.13099139389	1.59186304887	1.6361079353e-06	1.04495057372e-06	0.000395867888342
4.63079791566e-10	1.1309910458	1.59186273747	1.76394660938e-06	1.12659877248e-06	0.00041104279941
5.18401296202e-10	1.13099067052	1.59186240173	1.90177405397e-06	1.21462661557e-06	0.000426799412457
5.80331731309e-10	1.13099026591	1.59186203976	2.05037074522e-06	1.30953257879e-06	0.000443160025708
6.49660623416e-10	1.13098982969	1.59186164951	2.21057814144e-06	1.41185408638e-06	0.00046014779211
7.27271818102e-10	1.13098935938	1.59186122876	2.3833034478e-06	1.52217055397e-06	0.000477786752092
8.14154747479e-10	1.13098885233	1.59186077514	2.56952475329e-06	1.64110666939e-06	0.000496101867581
9.1141704369e-10	1.13098830566	1.59186028608	2.77029656908e-06	1.76933592982e-06	0.00051511905732
1.02029865919e-09	1.13098771627	1.5918597588	2.98675579947e-06	1.90758445594e-06	0.000534865233537
1.1421876738e-09	1.13098708084	1.59185919033	3.22012817949e-06	2.05663510242e-06	0.000555368340019
1.27863799007e-09	1.13098639575	1.59185857743	3.47173521531e-06	2.21733189193e-06	0.000576657391653
1.43138914245e-09	1.13098565713	1.59185791665	3.74300166693e-06	2.39058479331e-06	0.000598762515468
1.60238847276e-09	1.1309848608	1.59185720424	4.0354636155e-06	2.57737487445e-06	0.00062171499326
1.79381595475e-09	1.13098400226	1.59185643616	4.35077716087e-06	2.77875985707e-06	0.000645547305843
2.00811198399e-09	1.13098307662	1.59185560807	4.69072779854e-06	2.99588010583e-06	0.000670293179
2.24800848742e-09	1.13098207867	1.59185471527	5.05724052934e-06	3.22996508513e-06	0.000695987631192
2.51656374907e-09	1.13098100274	1.59185375272	5.4523907587e-06	3.48234032024e-06	0.000722667023088
2.81720139573e-09	1.13097984275	1.59185271496	5.87841604756e-06	3.75443490277e-06	0.000750369109002
3.15375403968e-09	1.13097859211	1.59185159611	6.33772878111e-06	4.04778958143e-06	0.000779133090294
3.5305121344e-09	1.13097724377	1.59185038985	6.83292982725e-06	4.36406548629e-06	0.000808999670813
3.95227866623e-09	1.13097579007	1.59184908933	7.36682326205e-06	4.70505353303e-06	0.000840011114465
4.42443037881e-09	1.13097422279	1.5918476872	7.94243224537e-06	5.07268456305e-06	0.00087221130499
4.95298631059e-09	1.13097253305	1.59184617552	8.56301613672e-06	5.46904027477e-06	0.000905645808015
5.54468451896e-09	1.13097071128	1.59184454572	9.23208894798e-06	5.89636500929e-06	0.00094036193549
6.20706796855e-09	1.13096874718	1.59184278858	9.95343923746e-06	6.3570784567e-06	0.000976408812591
6.94858067841e-09	1.13096662962	1.59184089415	1.07311515579e-05	6.8537893545e-06	0.00101383744717
7.77867535298e-09	1.13096434661	1.5918388517	1.15696295797e-05	7.38931025616e-06	0.00105270080189
8.70793386863e-09	1.13096188522	1.59183664967	1.24736210199e-05	7.9666734536e-06	0.00109305386907
9.74820215062e-09	1.13095923152	1.59183427559	1.34482445186e-05	8.58914814182e-06	0.00113495374845
1.09127411593e-08	1.13095637048	1.59183171602	1.4499018614e-05	9.26025892626e-06	0.00117845972788
1.2216395909e-08	1.13095328591	1.59182895646	1.56318929802e-05	9.98380577355e-06	0.00122363336713
1.36757846727e-08	1.13094996033	1.59182598129	1.68532821047e-05	1.07638855214e-05	0.00127053858485
1.53095107838e-08	1.13094637493	1.59182277367	1.81701015957e-05	1.16049150675e-05	0.00131924174895
1.71383997312e-08	1.13094250941	1.59181931544	1.95898073242e-05	1.25116563701e-05	0.00136981177032
1.91857645698e-08	1.13093834187	1.59181558701	2.11204376222e-05	1.34892433996e-05	0.00142232020018
2.14777030251e-08	1.13093384873	1.59181156728	2.27706587763e-05	1.45432111954e-05	0.00147684133118
2.40434300776e-08	1.13092900455	1.5918072335	2.45498140724e-05	1.56795271907e-05	0.00153345230228
2.69156502601e-08	1.13092378191	1.59180256111	2.64679766692e-05	1.69046249829e-05	0.00159223320771
3.01309744115e-08	1.13091815124	1.59179752368	2.85360065992e-05	1.8225440741e-05	0.00165326721001
3.37303861904e-08	1.13091208067	1.59179209269	3.07656122193e-05	1.96494524534e-05	0.00171664065746
3.7759764291e-08	1.13090553584	1.59178623739	3.31694164566e-05	2.11847222408e-05	0.0017824432059
4.22704670063e-08	1.1308984797	1.59177992463	3.5761028225e-05	2.28399419698e-05	0.00185076794523
4.73199865808e-08	1.13089087231	1.59177311869	3.85551194145e-05	2.46244824277e-05	0.00192171153077
5.29726816807e-08	1.13088267061	1.59176578103	4.15675078876e-05	2.6548446333e-05	0.0019953743195
5.93005973019e-08	1.13087382818	1.59175787012	4.48152469512e-05	2.86227254829e-05	0.00207186051161
6.63843825472e-08	1.13086429499	1.59174934118	4.83167218076e-05	3.08590623588e-05	0.00215127829732
7.431431795e-08	1.13085401707	1.59174014595	5.20917535292e-05	3.32701165368e-05	0.00223374000933
8.31914654097e-08	1.13084293627	1.59173023237	5.61617111416e-05	3.58695362787e-05	0.00231936228108
9.31289553633e-08	1.13083098989	1.59171954435	6.05496324466e-05	3.86720357055e-05	0.00240826621089
1.04253427558e-07	1.13081811031	1.5917080214	6.52803542654e-05	4.16934779875e-05	0.00250057753248
1.16706643742e-07	1.13080422469	1.5916955983	7.03806528337e-05	4.49509650208e-05	0.00259642679179
1.30647292766e-07	1.13078925444	1.59168220476	7.58793951396e-05	4.84629340929e-05	0.00269594953059
1.4625301103e-07	1.13077311488	1.59166776499	8.18077020527e-05	5.22492620813e-05	0.00279928647696
1.63722643951e-07	1.13075571472	1.5916521973	8.81991241628e-05	5.63313777707e-05	0.00290658374295
1.83278777149e-07	1.13073695553	1.5916354136	9.50898313129e-05	6.07323829195e-05	0.00301799302975
2.05170569504e-07	1.1307167312	1.59161731895	0.000102518816891	6.54771827532e-05	0.00313367184049
2.29676924029e-07	1.13069492738	1.59159781099	0.000110528118024	7.05926266192e-05	0.00325378370106
2.57110036787e-07	1.13067142075	1.59157677937	0.000119163052911	7.61076595882e-05	0.00337849838923
2.87819368852e-07	1.13064607841	1.59155410515	0.000128472476614	8.20534858519e-05	0.00350799217232
3.22196091672e-07	1.13061875709	1.59152966009	0.000138509056746	8.84637448306e-05	0.00364244805375
3.60678062155e-07	1.13058930235	1.59150330596	0.000149329570598	9.53747009753e-05	0.00378205602872
4.03755390476e-07	1.1305575477	1.59147489376	0.000160995225338	0.000102825448321	0.00392701334954
4.51976671091e-07	1.13052331372	1.59144426286	0.000173572003105	0.000110858130933	0.00407752480062
5.0595595578e-07	1.13048640695	1.59141124011	0.000187131032879	0.000119518180479	0.00423380298376
5.66380556873e-07	1.13044661891	1.59137563887	0.000201748991221	0.000128854572228	0.00439606861391
6.34019779261e-07	1.13040372488	1.59133725796	0.000217508534087	0.000138920100933	0.00456455082579
7.0973469142e-07	1.13035748262	1.59129588051	0.000234498762124	0.000149771678079	0.0047394874918
7.94489058747e-07	1.13030763107	1.59125127279	0.000252815722002	0.000161470652193	0.00492112555145
8.89361576997e-07	1.13025388885	1.59120318284	0.000272562946564	0.000174083153938	0.00510972135285
9.95559559925e-07	1.13019595267	1.5911513391	0.000293852036762	0.000187680467924	0.00530554100653
1.11443425333e-06	1.1301334957	1.59109544889	0.000316803288573	0.000202339433274	0.00550886075196
1.24749796803e-06	1.13006616569	1.59103519673	0.000341546368333	0.00021814287513	0.0057199673373
1.39644324678e-06	1.12999358304	1.59097024262	0.000368221040188	0.000235180069483	0.0059391584126
1.56316430567e-06	1.12991533866	1.59090022014	0.000396977949617	0.000253547243844	0.00616674293699
1.74978101833e-06	1.12983099173	1.59082473439	0.000427979467285	0.000273348116497	0.00640304160018
1.95866574304e-06	1.12974006722	1.59074335977	0.000461400597811	0.000294694477244	0.00664838725869
2.19247332766e-06	1.12964205329	1.59065563766	0.000497429958339	0.000317706812804	0.00690312538717
2.45417466659e-06	1.12953639844	1.59056107386	0.000536270832179	0.00034251498021	0.00716761454533
2.74709422711e-06	1.12942250847	1.59045913581	0.000578142303169	0.000369258931836	0.00744222686067
3.07495201159e-06	1.12929974323	1.59034924968	0.00062328047679	0.000398089495921	0.0077273485275
3.44191047533e-06	1.12916741307	1.5902307972	0.000671939794513	0.000429169216739	0.00802338032266
3.85262698067e-06	1.12902477507	1.59010311221	0.000724394448327	0.000462673258857	0.00833073813814
4.31231243424e-06	1.12887102898	1.58996547704	0.000780939902841	0.000498790380249	0.00864985353099
4.82679682922e-06	1.12870531288	1.58981711853	0.000841894532924	0.000537723979339	0.0089811742909
5.40260249678e-06	1.12852669845	1.58965720382	0.000907601385331	0.000579693221425	0.00932516502557
6.0470259628e-06	1.12833418598	1.58948483575	0.000978430073397	0.000624934250288	0.00968230776415
6.76822940832e-06	1.12812669893	1.58929904805	0.00105477881443	0.000673701491188	0.010053102579
7.57534284462e-06	1.12790307819	1.58909880002	0.00113707662013	0.000726269051862	0.0104380682258
8.47857824007e-06	1.12766207585	1.58888297089	0.00122578565094	0.000782932228569	0.010837742802
9.48935697399e-06	1.12740234853	1.58865035382	0.00132140374608	0.000844009124677	0.0112526844242
1.06204521472e-05	1.12712245026	1.58839964938	0.00142446714157	0.000909842389772	0.0116834719231
1.1886147448e-05	1.12682082486	1.58812945859	0.00153555338944	0.000980801087746	0.0121307055573
1.33024144616e-05	1.12649579776	1.58783827547	0.00165528449201	0.00105728270283	0.0125950077451
1.48871105147e-05	1.12614556727	1.58752447902	0.00178433026606	0.00113971529312	0.013077023813
1.66601993799e-05	1.12576819522	1.58718632472	0.00192341195232	0.00122855980151	0.0135774227618
1.86439974099e-05	1.12536159704	1.58682193532	0.00207330608681	0.00132431253484	0.014096898049
2.08634479507e-05	1.12492353105	1.5864292911	0.00223484865123	0.00142750782213	0.0146361683864
2.33464271843e-05	1.12445158719	1.58600621935	0.00240893952036	0.00153872086391	0.0151959785513
2.61240848788e-05	1.12394317488	1.58555038322	0.00259654722567	0.00165857078457	0.0157771002122
2.92312238896e-05	1.12339551017	1.58505926982	0.00279871405455	0.00178772390091	0.0163803327644
3.27067226434e-05	1.12280560209	1.58453017746	0.00301656150595	0.00192689721987	0.0170065041756
3.65940052658e-05	1.12217023814	1.58396020211	0.00325129612337	0.00207686217944	0.0176564718394
4.09415644768e-05	1.12148596889	1.58334622303	0.00350421572737	0.00223844864709	0.0183311234328
4.58035428737e-05	1.12074909171	1.58268488739	0.00377671606969	0.00241254919004	0.019031377776
5.12403787628e-05	1.11995563357	1.58197259405	0.00407029793201	0.00260012363275	0.0197581856909
5.73195232698e-05	1.1191013329	1.5812054763	0.00438657469226	0.00280220391645	0.0205125308533
6.41162360788e-05	1.11818162043	1.58037938359	0.00472728038165	0.00301989927602	0.0212954306367
7.17144677902e-05	1.11719159921	1.57948986227	0.00509427825523	0.0032544017496	0.0221079369403
8.02078375783e-05	1.1161260235	1.57853213521	0.0054895698983	0.00350699203541	0.0229511369966
8.97007155366e-05	1.11497927687	1.57750108036	0.00591530489029	0.00377904571063	0.0238261541527
0.000100309419842	1.11374534926	1.57639120829	0.00637379104607	0.00407203982564	0.0247341486168
0.000112163539616	1.1124178133	1.57519663852	0.0068675052531	0.00438755988635	0.0256763181636
0.000125407395134	1.11098979972	1.5739110749	0.00739910492038	0.00472730723566	0.0266538987876
0.000140201647773	1.1094539721	1.57252777992	0.0079714400518	0.0050931068432	0.0276681652958
0.000156725072825	1.10780250106	1.57103954799	0.00858756595283	0.00548691551012	0.0287204318283
0.000175176509001	1.1060270379	1.56943867786	0.00925075657448	0.00591083049257	0.0298120522943
0.000195776999011	1.1041186881	1.56771694419	0.00996451849243	0.00636709854395	0.0309444207099
0.000218772136186	1.10206798469	1.56586556841	0.0107326055122	0.00685812537122	0.0321189714231
0.000244434632373	1.09986486189	1.56387518905	0.0115590338826	0.00738648549536	0.0333371792097
0.000273067122571	1.09749862928	1.5617358317	0.0124480980897	0.00795493249957	0.0346005592218
0.000305005221634	1.09495794695	1.5594368789	0.0134043871915	0.00856640964106	0.0359106667705
0.000340620847976	1.09223080197	1.55696704009	0.01443280164	0.00922406079356	0.0372690969201
0.000380325987351	1.0893044801	1.55435031645	0.0155385705213	0.00993124586952	0.0386774838738
0.000424577062812	1.08616555398	1.55157970919	0.0167272428827	0.0106915723957	0.0401374672473
0.000473877057285	1.08279993143	1.54860560784	0.0180047253238	0.0115088469838	0.0416507195336
0.000528782207699	1.07919271988	1.54541410047	0.019377329828	0.0123871351212	0.0432189803765
0.000589906126594	1.07532827796	1.54199048475	0.0208517665757	0.0133307614543	0.0448440226012
0.000657924957998	1.07119021424	1.53831924805	0.0224351612951	0.0143443214552	0.0465276500767
0.000733582847216	1.06676139287	1.53438405148	0.0241350721146	0.0154326928178	0.0482716951914
0.000817697712727	1.06202394728	1.53016771855	0.0259595056613	0.0166010464203	0.0500780159102
0.000911167300124	1.05695930343	1.52565222958	0.0279169321112	0.0178548566592	0.0519484923779
0.00101497548819	1.05154821375	1.52081872277	0.0300162988577	0.0191999109362	0.0538850230384
0.00113019880555	1.04577080348	1.51564750324	0.032267042421	0.0206423180455	0.0558895202342
0.00125801310288	1.03960663083	1.51011806123	0.0346790981781	0.0221885151783	0.0579639052549
0.00139970031017	1.03303476275	1.50420910078	0.0372629074478	0.0238452732239	0.0601101028063
0.00155665519095	1.0260338677	1.49789858044	0.0400294214177	0.0256197000125	0.0623300348703
0.0017303919859	1.01858232733	1.49116376731	0.0429901013603	0.0275192411096	0.0646256139347
0.00192255081679	1.01065836844	1.48398130611	0.0461569145392	0.0295516777305	0.066998735572
0.00213490369831	1.00224021669	1.47632730475	0.0495423251741	0.0317251213128	0.0694512703569
0.00236935998107	0.993306273447	1.46817743785	0.0531592797982	0.0340480042471	0.0719850551158
0.00262797102306	0.983835316602	1.45950706968	0.0570211863246	0.0365290662364	0.0746018835137
0.00291293386159	0.973806726062	1.45029139786	0.0611418861229	0.0391773357316	0.0773034959925
0.00322659363229	0.963200734104	1.44050561881	0.0655356184155	0.0420021058666	0.080091569087
0.00357144445843	0.951998700198	1.4301251159	0.07021697632	0.0450129043099	0.0829677041594
0.00395012851373	0.940183409238	1.41912567072	0.0752008539085	0.0482194564497	0.0859334156068
0.00436543294587	0.927739391387	1.40748369761	0.0805023837144	0.0516316413385	0.088990118613
0.0048202843387	0.914653260818	1.39517650094	0.0861368642109	0.0552594398573	0.0921391165335
0.00531774793674	0.900913946042	1.38230445914	0.0921196768986	0.0591129636513	0.0953815880195
0.00586106529477	0.886512685194	1.3689914003	0.0984656893986	0.0632031261824	0.0987182994888
0.00645347019467	0.871446193405	1.35497057678	0.10518898968	0.0675396578719	0.10214954186
0.007098335483	0.855712884904	1.34022546682	0.112304426554	0.0721323962521	0.105675987959
0.00779909838728	0.839315051444	1.32474184995	0.119826476544	0.0769909067722	0.109298127384
0.00855923410003	0.822259200511	1.30850814165	0.127769108825	0.0821243778307	0.11301625427
0.00938222526872	0.804556365623	1.29151572881	0.136145641748	0.0875415065576	0.116830455775
0.0102715274321	0.786222378598	1.27375930001	0.144968592174	0.0932503757371	0.12074060149
0.0112305305621	0.76727809343	1.25523716373	0.154249519186	0.0992583224845	0.124746334012
0.0122625170021	0.747749551413	1.23595154732	0.163998863999	0.105571799531	0.128847060869
0.0133708805778	0.727665049726	1.21649176816	0.174225822525	0.112198716938	0.133041948032
0.0145583783125	0.707066144243	1.19630761015	0.184933709796	0.119143377362	0.137328100209
0.0158276932685	0.685994283506	1.17540440538	0.196128271354	0.126409007888	0.141704074109
0.0171812110688	0.664495877635	1.15379997726	0.207813540421	0.133997398401	0.146168188998
0.0186209632573	0.64262215786	1.13151679903	0.219991635505	0.141908718262	0.150718503407
0.0201485768792	0.62042883653	1.10858203735	0.232662629209	0.150141362659	0.155352818844
0.0217654896562	0.597973309587	1.08552893122	0.245824456771	0.158694063785	0.160068685937
0.0234725308194	0.575320464569	1.06212141909	0.259467475265	0.167564773512	0.164861481913
0.0252696158726	0.552539167036	1.03817267831	0.273582288983	0.17674516825	0.169727317549
0.0271563144155	0.529696987853	1.01372408539	0.288159442188	0.186225679603	0.174662920874
0.0291315895811	0.506863056869	0.988820877849	0.303187032	0.195994330684	0.179664800545
0.0311942318307	0.484103954163	0.964090115752	0.318650745118	0.206040359991	0.184729263882
0.0333421256314	0.461491752787	0.93923220226	0.334525951946	0.216351931686	0.189849798149
0.0355719805772	0.439098532481	0.914063906579	0.350790005657	0.226908633719	0.195021178693
0.0378802015511	0.416990731706	0.888638080656	0.367421120575	0.237688818513	0.200239074822
0.0402627522883	0.395231400567	0.863406722973	0.38439529316	0.248669706868	0.205499024175
0.0427158428582	0.373877739013	0.838477187942	0.401680018492	0.259836024354	0.210794385282
0.0452332556081	0.352994289119	0.813437013737	0.419239436609	0.271156283795	0.216117962373
0.0478090363074	0.332633257348	0.788339828954	0.437043607074	0.28259933674	0.221464878625
0.0504373963147	0.312838864742	0.763813617217	0.45506108176	0.294136868497	0.226830213711
0.053112047119	0.293653975295	0.7396139423	0.473247981007	0.305744030094	0.232205602593
0.0558250155702	0.275120441276	0.715486508552	0.491564431006	0.317381467847	0.237584159862
0.0585688150878	0.257268656671	0.691605297978	0.5099756539	0.329011300342	0.242960801467
0.0613373518935	0.240116791373	0.668623732672	0.528443738685	0.340608694712	0.248329670283
0.0641214370043	0.223693710678	0.645819663907	0.546916328773	0.352133050264	0.253680715804
0.0669129572652	0.208012732494	0.623234236398	0.565357891399	0.363542985424	0.259008876395
0.0697052043649	0.193076391175	0.601603965964	0.583733242043	0.374807941054	0.26430920197
0.0724897969647	0.178892354789	0.58037833886	0.601990173832	0.385894735947	0.26957162613
0.0752582482197	0.165460904916	0.559441142102	0.620091231213	0.396760762768	0.274790189103
0.0780035948779	0.152772430534	0.539346430859	0.638003815332	0.407372460559	0.279960196652
0.0807191062471	0.140815577103	0.519855757394	0.655682426108	0.417706984832	0.285072860368
0.0833964047456	0.129580620325	0.50069630077	0.673089424626	0.42772386387	0.290121285755
0.0860290354137	0.119048182054	0.482309795317	0.690197167658	0.437391711466	0.295101197433
0.0886119408743	0.109194560797	0.464619790472	0.706967839762	0.446698282929	0.300004861078
0.0911375467379	0.100002301502	0.447280405726	0.72336748007	0.455609445803	0.304825123504
0.0936005313992	0.0914453874951	0.430660312128	0.739375247582	0.464100776148	0.309558290017
0.0959973992587	0.0834937344376	0.41476105112	0.754961897209	0.472170022582	0.314197614062
0.0983219457666	0.0761248977204	0.399213315301	0.770099918802	0.479793119544	0.318736235012
0.100570355657	0.0693095595669	0.384328777502	0.784776404645	0.486955623469	0.323171209028
0.10274063656	0.0630156160985	0.370152233525	0.798971380305	0.493664750138	0.327496892881
0.104828284448	0.0572184195499	0.356314790523	0.812665267334	0.499908508511	0.331707135769
0.106831104257	0.0518883256431	0.343071460367	0.825853425445	0.505683140496	0.335799926642
0.108748631387	0.0469939791437	0.330508505822	0.838525529212	0.511004779853	0.339771004301
0.110578142613	0.0425109268179	0.318263669106	0.850670144569	0.515873380664	0.343615215443
0.112319029818	0.038411314429	0.306526742445	0.862290470539	0.520294953838	0.34733166279
0.113972270866	0.0346663475628	0.295442060722	0.873385694886	0.524292480801	0.350917824067
0.11553685847	0.0312533755178	0.284649934534	0.883951730383	0.527876385419	0.354369722043
0.117013611112	0.0281476142395	0.274264637953	0.893998540206	0.531060216064	0.357687718793
0.118404758038	0.0253238257055	0.264508941951	0.903534035564	0.533870740323	0.360871338843
0.119710806541	0.0227620656973	0.255018696898	0.912560053189	0.536326293066	0.363917865011
0.120933738406	0.0204412047998	0.24582699183	0.921091783451	0.538445016793	0.366828979229
0.122076745247	0.0183399413151	0.237245983036	0.929144368085	0.540254174086	0.369606370064
0.123141537105	0.0164413919799	0.228903935143	0.936723958586	0.541776842926	0.372248592408
0.124130958036	0.0147281055109	0.220799858218	0.943849197983	0.543033051314	0.374758578788
0.125048597595	0.0131830124788	0.213198961583	0.950539114983	0.544047346526	0.377139559915
0.125897310815	0.0117917264959	0.205854325194	0.95680526172	0.544844485058	0.379392226137
0.126680301727	0.0105404759292	0.198722446172	0.962666668703	0.545444012565	0.381520091505
0.12740115562	0.00941610536611	0.191939728705	0.96814353897	0.545866199991	0.383527328312
0.12806351945	0.00840649762338	0.185448457003	0.973252259565	0.546134291139	0.385416930029
0.128670580279	0.00750115552704	0.179147844502	0.978010434164	0.546265740611	0.387192549001
0.129225842569	0.00668997211448	0.173076078769	0.982437983199	0.546277158704	0.388858950782
0.129732934616	0.00596346785373	0.167303675373	0.986553324247	0.54618647914	0.390420592992
0.130194966094	0.00531358178752	0.161703346229	0.990372570039	0.546008908942	0.391881292971
0.130615189553	0.00473264148633	0.156272192844	0.993914253329	0.545757487848	0.393246027595
0.130996827276	0.00421355922482	0.1510837917	0.997196147975	0.545444874383	0.394519726219
0.131342807975	0.00375011208361	0.146064503235	1.00023366874	0.54508300597	0.395706625052
0.131655964036	0.00333659978698	0.141199211762	1.00304298822	0.544681635868	0.39681146254
0.131939007277	0.00296783005037	0.136496077154	1.00563971044	0.544249505824	0.397838956581
0.132194504186	0.00263910128446	0.131952164484	1.00803840681	0.543794689643	0.398793603877
0.132424824835	0.00234622014406	0.127550679996	1.01025282683	0.543324079081	0.399679744611
0.132632202925	0.00208538511933	0.123286058835	1.01229616701	0.542843632829	0.400501654194
0.132818693697	0.0018532049728	0.119128406468	1.01418086112	0.542358330885	0.401263444511
0.13298624993	0.00164657472621	0.115104864457	1.01591897208	0.541872403824	0.401969208089
0.133136648921	0.00146274069304	0.111211851607	1.01752131644	0.54138970992	0.402622648583
0.133271503092	0.00129926260883	0.107394245974	1.01899800525	0.540913327731	0.40322728459
0.133392321566	0.00115391989338	0.103684123066	1.02035914744	0.540445348876	0.403786727193
0.133500500539	0.00102470896542	0.100098494854	1.02161369058	0.53998799106	0.404304194078
0.13359728651	0.000909871755578	0.0965947848755	1.0227696896	0.539543097061	0.404782606307
0.133683795329	0.000807860055878	0.0931647543161	1.02383507018	0.539111543288	0.405224894799
0.133761103238	0.000717219727137	0.0898540148834	1.02481725586	0.538694294023	0.405633839158
0.133830147626	0.000636698655129	0.0866424730323	1.02572257082	0.538292295971	0.406011810225
0.133891761763	0.000565197889999	0.0834999926571	1.02655704478	0.537905948476	0.406361097575
0.133946738259	0.000501692670692	0.0804698004849	1.02732653056	0.537535458964	0.406683954079
0.13399576954	0.000445296511529	0.0775407234377	1.02803598828	0.537181138958	0.406982290484
0.134039467958	0.000395233230345	0.0746758106451	1.02869007893	0.536842969528	0.407257919081
0.134078411856	0.000350780978397	0.0719156205609	1.02929340549	0.536520700867	0.407512652096
0.13411310341	0.000311317688171	0.0692207959039	1.02984984859	0.536214219503	0.407748018015
0.134143914879	0.000276378741117	0.0662785648212	1.03036327009	0.535922468898	0.407965555544
0.134171356423	0.000245352300986	0.0634605756253	1.03083959018	0.535643298818	0.408167694236
0.134195750938	0.000217846192899	0.0601677878724	1.03128145776	0.53537646107	0.408355492149
0.134217270777	0.000193642066159	0.0563601100283	1.03169544864	0.53511669319	0.408531690422
0.134236368572	0.000172212618661	0.0521368586397	1.03208844782	0.53486040871	0.4086991804
0.134253310819	0.000153244196613	0.047944354477	1.03246637506	0.534603640714	0.408860458263
0.134268414761	0.000136370514836	0.0440576184542	1.03283217137	0.534345748708	0.409016760168
0.134281877484	0.000121362113502	0.0404339471431	1.03318648564	0.534087518519	0.409168347339
0.134293877004	0.000108012468048	0.037027550132	1.03353013391	0.53382942821	0.409315553951
0.134304564843	9.61459628567e-05	0.0338202469715	1.03386417887	0.533571516422	0.40945882174
0.134314080876	8.56012033706e-05	0.0307997147179	1.03418977559	0.533313642745	0.409598634324
0.134322556008	7.62278973313e-05	0.0279601457383	1.03450813645	0.533055542159	0.409735502306
0.134330110232	6.78888469657e-05	0.025325867121	1.03482046607	0.532796876759	0.409869935349
0.134336846842	6.04661777339e-05	0.022909731072	1.0351275934	0.532537562994	0.410002283462
0.134342855948	5.38572629027e-05	0.020711024985	1.03543001856	0.532277750399	0.410132756258
0.134348217599	4.79711516139e-05	0.0187229864122	1.03572801137	0.532017745606	0.41026146471
0.134353002997	4.27271230384e-05	0.0169335511015	1.03602164357	0.531757989116	0.410388434515
0.134357274886	3.80541696116e-05	0.0153273601872	1.03631083709	0.531499010026	0.410513626539
0.134361088658	3.38897104031e-05	0.0138879188672	1.03659541519	0.531241382942	0.410636958646
0.13436449345	3.01783311757e-05	0.0126011104701	1.03687513985	0.530985698562	0.410758321699
0.13436753224	2.68716209703e-05	0.0114473287398	1.03714968912	0.530732587153	0.410877569616
0.134370244051	2.39257323358e-05	0.0104113187682	1.03741881629	0.53048257505	0.410994588448
0.134372664066	2.13012218345e-05	0.00947940742172	1.0376823046	0.530236130857	0.411109276861
0.134374823567	1.89630869217e-05	0.0086396268716	1.03793997186	0.529993660496	0.411221548249
0.134376750323	1.68803122752e-05	0.0078826703372	1.0381916723	0.529755508184	0.411331331649
0.134378468966	1.50254351314e-05	0.00719904523621	1.03843726252	0.529521993203	0.411438556975
0.134380001578	1.3373890016e-05	0.00657940408988	1.0386766437	0.529293371871	0.411543173504
0.1343813683	1.19033302743e-05	0.00601679925093	1.03890979749	0.529069806013	0.411645165695
0.134382586984	1.05939882064e-05	0.00550522806383	1.03913673548	0.528851411098	0.411744531225
0.134383673517	9.42830569378e-06	0.0050400531898	1.03935749566	0.528638262083	0.411841279524
0.134384641975	8.3907528005e-06	0.00461555015667	1.03957211404	0.528430422978	0.411935419358
0.134385505142	7.46726331636e-06	0.00422761683291	1.03978069602	0.528227879065	0.412026990186
0.13438627441	6.64532785495e-06	0.00387272613771	1.03998336873	0.528030583969	0.412116041326
0.134386959894	5.91385660029e-06	0.00354758051965	1.04018027439	0.527838467108	0.412202629079
0.134387570653	5.26294214245e-06	0.00324908755808	1.04037157892	0.527651426641	0.412286820526
0.134388114815	4.68371101733e-06	0.00297481475767	1.04055747956	0.527469322758	0.41236869693
0.134388599556	4.16834198025e-06	0.00272260737165	1.04073818438	0.527291998085	0.412448344712
0.134389031305	3.70984299013e-06	0.00249018774585	1.04091391301	0.527119278319	0.412525855813
0.13438941583	3.3019521373e-06	0.00227538688387	1.04108491886	0.526950950719	0.412601337468
0.134389758333	2.93903258298e-06	0.00207699803109	1.04125149961	0.526786754215	0.412674916916
0.134390063346	2.61618258585e-06	0.00189361184759	1.04141394147	0.526626434488	0.41274671676
0.134390334908	2.32903673017e-06	0.00172393202653	1.04157254962	0.52646971475	0.412816868437
0.134390576654	2.07367674102e-06	0.00156642250504	1.04172765319	0.526316291409	0.412885514396
0.134390791855	1.84658098387e-06	0.00141974475584	1.04187964247	0.526165797114	0.412952824631
0.134390983462	1.64457863636e-06	0.00128341318805	1.04202897415	0.526017795879	0.413018999038
0.134391154042	1.4649140945e-06	0.00115654652826	1.0421761013	0.525871852604	0.413084236456
0.13439130588	1.3051389739e-06	0.00103834983718	1.04232153403	0.525727473199	0.413148761533
0.134391441002	1.16308377966e-06	0.000928124845219	1.04246585577	0.525584088395	0.413212832056
0.134391561224	1.03680734194e-06	0.000825261767346	1.04260974414	0.525441033281	0.413276748276
0.134391668167	9.2457935847e-07	0.000729250212957	1.04275399753	0.525297520788	0.413340864863
0.13439176326	8.24876503273e-07	0.000639699468329	1.04289957072	0.525152606112	0.413405606908
0.134391847783	7.36335185102e-07	0.000556313376203	1.04304762309	0.525005138821	0.413471491603
0.134391922854	6.57766133399e-07	0.000477986482891	1.04319958695	0.524853694382	0.41353915902
0.134391989573	5.8800198344e-07	0.000404925022839	1.04335757061	0.524696172179	0.413609552198
0.134392048692	5.26242935565e-07	0.000336458476397	1.04352426453	0.524529886972	0.413683876484
0.134392101006	4.71643048428e-07	0.000272756643889	1.04370378352	0.524350729517	0.413763976668
0.134392147745	4.22912280448e-07	0.000221920535551	1.04390221252	0.524152623393	0.413852583897
0.134392190945	3.77925387938e-07	0.000191101887339	1.04412085026	0.523934283916	0.413950299864
0.13439223032	3.36976671764e-07	0.000170147678558	1.04434771911	0.523707686758	0.414051788516
0.134392265773	3.00161625899e-07	0.000153631328131	1.04457491794	0.523480732379	0.414153520804
0.134392297495	2.67268216097e-07	0.000139489687907	1.04479905931	0.523256809574	0.414253978356
0.134392325793	2.37967071227e-07	0.000126760159382	1.04501888181	0.523037181914	0.414352591323
0.134392351021	2.11883095501e-07	0.000115123439473	1.04523426997	0.52282196732	0.414449302637
0.134392373507	1.88665157538e-07	0.000104474944643	1.04544544379	0.522610948106	0.414544205961
0.134392393549	1.67999521522e-07	9.47528756218e-05	1.04565265139	0.522403878207	0.414637408055
0.134392411415	1.49601447133e-07	8.590797541e-05	1.04585610219	0.522200550083	0.414728998711
0.134392427346	1.33218190439e-07	7.78878851731e-05	1.04605593327	0.522000828313	0.414819035509
0.134392441553	1.18626588938e-07	7.063975806e-05	1.04625221099	0.521804648011	0.414907544395
0.134392454222	1.0563064029e-07	6.40948548413e-05	1.04644493104	0.521612014779	0.414994519571
0.13439246552	9.4056009974e-08	5.81853819994e-05	1.04663406853	0.521422954669	0.41507994599
0.134392475595	8.37472035953e-08	5.28480515117e-05	1.04681959268	0.521237499469	0.415163805983
0.134392484579	7.45654518754e-08	4.80245878612e-05	1.04700147322	0.52105568039	0.415246082116
0.134392492589	6.63879374334e-08	4.36625572662e-05	1.04717968486	0.520877523508	0.415326759257
0.134392499732	5.91051335808e-08	3.9718491769e-05	1.04735421055	0.52070304662	0.415405826021
0.134392506099	5.26200170274e-08	3.61462868039e-05	1.0475250268	0.520532273847	0.415483268163
0.134392511775	4.68455375996e-08	3.29074980426e-05	1.04769213641	0.520365202983	0.415559083398
0.134392516835	4.17038005957e-08	2.99688066188e-05	1.04785555624	0.52020181766	0.415633275919
0.134392521344	3.71255454001e-08	2.73006173657e-05	1.04801531135	0.520042093293	0.415705853722
0.134392525364	3.30491889408e-08	2.48773534504e-05	1.04817143402	0.51988599801	0.415776828192
0.134392528946	2.94199310698e-08	2.26753421139e-05	1.04832395834	0.519733498088	0.415846211644
0.134392532139	2.61889340222e-08	2.06723972907e-05	1.04847292427	0.519584553891	0.415914019178
0.134392534983	2.33125007359e-08	1.88497535222e-05	1.04861838393	0.519439113591	0.415980271544
0.134392537518	2.07517215454e-08	1.71905419871e-05	1.04876039262	0.519297122134	0.416044991072
0.134392539777	1.84720122061e-08	1.56798515052e-05	1.04889900826	0.519158521854	0.416108201397
0.13439254179	1.64425868324e-08	1.43040709097e-05	1.04903428886	0.519023254921	0.416169926338
0.134392543583	1.46360350582e-08	1.30504226161e-05	1.04916629348	0.518891262479	0.416230190294
0.134392545181	1.30278804513e-08	1.19078162469e-05	1.04929508657	0.518762480235	0.416289020259
0.134392546604	1.1596334105e-08	1.08662098149e-05	1.04942073299	0.518636843482	0.416346443524
0.134392547872	1.03220166486e-08	9.91662876574e-06	1.04954329772	0.51851428735	0.416402487569
0.134392549002	9.18768179671e-09	9.05080852731e-06	1.0496628444	0.518394748324	0.416457179356
0.134392550008	8.17797234196e-09	8.26112751159e-06	1.04977943659	0.518278162955	0.416510545924
0.134392550905	7.27919386788e-09	7.54080704086e-06	1.04989313929	0.518164466337	0.416562615077
0.134392551704	6.47915956963e-09	6.88368716455e-06	1.05000401671	0.518053594318	0.41661341437
0.134392552415	5.76702510322e-09	6.28424326541e-06	1.05011213227	0.517945483579	0.416662971077
0.134392553049	5.13314301709e-09	5.73732921347e-06	1.0502175472	0.517840072932	0.41671131158
0.134392553613	4.5689203136e-09	5.23827173886e-06	1.05032032262	0.517737301331	0.416758462289
0.134392554116	4.0666993152e-09	4.78285293085e-06	1.0504205193	0.517637108054	0.416804449543
0.134392554564	3.6196674482e-09	4.36723244976e-06	1.05051819681	0.517539433566	0.416849299223
0.134392554962	3.22176113743e-09	3.98796782641e-06	1.05061341359	0.517444219485	0.416893036755
0.134392555318	2.86758745819e-09	3.64181939809e-06	1.05070622558	0.517351409897	0.41693568651
0.134392555634	2.5523415739e-09	3.32587160628e-06	1.05079668872	0.517260948893	0.416977272922
0.134392555916	2.27174259041e-09	3.03747383694e-06	1.05088485804	0.51717278148	0.417017820077
0.134392556167	2.02198343776e-09	2.77421886935e-06	1.05097078733	0.517086853882	0.417057351565
0.13439255639	1.7996752028e-09	2.53394268377e-06	1.05105452903	0.517003113687	0.41709589041
0.134392556589	1.60180420547e-09	2.31459309971e-06	1.05113613319	0.516921510872	0.417133458597
0.134392556766	1.42568404947e-09	2.11433907248e-06	1.0512156501	0.516841995156	0.417170078288
0.134392556924	1.26892277443e-09	1.93150921802e-06	1.05129312891	0.51676451741	0.417205771167
0.134392557065	1.12939278131e-09	1.76459731178e-06	1.05136861762	0.516689029643	0.417240558446
0.13439255719	1.00520112661e-09	1.61221779231e-06	1.05144216245	0.51661548566	0.41727446056
0.134392557301	8.94663214488e-10	1.47308151155e-06	1.05151380828	0.516543840583	0.417307497384
0.134392557401	7.96277304226e-10	1.34603113725e-06	1.05158359988	0.516474049654	0.417339688781
0.134392557489	7.08707241738e-10	1.2300114288e-06	1.05165158096	0.516406069168	0.417371054173
0.134392557568	6.30764049915e-10	1.12408357135e-06	1.0517177942	0.516339856456	0.417401612546
0.134392557638	5.61390825109e-10	1.02734986514e-06	1.05178227992	0.516275371207	0.417431381835
0.1343925577	4.99645714948e-10	9.39003527069e-07	1.05184507854	0.516212573009	0.417460380059
0.134392557756	4.44689185814e-10	8.58311901682e-07	1.05190622985	0.516151422066	0.41748862499
0.134392557805	3.95775009624e-10	7.84613843299e-07	1.05196577274	0.516091879517	0.417516134001
0.134392557849	3.52239124931e-10	7.17311492298e-07	1.05202374472	0.516033907826	0.417542923884
0.134392557889	3.13491071005e-10	6.5583202295e-07	1.05208018158	0.515977471237	0.417569010642
0.134392557923	2.79004084959e-10	5.99667563064e-07	1.05213511954	0.515922533506	0.417594410531
0.134392557955	2.4830939777e-10	5.48354882784e-07	1.05218859406	0.515869059196	0.417619139462
0.134392557982	2.20989999976e-10	5.0148556109e-07	1.05224063978	0.515817013661	0.417643213008
0.134392558007	1.96675340181e-10	4.58664997164e-07	1.05229128919	0.515766364424	0.417666645763
0.134392558029	1.75035186719e-10	4.19536938491e-07	1.05234057488	0.515717078881	0.417689452406
0.134392558048	1.55774989918e-10	3.83779646375e-07	1.05238852922	0.51566912467	0.417711647525
0.134392558066	1.38633062943e-10	3.51104812484e-07	1.05243518384	0.515622470165	0.41773324539
0.134392558081	1.23376603683e-10	3.21249949772e-07	1.0524805691	0.515577085004	0.417754259708
0.134392558095	1.09798615154e-10	2.93961719679e-07	1.05252471399	0.515532940211	0.417774703564
0.134392558107	9.77142836244e-11	2.69017061645e-07	1.0525676481	0.515490006188	0.417794590349
0.134392558118	8.69592481844e-11	2.46212633026e-07	1.05260940037	0.515448253989	0.417813933171
0.134392558128	7.73872760886e-11	2.25373016462e-07	1.05264999913	0.515407655297	0.417832744863
0.134392558137	6.88685857424e-11	2.06319193183e-07	1.05268947032	0.515368184165	0.41785103718
0.134392558144	6.12872587781e-11	1.8889601389e-07	1.05272784098	0.515329813555	0.417868822392
0.134392558151	5.45400413295e-11	1.72962167298e-07	1.05276513766	0.51529251692	0.417886112563
0.134392558157	4.85351728475e-11	1.58394419703e-07	1.05280138633	0.515256268293	0.417902919498
0.134392558163	4.3191150035e-11	1.4507222612e-07	1.05283661118	0.515221043474	0.417919254199
0.134392558168	3.84353335589e-11	1.32885653584e-07	1.05287083652	0.515186818173	0.41793512772
0.134392558172	3.42028642821e-11	1.21736437562e-07	1.05290408672	0.515153567996	0.417950551178
0.134392558176	3.0436164989e-11	1.11538155636e-07	1.05293638565	0.515121269092	0.417965535448
0.134392558179	2.70840594457e-11	1.02209451908e-07	1.05296775584	0.515089898931	0.417980090806
0.134392558182	2.41010126561e-11	9.36724062529e-08	1.05299821918	0.515059435609	0.417994227246
0.134392558185	2.14463148235e-11	8.585871972e-08	1.05302779812	0.515029856686	0.41800795502
0.134392558187	1.90838257514e-11	7.87079537614e-08	1.05305651461	0.515001140214	0.418021284165
0.134392558189	1.698142082e-11	7.21647817387e-08	1.05308438954	0.514973265296	0.418034224235
0.134392558191	1.51105480745e-11	6.61741622989e-08	1.0531114428	0.51494621205	0.418046784325
0.134392558193	1.34456614105e-11	6.06885866319e-08	1.05313769504	0.514919959821	0.418058973895
0.134392558195	1.19640779963e-11	5.56659482967e-08	1.05316316647	0.514894488395	0.41807080221
0.134392558196	1.06456390983e-11	5.10682203025e-08	1.0531878764	0.514869778476	0.418082278114
0.134392558197	9.47243822464e-12	4.68566746311e-08	1.053211843	0.514845811888	0.41809340994
0.134392558198	8.42844264928e-12	4.29982361705e-08	1.0532350853	0.514822569597	0.418104206426
0.134392558199	7.49941965882e-12	3.94638145856e-08	1.05325762191	0.514800032985	0.418114676121
0.1343925582	6.67272609836e-12	3.62267635866e-08	1.05327947053	0.514778184377	0.418124827146
0.134392558201	5.93712831931e-12	3.32600167274e-08	1.05330064791	0.514757007004	0.418134667204
0.134392558201	5.28256229072e-12	3.05405110424e-08	1.0533211716	0.514736483317	0.418144204366
0.134392558202	4.70010105718e-12	2.80483534333e-08	1.05334105876	0.514716596158	0.418153446528
0.134392558202	4.18181947381e-12	2.57644678836e-08	1.05336032546	0.514697329467	0.418162401081
0.134392558203	3.7206657015e-12	2.36700926046e-08	1.05337898729	0.514678667635	0.418171075208
0.134392558203	3.31032417372e-12	2.17491279024e-08	1.05339706043	0.514660594494	0.418179476359
0.134392558204	2.94519669056e-12	1.99881607698e-08	1.05341456069	0.514643094242	0.418187611819
0.134392558204	2.62031925881e-12	1.83731324602e-08	1.0534315025	0.514626152435	0.418195488244
0.134392558204	2.33125940677e-12	1.68911940076e-08	1.05344790054	0.514609754399	0.4182031124
0.134392558205	2.07405957382e-12	1.55311177694e-08	1.05346376968	0.514593885253	0.418210491155
0.134392558205	1.84520744895e-12	1.42840197899e-08	1.05347912449	0.514578530451	0.418217631224
0.134392558205	1.64159640566e-12	1.31392230546e-08	1.05349397778	0.514563677155	0.418224538531
0.134392558205	1.46043722046e-12	1.20880686025e-08	1.0535083435	0.514549311446	0.418231219504
0.134392558205	1.29925106324e-12	1.1123080826e-08	1.0535222353	0.514535419644	0.418237680466
0.134392558206	1.1558397499e-12	1.0237486053e-08	1.05353566613	0.514521988817	0.418243927393
0.134392558206	1.02825196366e-12	9.42394594773e-09	1.05354864811	0.51450900683	0.418249965893
0.134392558206	9.14734923956e-13	8.67642531692e-09	1.05356119413	0.514496460818	0.418255801916
0.134392558206	8.13736780667e-13	7.9901290891e-09	1.05357331671	0.514484338231	0.418261441268
0.134392558206	7.23883890565e-13	7.35954733048e-09	1.05358502715	0.514472627796	0.418266889164
0.134392558206	6.4394596199e-13	6.77984760603e-09	1.05359633715	0.514461317798	0.418272151026
0.134392558206	5.72826626027e-13	6.24700734402e-09	1.05360725849	0.514450396455	0.418277232308
0.134392558206	5.09554607643e-13	5.75749309618e-09	1.05361780235	0.514439852598	0.418282138183
0.134392558206	4.53268609585e-13	5.30724481888e-09	1.05362797906	0.514429675889	0.418286873438
0.134392558206	4.03193846996e-13	4.89300931805e-09	1.05363779966	0.514419855284	0.41829144319
0.134392558206	3.58644768519e-13	4.51232445047e-09	1.05364727493	0.514410380022	0.418295852425
0.134392558206	3.19015567403e-13	4.16205829429e-09	1.05365641436	0.514401240593	0.41830010555
0.134392558206	2.83761800545e-13	3.83962708748e-09	1.0536652281	0.514392426854	0.418304207268
0.134392558206	2.52399524111e-13	3.54299378554e-09	1.05367372621	0.514383928735	0.418308162248
0.134392558207	2.24500798915e-13	3.27006013687e-09	1.05368191798	0.514375736969	0.418311974787
0.134392558207	1.99684034342e-13	3.01867282993e-09	1.05368981245	0.5143678425	0.418315649086
0.134392558207	1.77607581671e-13	2.78715841794e-09	1.05369741903	0.51436023592	0.418319189509
0.134392558207	1.57969266135e-13	2.5741262363e-09	1.05370474666	0.514352908294	0.418322600203
0.134392558207	1.40501531124e-13	2.37779569775e-09	1.05371180345	0.5143458515	0.418325884936
0.134392558207	1.24963254297e-13	2.19680757012e-09	1.05371859818	0.514339056766	0.418329047781
0.134392558207	1.11141184494e-13	2.03024006706e-09	1.05372513938	0.514332515566	0.418332092695
0.134392558207	9.88474932633e-14	1.87663864608e-09	1.05373143439	0.514326220563	0.418335023084
0.134392558207	8.79122520668e-14	1.73495140216e-09	1.05373749134	0.514320163607	0.418337842733
0.134392558207	7.81852069644e-14	1.60444343232e-09	1.05374331818	0.514314336774	0.418340555324
0.134392558207	6.95339263642e-14	1.48405474676e-09	1.05374892184	0.514308733115	0.418343164082
0.134392558207	6.18390233556e-14	1.37293322333e-09	1.05375430973	0.514303345217	0.418345672451
0.134392558207	5.49945774217e-14	1.27050154363e-09	1.05375948922	0.51429816573	0.418348083848
0.134392558207	4.89072751734e-14	1.17597129483e-09	1.05376446681	0.51429318814	0.418350401298
0.134392558207	4.34931745982e-14	1.08866027329e-09	1.05376924928	0.514288405671	0.41835262795
0.134392558207	3.86776428197e-14	1.00812335953e-09	1.05377384343	0.514283811523	0.418354766964
0.134392558207	3.43949748441e-14	9.33758036849e-10	1.05377825531	0.514279399646	0.418356821154
0.134392558207	3.05860984644e-14	8.65025301826e-10	1.05378249114	0.514275163815	0.418358793411
0.134392558207	2.71984536507e-14	8.01589771856e-10	1.0537865572	0.514271097753	0.418360686655
0.134392558207	2.41858095539e-14	7.42975779744e-10	1.05379045906	0.514267195894	0.418362503473
0.134392558207	2.15065543838e-14	6.88763609351e-10	1.05379420246	0.514263452494	0.418364246536
0.134392558207	1.91236943789e-14	6.38707933561e-10	1.05379779318	0.514259861773	0.418365918533
0.134392558207	1.70047281746e-14	5.92418538547e-10	1.05380123629	0.514256418661	0.418367521819
0.134392558207	1.51203114156e-14	5.49574564913e-10	1.05380453712	0.514253117829	0.418369058875
0.134392558207	1.34444221985e-14	5.10004053434e-10	1.05380770098	0.51424995397	0.418370532169
0.134392558207	1.19542312374e-14	4.73375192279e-10	1.05381073244	0.514246922508	0.418371943829
0.134392558207	1.06290172257e-14	4.39453160744e-10	1.05381363647	0.514244018483	0.418373296162
0.134392558207	9.45050644884e-15	4.08108966538e-10	1.05381641788	0.514241237071	0.418374591413
0.134392558207	8.40262761375e-15	3.79064883139e-10	1.05381908084	0.514238574113	0.418375831516
0.134392558207	7.47078852976e-15	3.52163969471e-10	1.05382162994	0.51423602501	0.418377018612
0.134392558207	6.64217240909e-15	3.27277926927e-10	1.05382406948	0.51423358547	0.418378154697
0.134392558207	5.90541308522e-15	3.04200443732e-10	1.05382640337	0.514231251581	0.418379241592
0.134392558207	5.25026323333e-15	2.82827664118e-10	1.0538286358	0.514229019151	0.418380281247
0.134392558207	4.66774130467e-15	2.63027923872e-10	1.05383077055	0.514226884401	0.418381275421
0.134392558207	4.1497963938e-15	2.44652693712e-10	1.05383281132	0.514224843635	0.418382225835
0.134392558207	3.68923812619e-15	2.27640019489e-10	1.0538347619	0.514222893048	0.418383134258
0.134392558207	3.27977967715e-15	2.11853812147e-10	1.05383662561	0.514221029343	0.418384002226
0.134392558207	2.91570765856e-15	1.97199314078e-10	1.05383840593	0.514219249023	0.418384831366
0.134392558207	2.59199607264e-15	1.83624363081e-10	1.05384010624	0.514217548712	0.41838562325
0.134392558207	2.30420928559e-15	1.71010432272e-10	1.05384172952	0.514215925429	0.418386379265
0.134392558207	2.04832936711e-15	1.59307773434e-10	1.05384327902	0.514214375935	0.418387100919
0.134392558207	1.82084476621e-15	1.48446149514e-10	1.05384475763	0.514212897325	0.418387789564
0.134392558207	1.61860105049e-15	1.38345061169e-10	1.0538461682	0.514211486753	0.418388446525
0.134392558207	1.43878498027e-15	1.28981944381e-10	1.05384751365	0.514210141303	0.41838907316
0.134392558207	1.27894105246e-15	1.20272052176e-10	1.05384879645	0.514208858503	0.418389670619
0.134392558207	1.13683014643e-15	1.12177927318e-10	1.05385001931	0.51420763564	0.418390240166
0.134392558207	1.01049567418e-15	1.04660518542e-10	1.05385118473	0.514206470225	0.418390782959
0.134392558207	8.9818980029e-16	9.7660285542e-11	1.05385229504	0.514205359915	0.41839130009
0.134392558207	7.98345481307e-16	9.11632306203e-11	1.05385335269	0.514204302263	0.418391792697
0.134392558207	7.09597534584e-16	8.51130070046e-11	1.05385435977	0.514203295182	0.418392261752
0.134392558207	6.30701073114e-16	7.94839027116e-11	1.05385531853	0.514202336423	0.418392708303
0.134392558207	5.6056898717e-16	7.4249725109e-11	1.05385623104	0.514201423912	0.418393133316
0.134392558207	4.98229102135e-16	6.93690064203e-11	1.05385709926	0.514200555696	0.418393537699
0.134392558207	4.42810357344e-16	6.48359039925e-11	1.05385792521	0.514199729738	0.4183939224
0.134392558207	3.93554788363e-16	6.0607524192e-11	1.05385871062	0.514198944329	0.418394288218
0.134392558207	3.49769862587e-16	5.66710882041e-11	1.05385945737	0.514198197582	0.418394636028
0.134392558207	3.10853405961e-16	5.30043604856e-11	1.05386016713	0.514197487816	0.418394966615
0.134392558207	2.7626204311e-16	4.95830416997e-11	1.05386084157	0.514196813383	0.418395280746
0.134392558207	2.45514676978e-16	4.64003021701e-11	1.05386148231	0.514196172642	0.418395579186
0.134392558207	2.18187970841e-16	4.34268297133e-11	1.0538620908	0.514195564154	0.418395862603
0.134392558207	1.93897849987e-16	4.06589474847e-11	1.05386266858	0.514194986367	0.418396131721
0.134392558207	1.72311238088e-16	3.8074240575e-11	1.053863217	0.514194437949	0.418396387161
0.134392558207	1.53124252938e-16	3.56631083752e-11	1.05386373745	0.5141939175	0.418396629573
0.134392558207	1.36072302014e-16	3.34141538871e-11	1.05386423122	0.514193423735	0.418396859558
0.134392558207	1.20917241397e-16	3.13119038307e-11	1.05386469953	0.514192955424	0.418397077687
0.134392558207	1.07447790773e-16	2.93531898754e-11	1.05386514362	0.51419251133	0.418397284537
0.134392558207	9.547808735e-17	2.75196235249e-11	1.05386556458	0.514192090373	0.418397480611
0.134392558207	8.4839528549e-17	2.58111176913e-11	1.05386596356	0.514191691387	0.41839766645
0.134392558207	7.53861596183e-17	2.42118372619e-11	1.05386634156	0.514191313391	0.418397842514
0.134392558207	6.69844615559e-17	2.27188494976e-11	1.05386669962	0.514190955327	0.418398009294
0.134392558207	5.95188556603e-17	2.13225894999e-11	1.05386703869	0.514190616262	0.418398167225
0.134392558207	5.28840705297e-17	2.00167602402e-11	1.05386735969	0.514190295257	0.418398316744
0.134392558207	4.69883359183e-17	1.87965280738e-11	1.05386766352	0.514189991429	0.418398458262
0.134392558207	4.17491992577e-17	1.76533783601e-11	1.053867951	0.514189703949	0.418398592166
0.134392558207	3.70934898672e-17	1.65859503169e-11	1.05386822297	0.514189431981	0.418398718845
0.134392558207	3.29566842829e-17	1.55843142165e-11	1.05386848016	0.514189174791	0.41839883864
0.134392558207	2.92804396171e-17	1.46496629952e-11	1.05386872335	0.514188931597	0.418398951916
0.134392558207	2.601420848e-17	1.37719479513e-11	1.0538689532	0.514188701746	0.418399058978
0.134392558207	2.3111690304e-17	1.29520922988e-11	1.05386917043	0.51418848452	0.418399160159
0.134392558207	2.05329723024e-17	1.21823803228e-11	1.05386937564	0.514188279315	0.418399255741
0.134392558207	1.82414965679e-17	1.1462428952e-11	1.05386956946	0.514188085487	0.418399346024
0.134392558207	1.62056950248e-17	1.07867747954e-11	1.05386975248	0.514187902474	0.418399431269
0.134392558207	1.43967278819e-17	1.0153996809e-11	1.05386992525	0.514187729702	0.418399511745
0.134392558207	1.2789632721e-17	9.56032750018e-12	1.0538700883	0.514187566651	0.418399587692
0.134392558207	1.13616564501e-17	9.00367409308e-12	1.05387024214	0.514187412807	0.418399659351
0.134392558207	1.00930590802e-17	8.48152770763e-12	1.05387038726	0.514187267689	0.418399726946
0.134392558207	8.96589775898e-18	7.99141316579e-12	1.05387052411	0.514187130839	0.418399790689
0.134392558207	7.96454412532e-18	7.53171460168e-12	1.05387065313	0.514187001816	0.418399850787
0.134392558207	7.07488244737e-18	7.09980785133e-12	1.05387077474	0.514186880207	0.418399907431
0.134392558207	6.2845272605e-18	6.69469244475e-12	1.05387088934	0.514186765611	0.418399960809
0.134392558207	5.58236472089e-18	6.31375030491e-12	1.05387099729	0.514186657657	0.418400011093
0.134392558207	4.95858912639e-18	5.95638445089e-12	1.05387109897	0.514186555979	0.418400058454
0.134392558207	4.40444279105e-18	5.62009931018e-12	1.05387119471	0.514186460243	0.418400103046
0.134392558207	3.91216993667e-18	5.30454661794e-12	1.05387128483	0.514186370118	0.418400145026
0.134392558207	3.47486352762e-18	5.00743180864e-12	1.05387136965	0.514186285305	0.418400184531
0.134392558207	3.08639570952e-18	4.72852611838e-12	1.05387144945	0.514186205501	0.418400221703
0.134392558207	2.74131408357e-18	4.46579430172e-12	1.05387152451	0.514186130439	0.418400256667
0.134392558207	2.43478204004e-18	4.21903464708e-12	1.0538715951	0.514186059847	0.418400289548
0.134392558207	2.16249145071e-18	3.9865078129e-12	1.05387166147	0.514185993481	0.418400320461
0.134392558207	1.92062891474e-18	3.76797300531e-12	1.05387172385	0.514185931099	0.418400349518
0.134392558207	1.70578718263e-18	3.562005582e-12	1.05387178247	0.51418587248	0.418400376822
0.134392558207	1.51496297869e-18	3.36827564433e-12	1.05387183754	0.514185817409	0.418400402474
0.134392558207	1.34545890716e-18	3.18568135651e-12	1.05387188927	0.514185765685	0.418400426566
0.134392558207	1.19491241931e-18	3.01376997228e-12	1.05387193784	0.514185717115	0.41840044919
0.134392558207	1.06118596185e-18	2.85176127864e-12	1.05387198343	0.514185671519	0.418400470428
0.134392558207	9.42420968508e-19	2.69905669633e-12	1.05387202622	0.514185628726	0.418400490361
0.134392558207	8.36926505834e-19	2.55519515432e-12	1.05387206638	0.514185588572	0.418400509064
0.134392558207	7.43238456087e-19	2.41941461444e-12	1.05387210405	0.514185550905	0.418400526609
0.134392558207	6.60020602715e-19	2.29156245853e-12	1.05387213937	0.514185515577	0.418400543065
0.134392558207	5.86119011113e-19	2.17070921524e-12	1.0538721725	0.514185482455	0.418400558493
0.134392558207	5.20477581817e-19	2.05699364742e-12	1.05387220355	0.514185451403	0.418400572957
0.134392558207	4.62187142178e-19	1.94931927643e-12	1.05387223265	0.514185422305	0.41840058651
0.134392558207	4.10412849153e-19	1.84809643643e-12	1.05387225991	0.514185395038	0.418400599211
0.134392558207	3.64438322258e-19	1.75212982239e-12	1.05387228545	0.5141853695	0.418400611107
0.134392558207	3.23605255308e-19	1.66189570806e-12	1.05387230937	0.51418534558	0.418400622248
0.134392558207	2.87346230901e-19	1.57636236391e-12	1.05387233176	0.514185323187	0.418400632679
0.134392558207	2.55145450503e-19	1.49577938771e-12	1.05387235273	0.514185302225	0.418400642443
0.134392558207	2.26550271703e-19	1.41948536206e-12	1.05387237234	0.514185282608	0.41840065158
0.134392558207	2.01158389513e-19	1.34744913995e-12	1.0538723907	0.514185264254	0.41840066013
0.134392558207	1.7860832954e-19	1.2793433358e-12	1.05387240786	0.514185247086	0.418400668126
0.134392558207	1.58585615712e-19	1.21487909406e-12	1.05387242392	0.514185231031	0.418400675605
0.134392558207	1.40803719831e-19	1.15403632237e-12	1.05387243893	0.514185216019	0.418400682597
0.134392558207	1.25015557481e-19	1.09628948352e-12	1.05387245296	0.514185201988	0.418400689133
0.134392558207	1.1099442087e-19	1.04189443927e-12	1.05387246608	0.514185188874	0.418400695241
0.134392558207	9.85458266914e-20	9.90198336094e-13	1.05387247833	0.514185176623	0.418400700948
0.134392558207	8.74915129649e-20	9.41449118811e-13	1.05387248977	0.514185165178	0.418400706279
0.134392558207	7.76765195666e-20	8.95174026809e-13	1.05387250046	0.514185154491	0.418400711257
0.134392558207	6.89621097061e-20	8.51403112647e-13	1.05387251044	0.514185144512	0.418400715905
0.134392558207	6.12239142025e-20	8.09950206686e-13	1.05387251975	0.514185135197	0.418400720244
0.134392558207	5.43538840023e-20	7.7060628344e-13	1.05387252845	0.514185126504	0.418400724293
0.134392558207	4.82533916606e-20	7.33446200534e-13	1.05387253656	0.514185118393	0.418400728071
0.134392558207	4.2837597517e-20	6.98078046599e-13	1.05387254412	0.514185110827	0.418400731595
0.134392558207	3.80286710111e-20	6.64711348177e-13	1.05387255118	0.51418510377	0.418400734882
0.134392558207	3.37594297712e-20	6.3296786598e-13	1.05387255776	0.514185097191	0.418400737947
0.134392558207	2.99692418548e-20	6.02906200865e-13	1.05387256389	0.514185091057	0.418400740804
0.134392558207	2.66039676475e-20	5.74395472212e-13	1.05387256961	0.514185085341	0.418400743466
0.134392558207	2.36165397583e-20	5.47281443087e-13	1.05387257494	0.514185080015	0.418400745947
0.134392558207	2.09639730291e-20	5.21657060384e-13	1.0538725799	0.514185075052	0.418400748259
0.134392558207	1.86093377615e-20	4.9723244242e-13	1.05387258452	0.514185070431	0.418400750411
0.134392558207	1.65188548684e-20	4.74132955642e-13	1.05387258882	0.514185066127	0.418400752416
0.134392558207	1.46630370683e-20	4.5215530344e-13	1.05387259283	0.51418506212	0.418400754283
0.134392558207	1.30156646016e-20	4.31271807813e-13	1.05387259656	0.514185058391	0.41840075602
0.134392558207	1.15530596769e-20	4.11482689049e-13	1.05387260003	0.51418505492	0.418400757636
0.134392558207	1.02548115655e-20	3.9260160371e-13	1.05387260326	0.514185051691	0.41840075914
0.134392558207	9.10221884713e-21	3.7475260813e-13	1.05387260626	0.514185048687	0.418400760539
0.134392558207	8.07913017946e-21	3.57732392249e-13	1.05387260906	0.514185045894	0.41840076184
0.134392558207	7.17100516273e-21	3.41557166943e-13	1.05387261165	0.514185043297	0.41840076305
0.134392558207	6.36478930674e-21	3.26204606249e-13	1.05387261407	0.514185040882	0.418400764175
0.134392558207	5.64921402199e-21	3.11542123645e-13	1.05387261631	0.514185038639	0.41840076522
0.134392558207	5.01395588744e-21	2.97673050122e-13	1.0538726184	0.514185036553	0.418400766191
0.134392558207	4.45011440316e-21	2.84432449498e-13	1.05387262033	0.514185034616	0.418400767094
0.134392558207	3.9496634547e-21	2.71833456366e-13	1.05387262213	0.514185032817	0.418400767932
0.134392558207	3.50539874534e-21	2.59869595046e-13	1.0538726238	0.514185031146	0.41840076871
0.134392558207	3.1111056687e-21	2.48432283985e-13	1.05387262536	0.514185029595	0.418400769433
0.134392558207	2.7611027636e-21	2.37595397711e-13	1.0538726268	0.514185028155	0.418400770103
0.134392558207	2.45045415062e-21	2.27249729715e-13	1.05387262813	0.514185026818	0.418400770726
0.134392558207	2.17475074623e-21	2.17381027813e-13	1.05387262937	0.514185025578	0.418400771303
0.134392558207	1.9300127563e-21	2.08017394766e-13	1.05387263052	0.514185024428	0.418400771839
0.134392558207	1.71281662777e-21	1.99057097853e-13	1.05387263159	0.514185023361	0.418400772336
0.134392558207	1.52004540072e-21	1.90542038429e-13	1.05387263258	0.514185022371	0.418400772797
0.134392558207	1.3489440667e-21	1.82423704175e-13	1.0538726335	0.514185021454	0.418400773225
0.134392558207	1.19710246431e-21	1.74651263936e-13	1.05387263435	0.514185020603	0.418400773621
0.134392558207	1.06232089192e-21	1.67290599173e-13	1.05387263514	0.514185019815	0.418400773988
0.134392558207	9.42713672096e-22	1.60241229254e-13	1.05387263587	0.514185019085	0.418400774328
0.134392558207	8.36570390637e-22	1.53512618361e-13	1.05387263654	0.514185018408	0.418400774643
0.134392558207	7.4235781878e-22	1.47115629739e-13	1.05387263717	0.514185017782	0.418400774935
0.134392558207	6.58755243151e-22	1.40985208541e-13	1.05387263775	0.514185017201	0.418400775205
0.134392558207	5.84561784833e-22	1.35150620091e-13	1.05387263829	0.514185016664	0.418400775456
0.134392558207	5.18713974484e-22	1.29581946412e-13	1.05387263878	0.514185016167	0.418400775687
0.134392558207	4.60283573616e-22	1.24242721376e-13	1.05387263924	0.514185015706	0.418400775902
0.134392558207	4.08425306932e-22	1.19174113523e-13	1.05387263967	0.51418501528	0.4184007761
0.134392558207	3.62407282184e-22	1.14319377886e-13	1.05387264006	0.514185014886	0.418400776284
0.134392558207	3.21573852489e-22	1.09667943137e-13	1.05387264043	0.514185014522	0.418400776454
0.134392558207	2.85332841214e-22	1.0525161742e-13	1.05387264077	0.514185014184	0.418400776611
0.134392558207	2.53176151121e-22	1.01013137044e-13	1.05387264108	0.514185013873	0.418400776756
0.134392558207	2.24642787522e-22	9.6959718447e-14	1.05387264137	0.514185013584	0.41840077689
0.134392558207	1.99319732882e-22	9.31003180141e-14	1.05387264163	0.514185013318	0.418400777014
0.134392558207	1.76851241717e-22	8.93945377848e-14	1.05387264188	0.514185013072	0.418400777129
0.134392558207	1.56914778652e-22	8.5855950765e-14	1.05387264211	0.514185012844	0.418400777235
0.134392558207	1.39222192592e-22	8.24784743128e-14	1.05387264232	0.514185012634	0.418400777333
0.134392558207	1.23524495759e-22	7.9233863982e-14	1.05387264251	0.51418501244	0.418400777423
0.134392558207	1.09595690799e-22	7.61391245161e-14	1.05387264269	0.514185012261	0.418400777507
0.134392558207	9.72355163284e-23	7.31792754771e-14	1.05387264286	0.514185012095	0.418400777584
0.134392558207	8.62693192285e-23	7.03344882593e-14	1.05387264301	0.514185011942	0.418400777655
0.134392558207	7.65387659252e-23	6.7623087514e-14	1.05387264315	0.514185011801	0.418400777721
0.134392558207	6.79046872155e-23	6.5025662692e-14	1.05387264328	0.514185011671	0.418400777781
0.134392558207	6.02445896545e-23	6.25280058036e-14	1.0538726434	0.514185011551	0.418400777837
0.134392558207	5.34476560875e-23	6.01482260368e-14	1.05387264351	0.51418501144	0.418400777889
0.134392558207	4.74169756878e-23	5.78657440243e-14	1.05387264361	0.514185011338	0.418400777936
0.134392558207	4.20667574213e-23	5.56698767713e-14	1.05387264371	0.514185011244	0.41840077798
0.134392558207	3.73195173569e-23	5.35774632752e-14	1.05387264379	0.514185011157	0.418400778021
0.134392558207	3.31076312141e-23	5.15690957191e-14	1.05387264387	0.514185011077	0.418400778058
0.134392558207	2.93710991524e-23	4.96360124336e-14	1.05387264395	0.514185011003	0.418400778093
0.134392558207	2.60557993574e-23	4.77929939956e-14	1.05387264402	0.514185010935	0.418400778124
0.134392558207	2.31144427185e-23	4.60235080698e-14	1.05387264408	0.514185010872	0.418400778153
0.134392558207	2.05051265116e-23	4.43195355212e-14	1.05387264414	0.514185010814	0.41840077818
0.134392558207	1.81900860317e-23	4.26932831357e-14	1.05387264419	0.514185010761	0.418400778205
0.134392558207	1.61361809427e-23	4.11322496262e-14	1.05387264424	0.514185010712	0.418400778228
0.134392558207	1.43141893316e-23	3.96282936108e-14	1.05387264428	0.514185010667	0.418400778249
0.134392558207	1.26977871726e-23	3.81907549157e-14	1.05387264433	0.514185010626	0.418400778268
0.134392558207	1.12636993639e-23	3.68118878771e-14	1.05387264436	0.514185010587	0.418400778286
0.134392558207	9.99157740136e-24	3.54828044658e-14	1.0538726444	0.514185010552	0.418400778302
0.134392558207	8.86308486422e-24	3.42098044201e-14	1.05387264443	0.51418501052	0.418400778318
0.134392558207	7.86185366769e-24	3.29903370241e-14	1.05387264446	0.51418501049	0.418400778331
0.134392558207	6.97372800092e-24	3.18143396436e-14	1.05387264449	0.514185010463	0.418400778344
0.134392558207	6.18591080665e-24	3.06849726188e-14	1.05387264451	0.514185010437	0.418400778356
0.134392558207	5.48694723333e-24	2.96051688057e-14	1.05387264454	0.514185010414	0.418400778367
0.134392558207	4.8669615328e-24	2.85633632755e-14	1.05387264456	0.514185010393	0.418400778377
0.134392558207	4.31702515527e-24	2.75596204359e-14	1.05387264458	0.514185010373	0.418400778386
0.134392558207	3.82911867115e-24	2.66023546472e-14	1.0538726446	0.514185010355	0.418400778394
0.134392558207	3.39635495982e-24	2.56783388734e-14	1.05387264461	0.514185010339	0.418400778402
0.134392558207	3.01250183233e-24	2.47864181965e-14	1.05387264463	0.514185010324	0.418400778409
0.134392558207	2.67197252535e-24	2.39350662787e-14	1.05387264464	0.51418501031	0.418400778416
0.134392558207	2.36991840925e-24	2.31145696286e-14	1.05387264465	0.514185010297	0.418400778421
0.134392558207	2.10201011171e-24	2.23221996921e-14	1.05387264467	0.514185010285	0.418400778427
0.134392558207	1.86437454552e-24	2.15626002391e-14	1.05387264468	0.514185010274	0.418400778432
0.134392558207	1.6535669069e-24	2.08331981879e-14	1.05387264469	0.514185010264	0.418400778437
0.134392558207	1.46659560557e-24	2.01284697543e-14	1.0538726447	0.514185010255	0.418400778441
0.134392558207	1.30076280031e-24	1.94494507269e-14	1.0538726447	0.514185010247	0.418400778445
0.134392558207	1.15364971372e-24	1.88003105352e-14	1.05387264471	0.514185010239	0.418400778448
0.134392558207	1.02317475689e-24	1.81728358905e-14	1.05387264472	0.514185010232	0.418400778452
0.134392558207	9.07456198076e-25	1.75663036887e-14	1.05387264473	0.514185010225	0.418400778455
0.134392558207	8.04809066161e-25	1.69864504063e-14	1.05387264473	0.514185010219	0.418400778457
0.134392558207	7.13766244399e-25	1.64271586869e-14	1.05387264474	0.514185010214	0.41840077846
0.134392558207	6.33022505666e-25	1.58862820701e-14	1.05387264474	0.514185010209	0.418400778462
0.134392558207	5.61410715616e-25	1.53659021401e-14	1.05387264475	0.514185010204	0.418400778464
0.134392558207	4.9788745274e-25	1.48668589489e-14	1.05387264475	0.5141850102	0.418400778466
0.134392558207	4.41551806371e-25	1.43840233388e-14	1.05387264475	0.514185010196	0.418400778468
0.134392558207	3.91590502303e-25	1.39168689313e-14	1.05387264476	0.514185010193	0.41840077847
0.134392558207	3.47274148251e-25	1.34704036621e-14	1.05387264476	0.51418501019	0.418400778471
0.134392558207	3.07971358006e-25	1.30389395676e-14	1.05387264476	0.514185010187	0.418400778473
0.134392558207	2.73116665406e-25	1.26212954943e-14	1.05387264477	0.514185010184	0.418400778474
0.134392558207	2.42205827999e-25	1.22190139512e-14	1.05387264477	0.514185010181	0.418400778475
0.134392558207	2.14787944028e-25	1.18330720181e-14	1.05387264477	0.514185010179	0.418400778476
0.134392558207	1.90473785379e-25	1.14593201992e-14	1.05387264477	0.514185010177	0.418400778477
0.134392558207	1.68912007984e-25	1.10973734655e-14	1.05387264478	0.514185010175	0.418400778478
0.134392558207	1.49788460206e-25	1.07506241676e-14	1.05387264478	0.514185010173	0.418400778479
0.134392558207	1.32828465818e-25	1.04158301483e-14	1.05387264478	0.514185010172	0.41840077848
0.134392558207	1.17788788986e-25	1.00914622246e-14	1.05387264478	0.51418501017	0.41840077848
0.134392558207	1.04451874231e-25	9.77775049801e-15	1.05387264478	0.514185010169	0.418400778481
0.134392558207	9.26225179058e-26	9.47757171032e-15	1.05387264478	0.514185010168	0.418400778482
0.134392558207	8.21328567476e-26	9.18660846812e-15	1.05387264478	0.514185010167	0.418400778482
0.134392558207	7.28311679496e-26	8.90457785244e-15	1.05387264479	0.514185010166	0.418400778483
0.134392558207	6.45826426157e-26	8.63291131058e-15	1.05387264479	0.514185010165	0.418400778483
0.134392558207	5.72669106787e-26	8.37167698486e-15	1.05387264479	0.514185010164	0.418400778483
0.134392558207	5.07798833534e-26	8.11834768336e-15	1.05387264479	0.514185010163	0.418400778484
0.134392558207	4.50276874171e-26	7.87268419782e-15	1.05387264479	0.514185010162	0.418400778484
0.134392558207	3.99265550731e-26	7.63682530645e-15	1.05387264479	0.514185010162	0.418400778484
0.134392558207	3.54027858561e-26	7.4090779812e-15	1.05387264479	0.514185010161	0.418400778485
0.134392558207	3.13915699483e-26	7.18812259398e-15	1.05387264479	0.514185010161	0.418400778485
0.134392558207	2.78348338977e-26	6.9737565939e-15	1.05387264479	0.51418501016	0.418400778485
0.134392558207	2.46805259308e-26	6.76846806225e-15	1.05387264479	0.51418501016	0.418400778485
0.134392558207	2.18835471305e-26	6.56956921063e-15	1.05387264479	0.514185010159	0.418400778486
0.134392558207	1.94035425484e-26	6.37651521974e-15	1.05387264479	0.514185010159	0.418400778486
0.134392558207	1.72045867987e-26	6.1891940724e-15	1.05387264479	0.514185010158	0.418400778486
0.134392558207	1.52544072289e-26	6.01000263394e-15	1.05387264479	0.514185010158	0.418400778486
0.134392558207	1.35252850085e-26	5.83599920077e-15	1.05387264479	0.514185010158	0.418400778486
0.134392558207	1.19921627773e-26	5.66703356817e-15	1.05387264479	0.514185010158	0.418400778486
0.134392558207	1.06328131107e-26	5.50321388334e-15	1.05387264479	0.514185010157	0.418400778486
0.134392558207	9.42729502304e-27	5.34626175303e-15	1.05387264479	0.514185010157	0.418400778487
0.134392558207	8.35845514505e-27	5.19378591088e-15	1.05387264479	0.514185010157	0.418400778487
0.134392558207	7.41079729032e-27	5.04565869278e-15	1.05387264479	0.514185010157	0.418400778487
0.134392558207	6.57057450449e-27	4.90202716556e-15	1.05387264479	0.514185010157	0.418400778487
0.134392558207	5.82545906838e-27	4.76432903149e-15	1.05387264479	0.514185010156	0.418400778487
0.134392558207	5.16484111612e-27	4.63049884336e-15	1.05387264479	0.514185010156	0.418400778487
0.134392558207	4.57913847504e-27	4.50042795043e-15	1.05387264479	0.514185010156	0.418400778487
