0.0	0.975445706164	1.45179999011	0.0	0.0	0.0
6.08128557778e-18	0.975445706137	1.45179999008	1.09432572114e-11	6.08135763965e-12	1e-06
6.80778430407e-18	0.975445706135	1.45179999008	1.16597301237e-11	6.55653309418e-12	1.03833333333e-06
7.62107395516e-18	0.975445706133	1.45179999008	1.24321854431e-11	7.06878999774e-12	1.07813611111e-06
8.53152297956e-18	0.975445706131	1.45179999008	1.32649974172e-11	7.62112595248e-12	1.11946466204e-06
9.55073848895e-18	0.975445706129	1.45179999007	1.41628820802e-11	8.21653856058e-12	1.16237747408e-06
1.06917142347e-17	0.975445706127	1.45179999007	1.5130923959e-11	8.85858053571e-12	1.20693527725e-06
1.19689962623e-17	0.975445706124	1.45179999007	1.61746048657e-11	9.55080459155e-12	1.25320112955e-06
1.33988683557e-17	0.975445706122	1.45179999007	1.72998349396e-11	1.02969854864e-11	1.30124050618e-06
1.49995596354e-17	0.975445706119	1.45179999006	1.85129861155e-11	1.11015641123e-11	1.35112139225e-06
1.67914769579e-17	0.975445706115	1.45179999006	1.98209282066e-11	1.19689813614e-11	1.40291437895e-06
1.87974650778e-17	0.975445706112	1.45179999006	2.12310678062e-11	1.29042332374e-11	1.45669276347e-06
2.10430978904e-17	0.975445706108	1.45179999005	2.27513902302e-11	1.39125377883e-11	1.51253265274e-06
2.35570044679e-17	0.975445706104	1.45179999005	2.43905047361e-11	1.49995571517e-11	1.57051307109e-06
2.63712340452e-17	0.9754457061	1.45179999005	2.61576932751e-11	1.61716195987e-11	1.63071607215e-06
2.95216646078e-17	0.975445706095	1.45179999004	2.80629630542e-11	1.7435164423e-11	1.69322685491e-06
3.30484602927e-17	0.97544570609	1.45179999004	3.01171032043e-11	1.87975190965e-11	1.75813388435e-06
3.69965834323e-17	0.975445706085	1.45179999003	3.23317458775e-11	2.02662331357e-11	1.82552901658e-06
4.14163677683e-17	0.975445706079	1.45179999003	3.47194321167e-11	2.18497442357e-11	1.89550762888e-06
4.63641601462e-17	0.975445706073	1.45179999002	3.72936828731e-11	2.35570452028e-11	1.96816875465e-06
5.19030388684e-17	0.975445706066	1.45179999002	4.00690755727e-11	2.53976839553e-11	2.04361522358e-06
5.81036178651e-17	0.975445706059	1.45179999001	4.30613266645e-11	2.73822076117e-11	2.12195380715e-06
6.5044946936e-17	0.975445706051	1.45179999	4.62873806202e-11	2.95217184023e-11	2.20329536975e-06
7.28155195383e-17	0.975445706043	1.45179998999	4.97655058861e-11	3.18284287805e-11	2.28775502559e-06
8.15144009702e-17	0.975445706034	1.45179998999	5.35153983342e-11	3.43153283554e-11	2.37545230156e-06
9.12524913324e-17	0.975445706024	1.45179998998	5.75582927953e-11	3.6996627982e-11	2.46651130645e-06
1.02153939368e-16	0.975445706013	1.45179998997	6.19170833071e-11	3.98874266933e-11	2.56106090653e-06
1.1435772521e-16	0.975445706002	1.45179998996	6.66164527586e-11	4.30040447678e-11	2.65923490794e-06
1.28019432201e-16	0.97544570599	1.45179998995	7.16830126637e-11	4.63641347515e-11	2.76117224607e-06
1.43313230402e-16	0.975445705976	1.45179998993	7.71454538564e-11	4.99869035028e-11	2.86701718216e-06
1.60434097035e-16	0.975445705962	1.45179998992	8.3034708961e-11	5.38926681031e-11	2.97691950747e-06
1.79600302214e-16	0.975445705947	1.45179998991	8.93841275566e-11	5.81036330127e-11	3.09103475524e-06
2.01056191616e-16	0.97544570593	1.45179998989	9.62296650291e-11	6.26436680267e-11	3.20952442085e-06
2.25075301594e-16	0.975445705912	1.45179998987	1.03610086178e-10	6.75384192971e-11	3.3325561903e-06
2.51963846427e-16	0.975445705893	1.45179998986	1.11567184734e-10	7.2815531377e-11	3.46030417759e-06
2.8206462218e-16	0.975445705872	1.45179998984	1.20146020026e-10	7.85050913104e-11	3.59294917105e-06
3.15761376934e-16	0.97544570585	1.45179998982	1.29395172146e-10	8.46391845428e-11	3.73067888925e-06
3.53483703105e-16	0.975445705825	1.45179998979	1.39367017043e-10	9.12525610547e-11	3.87368824665e-06
3.95712514222e-16	0.975445705799	1.45179998977	1.50118023121e-10	9.83826353621e-11	4.02217962942e-06
4.42986175985e-16	0.975445705771	1.45179998974	1.61709071003e-10	1.06069819583e-10	4.17636318186e-06
4.95907369772e-16	0.975445705741	1.45179998972	1.74205798291e-10	1.14357745482e-10	4.3364571038e-06
5.55150776085e-16	0.975445705708	1.45179998969	1.8767897125e-10	1.23293264472e-10	4.50268795942e-06
6.21471675908e-16	0.975445705673	1.45179998965	2.02204885548e-10	1.32926891698e-10	4.67529099783e-06
6.9571557961e-16	0.975445705635	1.45179998962	2.17865798299e-10	1.43313250136e-10	4.85451048604e-06
7.7882900617e-16	0.975445705594	1.45179998958	2.34750393868e-10	1.54511181603e-10	5.04060005463e-06
8.71871550139e-16	0.97544570555	1.45179998954	2.52954286072e-10	1.66584079836e-10	5.23382305668e-06
9.7602939017e-16	0.975445705502	1.4517999895	2.72580559619e-10	1.79600334572e-10	5.43445294047e-06
1.09263041135e-15	0.975445705451	1.45179998945	2.93740353855e-10	1.93633553598e-10	5.64277363646e-06
1.22316113411e-15	0.975445705395	1.4517999894	3.16553492123e-10	2.08763339905e-10	5.85907995912e-06
1.36928566553e-15	0.975445705336	1.45179998934	3.41149160296e-10	2.25075291687e-10	6.08367802415e-06
1.53286691469e-15	0.975445705271	1.45179998928	3.67666638329e-10	2.42661890523e-10	6.31688568166e-06
1.71599034249e-15	0.975445705202	1.45179998922	3.96256088969e-10	2.61622501372e-10	6.55903296603e-06
1.92099054867e-15	0.975445705127	1.45179998915	4.27079408099e-10	2.82064704847e-10	6.81046256296e-06
2.15048103517e-15	0.975445705046	1.45179998908	4.60311141515e-10	3.04104075162e-10	7.07153029442e-06
2.40738752505e-15	0.975445704959	1.451799989	4.96139473341e-10	3.27865623432e-10	7.34260562224e-06
2.69498526187e-15	0.975445704866	1.45179998891	5.34767291681e-10	3.53483686641e-10	7.62407217095e-06
3.01694076507e-15	0.975445704764	1.45179998882	5.76413337522e-10	3.81103592983e-10	7.91632827068e-06
3.37735857359e-15	0.975445704656	1.45179998872	6.21313443423e-10	4.10881550836e-10	8.21978752087e-06
3.78083357373e-15	0.975445704538	1.45179998861	6.69721868982e-10	4.42986203079e-10	8.53487937563e-06
4.2325095783e-15	0.975445704411	1.45179998849	7.21912740652e-10	4.77599404241e-10	8.86204975147e-06
4.738144904e-15	0.975445704275	1.45179998837	7.78181604062e-10	5.14917219709e-10	9.20176165836e-06
5.30418578286e-15	0.975445704128	1.45179998823	8.38847097626e-10	5.55150813899e-10	9.55449585497e-06
5.93784854386e-15	0.975445703969	1.45179998809	9.04252756926e-10	5.985281156e-10	9.92075152909e-06
6.64721161226e-15	0.975445703798	1.45179998793	9.74768960075e-10	6.45294817164e-10	1.0301047004e-05
7.44131849964e-15	0.975445703613	1.45179998776	1.05079502509e-09	6.9571559576e-10	1.06959204721e-05
8.33029309767e-15	0.975445703414	1.45179998758	1.13276147116e-09	7.5007611177e-10	1.11059307564e-05
9.32546874528e-15	0.9754457032	1.45179998738	1.22113245654e-09	8.08684119015e-10	1.15316581016e-05
1.04395327149e-14	0.975445702968	1.45179998717	1.31640840703e-09	8.71871574177e-10	1.19737049949e-05
1.16866879596e-14	0.975445702719	1.45179998694	1.41912884975e-09	9.39996191112e-10	1.24326970191e-05
1.30828341835e-14	0.97544570245	1.45179998669	1.52987546837e-09	1.01344388334e-09	1.29092837374e-05
1.46457705436e-14	0.97544570216	1.45179998642	1.64927539705e-09	1.09263042938e-09	1.34041396133e-05
1.63954225668e-14	0.975445701848	1.45179998613	1.77800477177e-09	1.17800435934e-09	1.39179649642e-05
1.83540961765e-14	0.975445701511	1.45179998582	1.91679255918e-09	1.27004895328e-09	1.44514869535e-05
2.05467620659e-14	0.975445701148	1.45179998549	2.06642468451e-09	1.36928568296e-09	1.5005460619e-05
2.30013740431e-14	0.975445700756	1.45179998513	2.22774848214e-09	1.47627632123e-09	1.55806699415e-05
2.57492254088e-14	0.975445700334	1.45179998474	2.40167749388e-09	1.5916268278e-09	1.61779289545e-05
2.8825347907e-14	0.975445699879	1.45179998432	2.58919664211e-09	1.71599034687e-09	1.67980828962e-05
3.22689583371e-14	0.975445699388	1.45179998387	2.79136780724e-09	1.85007120392e-09	1.74420094055e-05
3.61239585203e-14	0.975445698859	1.45179998338	3.00933584087e-09	1.99462856944e-09	1.81106197641e-05
4.04394949935e-14	0.975445698289	1.45179998286	3.24433504886e-09	2.15048101086e-09	1.88048601862e-05
4.52705855683e-14	0.975445697674	1.45179998229	3.49769618091e-09	2.31851126648e-09	1.95257131575e-05
5.06788207402e-14	0.975445697011	1.45179998168	3.77085396634e-09	2.49967068641e-09	2.02741988259e-05
5.67331488922e-14	0.975445696296	1.45179998103	4.06535523862e-09	2.69498522771e-09	2.10513764445e-05
6.35107553024e-14	0.975445695525	1.45179998032	4.38286769478e-09	2.90556089455e-09	2.18583458714e-05
7.10980461619e-14	0.975445694694	1.45179997955	4.72518933921e-09	3.13259017744e-09	2.2696249126e-05
7.95917501476e-14	0.975445693799	1.45179997873	5.09425866533e-09	3.37735860359e-09	2.35662720049e-05
8.91001515947e-14	0.975445692833	1.45179997784	5.49216563293e-09	3.6412521754e-09	2.44696457602e-05
9.97444709896e-14	0.975445691791	1.45179997688	5.92116350309e-09	3.92576547505e-09	2.54076488423e-05
1.11660410382e-13	0.975445690669	1.45179997585	6.38368159797e-09	4.23250954714e-09	2.63816087086e-05
1.24999883422e-13	0.975445689458	1.45179997473	6.88233905747e-09	4.56322133551e-09	2.73929037024e-05
1.39932952069e-13	0.975445688154	1.45179997353	7.4199596709e-09	4.91977378636e-09	2.84429650034e-05
1.56649994677e-13	0.975445686747	1.45179997224	7.99958786748e-09	5.30418572915e-09	2.95332786535e-05
1.75364133086e-13	0.97544568523	1.45179997084	8.62450595624e-09	5.71863420012e-09	3.06653876591e-05
1.96313949661e-13	0.975445683594	1.45179996934	9.29825271308e-09	6.1654659886e-09	3.18408941754e-05
2.19766528927e-13	0.975445681831	1.45179996772	1.002464342e-08	6.64721151478e-09	3.30614617736e-05
2.4602086257e-13	0.97544567993	1.45179996597	1.08077914704e-08	7.16659881854e-09	3.4328817795e-05
2.75411661212e-13	0.975445677881	1.45179996408	1.16521316621e-08	7.72656899154e-09	3.56447557957e-05
3.08313621566e-13	0.975445675671	1.45179996205	1.25624453108e-08	8.33029294156e-09	3.70111380845e-05
3.45146203354e-13	0.975445673289	1.45179995986	1.35438873254e-08	8.98118960018e-09	3.84298983592e-05
3.86378976909e-13	0.975445670721	1.45179995749	1.46020153994e-08	9.68294490761e-09	3.99030444421e-05
4.32537609618e-13	0.975445667952	1.45179995494	1.5742821483e-08	1.04395325738e-08	4.14326611225e-05
4.84210567539e-13	0.975445664967	1.4517999522	1.69727657137e-08	1.1255236949e-08	4.30209131061e-05
5.42056617618e-13	0.975445661748	1.45179994924	1.8298812999e-08	1.21346774488e-08	4.46700480792e-05
6.06813226162e-13	0.975445658278	1.45179994604	1.97284724571e-08	1.30828339782e-08	4.63823998896e-05
6.7930596063e-13	0.975445654536	1.4517999426	2.12698399396e-08	1.41050756861e-08	4.81603918488e-05
7.60459014601e-13	0.975445650503	1.45179993889	2.29316438759e-08	1.52071913858e-08	5.0006540162e-05
8.51306990109e-13	0.975445646154	1.45179993489	2.47232947012e-08	1.63954220843e-08	5.1923457489e-05
9.5300808755e-13	0.975445641466	1.45179993057	2.66549381451e-08	1.76764966204e-08	5.39138566414e-05
1.06685887131e-12	0.975445636411	1.45179992592	2.87375126847e-08	1.90576693014e-08	5.59805544218e-05
1.19431079937e-12	0.975445630961	1.45179992091	3.09828114873e-08	2.05467614253e-08	5.81264756103e-05
1.33698872761e-12	0.975445625085	1.4517999155	3.34035491918e-08	2.21522053567e-08	6.03546571033e-05
1.49671162472e-12	0.97544561875	1.45179990967	3.60134339095e-08	2.38830924884e-08	6.26682522117e-05
1.67551576181e-12	0.97544561192	1.45179990339	3.88272448494e-08	2.57492243114e-08	6.50705351228e-05
1.87568067236e-12	0.975445604557	1.45179989661	4.18609160104e-08	2.77611684816e-08	6.75649055348e-05
2.09975821348e-12	0.975445596618	1.45179988931	4.51316264114e-08	2.99303181052e-08	7.01548934672e-05
2.3506050989e-12	0.975445588059	1.45179988143	4.86578973723e-08	3.22689565758e-08	7.28441642568e-05
2.63141931859e-12	0.975445578831	1.45179987294	5.24596973964e-08	3.47903271856e-08	7.56365237448e-05
2.94578090915e-12	0.975445568882	1.45179986379	5.65585552472e-08	3.75087078428e-08	7.8535923663e-05
3.29769759489e-12	0.975445558156	1.45179985392	6.09776818613e-08	4.04394922293e-08	8.15464672257e-05
3.69165588132e-12	0.975445546591	1.45179984328	6.57421017863e-08	4.35992766199e-08	8.46724149371e-05
4.13267825254e-12	0.975445534123	1.4517998318	7.08787948895e-08	4.7005954251e-08	8.79181906204e-05
4.62638720174e-12	0.975445520681	1.45179981943	7.64168491384e-08	5.06788163508e-08	9.12883876782e-05
5.17907691097e-12	0.975445506189	1.4517998061	8.23876253196e-08	5.46386616074e-08	9.47877755935e-05
5.79779349414e-12	0.975445490564	1.45179979172	8.88249346275e-08	5.89079136297e-08	9.84213066789e-05
6.49042482627e-12	0.975445473718	1.45179977622	9.57652301293e-08	6.35107484013e-08	0.000102194123085
7.26580110402e-12	0.975445455556	1.45179975951	1.0324781319e-07	6.84732306154e-08	0.000106111564079
8.13380741971e-12	0.975445435975	1.45179974149	1.11315056029e-07	7.38234618893e-08	0.000110179173597
9.10550978394e-12	0.975445414863	1.45179972207	1.2001264166e-07	7.95917391928e-08	0.000114402708094
1.01932962033e-11	0.975445392103	1.45179970112	1.29389822586e-07	8.58107271546e-08	0.000118788144688
1.14110346122e-11	0.975445367564	1.45179967854	1.39499699706e-07	9.25156425808e-08	0.00012334168962
1.27742496711e-11	0.975445341107	1.4517996542	1.50399523008e-07	9.97444537396e-08	0.000128069787034
1.43003206872e-11	0.975445312583	1.45179962795	1.62151015766e-07	1.07538095854e-07	0.0001329791281
1.60087031779e-11	0.975445281831	1.45179959966	1.74820724064e-07	1.15940702697e-07	0.000138076660481
1.79211769046e-11	0.975445248675	1.45179956915	1.88480393627e-07	1.24999856162e-07	0.000143369598167
2.00621235371e-11	0.975445212929	1.45179953626	2.03207376102e-07	1.34766856276e-07	0.000148865431682
2.24588374886e-11	0.97544517439	1.45179950079	2.19085067081e-07	1.45297011516e-07	0.000154571938687
2.5141873885e-11	0.97544513284	1.45179946256	2.36203378348e-07	1.56649951563e-07	0.000160497194982
2.81454381039e-11	0.975445088043	1.45179942134	2.54659247027e-07	1.68889965688e-07	0.00016664958594
3.15078218488e-11	0.975445039746	1.4517993769	2.74557184514e-07	1.82086366358e-07	0.00017303781837
3.52718913198e-11	0.975444987675	1.45179932899	2.96009868296e-07	1.96313881692e-07	0.00017967093284
3.94856337019e-11	0.975444931536	1.45179927733	3.19138780013e-07	2.11653078786e-07	0.000186558316472
4.42027689396e-11	0.97544487101	1.45179922164	3.44074893379e-07	2.28190820238e-07	0.000193709716221
4.94834345963e-11	0.975444805754	1.45179916159	3.70959415848e-07	2.46020755193e-07	0.000201135252677
5.53949525297e-11	0.9754447354	1.45179909686	3.99944588234e-07	2.65243850695e-07	0.000208845434378
6.2012687157e-11	0.975444659549	1.45179902706	4.31194546809e-07	2.85968962555e-07	0.000216851172688
6.94210062516e-11	0.975444577771	1.45179895181	4.64886252758e-07	3.08313452302e-07	0.000225163797234
7.77143565205e-11	0.975444489603	1.45179887069	5.01210494261e-07	3.32403851419e-07	0.000233795071941
8.69984676732e-11	0.975444394546	1.45179878322	5.4037296687e-07	3.5837657821e-07	0.000242757211678
9.73917003333e-11	0.975444292062	1.45179868892	5.82595438296e-07	3.86378709952e-07	0.000252062899545
1.09026554977e-10	0.97544418157	1.45179858725	6.28117004218e-07	4.16568816218e-07	0.000261725304819
1.2205136113e-10	0.975444062445	1.45179847764	6.77195442202e-07	4.49117856037e-07	0.000271758101595
1.36632168372e-10	0.975443934012	1.45179835946	7.30108671414e-07	4.84210146776e-07	0.000282175488127
1.52954863229e-10	0.975443795543	1.45179823205	7.8715632638e-07	5.2204440751e-07	0.000292992206931
1.71227538973e-10	0.975443646255	1.45179809468	8.48661453719e-07	5.62834884218e-07	0.000304223565638
1.91683148514e-10	0.975443485303	1.45179794658	9.14972341439e-07	6.06812563126e-07	0.000315885458659
2.14582474217e-10	0.975443311774	1.45179778691	9.86464491168e-07	6.54226478748e-07	0.000327994389679
2.40217452501e-10	0.975443124687	1.45179761476	1.06354274448e-06	7.05345123843e-07	0.000340567495007
2.68914895597e-10	0.975442922981	1.45179742916	1.14664357535e-06	7.60457970058e-07	0.000353622567827
3.01040657925e-10	0.975442705515	1.45179722906	1.23623756174e-06	8.19877107025e-07	0.000367178083373
3.37004300185e-10	0.975442471057	1.45179701332	1.3328320503e-06	8.83939009348e-07	0.000381253225078
3.77264310631e-10	0.975442218279	1.45179678073	1.43697402921e-06	9.53006442368e-07	0.000395867911712
4.22333950088e-10	0.975441945751	1.45179652996	1.54925322558e-06	1.02747051579e-06	0.000411042825573
4.72787795219e-10	0.975441651928	1.4517962596	1.67030544478e-06	1.1077528992e-06	0.000426799441746
5.29269063457e-10	0.975441335148	1.45179596811	1.8008161707e-06	1.19430820859e-06	0.000443160058496
5.92497812978e-10	0.975440993616	1.45179565385	1.94152444731e-06	1.28762658172e-06	0.000460147828814
6.6328012225e-10	0.975440625397	1.45179531503	2.09322706345e-06	1.38823645294e-06	0.000477786793181
7.42518366158e-10	0.975440228408	1.45179494974	2.25678306463e-06	1.49670754575e-06	0.000496101913579
8.31222719726e-10	0.975439800401	1.45179455591	2.43311861734e-06	1.61365409827e-06	0.000515119108813
9.30524036051e-10	0.97543933895	1.4517941313	2.62323225328e-06	1.73973834205e-06	0.000534865291181
1.04168826263e-09	0.975438841445	1.45179367352	2.82820052353e-06	1.8756742515e-06	0.00055536840455
1.16613257983e-09	0.975438305066	1.45179317997	3.04918409423e-06	2.02223158638e-06	0.000576657463893
1.30544346723e-09	0.975437726778	1.45179264786	3.28743431871e-06	2.18024025108e-06	0.000598762596338
1.46139692811e-09	0.975437103305	1.45179207417	3.5443003229e-06	2.35059499337e-06	0.000621715083791
1.63598112987e-09	0.975436431117	1.45179145565	3.82123664444e-06	2.53426047052e-06	0.000645547407189
1.83142174908e-09	0.975435706408	1.45179078881	4.1198114685e-06	2.73227671178e-06	0.000670293292454
2.05021034399e-09	0.975434925075	1.45179006986	4.44171550701e-06	2.9457650071e-06	0.000695987758199
2.29513611638e-09	0.975434082692	1.45178929474	4.78877157168e-06	3.1759342556e-06	0.000722667165268
2.56932146743e-09	0.97543317449	1.45178845905	5.16294489471e-06	3.42408781117e-06	0.000750369268168
2.87626180089e-09	0.975432195326	1.45178755807	5.56635425593e-06	3.69163086137e-06	0.000779133268474
3.21987008075e-09	0.975431139657	1.45178658669	6.00128397906e-06	3.98007838369e-06	0.000808999870279
3.60452671151e-09	0.975430001504	1.45178553941	6.47019686518e-06	4.29106372345e-06	0.00084001133776
4.03513537645e-09	0.975428774422	1.45178441031	6.97574813652e-06	4.6263478412e-06	0.00087221155496
4.51718554597e-09	0.975427451465	1.45178319298	7.52080046943e-06	4.98782928295e-06	0.000905646087847
5.05682245217e-09	0.97542602514	1.45178188053	8.10844020164e-06	5.37755492869e-06	0.000940362248752
5.66092542182e-09	0.975424487372	1.45178046555	8.74199480562e-06	5.79773158145e-06	0.000976409163276
6.33719556574e-09	0.975422829454	1.45177894	9.42505172661e-06	6.2507384608e-06	0.00101383783975
7.0942539421e-09	0.975421041999	1.45177729526	1.01614786922e-05	6.73914067218e-06	0.00105270124137
7.9417514445e-09	0.975419114885	1.451775522	1.09554456083e-05	7.26570372895e-06	0.00109305436105
8.89049181519e-09	0.975417037202	1.4517736102	1.18114481647e-05	7.83340920814e-06	0.00113495429921
9.95256935059e-09	0.975414797186	1.45177154903	1.27343332854e-05	8.44547162914e-06	0.00117846034443
1.1141523054e-08	0.975412382154	1.45176932681	1.37293265652e-05	9.10535665065e-06	0.00122363405732
1.24725091991e-08	0.975409778433	1.45176693096	1.48020618501e-05	9.81680068861e-06	0.0012705393575
1.39624945033e-08	0.975406971282	1.45176434792	1.59586131272e-05	1.05838320664e-05	0.0013192426139
1.5630472371e-08	0.975403944807	1.45176156306	1.72055289048e-05	1.14107938169e-05	0.0013698127386
1.74977049629e-08	0.975400681875	1.45175856062	1.85498692771e-05	1.23023682639e-05	0.00142232128413
1.95879941722e-08	0.975397164012	1.4517553236	1.99992458836e-05	1.32636035251e-05	0.00147684254461
2.1927984963e-08	0.975393371303	1.45175183367	2.15618649875e-05	1.42999420823e-05	0.00153345366067
2.45475049301e-08	0.975389282276	1.45174807107	2.32465739179e-05	1.54172515834e-05	0.00159223472837
2.74799444075e-08	0.975384873784	1.4517440145	2.50629111376e-05	1.66218580491e-05	0.00165326891233
3.0762681965e-08	0.97538012087	1.451739641	2.70211602191e-05	1.79205816714e-05	0.00171664256314
3.44375607107e-08	0.975374996629	1.4517349258	2.91324080341e-05	1.93207754076e-05	0.00178244533922
3.85514214627e-08	0.975369472055	1.45172984221	3.14086074847e-05	2.08303665846e-05	0.0018507703334
4.31566995798e-08	0.975363515876	1.45172436146	3.386264513e-05	2.24579017532e-05	0.00192171420422
4.83120930461e-08	0.975357094379	1.45171845252	3.65084140905e-05	2.42125950409e-05	0.00199537731231
5.40833103127e-08	0.975350171217	1.45171208194	3.93608926409e-05	2.61043802782e-05	0.00207186386192
6.05439074149e-08	0.975342707206	1.45170521366	4.24362289352e-05	2.81439671927e-05	0.00215128204784
6.77762250149e-08	0.975334660103	1.45169780881	4.57518323405e-05	3.03429019869e-05	0.00223374420787
7.58724372911e-08	0.975325984367	1.45168982547	4.93264718961e-05	3.27136326413e-05	0.00231936698114
8.49357260172e-08	0.9753166309	1.45168121845	5.31803824506e-05	3.5269579312e-05	0.00240827147238
9.50815947607e-08	0.975306546772	1.45167193905	5.73353790759e-05	3.80252102171e-05	0.00250058342245
1.06439339912e-07	0.975295674923	1.45166193475	6.18149804025e-05	4.09961234416e-05	0.00259643338532
1.19153697248e-07	0.975283953837	1.45165114893	6.6644541568e-05	4.41991351194e-05	0.00269595691171
1.33386684949e-07	0.975271317198	1.45163952055	7.18513975291e-05	4.7652374489e-05	0.00279929473972
1.49319666498e-07	0.975257693517	1.45162698383	7.74650175404e-05	5.13753863586e-05	0.00290659299267
1.67155659663e-07	0.975243005722	1.45161346782	8.35171716683e-05	5.53892415527e-05	0.00301800338429
1.87121920884e-07	0.975227170732	1.45159889604	9.00421102759e-05	5.97166559657e-05	0.0031336834318
2.09472837884e-07	0.975210098982	1.45158318607	9.70767574835e-05	6.43821188859e-05	0.00325379667684
2.3449316721e-07	0.975191693922	1.45156624902	0.000104660919691	6.94120313126e-05	0.00337851291482
2.6250165778e-07	0.975171851471	1.4515479891	0.000112837510328	7.48348550387e-05	0.00350800843281
2.93855106404e-07	0.975150459433	1.45152830301	0.000121652792095	8.06812733371e-05	0.0036424662563
3.28952896674e-07	0.975127396862	1.45150707943	0.000131156638038	8.69843641461e-05	0.00378207640525
3.68242078764e-07	0.975102533386	1.45148419833	0.000141402812931	9.3779786724e-05	0.00392703615963
4.12223054458e-07	0.975075728468	1.45145953033	0.000152449276517	0.000101105982814	0.00407755033485
4.61455939392e-07	0.975046830623	1.45143293597	0.000164358510322	0.000109004393443	0.00423383156739
5.16567683002e-07	0.975015676561	1.45140426489	0.000177197869832	0.000117519692557	0.00439610061102
5.78260036218e-07	0.974982090274	1.45137335505	0.000191039964013	0.000126700038798	0.00456458664392
6.47318467582e-07	0.974945882047	1.45134003176	0.00020596306427	0.000136597346823	0.00473952758711
7.24622140389e-07	0.974906847396	1.4513041067	0.000222051545115	0.000147267579658	0.00492117043453
8.11155076764e-07	0.974864765919	1.45126537693	0.000239396358974	0.000158771063719	0.00510977159523
9.08018649418e-07	0.974819400068	1.45122362366	0.000258095547767	0.000171172828237	0.0053055972479
1.01644555847e-06	0.974770493816	1.45117861108	0.000278254794062	0.000184542970954	0.00550892370832
1.13781546924e-06	0.974717771229	1.45113008505	0.000299988014857	0.000198957052113	0.00572003781006
1.27367250763e-06	0.974660934925	1.45107777161	0.000323418001217	0.000214496518896	0.00593923729874
1.42574483283e-06	0.97459966442	1.45102137553	0.000348677107294	0.000231249162647	0.00616683124045
1.5959665329e-06	0.974533614339	1.4509605786	0.000375907992471	0.000249309611366	0.00640314044459
1.78650211752e-06	0.9744624125	1.45089503788	0.000405264420671	0.000268779860169	0.00664849790162
1.99977391438e-06	0.974385657846	1.4508243838	0.000436912121168	0.000289769842593	0.0069032492361
2.23849271146e-06	0.974302918225	1.45074821806	0.00047102971555	0.000312398045834	0.00716775317544
2.50569202745e-06	0.974213727993	1.45066611146	0.00050780971582	0.000336792173248	0.00744238203481
2.80476643693e-06	0.974117585452	1.45057760151	0.00054745959899	0.000363089857666	0.00772752221851
3.13951442679e-06	0.974013950075	1.45048218982	0.000590202963898	0.000391439429344	0.00802357473832
3.51418631525e-06	0.97390223954	1.45037933942	0.000636280776406	0.00042200074265	0.00833095574908
3.93353782677e-06	0.973781826531	1.45026847172	0.000685952709533	0.000454946065846	0.00865009710193
4.40288998408e-06	0.973652035309	1.45014896338	0.000739498585596	0.000490461038688	0.00898144691554
4.92819605525e-06	0.973512138017	1.45002014282	0.00079721992786	0.000528745702837	0.00932547016562
5.51611637778e-06	0.973361350726	1.44988128659	0.000859441629768	0.000570015610465	0.00968264929298
6.17410197612e-06	0.973198829173	1.44973161537	0.000926513750343	0.000614503016791	0.0100534848304
6.91048799316e-06	0.973023664206	1.44957028976	0.00099881344492	0.000662458162656	0.0104384960486
7.73459807232e-06	0.97283487688	1.44939640564	0.00107674704102	0.000714150653697	0.0108382216209
8.65686095486e-06	0.972631413206	1.44920898932	0.00116075226974	0.000769870943049	0.011253220308
9.68894069983e-06	0.97241213852	1.44900699226	0.00125130066381	0.000829931925026	0.0116840716608
1.08438820912e-05	0.972175831452	1.44878928541	0.00134890013406	0.000894670647634	0.0121313767431
1.21362729707e-05	0.971921177462	1.44855465315	0.00145409773675	0.000964450152313	0.0125957588733
1.35824254281e-05	0.971646761925	1.44830178678	0.00156748264515	0.00103966144979	0.0130778643843
1.52005779916e-05	0.971351062734	1.44802927759	0.00168968933932	0.00112072564145	0.0135783634017
1.70111211956e-05	0.971032442386	1.44773560937	0.00182140102887	0.00120809619619	0.0140979506401
1.90368491616e-05	0.970689139537	1.44741915043	0.00196335332448	0.00130226139327	0.0146373462158
2.13032401071e-05	0.970319259983	1.44707814508	0.00211633817443	0.00140374694222	0.0151972964758
2.38387690131e-05	0.969920767035	1.44671070448	0.00228120808359	0.00151311879147	0.0157785748418
2.66752560146e-05	0.969491471272	1.44631479686	0.00245888063283	0.00163098613783	0.0163819826673
2.98482544533e-05	0.969029019629	1.44588823714	0.00265034331773	0.00175800464974	0.0170083501072
3.33974829348e-05	0.968530883787	1.4454286758	0.00285665872632	0.00189487991743	0.0176585369968
3.7367306172e-05	0.967994347857	1.44493358705	0.00307897007599	0.00204237114385	0.0183334337391
4.18072698737e-05	0.9674164953	1.44440025617	0.00331850713074	0.00220129509074	0.0190339621963
4.67726954511e-05	0.966794195082	1.44382576615	0.00357659252013	0.0023725302944	0.0197610765849
5.2325340871e-05	0.966124087034	1.44320698342	0.00385464848205	0.0025570215663	0.0205157643674
5.85341345783e-05	0.965402566396	1.4425405427	0.00415420405137	0.00275578479385	0.0212990471402
6.54759900427e-05	0.964625767526	1.44182283102	0.00447690271694	0.0029699120566	0.0221119815102
7.32367091625e-05	0.963789546787	1.44104997074	0.00482451056899	0.00320057707349	0.0229556599573
8.19119834621e-05	0.962889464587	1.44021780167	0.0051989249589	0.00344904099629	0.0238312116743
9.16085027674e-05	0.9619207666	1.43932186215	0.0056021836921	0.00371665856401	0.0247398033806
0.000102445181812	0.960878364177	1.43835736926	0.00603647477418	0.00400488463254	0.0256826400989
0.000114554516017	0.959756813993	1.43731919794	0.00650414672831	0.00431528109275	0.0266609658895
0.000128084078489	0.958550296972	1.43620185918	0.00700771950008	0.00464952418871	0.0276760645311
0.00014319817108	0.957252596554	1.43499947727	0.00754989596288	0.00500941224649	0.0287292601373
0.000160079643122	0.955857076417	1.43370576606	0.00813357403342	0.00539687382112	0.0298219176993
0.000178931892192	0.954356657746	1.43231400442	0.00876185940257	0.00581397626681	0.0309554435393
0.00019998106192	0.952743796206	1.43081701088	0.00943807888104	0.00626293473209	0.0321312856622
0.00022347845242	0.951010458811	1.42920711749	0.0101657943529	0.00674612157694	0.0333509339898
0.000249703159331	0.949148100884	1.42747614322	0.010948817322	0.00726607620412	0.034615920459
0.000278964957689	0.947147643392	1.42561536684	0.0117912240271	0.00782551529068	0.0359278189674
0.000311607446823	0.94499945096	1.42361549959	0.01269737109	0.00842734339832	0.0372882451437
0.000348011472117	0.942693310931	1.42146665782	0.0136719116485	0.00907466393274	0.0386988559226
0.000388598838741	0.9402184139	1.41915833599	0.0147198119117	0.00977079041228	0.0401613488989
0.00043383633121	0.937563336225	1.41667938011	0.0158463680562	0.0105192579945	0.0416774614366
0.000484240050816	0.934716025074	1.41401796236	0.0170572233652	0.0113238351966	0.0432489695035
0.000540380080396	0.931663786671	1.411161557	0.0183583854868	0.0121885357292	0.0448776862041
0.000602885482535	0.928393278454	1.40809691835	0.0197562436676	0.0131176303481	0.0465654599787
0.000672449632879	0.924890505991	1.40481006129	0.0212575857856	0.0141156586073	0.0483141724363
0.000749835884721	0.921140825555	1.40128624502	0.0228696149787	0.0151874403761	0.0501257357884
0.000835883554106	0.917128953369	1.39750996083	0.0245999656325	0.0163380869588	0.0520020898475
0.000931514206402	0.91283898263	1.39346492479	0.0264567184507	0.0175730116302	0.0539451985553
0.00103773821521	0.908254409506	1.38913407617	0.0284484142975	0.0188979393691	0.0559570460054
0.00115566237529	0.9033581491	1.38455550767	0.0305840664581	0.0203189303059	0.0580396319227
0.00128650032313	0.898132573074	1.37973991626	0.0328730840342	0.0218424757183	0.0601948826405
0.00143156610466	0.892559862277	1.37459207738	0.0353253122484	0.0234752549162	0.0624246872817
0.0015922950137	0.886621601571	1.36909240941	0.0379512004715	0.0252243314084	0.0647310431451
0.00177024613905	0.880299088011	1.36322067213	0.0407616902128	0.0270971103835	0.0671159366029
0.00196710914731	0.873573438896	1.35695602068	0.0437682120246	0.0291013376511	0.0695813352182
0.00218471068634	0.866425718378	1.35027707373	0.0469826777242	0.0312450953449	0.0721291791404
0.00242502022696	0.858837083797	1.34316199706	0.0504174672855	0.0335367938879	0.0747613717686
0.00269015513351	0.850788952739	1.33558860386	0.054085409727	0.0359851596845	0.0774797696843
0.00298238472578	0.842263191496	1.32753447314	0.0579997573073	0.0385992179753	0.080286171862
0.00330413306761	0.833242325271	1.31897708729	0.0621741523368	0.0413882702655	0.0831823081823
0.00365798019137	0.823709770021	1.30989398957	0.0666225859277	0.0443618657229	0.0861698272843
0.00404666144438	0.813650085261	1.30026296245	0.0713593480394	0.047529765934	0.0892502838088
0.00447306462441	0.803049246558	1.29006222682	0.0763989682253	0.0509019024129	0.092425125104
0.00494022455911	0.791894935646	1.27927066218	0.0817561465725	0.0544883262798	0.0956956774819
0.00545131477979	0.780176845345	1.26786804713	0.0874456744254	0.0582991495606	0.0990631321317
0.00600963594601	0.767886995524	1.25583531896	0.0934823446241	0.0623444776191	0.102528530822
0.00661860069656	0.755020055432	1.24315485067	0.0998808511506	0.0666343323106	0.106092751536
0.0072817308187	0.74157346621	1.22998547406	0.106655678273	0.0711787355508	0.109756494212
0.00800269743846	0.727547609333	1.21637737346	0.113820067469	0.0759886003659	0.113519771209
0.00878504372394	0.712948708359	1.20209648137	0.121386385467	0.0810728616263	0.117382206693
0.00963240394975	0.697784955116	1.1871332036	0.12936750565	0.0864404346451	0.121343815283
0.0105483869526	0.682068651399	1.17148073738	0.137775533028	0.0920996417592	0.125404372428
0.0115365355478	0.665816423199	1.15513536615	0.146621650083	0.0980580791125	0.129563403459
0.0126002819515	0.649049387009	1.13809674128	0.155915958203	0.104322475257	0.133820174057
0.013742899642	0.631793259254	1.12036814392	0.165667316724	0.110898542619	0.138173682359
0.0149674522557	0.614078400473	1.10195672009	0.175883181914	0.117790823177	0.142622652936
0.0162770762012	0.595936754912	1.0834405148	0.186569488371	0.125005460903	0.147165532882
0.0176740492075	0.577412383402	1.06429965379	0.197725419461	0.132544419857	0.151798349421
0.0191604734881	0.558548802228	1.04453138853	0.20935278715	0.140408081797	0.156518812594
0.020738039007	0.539393306651	1.02415730708	0.221451563658	0.148595122405	0.161324418634
0.0224079534297	0.519996887249	1.00320322726	0.234019585362	0.157102270569	0.166212380195
0.0241708930194	0.500413799165	0.981699161148	0.2470524496	0.165924158817	0.171179635017
0.0260276333483	0.480696237353	0.960378226369	0.260543506942	0.175058619142	0.17622285738
0.0279772157265	0.46091026501	0.938585758502	0.274475147667	0.184495951862	0.181335237772
0.0300184764132	0.441115852608	0.916354743621	0.288835435115	0.194224242863	0.186512809904
0.0321495834009	0.421373828483	0.893726751986	0.30361004648	0.204229045884	0.191751398786
0.0343680757817	0.401744914315	0.870883561275	0.318782227272	0.214493745762	0.197046618986
0.0366717209042	0.382284690982	0.848370267363	0.334330897221	0.225007184257	0.202393171187
0.039055917838	0.363059882717	0.825591030847	0.350224716984	0.235746529478	0.207782815901
0.0415160794204	0.344127053016	0.8025936086	0.366439763289	0.246687252468	0.213210523493
0.0440469751838	0.325540344665	0.779435744688	0.382950022306	0.25780220831	0.218671139166
0.0466441468259	0.307344024547	0.756958830564	0.399727547331	0.269072301011	0.224159364175
0.0493002366998	0.28959448846	0.734394684438	0.416727859631	0.280466161398	0.229664887422
0.0520082827967	0.272334270264	0.711791148029	0.433919617022	0.291949838758	0.235182184
0.0547610207274	0.255601031914	0.689405878661	0.451270155432	0.303488339432	0.240705709109
0.0575522150005	0.239422810397	0.667676523823	0.468741536258	0.31505799691	0.246228499596
0.0603725891622	0.223836071243	0.646020941338	0.486286070307	0.32661824827	0.251740687992
0.0632137601424	0.208863825875	0.624481919727	0.503868739957	0.33812859751	0.257236662688
0.0660683662576	0.194519884034	0.603717122113	0.521454357718	0.349556391389	0.262710901742
0.0689278842407	0.180820035247	0.583314049894	0.538992922799	0.360869330869	0.268153206429
0.0717830199287	0.167775463808	0.563111600119	0.556444928943	0.372023319833	0.273556618388
0.0746255438925	0.155388494075	0.543498104952	0.573776265899	0.3829788881	0.278915845074
0.0774488284	0.143653862358	0.524562108335	0.590944597934	0.393714331624	0.284222812153
0.0802432019769	0.132572938969	0.50588542726	0.607906251076	0.40418595554	0.289468725045
0.0830009416479	0.122136178209	0.48768143145	0.624630911951	0.414356443768	0.29464872675
0.0857164832018	0.112326293538	0.470336906066	0.641084764291	0.42420786545	0.299756514897
0.0883811009077	0.103134527155	0.45328661241	0.657224539846	0.433705144227	0.304782342856
0.0909881723179	0.0945426501987	0.43663310501	0.673025934341	0.442816990125	0.309721982841
0.0935335686137	0.0865255832003	0.420923808283	0.688464444334	0.451532269737	0.314570701105
0.0960100019892	0.0790674742357	0.405523462407	0.703500949575	0.459827083815	0.319318537809
0.0984123660299	0.0721448587056	0.390460465366	0.71811870492	0.467679240915	0.323962081706
0.100738181806	0.065728748289	0.376363799905	0.732303045925	0.475086378529	0.328498115017
0.102981919419	0.0597992806443	0.362575159399	0.746021545221	0.482037331899	0.332917069191
0.105140249965	0.0543307808448	0.349104206534	0.759265754573	0.488520980822	0.337216535153
0.107212154213	0.0492940738067	0.336509226546	0.772029704721	0.494543230218	0.341394478323
0.109194387251	0.0446669839955	0.324248237405	0.784291475752	0.500106738281	0.345443041599
0.111085273488	0.040424496283	0.312289383671	0.796049516194	0.505211157619	0.349360572601
0.112885109592	0.036539500876	0.301077450883	0.807305764102	0.509869364009	0.353146242984
0.114593009556	0.0329894573347	0.290229090125	0.818049646767	0.514096417335	0.356794563129
0.116208779573	0.0297516821585	0.279661490796	0.828285278855	0.517901121507	0.360304631885
0.117733845949	0.0268023672336	0.269701455358	0.838021468191	0.521301105301	0.363676950991
0.119169471986	0.0241201144826	0.260132386664	0.847258183543	0.524320719297	0.366908699832
0.120516696323	0.0216854024306	0.250820092795	0.856003810679	0.526975327439	0.369999769884
0.12177781468	0.0194782453404	0.241971982488	0.864272497544	0.529284627135	0.372952027086
0.122955846481	0.0174793196456	0.233540201033	0.872073164443	0.531278242066	0.375765408342
0.124052739599	0.0156725164859	0.225340959232	0.879416917127	0.532975124015	0.37844057842
0.125071576888	0.0140413386834	0.217468161548	0.886321473012	0.534396206806	0.380980671224
0.126016148564	0.0125697148196	0.210030284604	0.892802323691	0.535569027405	0.383388108668
0.126889202786	0.0112444368801	0.202802081288	0.898872076971	0.536515023479	0.385664328541
0.127694265807	0.0100522591966	0.195784170142	0.904550223698	0.537254184382	0.387813495275
0.128435403576	0.00898031803917	0.189200443226	0.90985614103	0.537809597679	0.389839946424
0.129115792955	0.00801803171151	0.182805932319	0.914803088777	0.538202442595	0.391745866861
0.129739091331	0.00715498453502	0.176598535411	0.919410737268	0.538450430509	0.393536103641
0.130309048152	0.00638146979682	0.170681725311	0.923698311494	0.538571324505	0.395215583432
0.130829255339	0.00568873439968	0.16499146081	0.927682055161	0.538583593688	0.396788296464
0.131303041925	0.00506899110824	0.159470414411	0.93137918017	0.538501908654	0.398258834107
0.131733799836	0.00451493170591	0.154140642375	0.934807604093	0.538339838447	0.399632302602
0.132124874594	0.00401981242248	0.14903566525	0.937984014842	0.538110971688	0.400913544509
0.132479259464	0.00357776171025	0.14408542741	0.940923625099	0.537826999311	0.402107016934
0.132799913988	0.00318331837329	0.139286875199	0.9436423425	0.537498004229	0.403217659297
0.133089658022	0.00283151890978	0.13465767239	0.946155269562	0.537133209472	0.404250277401
0.133351109537	0.00251792371741	0.130175484566	0.948476335058	0.536740962943	0.405209373174
0.133586731292	0.00223851638915	0.12583368273	0.950619038839	0.536328413568	0.406099434483
0.133798822433	0.00198967802945	0.121614136404	0.952596156544	0.535901801265	0.406924799476
0.133989507502	0.00176816726747	0.117513131197	0.954419915859	0.535466261496	0.407689715771
0.134160792558	0.00157102838862	0.113544349857	0.956101791394	0.535026482839	0.408398240736
0.134314503396	0.00139563787518	0.109695947478	0.957652256535	0.534586558849	0.409054121653
0.134452279417	0.00123968841156	0.105910722132	0.95908121027	0.534149568097	0.409660962061
0.134575714183	0.00110101338787	0.102251943516	0.96039859118	0.5337180016	0.410222473057
0.134686216691	0.000977728957627	0.098715910815	0.961612774536	0.533294399725	0.410741780003
0.134785040405	0.000868185834816	0.0952272137517	0.962731560988	0.53288061189	0.411221830562
0.134873382518	0.00077084880158	0.0918457805799	0.96376301638	0.532477687725	0.411665748237
0.134952318012	0.00068436162471	0.0885819347975	0.96471390884	0.532086986313	0.412076153494
0.135022798987	0.000607538527179	0.0853918519062	0.965590364523	0.531709541543	0.412455435796
0.135085695778	0.000539312541031	0.0822947365938	0.966398460973	0.531345777214	0.412806004365
0.135141810736	0.00047871576258	0.0793082819177	0.967143612139	0.530996229669	0.413130016875
0.13519184965	0.000424905295195	0.0764018544221	0.967830623642	0.530661305143	0.413429397261
0.135236444677	0.000377134400788	0.0735790114435	0.968464177022	0.530340968381	0.413706042168
0.135276184277	0.000334717577151	0.0708593506253	0.969048552823	0.530035236355	0.4139616969
0.135311568539	0.000297075366569	0.0680481249988	0.969587511354	0.529743993019	0.414197899429
0.135343006023	0.000263734751667	0.0651557317542	0.970085951724	0.529465318332	0.414416705879
0.135371003479	0.00023412764458	0.0623854738301	0.970548369317	0.52919835259	0.414620013886
0.135395738124	0.00020804024301	0.0586490656449	0.970977336153	0.528941844247	0.414808889681
0.135417703124	0.000184930829882	0.0548641126006	0.971382956173	0.528689197367	0.414987733195
0.135437106501	0.000164563693342	0.0504691014558	0.97176853156	0.528438611244	0.415157965708
0.135454409496	0.000146441476315	0.0463923328002	0.972141618289	0.52818577938	0.415322899028
0.135469837273	0.000130318198041	0.0426117896799	0.972502881071	0.527931631708	0.415482809983
0.135483588925	0.00011597694312	0.0391041184534	0.972852968328	0.52767692843	0.41563796953
0.135495833356	0.000103233810204	0.0357638521433	0.973192545121	0.52742219951	0.415788657368
0.135506744392	9.19011826714e-05	0.0326161770464	0.973523099686	0.527167181811	0.415935520573
0.135516465493	8.18242963461e-05	0.0296620726814	0.973845815974	0.52691170235	0.416079073944
0.135525124485	7.28656713624e-05	0.0269081018536	0.974161805301	0.526655549388	0.416219802361
0.1355328417	6.48965406568e-05	0.0243623033281	0.974472034604	0.526398600753	0.41635812854
0.135539723544	5.78033375443e-05	0.0220300215855	0.974777239365	0.526140867063	0.416494373719
0.135545863614	5.14863955181e-05	0.0199125424512	0.975077893186	0.525882530285	0.416628743431
0.135551343596	4.58588841512e-05	0.0180035004727	0.975374193514	0.525623964657	0.416761320438
0.135556234976	4.08449381228e-05	0.016288476846	0.975666116816	0.525365693646	0.416892088752
0.135560601188	3.63773661593e-05	0.0147507514429	0.975953522191	0.525108301398	0.41702097958
0.135564499082	3.23960788719e-05	0.0133727277913	0.97623619799	0.524852396434	0.417147891992
0.135567978909	2.88480526804e-05	0.0121374000934	0.976513899473	0.524598574026	0.417272709711
0.135571085241	2.56863359992e-05	0.0110292390626	0.976786377084	0.524347394434	0.417395313786
0.135573857886	2.28690789109e-05	0.0100365255765	0.977053389166	0.524099376559	0.417515588351
0.13557633172	2.03596667707e-05	0.00914296219334	0.977314649995	0.523855048874	0.417633397229
0.135578538676	1.81246657959e-05	0.0083371466932	0.97756999503	0.523614797909	0.417748658492
0.135580507666	1.61338820141e-05	0.00760902524532	0.977819299882	0.523378948802	0.417861308149
0.135582264088	1.43608327736e-05	0.00695002225082	0.978062476746	0.523147765581	0.417971298644
0.135583830684	1.27818570657e-05	0.00635407721204	0.97829947204	0.52292145946	0.418078597889
0.135585227461	1.13761737265e-05	0.00581248683263	0.978530211287	0.522700243481	0.418183164366
0.135586472774	1.01247701442e-05	0.00531955704771	0.978754727296	0.522484211793	0.418285005268
0.135587583013	9.01070845998e-06	0.00487030313291	0.978973078287	0.52227341941	0.41838413954
0.135588572688	8.01901886795e-06	0.0044605789621	0.979185344093	0.522067886665	0.418480596209
0.135589454723	7.13639524579e-06	0.00408598705579	0.979391614996	0.521867612408	0.418574409343
0.13559024076	6.35087963183e-06	0.00374296620325	0.979592025193	0.521672542632	0.418665633309
0.135590941184	5.65182424481e-06	0.00342855905298	0.979786733647	0.521482589852	0.418754334123
0.135591565232	5.02977759692e-06	0.00313992161157	0.979975912126	0.521297645808	0.418840584025
0.135592121177	4.47629377222e-06	0.00287431813089	0.980159756963	0.521117570977	0.418924466859
0.13559261646	3.98378897418e-06	0.00262981380589	0.980338500634	0.520942183945	0.419006083391
0.135593057619	3.5456121502e-06	0.00240456447529	0.980512377758	0.520771294913	0.419085535809
0.135593450507	3.15581814582e-06	0.00219688186496	0.980681635605	0.520604696711	0.419162932515
0.13559380034	2.80912041517e-06	0.00200426267871	0.980846535659	0.52044216354	0.419238388844
0.135594111912	2.50066877807e-06	0.00182602203158	0.981007433784	0.520283372318	0.419312063787
0.135594389399	2.22624727621e-06	0.0016609130311	0.981164652246	0.520128029291	0.419384101452
0.13559463643	1.98219226488e-06	0.00150783241636	0.981318537245	0.519975813048	0.419454657385
0.13559485632	1.76516783232e-06	0.0013657171436	0.981469467746	0.51982636722	0.41952390263
0.135595052027	1.57219730646e-06	0.00123358333064	0.981617863693	0.51967929204	0.419592027535
0.135595226185	1.40063906184e-06	0.00111015739408	0.981764197798	0.519534132718	0.419659247205
0.135595381193	1.24808719209e-06	0.000995101952547	0.981909060321	0.519390315325	0.419725831344
0.13559551914	1.11245161987e-06	0.000887835975577	0.982053071472	0.519247233853	0.419792064104
0.135595641876	9.9188269153e-07	0.000787800368606	0.982196940793	0.519104191331	0.419858271447
0.135595751048	8.84735993111e-07	0.000694512276664	0.98234150507	0.518960362159	0.419924838733
0.135595848108	7.89562185914e-07	0.00060694946984	0.982487770912	0.518814749591	0.419992230524
0.135595934436	7.04988532142e-07	0.000525261129629	0.982637128976	0.518665972323	0.420061089644
0.135596011176	6.29877829417e-07	0.000449304313902	0.982791220818	0.51851239655	0.420132176354
0.135596079233	5.6332692793e-07	0.000378086411637	0.982952158089	0.518351916773	0.420206470065
0.135596139559	5.04392961466e-07	0.000311419482859	0.983123184471	0.518181295743	0.420285476187
0.13559619291	4.52323522141e-07	0.000250708821348	0.983309070707	0.517995767856	0.420371411164
0.135596241306	4.05140950788e-07	0.000208718271352	0.983516086927	0.517789076563	0.420467193442
0.135596285836	3.61784139727e-07	0.000182512905177	0.983738774978	0.517566687305	0.420570319754
0.135596326261	3.2247983726e-07	0.000163616229682	0.983966172174	0.517339561177	0.420675726456
0.135596362567	2.87232783069e-07	0.000148105642401	0.984192277844	0.517113698775	0.420780634409
0.135596395039	2.55754682925e-07	0.000134513500763	0.98441476999	0.516891424047	0.420883963161
0.135596424005	2.27714922704e-07	0.000122232471876	0.98463290757	0.516673480276	0.420985363503
0.135596449822	2.02759603648e-07	0.000110986253497	0.984846653734	0.516459906727	0.421084812831
0.135596472833	1.80548216901e-07	0.000100684787148	0.985056270054	0.516250444149	0.421182427611
0.135596493347	1.60773901998e-07	9.1298136606e-05	0.985262029761	0.516044821411	0.421278330263
0.135596511636	1.43167178342e-07	8.27752017243e-05	0.985464099818	0.51584287339	0.42137259414
0.135596527945	1.27488246569e-07	7.50573928751e-05	0.985662576016	0.515644505938	0.421465259683
0.135596542489	1.13524008438e-07	6.8080624799e-05	0.985857496999	0.515449681873	0.421556340839
0.135596555459	1.01086110162e-07	6.17792380056e-05	0.98604886213	0.515258403121	0.4216458333
0.135596567027	9.00074216173e-08	5.60952706668e-05	0.986236648631	0.515070693609	0.421733722459
0.135596577342	8.01405549518e-08	5.09618554848e-05	0.986420804074	0.514886606776	0.421819979846
0.13559658654	7.13534155534e-08	4.63216013526e-05	0.986601295597	0.514706176392	0.421904586159
0.13559659474	6.35278836822e-08	4.21237383841e-05	0.986778102087	0.514529424383	0.421987527633
0.135596602052	5.65587093225e-08	3.8322919626e-05	0.986951211961	0.514356363056	0.422068795022
0.135596608571	5.03525325349e-08	3.48792445085e-05	0.987120623361	0.514186994913	0.422148383706
0.135596614382	4.48260884734e-08	3.17593209167e-05	0.987286342747	0.514021314068	0.42222629305
0.135596619561	3.9905550791e-08	2.89275154861e-05	0.987448372969	0.51385931818	0.422302520801
0.135596624178	3.55245950218e-08	2.63556158853e-05	0.987606744001	0.513700977733	0.422377077559
0.135596628293	3.16239677131e-08	2.40183372602e-05	0.987761492539	0.513546256442	0.422449977201
0.13559663196	2.81511298912e-08	2.18932087569e-05	0.98791266087	0.513395112382	0.42252123636
0.135596635228	2.50592519356e-08	1.99610443013e-05	0.988060296235	0.513247498635	0.422590874129
0.13559663814	2.23067396787e-08	1.82026253059e-05	0.988204443105	0.513103371021	0.422658908419
0.135596640735	1.98563970774e-08	1.66016085777e-05	0.988345157511	0.512962673764	0.422725362718
0.135596643047	1.7675027654e-08	1.51434281751e-05	0.988482499272	0.512825347277	0.422790262439
0.135596645108	1.57331384331e-08	1.381498346e-05	0.988616529817	0.512691330336	0.422853633882
0.135596646943	1.40044644622e-08	1.26047909999e-05	0.988747311866	0.512560560403	0.422915504091
0.135596648579	1.24656569069e-08	1.15017353282e-05	0.98887490549	0.512432977568	0.422975898978
0.135596650036	1.10958779937e-08	1.04960969919e-05	0.98899937546	0.512308517206	0.423034846802
0.135596651334	9.87655034276e-09	9.5791158479e-06	0.989120787286	0.512187113937	0.423092376294
0.135596652491	8.79115999687e-09	8.74286120419e-06	0.989239206197	0.512068702645	0.42314851617
0.135596653521	7.82500140408e-09	7.98030031691e-06	0.989354697044	0.511953218584	0.423203295077
0.135596654439	6.96499992413e-09	7.28468501801e-06	0.989467321735	0.511840599935	0.423256740379
0.135596655256	6.19949420032e-09	6.65007722894e-06	0.989577144387	0.511730782663	0.423308880591
0.135596655984	5.51809651982e-09	6.07107042681e-06	0.989684228249	0.511623703592	0.423359743918
0.135596656633	4.91156987307e-09	5.54276769142e-06	0.989788635593	0.511519300514	0.423409358199
0.135596657211	4.37169059353e-09	5.06075800135e-06	0.989890427434	0.511417512472	0.42345775077
0.135596657725	3.89114348712e-09	4.62088663603e-06	0.989989662502	0.511318280786	0.423504947971
0.135596658184	3.46340789784e-09	4.21944518112e-06	0.990086400032	0.511221546267	0.423550976465
0.135596658592	3.08267842176e-09	3.85305403205e-06	0.990180698104	0.511127250876	0.423595862452
0.135596658956	2.74379032385e-09	3.51866444294e-06	0.990272613622	0.511035337746	0.423639631647
0.13559665928	2.44214794214e-09	3.21347640855e-06	0.990362201598	0.510945751896	0.423682308942
0.135596659568	2.17366098227e-09	2.93489810625e-06	0.990449515659	0.510858439728	0.423723918642
0.135596659825	1.93468416215e-09	2.68059739254e-06	0.990534609191	0.51077334788	0.423764485002
0.135596660054	1.72197354296e-09	2.44844806674e-06	0.990617534376	0.510690424196	0.423804031771
0.135596660257	1.53264242591e-09	2.23654422694e-06	0.990698342213	0.510609617694	0.423842582198
0.135596660439	1.3641235193e-09	2.04309683078e-06	0.990777081411	0.510530879686	0.423880158495
0.1355966606	1.21413023397e-09	1.86648072618e-06	0.990853800223	0.510454161933	0.423916782716
0.135596660744	1.08062475261e-09	1.70522313742e-06	0.990928546258	0.510379416841	0.423952476662
0.135596660872	9.61794867828e-10	1.55798476953e-06	0.991001366001	0.510306597937	0.423987261647
0.135596660986	8.56027517371e-10	1.42357024926e-06	0.991072304751	0.510235659933	0.424021158471
0.135596661088	7.61888805442e-10	1.3008310212e-06	0.99114140534	0.51016656001	0.424054186798
0.135596661179	6.78100135824e-10	1.18874746039e-06	0.991208711075	0.510099254867	0.424086366568
0.135596661259	6.0352292262e-10	1.08638850503e-06	0.991274264265	0.510033702205	0.424117717282
0.135596661331	5.37144621269e-10	9.92918321927e-07	0.991338106231	0.509969860708	0.424148258014
0.135596661395	4.78064548245e-10	9.07564074268e-07	0.991400276565	0.509907690791	0.424178007047
0.135596661452	4.25481129399e-10	8.29605282437e-07	0.991460813778	0.509847153951	0.424206982182
0.135596661502	3.78679521847e-10	7.58396605492e-07	0.991519756402	0.509788211658	0.42423520127
0.135596661547	3.37023898978e-10	6.93349768003e-07	0.991577142068	0.509730826286	0.42426268176
0.135596661588	2.99948437356e-10	6.33946978793e-07	0.991633007538	0.509674961079	0.424289440719
0.135596661623	2.66950479e-10	5.79680358516e-07	0.991687387111	0.50962058174	0.424315494063
0.135596661655	2.37581659017e-10	5.30101527219e-07	0.99174031579	0.509567653268	0.424340858076
0.135596661683	2.11442458255e-10	4.848020209e-07	0.991791827914	0.50951614133	0.424365548751
0.135596661709	1.88177783027e-10	4.43416923591e-07	0.991841957011	0.509466012398	0.424389581718
0.135596661731	1.67471836538e-10	4.05607748959e-07	0.991890735072	0.509417234483	0.424412971896
0.135596661751	1.49043613785e-10	3.71055654896e-07	0.991938193156	0.50936977653	0.42443573378
0.135596661769	1.3264232304e-10	3.39477242624e-07	0.991984362641	0.509323607161	0.424457882043
0.135596661785	1.18044994273e-10	3.10614662071e-07	0.992029274195	0.50927869571	0.424479431036
0.135596661799	1.05053213335e-10	2.84243865451e-07	0.992072957756	0.509235012242	0.424500394782
0.135596661811	9.34908510024e-11	2.60137468631e-07	0.992115440864	0.509192529215	0.424520786175
0.135596661823	8.32005787625e-11	2.38099072845e-07	0.99215675225	0.509151217903	0.424540618695
0.135596661833	7.40423176034e-11	2.17949257172e-07	0.992196920006	0.509111050211	0.424559905537
0.135596661841	6.58915488097e-11	1.99531210567e-07	0.992235971603	0.509071998672	0.424578659612
0.135596661849	5.86376668477e-11	1.82691585432e-07	0.99227393265	0.509034037676	0.424596892956
0.135596661856	5.21820833034e-11	1.67291291087e-07	0.992310828919	0.508997141453	0.424614617697
0.135596661863	4.64367991639e-11	1.53205569061e-07	0.992346686194	0.508961284219	0.424631845982
0.135596661868	4.13236799291e-11	1.4032425839e-07	0.992381529688	0.508926440761	0.424648589701
0.135596661873	3.6773264908e-11	1.28544329292e-07	0.992415383288	0.508892587194	0.424664860118
0.135596661878	3.27237568699e-11	1.17767066549e-07	0.99244827015	0.508859700361	0.424680668159
0.135596661882	2.91199242023e-11	1.0790582496e-07	0.992480213974	0.508827756562	0.424696025023
0.135596661885	2.59127159315e-11	9.88833328242e-08	0.992511237937	0.508796732622	0.42471094167
0.135596661888	2.30585208593e-11	9.06300107581e-08	0.99254136425	0.508766606329	0.424725428607
0.135596661891	2.05185949986e-11	8.30759280896e-08	0.992570613834	0.508737356763	0.424739495729
0.135596661893	1.82582826771e-11	7.61608837542e-08	0.992599008496	0.508708962117	0.424753153368
0.135596661896	1.62467909385e-11	6.98308307045e-08	0.992626569572	0.508681401055	0.42476641164
0.135596661897	1.4456745342e-11	6.4038455583e-08	0.99265331764	0.508654653	0.424779280305
0.135596661899	1.28638525615e-11	5.87343061757e-08	0.992679271709	0.508628698943	0.424791768375
0.135596661901	1.14463654819e-11	5.38765212692e-08	0.992704451877	0.508603518785	0.424803885396
0.135596661902	1.0184957626e-11	4.94275310648e-08	0.992728877802	0.508579092869	0.424815640709
0.135596661903	9.06245348141e-12	4.53546958094e-08	0.992752568438	0.508555402241	0.424827043324
0.135596661904	8.06361659199e-12	4.16232683811e-08	0.992775541205	0.50853242948	0.424838101521
0.135596661905	7.17479803434e-12	3.8204076067e-08	0.992797814618	0.508510156073	0.42484882411
0.135596661906	6.38387267249e-12	3.50711896977e-08	0.992819406787	0.50848856391	0.424859219716
0.135596661907	5.68006958153e-12	3.22016459719e-08	0.992840335047	0.508467635655	0.424869296595
0.135596661908	5.05382934901e-12	2.95712058436e-08	0.992860615518	0.508447355189	0.424879062425
0.135596661908	4.4965838423e-12	2.71595152422e-08	0.992880265265	0.508427705446	0.424888525342
0.135596661909	4.00072893311e-12	2.49488930542e-08	0.992899300971	0.508408669744	0.424897693307
0.135596661909	3.55951448476e-12	2.29227604456e-08	0.99291773834	0.508390232377	0.424906573812
0.13559666191	3.16693977342e-12	2.10643733748e-08	0.99293559243	0.50837237829	0.424915174041
0.13559666191	2.8176255818e-12	1.93595016178e-08	0.992952878959	0.508355091764	0.424923501503
0.135596661911	2.50680520317e-12	1.77962655477e-08	0.992969613285	0.50833835744	0.424931563537
0.135596661911	2.23025144298e-12	1.63623449047e-08	0.992985809494	0.508322161233	0.424939366872
0.135596661911	1.9841915979e-12	1.50463046867e-08	0.993001481782	0.508306488946	0.424946918296
0.135596661911	1.76525528492e-12	1.3838217243e-08	0.993016644613	0.508291326118	0.424954224727
0.135596661912	1.57045205627e-12	1.2730256313e-08	0.993031312117	0.508276658615	0.424961292928
0.135596661912	1.39713710603e-12	1.17129650825e-08	0.993045496768	0.508262473965	0.424968128865
0.135596661912	1.24293552459e-12	1.07786716592e-08	0.993059212074	0.50824875866	0.424974739007
0.135596661912	1.10573674204e-12	9.9207978589e-09	0.99307247132	0.508235499415	0.424981129716
0.135596661912	9.83669652034e-13	9.13331303329e-09	0.993085287031	0.508222683705	0.424987306994
0.135596661912	8.75072556416e-13	8.40972853473e-09	0.993097671019	0.508210299717	0.424993276499
0.135596661912	7.78453263021e-13	7.74470475863e-09	0.99310963577	0.508198334968	0.424999044217
0.135596661913	6.9249054846e-13	7.1340546516e-09	0.993121193463	0.508186777275	0.425004615988
0.135596661913	6.16015534129e-13	6.57280934278e-09	0.993132354968	0.508175615771	0.425009997025
0.135596661913	5.4798004143e-13	6.05671781451e-09	0.993143131717	0.508164839022	0.425015192812
0.135596661913	4.8745096653e-13	5.58227568177e-09	0.993153535141	0.508154435598	0.425020208835
0.135596661913	4.33601908109e-13	5.14627410985e-09	0.993163575986	0.508144394753	0.425025050251
0.135596661913	3.85698938691e-13	4.74513877864e-09	0.993173264352	0.508134706388	0.425029721908
0.135596661913	3.43082826341e-13	4.3759897914e-09	0.993182610947	0.508125359794	0.425034228949
0.135596661913	3.05169871959e-13	4.03671560285e-09	0.993191626204	0.508116344537	0.425038576385
0.135596661913	2.71444906667e-13	3.72442149964e-09	0.993200319219	0.508107651522	0.425042768584
0.135596661913	2.41443680136e-13	3.43686485516e-09	0.993208699939	0.508099270803	0.425046810327
0.135596661913	2.14754507827e-13	3.17230591097e-09	0.993216778113	0.508091192628	0.425050706299
0.135596661913	1.9101357402e-13	2.92877163011e-09	0.993224562572	0.508083408169	0.425054460744
0.135596661913	1.69895386635e-13	2.7043981582e-09	0.993232062227	0.508075908514	0.425058077946
0.135596661913	1.51109360658e-13	2.49776242267e-09	0.993239286179	0.508068684563	0.425061562281
0.135596661913	1.34398676398e-13	2.30752521051e-09	0.993246242912	0.50806172783	0.42506491783
0.135596661913	1.19535023169e-13	2.13215032032e-09	0.993252940445	0.508055030297	0.42506814845
0.135596661913	1.0631336406e-13	1.97048528187e-09	0.993259387255	0.508048583487	0.425071258218
0.135596661913	9.45524944877e-14	1.82162107149e-09	0.99326559142	0.508042379322	0.425074251021
0.135596661913	8.40921815089e-14	1.68430157279e-09	0.993271560188	0.508036410554	0.425077130347
0.135596661913	7.47878072396e-14	1.5576036184e-09	0.99327730144	0.508030669302	0.425079899989
0.135596661913	6.65115877217e-14	1.44090497684e-09	0.993282822796	0.508025147947	0.425082563614
0.135596661913	5.91509844453e-14	1.33318766667e-09	0.993288130844	0.508019839899	0.425085124394
0.135596661913	5.26040468956e-14	1.2337300931e-09	0.993293232892	0.508014737851	0.425087585848
0.135596661913	4.67807610594e-14	1.14207046785e-09	0.993298136026	0.508009834717	0.425089951387
0.135596661913	4.1601927802e-14	1.05741672991e-09	0.993302846342	0.5080051244	0.425092223947
0.135596661913	3.69957847344e-14	9.79201968954e-10	0.993307370563	0.508000600179	0.425094406766
0.135596661913	3.28989331868e-14	9.0707614402e-10	0.993311715239	0.507996255503	0.425096502999
0.135596661913	2.92556287426e-14	8.40421444553e-10	0.99331588601	0.507992084733	0.425098515362
0.135596661913	2.60153405337e-14	7.7879435616e-10	0.993319889062	0.50798808168	0.425100446836
0.135596661913	2.31334347049e-14	7.21937638034e-10	0.993323730436	0.507984240307	0.42510230033
0.135596661913	2.05707013545e-14	6.69353592735e-10	0.993327415295	0.507980555448	0.425104078335
0.135596661913	1.82915308699e-14	6.20708531235e-10	0.993330949362	0.507977021381	0.425105783605
0.135596661913	1.62645402059e-14	5.75800094047e-10	0.993334338148	0.507973632594	0.425107418798
0.135596661913	1.44621073847e-14	5.34233753261e-10	0.993337586422	0.507970384321	0.425108986212
0.135596661913	1.28591714216e-14	4.95767810306e-10	0.993340699453	0.50796727129	0.425110488387
0.135596661913	1.1433684043e-14	4.60223974367e-10	0.993343682214	0.507964288529	0.42511192772
0.135596661913	1.01661490805e-14	4.27300990017e-10	0.993346539156	0.507961431587	0.425113306355
0.135596661913	9.0389486891e-15	3.96828023777e-10	0.993349275102	0.507958695641	0.425114626619
0.135596661913	8.03660809958e-15	3.68638464323e-10	0.993351894498	0.507956076245	0.425115890655
0.135596661913	7.14534714416e-15	3.42507791306e-10	0.99335440152	0.507953569223	0.425117100476
0.135596661913	6.35278910968e-15	3.18321903326e-10	0.993356800571	0.507951170172	0.425118258205
0.135596661913	5.64808464987e-15	2.95919008717e-10	0.993359095583	0.50794887516	0.425119365738
0.135596661913	5.02147988899e-15	2.75136230012e-10	0.993361290488	0.507946680255	0.425120424972
0.135596661913	4.46428720906e-15	2.5590415886e-10	0.993363389292	0.50794458145	0.425121437838
0.135596661913	3.96890589997e-15	2.38062595109e-10	0.993365395441	0.507942575301	0.425122405998
0.135596661913	3.52842344896e-15	2.21508183005e-10	0.993367312646	0.507940658097	0.425123331241
0.135596661913	3.13676505302e-15	2.06177091821e-10	0.993369144455	0.507938826288	0.425124215279
0.135596661913	2.78856185504e-15	1.91937273549e-10	0.993370894024	0.507937076719	0.425125059635
0.135596661913	2.47895656543e-15	1.78731195674e-10	0.993372564772	0.507935405971	0.425125865957
0.135596661913	2.20370165277e-15	1.6647865535e-10	0.993374159766	0.507933810977	0.425126635724
0.135596661913	1.95898226825e-15	1.5508888714e-10	0.993375682012	0.507932288731	0.425127370387
0.135596661913	1.74139592368e-15	1.44533930995e-10	0.993377134595	0.507930836148	0.425128071433
0.135596661913	1.54797173758e-15	1.34720260365e-10	0.993378520134	0.507929450608	0.425128740128
0.135596661913	1.37600212115e-15	1.25602467839e-10	0.993379841496	0.507928129247	0.425129377852
0.135596661913	1.22311832477e-15	1.17138741631e-10	0.993381101329	0.507926869414	0.425129985884
0.135596661913	1.08720914338e-15	1.09260760508e-10	0.9933823021	0.507925668643	0.425130565415
0.135596661913	9.66378010186e-16	1.01949670357e-10	0.993383446403	0.507924524339	0.425131117695
0.135596661913	8.58972529622e-16	9.51460634571e-11	0.993384536472	0.507923434271	0.425131643802
0.135596661913	7.63487667669e-16	8.8816272283e-11	0.993385574673	0.50792239607	0.425132144878
0.135596661913	6.78605967706e-16	8.2934796898e-11	0.993386563232	0.507921407511	0.425132621997
0.135596661913	6.03154778973e-16	7.74529910181e-11	0.993387504199	0.507920466544	0.425133076147
0.135596661913	5.360791314e-16	7.23609163025e-11	0.993388399738	0.507919571005	0.425133508374
0.135596661913	4.76461120789e-16	6.76154807343e-11	0.993389251696	0.507918719046	0.425133919569
0.135596661913	4.23463659154e-16	6.31969670307e-11	0.993390062052	0.507917908691	0.425134310686
0.135596661913	3.76356235436e-16	5.90849950244e-11	0.993390832625	0.507917138118	0.425134682603
0.135596661913	3.34484733446e-16	5.52474466709e-11	0.99339156514	0.507916405603	0.425135036152
0.135596661913	2.97263894994e-16	5.16810403372e-11	0.993392261379	0.507915709364	0.425135372194
0.135596661913	2.64184131811e-16	4.8350713515e-11	0.993392922842	0.5079150479	0.425135691452
0.135596661913	2.34779757139e-16	4.52493352467e-11	0.993393551188	0.507914419555	0.425135994727
0.135596661913	2.08647038506e-16	4.2356738087e-11	0.993394147871	0.507913822872	0.42513628272
0.135596661913	1.85419076718e-16	3.96570599156e-11	0.993394714351	0.507913256391	0.425136556136
0.135596661913	1.64774213446e-16	3.71421351093e-11	0.993395252038	0.507912718705	0.425136815655
0.135596661913	1.46426459246e-16	3.47902793453e-11	0.993395762211	0.507912208531	0.425137061896
0.135596661913	1.30118204508e-16	3.26014505179e-11	0.993396246225	0.507911724518	0.42513729551
0.135596661913	1.15626020098e-16	3.05537059406e-11	0.993396705208	0.507911265535	0.425137517044
0.135596661913	1.02745339226e-16	2.86440887434e-11	0.993397140406	0.507910830336	0.425137727098
0.135596661913	9.12991679066e-17	2.68594454507e-11	0.993397552906	0.507910417837	0.425137926197
0.135596661913	8.11262412916e-17	2.51919255564e-11	0.993397943806	0.507910026937	0.42513811487
0.135596661913	7.20859515822e-17	2.36350300066e-11	0.993398314142	0.507909656601	0.425138293619
0.135596661913	6.40520577173e-17	2.21776102099e-11	0.993398664886	0.507909305857	0.425138462912
0.135596661913	5.69123282931e-17	2.08180917687e-11	0.993398997021	0.507908973722	0.425138623222
0.135596661913	5.0568086132e-17	1.95434587402e-11	0.993399311406	0.507908659337	0.425138774966
0.135596661913	4.49298122715e-17	1.83548829297e-11	0.993399608964	0.507908361779	0.425138918587
0.135596661913	3.99201228013e-17	1.72401787266e-11	0.993399890465	0.507908080278	0.425139054459
0.135596661913	3.54680805922e-17	1.61990333843e-11	0.99340015675	0.507907813993	0.425139182987
0.135596661913	3.15124412131e-17	1.52232477758e-11	0.993400408544	0.507907562199	0.42513930452
0.135596661913	2.79972600054e-17	1.43104354192e-11	0.993400646595	0.507907324147	0.425139419421
0.135596661913	2.48740770253e-17	1.3455430916e-11	0.993400871583	0.507907099159	0.425139528016
0.135596661913	2.20987682487e-17	1.26544177841e-11	0.993401084175	0.507906886568	0.425139630628
0.135596661913	1.96329171189e-17	1.19044912724e-11	0.993401285002	0.50790668574	0.425139727562
0.135596661913	1.74418873567e-17	1.12009625177e-11	0.99340147466	0.507906496083	0.425139819104
0.135596661913	1.54951383964e-17	1.05425619079e-11	0.993401653735	0.507906317007	0.425139905539
0.135596661913	1.37654874108e-17	9.9241100299e-12	0.993401822759	0.507906147984	0.425139987122
0.135596661913	1.22286643469e-17	9.34550170413e-12	0.993401982272	0.507905988471	0.425140064115
0.135596661913	1.08633207931e-17	8.8013566015e-12	0.99340213275	0.507905837993	0.425140136747
0.135596661913	9.65018691644e-18	8.29237653899e-12	0.993402274692	0.507905696051	0.425140205258
0.135596661913	8.5724841712e-18	7.81319230647e-12	0.993402408522	0.507905562221	0.425140269855
0.135596661913	7.61492724077e-18	7.36502390077e-12	0.993402534698	0.507905436045	0.425140330756
0.135596661913	6.76431771725e-18	6.94272531675e-12	0.9934026536	0.507905317143	0.425140388147
0.135596661913	6.00854878601e-18	6.54766958743e-12	0.993402765644	0.507905205099	0.425140442228
0.135596661913	5.33721833947e-18	6.17524065471e-12	0.993402871175	0.507905099568	0.425140493166
0.135596661913	4.74075836322e-18	5.82659934939e-12	0.993402970569	0.507905000174	0.425140541141
0.135596661913	4.21095278348e-18	5.49782352224e-12	0.993403064138	0.507904906605	0.425140586304
0.135596661913	3.74024812266e-18	5.18988301589e-12	0.99340315222	0.507904818523	0.425140628819
0.135596661913	3.32215693999e-18	4.89935953132e-12	0.993403235098	0.507904735645	0.425140668822
0.135596661913	2.95071548634e-18	4.62713567408e-12	0.993403313077	0.507904657666	0.425140706461
0.135596661913	2.62080239113e-18	4.37015881786e-12	0.993403386412	0.507904584331	0.425140741858
0.135596661913	2.32770846711e-18	4.12930296528e-12	0.993403455378	0.507904515365	0.425140775146
0.135596661913	2.06739175023e-18	3.90177173932e-12	0.993403520204	0.507904450539	0.425140806436
0.135596661913	1.836133115e-18	3.68849052291e-12	0.993403581138	0.507904389605	0.425140835848
0.135596661913	1.63074309065e-18	3.48686782303e-12	0.993403638385	0.507904332358	0.425140863479
0.135596661913	1.44828635323e-18	3.29781114843e-12	0.993403692168	0.507904278575	0.425140889439
0.135596661913	1.28624250299e-18	3.11903674197e-12	0.993403742672	0.507904228071	0.425140913817
0.135596661913	1.14230003384e-18	2.95124812646e-12	0.993403790096	0.507904180646	0.425140936707
0.135596661913	1.01446159593e-18	2.79260036677e-12	0.993403834608	0.507904136135	0.425140958192
0.135596661913	9.00910705675e-19	2.64353969412e-12	0.993403876384	0.507904094359	0.425140978356
0.135596661913	8.00062895492e-19	2.50263724556e-12	0.993403915575	0.507904055168	0.425140997273
0.135596661913	7.10492428957e-19	2.37008159296e-12	0.993403952339	0.507904018403	0.425141015018
0.135596661913	6.30941035505e-19	2.24483640352e-12	0.993403986814	0.507903983929	0.425141031658
0.135596661913	5.60291041891e-19	2.12684089414e-12	0.993404019136	0.507903951607	0.425141047259
0.135596661913	4.97542173223e-19	2.01542342812e-12	0.993404049431	0.507903921312	0.425141061882
0.135596661913	4.41818657472e-19	1.91028262192e-12	0.993404077821	0.507903892922	0.425141075585
0.135596661913	3.92326045993e-19	1.81108684895e-12	0.993404104419	0.507903866324	0.425141088424
0.135596661913	3.48376511232e-19	1.71730302741e-12	0.993404129331	0.507903841412	0.425141100448
0.135596661913	3.09341939998e-19	1.6289180164e-12	0.99340415266	0.507903818083	0.425141111708
0.135596661913	2.74680715559e-19	1.54518042202e-12	0.993404174499	0.507903796244	0.42514112225
0.135596661913	2.43896140955e-19	1.46636663742e-12	0.993404194942	0.507903775801	0.425141132117
0.135596661913	2.16561717588e-19	1.3915728444e-12	0.99340421407	0.507903756673	0.42514114135
0.135596661913	1.92285621751e-19	1.32119246301e-12	0.993404231966	0.507903738777	0.425141149988
0.135596661913	1.70730208051e-19	1.25441378282e-12	0.993404248703	0.50790372204	0.425141158067
0.135596661913	1.51588819447e-19	1.19142570788e-12	0.993404264355	0.507903706388	0.425141165621
0.135596661913	1.34591460679e-19	1.13175751315e-12	0.993404278987	0.507903691756	0.425141172684
0.135596661913	1.1949940578e-19	1.075328206e-12	0.993404292663	0.50790367808	0.425141179285
0.135596661913	1.06096933896e-19	1.02197320602e-12	0.993404305443	0.5079036653	0.425141185454
0.135596661913	9.41974173163e-20	9.71365344806e-13	0.993404317382	0.507903653361	0.425141191216
0.135596661913	8.36301405996e-20	9.23619779232e-13	0.993404328534	0.507903642209	0.425141196599
0.135596661913	7.42483245764e-20	8.78221053562e-13	0.993404338947	0.507903631796	0.425141201625
0.135596661913	6.59172296719e-20	8.35431323309e-13	0.993404348669	0.507903622074	0.425141206318
0.135596661913	5.85206982633e-20	7.94756047896e-13	0.993404357743	0.507903613	0.425141210698
0.135596661913	5.19535669612e-20	7.56291695441e-13	0.993404366211	0.507903604532	0.425141214785
0.135596661913	4.61224779178e-20	7.19821888852e-13	0.993404374111	0.507903596632	0.425141218598
0.135596661913	4.09457289018e-20	6.85208513424e-13	0.993404381479	0.507903589264	0.425141222155
0.135596661913	3.63490078061e-20	6.52486183216e-13	0.993404388351	0.507903582392	0.425141225472
0.135596661913	3.22683318564e-20	6.21326517291e-13	0.993404394758	0.507903575985	0.425141228564
0.135596661913	2.86449890527e-20	5.91925775904e-13	0.99340440073	0.507903570013	0.425141231447
0.135596661913	2.54284164307e-20	5.6393429869e-13	0.993404406295	0.507903564447	0.425141234133
0.135596661913	2.2572860698e-20	5.37415370625e-13	0.993404411481	0.507903559262	0.425141236636
0.135596661913	2.00375180992e-20	5.12252929428e-13	0.993404416311	0.507903554432	0.425141238967
0.135596661913	1.77869117814e-20	4.88306608963e-13	0.99340442081	0.507903549933	0.425141241139
0.135596661913	1.57886335872e-20	4.6567196042e-13	0.993404424999	0.507903545744	0.42514124316
0.135596661913	1.40148528083e-20	4.44086503712e-13	0.993404428898	0.507903541845	0.425141245042
0.135596661913	1.24401401756e-20	4.23654263819e-13	0.993404432527	0.507903538216	0.425141246794
0.135596661913	1.10422084645e-20	4.04214679801e-13	0.993404435904	0.507903534839	0.425141248424
0.135596661913	9.80133769559e-21	3.85720771574e-13	0.993404439045	0.507903531698	0.425141249941
0.135596661913	8.69966812589e-21	3.68202412376e-13	0.993404441967	0.507903528775	0.425141251351
0.135596661913	7.72182612685e-21	3.51479688074e-13	0.993404444685	0.507903526058	0.425141252662
0.135596661913	6.85375327763e-21	3.35649082182e-13	0.993404447211	0.507903523532	0.425141253882
0.135596661913	6.08320515492e-21	3.20562082389e-13	0.993404449559	0.507903521184	0.425141255015
0.135596661913	5.39927085785e-21	3.06198788659e-13	0.993404451742	0.507903519001	0.425141256069
0.135596661913	4.7920990035e-21	2.92578960228e-13	0.993404453769	0.507903516973	0.425141257048
0.135596661913	4.25320630562e-21	2.7956494649e-13	0.993404455653	0.50790351509	0.425141257957
0.135596661913	3.77484387713e-21	2.67230957971e-13	0.993404457403	0.50790351334	0.425141258801
0.135596661913	3.35024316436e-21	2.55469660578e-13	0.993404459027	0.507903511716	0.425141259585
0.135596661913	2.97339575544e-21	2.44251578858e-13	0.993404460535	0.507903510208	0.425141260313
0.135596661913	2.6388622932e-21	2.33616079323e-13	0.993404461935	0.507903508808	0.425141260989
0.135596661913	2.3419668201e-21	2.2344368365e-13	0.993404463234	0.507903507509	0.425141261616
0.135596661913	2.07845138932e-21	2.13780209547e-13	0.993404464439	0.507903506303	0.425141262198
0.135596661913	1.84455055444e-21	2.0457168084e-13	0.993404465558	0.507903505185	0.425141262737
0.135596661913	1.63697184199e-21	1.95760738634e-13	0.993404466594	0.507903504148	0.425141263238
0.135596661913	1.45270888133e-21	1.87420053697e-13	0.993404467556	0.507903503187	0.425141263702
0.135596661913	1.28918716848e-21	1.79434736365e-13	0.993404468448	0.507903502295	0.425141264132
0.135596661913	1.14406767539e-21	1.71820789367e-13	0.993404469274	0.507903501469	0.425141264531
0.135596661913	1.01525654594e-21	1.64580524164e-13	0.993404470039	0.507903500703	0.425141264901
0.135596661913	9.00948323452e-22	1.5764535266e-13	0.993404470749	0.507903499994	0.425141265243
0.135596661913	7.99498413511e-22	1.51053725146e-13	0.993404471406	0.507903499337	0.42514126556
0.135596661913	7.09460799728e-22	1.44759200491e-13	0.993404472015	0.507903498728	0.425141265854
0.135596661913	6.29563008304e-22	1.38726973508e-13	0.993404472578	0.507903498164	0.425141266126
0.135596661913	5.58646443001e-22	1.33010063966e-13	0.9934044731	0.507903497643	0.425141266378
0.135596661913	4.95717859597e-22	1.27529588614e-13	0.993404473583	0.50790349716	0.425141266611
0.135596661913	4.39876715315e-22	1.22290031435e-13	0.99340447403	0.507903496713	0.425141266827
0.135596661913	3.90315002985e-22	1.17308364225e-13	0.993404474444	0.507903496299	0.425141267027
0.135596661913	3.46337499235e-22	1.12529632674e-13	0.993404474827	0.507903495916	0.425141267211
0.135596661913	3.0731349623e-22	1.0797121944e-13	0.993404475181	0.507903495562	0.425141267382
0.135596661913	2.72679611055e-22	1.0362322075e-13	0.993404475508	0.507903495235	0.42514126754
0.135596661913	2.41948925761e-22	9.94503158734e-14	0.99340447581	0.507903494932	0.425141267686
0.135596661913	2.14678544027e-22	9.54772031539e-14	0.99340447609	0.507903494653	0.425141267821
0.135596661913	1.90478717448e-22	9.16768130013e-14	0.993404476349	0.507903494394	0.425141267946
0.135596661913	1.69006837477e-22	8.80276941973e-14	0.993404476588	0.507903494155	0.425141268061
0.135596661913	1.49952020987e-22	8.45585755207e-14	0.993404476809	0.507903493934	0.425141268168
0.135596661913	1.33044505589e-22	8.12321363501e-14	0.993404477012	0.50790349373	0.425141268266
0.135596661913	1.18043360476e-22	7.80365555516e-14	0.993404477201	0.507903493542	0.425141268357
0.135596661913	1.04730580462e-22	7.50021425839e-14	0.993404477375	0.507903493368	0.425141268441
0.135596661913	9.29190919121e-23	7.20864928301e-14	0.993404477535	0.507903493208	0.425141268519
0.135596661913	8.24396375388e-23	6.92866910559e-14	0.993404477684	0.507903493059	0.42514126859
0.135596661913	7.31399015072e-23	6.66253666799e-14	0.99340447782	0.507903492922	0.425141268656
0.135596661913	6.48892371699e-23	6.40662646402e-14	0.993404477947	0.507903492796	0.425141268717
0.135596661913	5.75692231942e-23	6.1609498043e-14	0.993404478063	0.50790349268	0.425141268774
0.135596661913	5.10734923923e-23	5.9271564236e-14	0.993404478171	0.507903492572	0.425141268825
0.135596661913	4.53106969385e-23	5.70223494521e-14	0.99340447827	0.507903492473	0.425141268873
0.135596661913	4.01980722447e-23	5.48627196525e-14	0.993404478361	0.507903492382	0.425141268917
0.135596661913	3.56613119797e-23	5.28061738691e-14	0.993404478445	0.507903492298	0.425141268958
0.135596661913	3.16365711364e-23	5.08267183317e-14	0.993404478523	0.50790349222	0.425141268996
0.135596661913	2.80660216741e-23	4.89249088888e-14	0.993404478595	0.507903492148	0.42514126903
0.135596661913	2.48977374067e-23	4.71135149906e-14	0.993404478661	0.507903492082	0.425141269062
0.135596661913	2.20871107124e-23	4.53691860687e-14	0.993404478721	0.507903492022	0.425141269091
0.135596661913	1.95937481673e-23	4.3691413295e-14	0.993404478777	0.507903491966	0.425141269118
0.135596661913	1.73813507656e-23	4.20938842408e-14	0.993404478829	0.507903491914	0.425141269143
0.135596661913	1.54187627532e-23	4.05547671006e-14	0.993404478876	0.507903491866	0.425141269166
0.135596661913	1.36777768992e-23	3.90719749686e-14	0.99340447892	0.507903491823	0.425141269187
0.135596661913	1.2133009072e-23	3.76612917146e-14	0.99340447896	0.507903491783	0.425141269207
0.135596661913	1.07627072898e-23	3.6301540804e-14	0.993404478997	0.507903491745	0.425141269225
0.135596661913	9.54716736128e-24	3.49908833379e-14	0.993404479032	0.507903491711	0.425141269241
0.135596661913	8.46871257222e-24	3.37415442727e-14	0.993404479063	0.50790349168	0.425141269256
0.135596661913	7.51203221186e-24	3.25387688161e-14	0.993404479092	0.507903491651	0.42514126927
0.135596661913	6.66342463164e-24	3.13788683621e-14	0.993404479118	0.507903491625	0.425141269283
0.135596661913	5.91059459967e-24	3.02704006354e-14	0.993404479143	0.5079034916	0.425141269295
0.135596661913	5.24273978394e-24	2.92051856053e-14	0.993404479165	0.507903491578	0.425141269306
0.135596661913	4.65034777443e-24	2.81774554791e-14	0.993404479186	0.507903491557	0.425141269315
0.135596661913	4.12487169988e-24	2.71922079467e-14	0.993404479205	0.507903491538	0.425141269325
0.135596661913	3.65868223465e-24	2.62477039958e-14	0.993404479222	0.507903491521	0.425141269333
0.135596661913	3.24518110333e-24	2.53360067856e-14	0.993404479238	0.507903491505	0.425141269341
0.135596661913	2.87840691033e-24	2.44586481891e-14	0.993404479253	0.50790349149	0.425141269348
0.135596661913	2.55301634332e-24	2.36202030948e-14	0.993404479267	0.507903491476	0.425141269354
0.135596661913	2.26440967253e-24	2.28104999886e-14	0.993404479279	0.507903491464	0.42514126936
0.135596661913	2.00842864891e-24	2.20285535921e-14	0.99340447929	0.507903491452	0.425141269366
0.135596661913	1.78133891966e-24	2.12826875574e-14	0.993404479301	0.507903491442	0.425141269371
0.135596661913	1.57992024436e-24	2.05627541641e-14	0.99340447931	0.507903491432	0.425141269376
0.135596661913	1.40127628212e-24	1.98671740903e-14	0.993404479319	0.507903491424	0.42514126938
0.135596661913	1.24282108725e-24	1.92003993013e-14	0.993404479327	0.507903491415	0.425141269384
0.135596661913	1.10226106649e-24	1.85595713901e-14	0.993404479335	0.507903491408	0.425141269387
0.135596661913	9.77598039777e-25	1.79401315972e-14	0.993404479342	0.507903491401	0.425141269391
0.135596661913	8.67032451139e-25	1.73429299205e-14	0.993404479348	0.507903491395	0.425141269394
0.135596661913	7.68950702027e-25	1.67719008436e-14	0.993404479354	0.507903491389	0.425141269397
0.135596661913	6.8196430407e-25	1.62196733307e-14	0.993404479359	0.507903491384	0.425141269399
0.135596661913	6.04818112267e-25	1.5685628326e-14	0.993404479364	0.507903491379	0.425141269401
0.135596661913	5.36389869295e-25	1.51744825563e-14	0.993404479368	0.507903491375	0.425141269404
0.135596661913	4.75697699153e-25	1.46816561585e-14	0.993404479372	0.507903491371	0.425141269406
0.135596661913	4.21872809189e-25	1.42048354372e-14	0.993404479376	0.507903491367	0.425141269407
0.135596661913	3.74137194235e-25	1.3745205415e-14	0.993404479379	0.507903491363	0.425141269409
0.135596661913	3.31794175781e-25	1.33049392762e-14	0.993404479383	0.50790349136	0.42514126941
0.135596661913	2.94243333137e-25	1.28787750927e-14	0.993404479385	0.507903491357	0.425141269412
0.135596661913	2.60942311274e-25	1.24662611716e-14	0.993404479388	0.507903491355	0.425141269413
0.135596661913	2.3140650954e-25	1.20710239451e-14	0.993404479391	0.507903491352	0.425141269414
0.135596661913	2.05211116633e-25	1.16897563294e-14	0.993404479393	0.50790349135	0.425141269415
0.135596661913	1.8198106213e-25	1.13205311879e-14	0.993404479395	0.507903491348	0.425141269416
0.135596661913	1.61380443934e-25	1.0963688551e-14	0.993404479397	0.507903491346	0.425141269417
0.135596661913	1.43107932022e-25	1.06222593187e-14	0.993404479398	0.507903491345	0.425141269418
0.135596661913	1.26904349179e-25	1.02914628147e-14	0.9934044794	0.507903491343	0.425141269419
0.135596661913	1.12535438204e-25	9.97096791632e-15	0.993404479401	0.507903491342	0.425141269419
0.135596661913	9.97929789932e-26	9.66269183844e-15	0.993404479403	0.50790349134	0.42514126942
0.135596661913	8.84912506524e-26	9.36604537334e-15	0.993404479404	0.507903491339	0.425141269421
0.135596661913	7.84694626919e-26	9.07850601076e-15	0.993404479405	0.507903491338	0.425141269421
0.135596661913	6.95826596389e-26	8.79979416094e-15	0.993404479406	0.507903491337	0.425141269422
0.135596661913	6.17011053173e-26	8.53278448269e-15	0.993404479407	0.507903491336	0.425141269422
0.135596661913	5.47117854561e-26	8.27458002296e-15	0.993404479408	0.507903491335	0.425141269423
0.135596661913	4.85141952061e-26	8.02418890285e-15	0.993404479408	0.507903491335	0.425141269423
0.135596661913	4.30186233189e-26	7.78160095869e-15	0.993404479409	0.507903491334	0.425141269423
0.135596661913	3.81445157589e-26	7.54953609753e-15	0.99340447941	0.507903491333	0.425141269424
0.135596661913	3.38226556367e-26	7.32439193303e-15	0.99340447941	0.507903491333	0.425141269424
0.135596661913	2.99904720655e-26	7.10596207444e-15	0.993404479411	0.507903491332	0.425141269424
0.135596661913	2.65924170706e-26	6.8948635972e-15	0.993404479411	0.507903491332	0.425141269424
0.135596661913	2.35787686985e-26	6.69225047427e-15	0.993404479412	0.507903491331	0.425141269425
0.135596661913	2.09066491347e-26	6.49559136e-15	0.993404479412	0.507903491331	0.425141269425
0.135596661913	1.85373538216e-26	6.30471128933e-15	0.993404479412	0.50790349133	0.425141269425
0.135596661913	1.64365016993e-26	6.12054833553e-15	0.993404479413	0.50790349133	0.425141269425
0.135596661913	1.45733863459e-26	5.94334434942e-15	0.993404479413	0.50790349133	0.425141269425
0.135596661913	1.29214594123e-26	5.77127082728e-15	0.993404479413	0.507903491329	0.425141269425
0.135596661913	1.14567822042e-26	5.60417923034e-15	0.993404479414	0.507903491329	0.425141269425
0.135596661913	1.01580830505e-26	5.44310517074e-15	0.993404479414	0.507903491329	0.425141269426
0.135596661913	9.00638850594e-27	5.28786734605e-15	0.993404479414	0.507903491329	0.425141269426
0.135596661913	7.98526981088e-27	5.13705691738e-15	0.993404479414	0.507903491329	0.425141269426
0.135596661913	7.07992264719e-27	4.99054761502e-15	0.993404479414	0.507903491328	0.425141269426
0.135596661913	6.27719135121e-27	4.84930747612e-15	0.993404479415	0.507903491328	0.425141269426
0.135596661913	5.56534611332e-27	4.71309024017e-15	0.993404479415	0.507903491328	0.425141269426
0.135596661913	4.93422545659e-27	4.58069935169e-15	0.993404479415	0.507903491328	0.425141269426
0.135596661913	4.37467506256e-27	4.45202732842e-15	0.993404479415	0.507903491328	0.425141269426
