0.0	0.0306248942283	0.34826256081	0.0	0.0	0.0
1.45879880341e-18	0.0306248942278	0.348262560808	1.34730427148e-12	1.45883305436e-12	1e-06
1.63307370943e-18	0.0306248942278	0.348262560808	1.41933180662e-12	1.57285295898e-12	1.03833333333e-06
1.82816830821e-18	0.0306248942277	0.348262560807	1.49698729325e-12	1.69575464781e-12	1.07813611111e-06
2.0465698173e-18	0.0306248942277	0.348262560807	1.58071047761e-12	1.82820425465e-12	1.11946466204e-06
2.29106258885e-18	0.0306248942277	0.348262560807	1.670975466e-12	1.97108995792e-12	1.16237747408e-06
2.56476360673e-18	0.0306248942276	0.348262560807	1.76829340956e-12	2.12507789143e-12	1.20693527725e-06
2.87116222421e-18	0.0306248942276	0.348262560807	1.87321539877e-12	2.29105623361e-12	1.25320112955e-06
3.21416464897e-18	0.0306248942276	0.348262560807	1.98633558418e-12	2.47013520748e-12	1.30124050618e-06
3.59814374249e-18	0.0306248942275	0.348262560807	2.10829454097e-12	2.66309196916e-12	1.35112139225e-06
4.02799476864e-18	0.0306248942275	0.348262560806	2.23978289636e-12	2.87114776397e-12	1.40291437895e-06
4.50919780236e-18	0.0306248942274	0.348262560806	2.3815452405e-12	3.09552383725e-12	1.45669276348e-06
5.04788759386e-18	0.0306248942273	0.348262560806	2.5343843429e-12	3.33744143431e-12	1.51253265274e-06
5.65093177926e-18	0.0306248942273	0.348262560806	2.6991656984e-12	3.59812180049e-12	1.5705130711e-06
6.32601843445e-18	0.0306248942272	0.348262560805	2.8768224282e-12	3.87934129263e-12	1.63071607216e-06
7.08175408874e-18	0.0306248942271	0.348262560805	3.06836056397e-12	4.18243217835e-12	1.69322685492e-06
7.92777344756e-18	0.0306248942271	0.348262560805	3.2748647448e-12	4.50917081449e-12	1.75813388436e-06
8.87486222316e-18	0.030624894227	0.348262560804	3.49750435925e-12	4.86155560251e-12	1.82552901659e-06
9.93509463924e-18	0.0306248942269	0.348262560804	3.73754016736e-12	5.24136289923e-12	1.89550762889e-06
1.11219873626e-17	0.0306248942268	0.348262560804	3.99633144003e-12	5.65092417301e-12	1.96816875466e-06
1.2450671824e-17	0.0306248942267	0.348262560803	4.27534365634e-12	6.0924598699e-12	2.04361522359e-06
1.39380871255e-17	0.0306248942266	0.348262560803	4.57615680219e-12	6.56852350285e-12	2.12195380716e-06
1.56031959934e-17	0.0306248942265	0.348262560802	4.90047431742e-12	7.08177960713e-12	2.20329536977e-06
1.74672265294e-17	0.0306248942263	0.348262560802	5.25013274205e-12	7.63511476259e-12	2.2877550256e-06
1.95539428433e-17	0.0306248942262	0.348262560801	5.6271121162e-12	8.23174861602e-12	2.37545230158e-06
2.18899480165e-17	0.030624894226	0.348262560801	6.03354719261e-12	8.87490081417e-12	2.46651130647e-06
2.45050232582e-17	0.0306248942259	0.3482625608	6.47173952531e-12	9.56834611534e-12	2.56106090655e-06
2.74325075797e-17	0.0306248942257	0.348262560799	6.9441705028e-12	1.03159703001e-11	2.65923490797e-06
3.07097228264e-17	0.0306248942255	0.348262560798	7.45351539964e-12	1.1121992216e-11	2.7611722461e-06
3.43784494849e-17	0.0306248942253	0.348262560798	8.00265852593e-12	1.19910747996e-11	2.8670171822e-06
3.84854593337e-17	0.0306248942251	0.348262560797	8.59470956055e-12	1.29279920101e-11	2.97691950751e-06
4.3083111726e-17	0.0306248942248	0.348262560796	9.23302116058e-12	1.39380729179e-11	3.09103475529e-06
4.82300211075e-17	0.0306248942245	0.348262560795	9.92120794671e-12	1.5027201705e-11	3.2095244209e-06
5.39918042786e-17	0.0306248942243	0.348262560793	1.0663166972e-11	1.62013735758e-11	3.33255619036e-06
6.0441916929e-17	0.030624894224	0.348262560792	1.14630997902e-11	1.74672498684e-11	3.46030417765e-06
6.76625901071e-17	0.0306248942236	0.348262560791	1.23255362479e-11	1.88320470325e-11	3.59294917112e-06
7.57458785659e-17	0.0306248942233	0.34826256079	1.32553601364e-11	2.03035366293e-11	3.73067888933e-06
8.47948343485e-17	0.0306248942229	0.348262560788	1.42578368477e-11	2.18899343091e-11	3.87368824675e-06
9.49248205752e-17	0.0306248942225	0.348262560786	1.53386431906e-11	2.36003439008e-11	4.02217962953e-06
1.06264982183e-16	0.0306248942221	0.348262560785	1.65038995379e-11	2.54444243446e-11	4.17636318198e-06
1.18959892364e-16	0.0306248942216	0.348262560783	1.77602044847e-11	2.74325007147e-11	4.33645710393e-06
1.33171395699e-16	0.0306248942211	0.348262560781	1.91146722144e-11	2.95760083082e-11	4.50268795957e-06
1.49080671476e-16	0.0306248942205	0.348262560778	2.05749727851e-11	3.18869375338e-11	4.675290998e-06
1.66890543507e-16	0.0306248942199	0.348262560776	2.21493755634e-11	3.43785000455e-11	4.85451048623e-06
1.86828065881e-16	0.0306248942193	0.348262560773	2.38467960521e-11	3.70646846534e-11	5.04060005484e-06
2.09147417626e-16	0.0306248942186	0.348262560771	2.56768463766e-11	3.99608124352e-11	5.23382305691e-06
2.34133143183e-16	0.0306248942178	0.348262560768	2.76498897166e-11	4.30830926471e-11	5.43445294073e-06
2.62103779999e-16	0.030624894217	0.348262560764	2.97770989901e-11	4.64495109021e-11	5.64277363675e-06
2.93415919487e-16	0.0306248942162	0.348262560761	3.20705201238e-11	5.00788299693e-11	5.85907995946e-06
3.28468753135e-16	0.0306248942152	0.348262560757	3.45431402658e-11	5.39918110191e-11	6.08367802452e-06
3.67709161706e-16	0.0306248942142	0.348262560753	3.720896133e-11	5.82105474899e-11	6.31688568208e-06
4.11637412423e-16	0.0306248942131	0.348262560749	4.00830792849e-11	6.27589091767e-11	6.5590329665e-06
4.60813536764e-16	0.0306248942119	0.348262560744	4.31817696396e-11	6.76626532535e-11	6.81046256348e-06
5.15864470175e-16	0.0306248942107	0.348262560739	4.65225796079e-11	7.2949535296e-11	7.07153029501e-06
5.77492044736e-16	0.0306248942093	0.348262560733	5.0124427475e-11	7.86495313259e-11	7.3426056229e-06
6.4648193666e-16	0.0306248942078	0.348262560727	5.4007709727e-11	8.47948378108e-11	7.62407217169e-06
7.23713682701e-16	0.0306248942063	0.348262560721	5.81944165523e-11	9.1420426776e-11	7.9163282715e-06
8.10171893173e-16	0.0306248942045	0.348262560714	6.2708256367e-11	9.85636017151e-11	8.2197875218e-06
9.0695880453e-16	0.0306248942027	0.348262560707	6.75747900707e-11	1.06264996791e-10	8.53487937667e-06
1.01530833153e-15	0.0306248942007	0.348262560699	7.28215757923e-11	1.14568132745e-10	8.86204975264e-06
1.13660179815e-15	0.0306248941986	0.34826256069	7.84783249455e-11	1.23520083035e-10	9.20176165966e-06
1.27238554774e-15	0.0306248941963	0.348262560681	8.45770704786e-11	1.33171473831e-10	9.55449585644e-06
1.42439065707e-15	0.0306248941938	0.348262560671	9.11523482697e-11	1.43576928104e-10	9.92075153073e-06
1.59455500539e-15	0.0306248941911	0.34826256066	9.82413926963e-11	1.5479550972e-10	1.03010470059e-05
1.78504798005e-15	0.0306248941882	0.348262560648	1.05884347485e-10	1.66890612413e-10	1.06959204742e-05
1.99829813351e-15	0.0306248941851	0.348262560636	1.14124493037e-10	1.79930736944e-10	1.11059307587e-05
2.23702414445e-15	0.0306248941817	0.348262560622	1.23008491517e-10	1.93989824167e-10	1.15316581042e-05
2.50426947755e-15	0.0306248941781	0.348262560608	1.32586651088e-10	2.09147477071e-10	1.19737049978e-05
2.80344118399e-15	0.0306248941742	0.348262560592	1.42913210798e-10	2.25489404875e-10	1.24326970223e-05
3.13835333716e-15	0.0306248941699	0.348262560575	1.54046647724e-10	2.43108311201e-10	1.29092837411e-05
3.51327565744e-15	0.0306248941654	0.348262560557	1.66050008112e-10	2.62103783053e-10	1.34041396173e-05
3.93298794589e-15	0.0306248941605	0.348262560537	1.78991264398e-10	2.82583623088e-10	1.39179649688e-05
4.40284102092e-15	0.0306248941552	0.348262560516	1.92943700122e-10	3.04663516544e-10	1.44514869586e-05
4.92882493461e-15	0.0306248941495	0.348262560493	2.0798632491e-10	3.28468807601e-10	1.50054606247e-05
5.5176453386e-15	0.0306248941434	0.348262560468	2.24204321897e-10	3.54134055288e-10	1.55806699478e-05
6.17680897294e-15	0.0306248941367	0.348262560441	2.41689530094e-10	3.81804698822e-10	1.61779289616e-05
6.91471936782e-15	0.0306248941296	0.348262560413	2.60540964457e-10	4.11637390671e-10	1.67980829042e-05
7.74078397831e-15	0.0306248941219	0.348262560382	2.80865376584e-10	4.43801217801e-10	1.74420094144e-05
8.66553411794e-15	0.0306248941136	0.348262560348	3.02777859229e-10	4.78478034742e-10	1.81106197741e-05
9.70075921999e-15	0.0306248941046	0.348262560312	3.26402498046e-10	5.15864461992e-10	1.88048601974e-05
1.08596571384e-14	0.030624894095	0.348262560273	3.51873074258e-10	5.56172108059e-10	1.95257131701e-05
1.21570024044e-14	0.0306248940846	0.348262560231	3.79333822232e-10	5.99629234794e-10	2.02741988399e-05
1.36093345832e-14	0.0306248940734	0.348262560186	4.0894024625e-10	6.46481978643e-10	2.10513764602e-05
1.5235169134e-14	0.0306248940613	0.348262560138	4.40860001091e-10	6.96995571883e-10	2.1858345889e-05
1.70552334587e-14	0.0306248940482	0.348262560085	4.75273841427e-10	7.51456118987e-10	2.26962491457e-05
1.90927311514e-14	0.0306248940342	0.348262560029	5.12376645396e-10	8.10171928888e-10	2.3566272027e-05
2.13736378157e-14	0.030624894019	0.348262559968	5.52378518159e-10	8.734756244e-10	2.4469645785e-05
2.39270322216e-14	0.0306248940027	0.348262559902	5.95505981671e-10	9.41725585514e-10	2.540764887e-05
2.67854670248e-14	0.0306248939851	0.348262559831	6.42003257436e-10	1.01530839188e-09	2.63816087396e-05
2.99853837726e-14	0.0306248939661	0.348262559755	6.92133649472e-10	1.09464059919e-09	2.73929037371e-05
3.35675774896e-14	0.0306248939456	0.348262559672	7.46181035353e-10	1.18017151468e-09	2.84429650423e-05
3.75777167639e-14	0.0306248939235	0.348262559583	8.04451473736e-10	1.27238552865e-09	2.9533278697e-05
4.20669259659e-14	0.0306248938997	0.348262559488	8.67274937515e-10	1.371804779e-09	3.06653877078e-05
4.70924370217e-14	0.030624893874	0.348262559384	9.3500718238e-10	1.47899225981e-09	3.184089423e-05
5.27183190494e-14	0.0306248938464	0.348262559273	1.00803176138e-09	1.59455504102e-09	3.30614618347e-05
5.90162951628e-14	0.0306248938165	0.348262559153	1.08676219693e-09	1.71914737705e-09	3.43288178634e-05
6.60666568527e-14	0.0306248937844	0.348262559023	1.17164432243e-09	1.85347481463e-09	3.56447558722e-05
7.39592876054e-14	0.0306248937497	0.348262558884	1.26315880701e-09	1.99829818959e-09	3.70111381702e-05
8.2794808807e-14	0.0306248937123	0.348262558734	1.3618238774e-09	2.15443740161e-09	3.84298984551e-05
9.26858625429e-14	0.030624893672	0.348262558571	1.46819825254e-09	2.32277674332e-09	3.99030445496e-05
1.03758547646e-13	0.0306248936286	0.348262558397	1.58288430751e-09	2.5042694522e-09	4.14326612427e-05
1.16154027304e-13	0.0306248935817	0.348262558208	1.7065314846e-09	2.69994337269e-09	4.30209132407e-05
1.30030328715e-13	0.0306248935312	0.348262558005	1.83983997103e-09	2.91090639633e-09	4.467004823e-05
1.45564357742e-13	0.0306248934768	0.348262557786	1.98356466388e-09	3.13835334512e-09	4.63824000583e-05
1.62954154246e-13	0.030624893418	0.348262557549	2.13851944499e-09	3.38357196671e-09	4.81603920376e-05
1.8242141685e-13	0.0306248933548	0.348262557295	2.30558178973e-09	3.64795115006e-09	5.00065403734e-05
2.04214329327e-13	0.0306248932865	0.34826255702	2.48569773596e-09	3.93298791986e-09	5.19234577257e-05
2.28610724637e-13	0.0306248932129	0.348262556724	2.67988724128e-09	4.24029620728e-09	5.39138569064e-05
2.5592162696e-13	0.0306248931336	0.348262556405	2.88924995879e-09	4.57161650888e-09	5.59805547185e-05
2.86495216867e-13	0.0306248930481	0.348262556061	3.11497146417e-09	4.92882476846e-09	5.81264759424e-05
3.20721270202e-13	0.0306248929559	0.34826255569	3.3583299694e-09	5.31394403432e-09	6.03546574751e-05
3.5903612724e-13	0.0306248928565	0.34826255529	3.62070356091e-09	5.72915500645e-09	6.26682526279e-05
4.01928255494e-13	0.0306248927493	0.348262554858	3.90357800346e-09	6.17680880403e-09	6.50705355888e-05
4.49944477075e-13	0.0306248926337	0.348262554393	4.20855515365e-09	6.65944062123e-09	6.75649060564e-05
5.03696940004e-13	0.0306248925092	0.348262553892	4.53736203089e-09	7.1797833829e-09	7.01548940511e-05
5.63870922345e-13	0.0306248923748	0.348262553352	4.89186059717e-09	7.74078373181e-09	7.28441649105e-05
6.3123356866e-13	0.03062489223	0.348262552769	5.27405830087e-09	8.34561845993e-09	7.56365244766e-05
7.0664367016e-13	0.0306248920739	0.348262552141	5.68611944455e-09	8.99771260507e-09	7.85359244822e-05
7.91062613237e-13	0.0306248919056	0.348262551464	6.13037744093e-09	9.70075887978e-09	8.15464681428e-05
8.85566635957e-13	0.0306248917241	0.348262550733	6.60934802642e-09	1.04587383215e-08	8.46724159638e-05
9.91360548774e-13	0.0306248915285	0.348262549946	7.12574350726e-09	1.12759434961e-08	8.79181917697e-05
1.10979309438e-12	0.0306248913175	0.348262549097	7.68248811866e-09	1.21570018129e-08	9.12883889649e-05
1.2423741425e-12	0.0306248910901	0.348262548182	8.28273458409e-09	1.31069026135e-08	9.47877770339e-05
1.39079393891e-12	0.0306248908449	0.348262547196	8.92988196847e-09	1.41310249281e-08	9.84213082913e-05
1.55694465392e-12	0.0306248905805	0.348262546132	9.62759492633e-09	1.5235168117e-08	0.00010219412489
1.7429445053e-12	0.0306248902955	0.348262544985	1.03798244539e-08	1.64255848445e-08	0.000106111566099
1.95116476284e-12	0.0306248899882	0.348262543749	1.11908302626e-08	1.77090160508e-08	0.000110179175859
2.18425997921e-12	0.030624889657	0.348262542415	1.20652049012e-08	1.90927295881e-08	0.000114402710626
2.44520183215e-12	0.0306248892998	0.348262540978	1.30078997619e-08	2.05845610761e-08	0.000118788147523
2.73731700971e-12	0.0306248889147	0.348262539429	1.40242531193e-08	2.21929585335e-08	0.000123341692794
3.06432962142e-12	0.0306248884995	0.348262537758	1.51200203596e-08	2.39270297845e-08	0.000128069790587
3.43040867605e-12	0.0306248880519	0.348262535957	1.63014065722e-08	2.57965946389e-08	0.000132979132077
3.84022123129e-12	0.0306248875693	0.348262534015	1.75751016876e-08	2.78122399592e-08	0.000138076664933
4.29899189297e-12	0.030624887049	0.348262531922	1.89483183611e-08	2.99853799459e-08	0.000143369603151
4.81256942223e-12	0.0306248864881	0.348262529665	2.04288328161e-08	3.23283205302e-08	0.000148865437262
5.3875013e-12	0.0306248858833	0.348262527231	2.20250288791e-08	3.4854329429e-08	0.000154571944933
6.03111719919e-12	0.0306248852313	0.348262524607	2.37459454558e-08	3.75777106411e-08	0.000160497201975
6.75162242884e-12	0.0306248845283	0.348262521779	2.56013277157e-08	4.05138863808e-08	0.000166649593768
7.55820254156e-12	0.0306248837704	0.348262518729	2.76016822768e-08	4.3679483232e-08	0.000173037827133
8.46114043782e-12	0.0306248829532	0.348262515441	2.97583367025e-08	4.70924274048e-08	0.00017967094265
9.47194746e-12	0.0306248820723	0.348262511896	3.20835036462e-08	5.07720457656e-08	0.000186558327454
1.06035101475e-11	0.0306248811225	0.348262508074	3.45903500091e-08	5.47391749718e-08	0.000193709728515
1.1870254524e-11	0.0306248800984	0.348262503954	3.72930715011e-08	5.90162801549e-08	0.00020113526644
1.32883300107e-11	0.0306248789944	0.348262499511	4.02069730271e-08	6.36275813742e-08	0.000208845449785
1.48758153114e-11	0.0306248778041	0.348262494722	4.33485553555e-08	6.85991916176e-08	0.000216851189936
1.66529488925e-11	0.0306248765208	0.348262489558	4.67356085574e-08	7.39592639055e-08	0.000225163816542
1.86423869981e-11	0.0306248751372	0.348262483991	5.03873127477e-08	7.97381510521e-08	0.000233795093556
2.0869492488e-11	0.0306248736455	0.348262477988	5.43243466966e-08	8.59685776379e-08	0.000242757235875
2.33626581812e-11	0.0306248720372	0.348262471517	5.85690049283e-08	9.26858251951e-08	0.000252062926632
2.61536688286e-11	0.0306248703033	0.34826246454	6.31453239693e-08	9.99279318245e-08	0.000261725335143
2.92781063265e-11	0.030624868434	0.348262457018	6.80792184601e-08	1.07735908023e-07	0.000271758135541
3.27758033404e-11	0.0306248664185	0.348262448908	7.33986279035e-08	1.16153968386e-07	0.000282175526129
3.66913511189e-11	0.0306248642456	0.348262440165	7.91336748775e-08	1.25229782626e-07	0.000292992249473
4.10746679741e-11	0.0306248619028	0.348262430738	8.53168356116e-08	1.35014744807e-07	0.000304223613262
4.59816356739e-11	0.0306248593771	0.348262420575	9.19831238899e-08	1.45564264991e-07	0.000315885511973
5.1474811861e-11	0.0306248566539	0.348262409618	9.9170289324e-08	1.56938082436e-07	0.000327994449362
5.76242275786e-11	0.030624853718	0.348262397804	1.06919031118e-07	1.69200604542e-07	0.00034056756182
6.4508280073e-11	0.0306248505527	0.348262385068	1.15273228535e-07	1.82421270785e-07	0.000353622642622
7.22147322522e-11	0.0306248471401	0.348262371336	1.24280189373e-07	1.96674946728e-07	0.000367178167103
8.08418315435e-11	0.0306248434608	0.348262356531	1.33990917852e-07	2.12042347349e-07	0.000381253318811
9.04995624132e-11	0.0306248394941	0.34826234057	1.44460403435e-07	2.28610494675e-07	0.000395868016643
1.01311048517e-10	0.0306248352174	0.348262323361	1.55747932216e-07	2.46473209711e-07	0.000411042943039
1.13414122353e-10	0.0306248306065	0.348262304808	1.67917422633e-07	2.65731644574e-07	0.000426799573245
1.26963082434e-10	0.0306248256354	0.348262284805	1.81037787421e-07	2.86494854917e-07	0.000443160205704
1.42130660373e-10	0.0306248202758	0.348262263239	1.95183323833e-07	3.08880417316e-07	0.000460147993609
1.5911022296e-10	0.0306248144975	0.348262239988	2.10434134363e-07	3.33015095401e-07	0.000477786977663
1.78118237309e-10	0.0306248082677	0.348262214921	2.26876580329e-07	3.59035557497e-07	0.000496102120101
1.99397030496e-10	0.0306248015511	0.348262187894	2.44603770908e-07	3.87089150442e-07	0.000515119340007
2.23217878862e-10	0.0306247943097	0.348262158756	2.63716090372e-07	4.17334734019e-07	0.000534865549994
2.49884466379e-10	0.0306247865024	0.348262127341	2.84321766515e-07	4.4994358056e-07	0.000555368694281
2.7973675615e-10	0.0306247780852	0.348262093472	3.06537483507e-07	4.85100344716e-07	0.000576657788237
3.13155324409e-10	0.0306247690103	0.348262056956	3.30489042615e-07	5.23004109158e-07	0.00059876295943
3.50566212261e-10	0.0306247592263	0.348262017587	3.56312074555e-07	5.63869511768e-07	0.000621715490259
3.92446357014e-10	0.0306247486778	0.348261975142	3.84152807497e-07	6.07927960988e-07	0.000645547862215
4.39329672346e-10	0.0306247373051	0.34826192938	4.14168895081e-07	6.55428946408e-07	0.00067029380184
4.91813854803e-10	0.0306247250438	0.348261880043	4.46530309117e-07	7.06641451056e-07	0.000695988328438
5.50568003397e-10	0.0306247118244	0.348261826851	4.81420302036e-07	7.6185547504e-07	0.000722667803629
6.1634114945e-10	0.0306246975722	0.348261769502	5.19036444533e-07	8.21383677196e-07	0.00075036998279
6.89971805383e-10	0.0306246822063	0.348261707673	5.59591744286e-07	8.85563145409e-07	0.000779134068468
7.72398654209e-10	0.0306246656398	0.348261641012	6.03315852067e-07	9.54757305924e-07	0.000809000765843
8.64672515958e-10	0.030624647779	0.348261569143	6.5045636209e-07	1.02935798032e-06	0.000840012340311
9.67969743583e-10	0.0306246285225	0.348261491658	7.01280213952e-07	1.10978760464e-06	0.00087221267728
1.0836072191e-09	0.0306246077614	0.34826140812	7.5607520409e-07	1.19650162124e-06	0.000905647344242
1.21305914113e-09	0.0306245853782	0.348261318053	8.15151615334e-07	1.28999105734e-06	0.00094036365524
1.35797581776e-09	0.0306245612461	0.34826122095	8.78843973757e-07	1.39078530564e-06	0.000976410737787
1.52020470435e-09	0.0306245352284	0.348261116259	9.47512942775e-07	1.49945512112e-06	0.00101383960236
1.70181395437e-09	0.0306245071778	0.348261003388	1.02154736522e-06	1.61661585342e-06	0.00105270321454
1.90511878348e-09	0.0306244769355	0.348260881698	1.10136646495e-06	1.74293093001e-06	0.00109305656995
2.13271098286e-09	0.0306244443303	0.348260750499	1.18742222041e-06	1.87911561321e-06	0.00113495677198
2.38749195792e-09	0.0306244091774	0.34826060905	1.28020192366e-06	2.0259410492e-06	0.0011784631126
2.67270971352e-09	0.0306243712779	0.348260456548	1.38023093928e-06	2.18423863468e-06	0.00122363715619
2.99200025712e-09	0.0306243304172	0.348260292131	1.48807567878e-06	2.35490472298e-06	0.00127054282656
3.34943394731e-09	0.0306242863639	0.348260114866	1.60434680736e-06	2.53890569947e-06	0.00131924649738
3.74956737868e-09	0.0306242388685	0.348259923752	1.72970270115e-06	2.7372834524e-06	0.001369817086
4.197501464e-09	0.0306241876621	0.348259717704	1.86485317449e-06	2.95116127124e-06	0.00142232615088
4.69894645402e-09	0.0306241324549	0.348259495558	2.01056349838e-06	3.18175020576e-06	0.00147684799275
5.26029472337e-09	0.0306240729341	0.348259256054	2.1676587327e-06	3.43035592231e-06	0.00153345975965
5.88870225007e-09	0.0306240087628	0.348258997836	2.33702839688e-06	3.69838609401e-06	0.00159224155593
6.59217982681e-09	0.0306239395776	0.348258719443	2.51963150529e-06	3.98735837036e-06	0.00165327655551
7.37969516629e-09	0.0306238649868	0.348258419298	2.71650199594e-06	4.29890896746e-06	0.00171665111937
8.26128720133e-09	0.0306237845681	0.348258095702	2.92875458303e-06	4.63480192928e-06	0.00178245491757
9.24819403628e-09	0.0306236978662	0.348257746821	3.15759106666e-06	4.99693911348e-06	0.00185078105595
1.03529961794e-08	0.0306236043901	0.348257370682	3.40430713512e-06	5.38737095515e-06	0.00192172620767
1.15897768814e-08	0.0306235036106	0.348256965154	3.67029969843e-06	5.80830807228e-06	0.00199539074966
1.29743016215e-08	0.0306233949572	0.34825652794	3.95707479442e-06	6.26213377656e-06	0.00207187890446
1.4524219029e-08	0.0306232778147	0.348256056566	4.2662561121e-06	6.75141756182e-06	0.00215129888729
1.62592857975e-08	0.0306231515199	0.348255548363	4.59959418043e-06	7.27892964446e-06	0.00223376305889
1.82016184567e-08	0.0306230153578	0.348255000452	4.95897627445e-06	7.84765663956e-06	0.002319388084
2.03759752097e-08	0.0306228685576	0.348254409732	5.34643709464e-06	8.46081846073e-06	0.00240829509607
2.28100714212e-08	0.0306227102881	0.348253772859	5.76417027986e-06	9.12188653813e-06	0.00250060986807
2.55349327767e-08	0.0306225396535	0.348253086225	6.21454081881e-06	9.83460345962e-06	0.00259646298992
2.85852906071e-08	0.0306223556878	0.348252345945	6.70009843019e-06	1.06030041433e-05	0.00269599005261
3.20000244103e-08	0.0306221573496	0.348251547826	7.22359198676e-06	1.14314386628e-05	0.00279933183932
3.5822657205e-08	0.0306219435162	0.348250687351	7.78798506503e-06	1.23245968536e-05	0.00290663452378
4.01019100166e-08	0.0306217129772	0.348249759647	8.39647270793e-06	1.32875348385e-05	0.00301804987621
4.48923225551e-08	0.0306214644278	0.348248759463	9.05249949514e-06	1.43257036217e-05	0.00313373547701
5.02549479786e-08	0.0306211964611	0.348247681136	9.75977902281e-06	1.54449799139e-05	0.00325385493861
5.62581305812e-08	0.0306209075606	0.348246518563	1.05223149025e-05	1.66516993605e-05	0.00337857813559
6.29783762973e-08	0.0306205960911	0.348245265161	1.13444233971e-05	1.7952692361e-05	0.00350808144368
7.05013270898e-08	0.03062026029	0.348243913835	1.22307578224e-05	1.93553226791e-05	0.0036425479876
7.89228516122e-08	0.0306198982569	0.348242456937	1.31863348494e-05	2.0867529065e-05	0.0037821678984
8.83502660056e-08	0.0306195079433	0.34824088622	1.42165628574e-05	2.2497870117e-05	0.00392713858039
9.89037003466e-08	0.0306190871406	0.348239192792	1.53272724958e-05	2.42555726426e-05	0.00407766498814
1.10717628104e-07	0.0306186334679	0.348237367069	1.6524749627e-05	2.61505837823e-05	0.00423395991392
1.23942578031e-07	0.0306181443583	0.348235398717	1.78157708345e-05	2.81936271952e-05	0.00439624428586
1.38747050233e-07	0.030617617045	0.348233276597	1.92076416958e-05	3.03962636175e-05	0.00456474747731
1.55319660723e-07	0.0306170485448	0.348230988699	2.07082380348e-05	3.2770956133e-05	0.00473970762776
1.7387154169e-07	0.0306164356423	0.348228522074	2.23260503836e-05	3.53311405238e-05	0.00492137197566
1.94639027916e-07	0.0306157748708	0.348225862766	2.40702319035e-05	3.80913010915e-05	0.00510999720372
2.17886663406e-07	0.0306150624935	0.348222995725	2.59506500327e-05	4.10670523725e-05	0.00530584979694
2.43910566346e-07	0.030614294482	0.348219904731	2.7977942148e-05	4.42752272058e-05	0.00550920641395
2.73042194998e-07	0.0306134664939	0.348216572294	3.01635755525e-05	4.77339716406e-05	0.005720354272
3.05652562235e-07	0.0306125738481	0.348212979562	3.25199121217e-05	5.14628472144e-05	0.00593959154616
3.42156952039e-07	0.0306116114987	0.348209106209	3.5060277969e-05	5.54829411685e-05	0.00616722778313
3.8302019762e-07	0.0306105740066	0.348204930328	3.77990385158e-05	5.9816985213e-05	0.0064035843302
4.28762587863e-07	0.0306094555088	0.348200428297	4.07516793845e-05	6.4489483499e-05	0.00664899477978
4.79966476722e-07	0.0306082496854	0.348195574657	4.39348935597e-05	6.95268505051e-05	0.00690380543007
5.3728367897e-07	0.0306069497246	0.348190341959	4.73666753017e-05	7.4957559601e-05	0.00716837576237
6.01443745595e-07	0.0306055482838	0.348184700615	5.1066421328e-05	8.08123031042e-05	0.00744307893542
6.73263223112e-07	0.0306040374492	0.348178618732	5.50550398214e-05	8.71241647113e-05	0.00772830229756
7.53656013376e-07	0.0306024086908	0.348172061928	5.93550678615e-05	9.39288052474e-05	0.00802444791687
8.43644964189e-07	0.030600652815	0.348164993142	6.39907979246e-05	0.000101264662752	0.00833193313011
9.44374836329e-07	0.0305987599134	0.348157372425	6.89884141409e-05	0.000109173167991	0.00865119111092
1.05712680973e-06	0.0305967193072	0.348149156717	7.43761390527e-05	0.000117698976563	0.0089826714576
1.18333471066e-06	0.0305945194876	0.3481402996	8.018439167e-05	0.000126890218867	0.00932684080129
1.32460316294e-06	0.0305921480519	0.348130751047	8.64459576786e-05	0.000136798769272	0.00968418343479
1.4827278902e-06	0.0305895916342	0.34812045713	9.31961727174e-05	0.000147480535941	0.0100552019627
1.65971842243e-06	0.0305868358317	0.348109359729	0.000100473119712	0.000158995772857	0.0104404179734
1.85782348974e-06	0.030583865124	0.348097396197	0.000108317841315	0.000171409415729	0.0108403727326
2.07955941919e-06	0.030580662788	0.348084499019	0.000116774568588	0.000184791443537	0.0112556279005
2.32774188698e-06	0.0305772108045	0.348070595427	0.000125890967137	0.000199217267649	0.011686766271
2.60552141946e-06	0.0305734897598	0.348055606997	0.000135718401988	0.000214768150535	0.0121343925347
2.91642308138e-06	0.0305694787379	0.348039449215	0.000146312222603	0.00023153165627	0.0125991340655
3.26439084074e-06	0.0305651552061	0.348022031	0.000157732069507	0.000249602135157	0.0130816417312
3.65383715547e-06	0.0305604948911	0.348003254204	0.000170042204119	0.000269081244959	0.0135825907274
4.08969838979e-06	0.0305554716467	0.347983013063	0.000183311863468	0.00029007851141	0.014102681437
4.57749673724e-06	0.030550057311	0.347961193613	0.000197615641607	0.000312711930818	0.0146426403122
5.12340940435e-06	0.0305442215532	0.347937673059	0.000213033899632	0.000337108617804	0.0152032207817
5.73434589433e-06	0.0305379317094	0.347912319096	0.000229653206369	0.000363405501358	0.0157852041815
6.41803432446e-06	0.0305311526065	0.347884989182	0.000247566811884	0.000391750072647	0.0163894007085
7.18311781563e-06	0.0305238463723	0.347855529751	0.00026687515614	0.000422301188176	0.017016650398
8.03926210819e-06	0.0305159722334	0.347823775373	0.000287686415232	0.000455229932142	0.0176678241222
8.99727568604e-06	0.0305074862974	0.347789547846	0.000310117087811	0.000490720542032	0.0183438246114
1.00692438322e-05	0.0304983413201	0.347752655226	0.000334292624414	0.000528971401738	0.0190455874935
1.12686781942e-05	0.030488486456	0.347712890782	0.000360348102607	0.00057019610671	0.0197740823538
1.26106836095e-05	0.0304778669913	0.347670031871	0.000388428950972	0.00061462460587	0.02053031381
1.41121441281e-05	0.030466424059	0.34762383874	0.00041869172513	0.000662504425258	0.0213153226036
1.57919303777e-05	0.0304540943332	0.347574053228	0.00045130493915	0.000714101978606	0.0221301867019
1.76711306404e-05	0.030440809704	0.347520397386	0.000486449955836	0.000769703970242	0.0229760224103
1.97733082589e-05	0.0304264969293	0.347462571991	0.000524321939514	0.000829618895936	0.0238539854896
2.21247882583e-05	0.0304110772648	0.34740025495	0.000565130875099	0.000894178647487	0.0247652722758
2.47549763627e-05	0.0303944660689	0.347333099605	0.000609102657314	0.000963740227023	0.0257111207964
2.76967139026e-05	0.0303765723827	0.347260732902	0.000656480254056	0.00103868757708	0.0266928118785
3.09866724531e-05	0.0303572984842	0.347182753442	0.00070752494796	0.00111943353269	0.0277116702429
3.466579241e-05	0.0303365394139	0.347098729395	0.0007625176603	0.0012064219016	0.0287690655758
3.87797701095e-05	0.0303141824731	0.347008196274	0.000821760361321	0.00130012967897	0.0298664135724
4.3379598516e-05	0.0302901066923	0.346910654551	0.000885577571127	0.00140106940243	0.0310051769408
4.85221669529e-05	0.03026418227	0.346805567127	0.000954317955122	0.00150979165363	0.0321868663579
5.42709258194e-05	0.0302362699804	0.346692356621	0.00102835601786	0.00162688771159	0.0334130413643
6.06966227333e-05	0.0302062205506	0.346570402499	0.00110809389892	0.00175299236314	0.0346853111861
6.78781170445e-05	0.0301738740062	0.346439038008	0.00119396327414	0.00188878687489	0.036005335469
7.59032801906e-05	0.0301390589866	0.346297546929	0.00128642736496	0.00203500213033	0.0373748249064
8.48699898873e-05	0.0301015920296	0.346145160127	0.00138598305831	0.00219242193481	0.0387955417459
9.48872266694e-05	0.0300612768275	0.345981051899	0.00149316313841	0.00236188648953	0.0402693001517
0.0001060762818	0.0300179034547	0.345804336115	0.00160853863126	0.00254429603437	0.0417979663998
0.000118572086027	0.0299712475716	0.345614062134	0.0017327212612	0.00274061465708	0.0433834588823
0.000132524669093	0.0299210696056	0.345409210517	0.0018663660178	0.00295187426418	0.0450277478908
0.000148100760207	0.029867113915	0.345188688503	0.00201017382938	0.00317917870582	0.0467328551485
0.000165485539958	0.0298091079397	0.344951325276	0.00216489433787	0.00342370804349	0.0485008530566
0.000184884554154	0.029746761347	0.344695867008	0.002331328767	0.0036867229454	0.0503338636169
0.000206525800033	0.0296797651779	0.34442097169	0.00251033287337	0.00396956918938	0.052234056989
0.000230661994846	0.0296077910061	0.344125203761	0.00270281996645	0.00427368224774	0.0542036496365
0.000257573036206	0.0295304901191	0.343807028542	0.00290976398009	0.00460059192185	0.0562449020136
0.000287568662493	0.0294474927371	0.343464806505	0.00313220257358	0.0049519269866	0.0583601157362
0.000320991320105	0.0293584072829	0.343096787378	0.00337124023555	0.00532941979663	0.0605516301809
0.000358219242252	0.0292628197249	0.342701104151	0.00362805135803	0.0057349107957	0.0628218184483
0.000399669741196	0.0291602930116	0.34227576698	0.00390388324205	0.00617035286003	0.0651730826225
0.000445802712329	0.0290503666251	0.341818657077	0.00420005898845	0.0066378153933	0.0676078482558
0.000497124343883	0.0289325562803	0.341327520607	0.00451798021974	0.00713948807708	0.0701285579999
0.000554191020558	0.0288063538021	0.340799962682	0.00485912957002	0.00767768416462	0.0727376643051
0.000617613402415	0.0286712272181	0.340233441534	0.00522507286964	0.0082548431885	0.0754376211007
0.000688060652182	0.0285266211052	0.339625262942	0.00561746094094	0.00887353293363	0.07823087437
0.000766264774184	0.0283719572363	0.338972575046	0.00603803090947	0.00953645050626	0.0811198515277
0.000853025016555	0.0282066355749	0.338272363665	0.00648860692268	0.0102464223077	0.0841069495106
0.000949212274823	0.028030035672	0.337521448266	0.00697110015485	0.011006402698	0.0871945214859
0.00105577341942	0.027841518521	0.336716478753	0.00748750796356	0.0118194711093	0.0903848620913
0.00117373545206	0.0276404289319	0.335853933264	0.00803991204877	0.0126888273463	0.0936801911159
0.00130420958026	0.0274260981837	0.334933132501	0.00863047545204	0.0136177869437	0.0970826355457
0.00144840124466	0.0271978377697	0.333978340903	0.00926143377581	0.0146098435003	0.100594178934
0.00160759361378	0.0269549723831	0.332956647009	0.00993504190301	0.015668493963	0.1042163811
0.0017831679919	0.0266968155213	0.331863956917	0.0106536686965	0.0167973360275	0.107950937278
0.00197659915242	0.0264226860369	0.330696017112	0.0114197360854	0.0180000272862	0.11179935607
0.00218945520231	0.0261319149365	0.329448422528	0.0122357072672	0.0192802628539	0.115762932208
0.00242339595462	0.0258238531182	0.328116627396	0.0131040725431	0.0206417487438	0.119842717506
0.00268016951989	0.0254978800762	0.326695959232	0.0140273325805	0.0220881706213	0.124039490091
0.00296160680798	0.0251534135885	0.325181636283	0.015007978917	0.0236231575948	0.128353722039
0.00326961361783	0.0247899203755	0.323568788783	0.0160484715384	0.025250240742	0.132785545603
0.00360615998787	0.0244069276923	0.321852484353	0.0171512134044	0.0269728061387	0.137334718281
0.00397326648505	0.0240040357817	0.320027757824	0.0183185218408	0.0287940422443	0.14200058703
0.00437298713097	0.0235809310762	0.318089645765	0.0195525967788	0.0307168816182	0.146782052034
0.00480738870069	0.0231373999911	0.316033225919	0.0208554859029	0.0327439370895	0.151677530494
0.00527852618767	0.022673343102	0.313853661659	0.02222904686	0.0348774326848	0.156684920987
0.00578841430933	0.0221887894452	0.311546251521	0.0236749067958	0.0371191298404	0.161801569071
0.00633899503443	0.0216839106265	0.309106483712	0.0251944196093	0.0394702496725	0.167024234845
0.00693210124696	0.0211590343643	0.306530095366	0.0267886214589	0.0419313923715	0.172349063296
0.00756941682173	0.0206146570467	0.303813136163	0.0284581852059	0.0445024550941	0.177771558328
0.00825244612287	0.0200514449613	0.300964426507	0.0302033753885	0.0471826253166	0.183286561421
0.00898243696001	0.0194702681587	0.297971069662	0.0320239330348	0.0499701696942	0.188888012745
0.00976035445805	0.0188721882063	0.294828415955	0.0339191541066	0.0528623892616	0.194569335869
0.0105868347065	0.018258462958	0.291534434895	0.0358878081821	0.0558555898458	0.200323300017
0.0114621343556	0.0176305498599	0.28808775877	0.0379280919264	0.0589450115482	0.206141991007
0.0123860862347	0.016990102224	0.284487752831	0.0400376000249	0.0621247844071	0.21201682795
0.0133580590493	0.0163389611896	0.280734581507	0.0422133037584	0.0653879005919	0.217938590152
0.0143769229381	0.0156791431181	0.276829268699	0.0444515386817	0.0687262062354	0.223897454742
0.0154409066946	0.0150128912603	0.272662366723	0.0467479997351	0.0721298328226	0.229883045361
0.016547646199	0.0143426140065	0.268267246609	0.0490986469897	0.0755867847451	0.235886892988
0.0176946648062	0.0136706011826	0.263725818018	0.0514986350245	0.0790863287003	0.241899543454
0.0188787121274	0.0129993711397	0.259043743082	0.053941926228	0.0826161408201	0.247909554811
0.0200960232429	0.0123314824454	0.254227721237	0.0564219674646	0.086163113824	0.253905239989
0.0213423327352	0.0116695069933	0.249263590755	0.0589317500066	0.0897134205486	0.259874759784
0.0226124292571	0.0110162377864	0.243986542562	0.061464071194	0.0932502691439	0.265806732894
0.0239017879585	0.0103738756483	0.238602137188	0.06401318476	0.0967598357084	0.271694009701
0.0252050997037	0.0097447862729	0.233121835644	0.0665712217145	0.100227680443	0.277525049021
0.0265168338575	0.00913118601419	0.227557819933	0.0691301979195	0.103639550433	0.283288561618
0.0278317188949	0.00853493640267	0.222070238151	0.0716821239246	0.106983296227	0.288973606509
0.0291437368431	0.00795799747502	0.216541921113	0.0742174559405	0.110245903436	0.294565969411
0.0304470645619	0.00740200642197	0.210966059698	0.0767282382211	0.113414627849	0.300055129732
0.0317361438429	0.0068683001346	0.205396322281	0.0792070114209	0.116478103073	0.305431682731
0.0330063141707	0.00635769620009	0.200020699034	0.0816462360146	0.119429353412	0.310685890426
0.034251663169	0.00587135449536	0.194630008551	0.084036718313	0.122258360222	0.315804169814
0.0354673811683	0.00540986338136	0.189236369001	0.0863723948118	0.124957179532	0.32077942832
0.0366494148443	0.00497345085638	0.183999263729	0.0886477848432	0.127520636019	0.325605455759
0.037793874842	0.00456222668731	0.178843479304	0.0908562903889	0.129945476098	0.330273181068
0.038896958816	0.00417621560386	0.1737118636	0.0929929833187	0.132227373235	0.334776598216
0.0399558788551	0.00381507479653	0.168708091566	0.0950544520641	0.134364566658	0.339112444093
0.0409688191424	0.00347814872609	0.163881706834	0.0970369072511	0.136359357275	0.343276110598
0.0419333271075	0.00316500896862	0.159099261947	0.0989367421685	0.138211328563	0.347262830792
0.0428482057595	0.00287485444942	0.154424503099	0.100752748039	0.139922404521	0.351072417501
0.0437133969637	0.00260659057285	0.150019724754	0.102483746097	0.14149852594	0.354704262598
0.0445278816752	0.00235947914203	0.145669858144	0.104127413126	0.142942876457	0.358154869731
0.0452918812729	0.00213246787364	0.141383556829	0.105684571017	0.144259957874	0.361426973149
0.0460066032076	0.00192430073018	0.13737759306	0.107156516051	0.145457097767	0.36452397254
0.0466724466018	0.0017340369594	0.133433105882	0.108542785446	0.146540020777	0.36744522993
0.0472907522121	0.00156054109589	0.129554407476	0.109845744239	0.147514815175	0.370195817231
0.0478632644313	0.00140265068258	0.125807959123	0.111068071477	0.148388357381	0.372781288636
0.0483917541888	0.00125927683209	0.122145502195	0.112212115751	0.149167589019	0.375206341479
0.0488781907538	0.00112935152036	0.118554972737	0.11328094346	0.149859127033	0.377477077411
0.0493247245229	0.00101183006896	0.115030742546	0.114277911549	0.150469628567	0.379600141629
0.0497336021956	0.000905709231864	0.111579326087	0.115206534259	0.151005634776	0.381582470099
0.0501071301929	0.000810031392711	0.108206243554	0.116070330642	0.151473612757	0.383430987487
0.0504475951848	0.000723899091315	0.104896503788	0.116872792036	0.151879730437	0.385152555431
0.0507572723109	0.000646467216289	0.10165870663	0.117617500929	0.152229792182	0.386754245405
0.0510384238178	0.00057693821677	0.0985028905017	0.118307919943	0.15252946568	0.388242898159
0.0512932836287	0.000514560944225	0.0955059221593	0.118947357581	0.152784284085	0.389625055739
0.0515239269017	0.000458657336348	0.0926215280698	0.119538536177	0.152999643821	0.390906025516
0.0517322501892	0.000408621851542	0.0898122089243	0.120084400289	0.153179956312	0.392091634042
0.0519133536314	0.00036548457031	0.0775464079578	0.120588004717	0.153305888968	0.393188039278
0.0520694436973	0.000328604612198	0.0634593410502	0.121111095208	0.15332415071	0.394330116318
0.0522156263888	0.000294395102783	0.0567465694577	0.121686845885	0.15325397373	0.395591910692
0.0523534435676	0.000262495276913	0.0530464795814	0.122265059816	0.153150694313	0.396864607689
0.0524779175286	0.000233997863417	0.0495339537092	0.122818033157	0.153025129887	0.398087159901
0.052590257282	0.000208551213445	0.046206132592	0.123347191569	0.152880367532	0.399262242969
0.0526915760911	0.000185837764938	0.0430595717962	0.12385387034	0.152719198572	0.400392360451
0.0527828971479	0.000165571077429	0.0400905431403	0.124339315946	0.152544144098	0.401479846982
0.0528651587155	0.00014749317521	0.0372949875409	0.124804684881	0.152357480605	0.402526864681
0.0529392193643	0.000131372040563	0.0346684425625	0.125251043579	0.152161264081	0.403535401448
0.0530058632062	0.000116999266464	0.032205940264	0.125679369818	0.151957351938	0.404507272166
0.0530658041207	0.000104188069515	0.0298990223754	0.126090556177	0.151747418847	0.405444124344
0.0531196962753	9.27701036562e-05	0.0277418549772	0.126485454507	0.151532952029	0.406347537746
0.0531681325968	8.25949711541e-05	0.0257306517453	0.126864841085	0.151315284843	0.407218943656
0.0532116423041	7.35299669167e-05	0.0238571775538	0.127229388939	0.151095619971	0.408059558614
0.0532507130411	6.54547942382e-05	0.0221114569275	0.12757973763	0.150875036521	0.408870542559
0.0532857874506	5.8261753022e-05	0.0204906970643	0.127916518472	0.150654455993	0.409653056844
0.053317259718	5.18559408978e-05	0.0189831487179	0.128240251205	0.150434736601	0.410408023039
0.0533454934252	4.61511688684e-05	0.0175854280685	0.128551492746	0.150216585741	0.411136467477
0.0533708107752	4.10717796808e-05	0.0162872148991	0.128850704508	0.150000658909	0.411839210951
0.0533935076138	3.65492824814e-05	0.0150842578733	0.129138380341	0.149787482915	0.412517167135
0.0534138476901	3.25232223e-05	0.0139677586934	0.129414945876	0.149577539059	0.413171105604
0.0534320702008	2.89394215194e-05	0.012932755357	0.129680851069	0.149371196634	0.413801869164
0.053448391695	2.57493931879e-05	0.0119740974858	0.129936508179	0.149168782218	0.414410226894
0.0534630033441	2.29106754574e-05	0.011080552232	0.130182299423	0.148970564145	0.414996890978
0.0534760823518	2.03844457381e-05	0.0102521238138	0.130418720596	0.148776646891	0.415562859849
0.0534877879346	1.81361691038e-05	0.00948542349141	0.130646151366	0.14858718832	0.416108869566
0.0534982611971	1.61354831401e-05	0.00877302928506	0.130864925151	0.148402330154	0.416635557959
0.0535076133157	1.4358315096e-05	0.00808634344005	0.13107543368	0.148222055959	0.4171437157
0.0535159793946	1.27765746133e-05	0.00745327966182	0.131278718296	0.148045774192	0.417635720948
0.0535234619358	1.13688296213e-05	0.00686967075727	0.131475021542	0.147873584189	0.418112039547
0.0535301529903	1.01159873147e-05	0.00633167011258	0.131664578468	0.147705557115	0.418573127055
0.0535361317484	9.0016808985e-06	0.00581528853338	0.131847616775	0.147541728422	0.419019428753
0.0535413934506	8.02537209158e-06	0.00518816538166	0.132024988905	0.147381238456	0.419452926284
0.0535461054755	7.15488014193e-06	0.00462862507192	0.132202253902	0.147219071465	0.419887165621
0.0535503252267	6.37875073288e-06	0.00412939380479	0.132379410182	0.147055417474	0.420322149484
0.0535541041177	5.68676648523e-06	0.00368397875588	0.132556456334	0.146890446454	0.420757880504
0.0535574881966	5.06981397947e-06	0.00328658460495	0.132733391108	0.146724310433	0.421194361234
0.0535605189671	4.51971749283e-06	0.00293354395689	0.132910213391	0.146557146222	0.421631594161
0.0535632611601	4.02421701543e-06	0.00267203435568	0.133086829976	0.146389255941	0.422069352756
0.0535657137439	3.58300828253e-06	0.00243382032162	0.133259492614	0.14622438713	0.422498316294
0.053567907079	3.19014791252e-06	0.00221682926035	0.13342828851	0.146062551708	0.42291863923
0.0535698683721	2.84034217688e-06	0.00201917254576	0.133593303083	0.145903752914	0.423330474246
0.0535716219997	2.5288761726e-06	0.00183912926416	0.133754619986	0.145747986378	0.423733972226
0.0535731897994	2.25155068098e-06	0.00167513138196	0.133912321129	0.145595241081	0.42412928224
0.0535745913315	2.00462588564e-06	0.00152575021442	0.134066486702	0.145445500219	0.424516551524
0.0535758441141	1.78477121023e-06	0.00138968408323	0.134217195202	0.14529874196	0.424895925473
0.0535769638341	1.58902061472e-06	0.00126574706018	0.134364523458	0.145154940129	0.425267547621
0.0535779645368	1.41473276021e-06	0.00115285870246	0.134508546657	0.145014064812	0.425631559634
0.0535788587963	1.25955551455e-06	0.00105003469336	0.134649338374	0.144876082898	0.425988101304
0.0535796578677	1.12139432844e-06	0.000956378309373	0.134786970599	0.144740958559	0.426337310537
0.0535803718246	9.98384061548e-07	0.000871072641491	0.134921513763	0.144608653675	0.426679323353
0.0535810096819	8.88863883945e-07	0.000793373504457	0.13505303677	0.144479128211	0.42701427388
0.0535815795064	7.91354918308e-07	0.000722602973789	0.135181607025	0.144352340557	0.427342294352
0.0535820885151	7.04540324576e-07	0.000658143495274	0.135307290461	0.144228247823	0.427663515111
0.0535825341696	6.2877401243e-07	0.000567669837968	0.135430151561	0.144106778061	0.427978064606
0.0535829255124	5.62451460868e-07	0.000473693790277	0.135557268028	0.143980882233	0.428304074665
0.0535832720621	5.03913758682e-07	0.00038481101339	0.135693516173	0.143845713989	0.428654145698
0.05358365398	4.39647731606e-07	0.000280984354602	0.135843746971	0.143696671791	0.42904091499
0.0535839146216	3.95949126596e-07	0.000210575705072	0.136023168809	0.143518060551	0.429503901724
0.0535841576648	3.55399717536e-07	0.000176534284969	0.136238664241	0.143303319998	0.430061514002
0.0535843916731	3.16585440541e-07	0.000159573532447	0.136469334615	0.143073375134	0.43066026367
0.0535846013856	2.82009537492e-07	0.000144237551773	0.136696664929	0.142846693793	0.431252245543
0.0535847892578	2.51217830755e-07	0.000130303904498	0.13692071015	0.142623228886	0.431837529293
0.0535849576041	2.23787575459e-07	0.000117716001433	0.137141645346	0.142402812747	0.432416502065
0.0535851091161	1.99243164588e-07	0.000107530518918	0.137359513419	0.142185410982	0.432989209173
0.053585245139	1.77333471216e-07	9.85213797333e-05	0.137571878315	0.141973463975	0.43354915147
0.0535853668071	1.57844723895e-07	8.99126495547e-05	0.137778194307	0.14176752112	0.434094760463
0.0535854743291	1.40714486338e-07	8.02230194642e-05	0.137979435474	0.141566609157	0.434628489973
0.0535855708948	1.2541147725e-07	7.18798445976e-05	0.138180506012	0.141365833794	0.435163293542
0.05358565749	1.11761335345e-07	6.4504329695e-05	0.138380513355	0.141166090715	0.435696789688
0.0535857350705	9.95968056545e-08	5.78855495799e-05	0.138579135566	0.140967704871	0.436228098336
0.0535858052451	8.86516138137e-08	5.29863664788e-05	0.138776382175	0.140770671715	0.436757220038
0.0535858680786	7.89024684431e-08	4.85388346592e-05	0.138968202191	0.14057904251	0.437273217467
0.0535859242899	7.0225032838e-08	4.44674830055e-05	0.139154586718	0.140392828414	0.437775952287
0.0535859745738	6.25009346827e-08	4.07430388609e-05	0.139335676626	0.140211890728	0.438265693944
0.0535860195445	5.56261719183e-08	3.73304188305e-05	0.139511595863	0.140036107425	0.438742672333
0.0535860597589	4.95072265142e-08	3.42061233563e-05	0.139682491487	0.139865333179	0.439207185995
0.0535860957152	4.40610373029e-08	3.13442330473e-05	0.139848493322	0.139699439717	0.439659492638
0.0535861278591	3.92138184995e-08	2.87215362968e-05	0.140009735191	0.139538294596	0.440099866467
0.0535861565898	3.48999336328e-08	2.63155992217e-05	0.140166353995	0.13938176215	0.440528595593
0.0535861822679	3.10604981986e-08	2.41111331831e-05	0.140318497861	0.139229695367	0.440946004337
0.0535862051854	2.76477531696e-08	2.1915773576e-05	0.140466294213	0.139081967723	0.441352365505
0.0535862255045	2.46338899484e-08	1.97119225058e-05	0.140611036961	0.138937285818	0.44175117404
0.0535862436931	2.19465400295e-08	1.78119555247e-05	0.140754423006	0.138793954172	0.442147069714
0.0535862600991	1.95319553402e-08	1.63198735448e-05	0.140895797468	0.138652628718	0.442538217986
0.053586274756	1.73829662987e-08	1.49527424852e-05	0.141033129921	0.138515339996	0.442918952315
0.0535862878493	1.54703337752e-08	1.3700955565e-05	0.141166535577	0.138381973361	0.443289528271
0.0535862995445	1.37680453604e-08	1.25544149931e-05	0.14129611806	0.138252425694	0.44365017316
0.0535863099896	1.22530304041e-08	1.15037932381e-05	0.141421981281	0.138126593533	0.444001118721
0.0535863192444	1.09152103507e-08	1.03728622025e-05	0.14154423169	0.138004370616	0.444342607311
0.0535863275125	9.72396061422e-09	9.34843107629e-06	0.141665010666	0.137883616175	0.444680584031
0.0535863349384	8.65756393253e-09	8.53143654011e-06	0.141784401694	0.137764247161	0.445015262916
0.0535863415938	7.70490947954e-09	7.8162449836e-06	0.141900884213	0.137647784352	0.445342351645
0.0535863475358	6.85705885451e-09	7.16120295065e-06	0.142014040709	0.137534645436	0.445660634581
0.0535863528409	6.10240028815e-09	6.56246386198e-06	0.142123962626	0.1374247392	0.445970324416
0.0535863575764	5.43078139738e-09	6.01377230092e-06	0.142230717571	0.137317998239	0.446271569282
0.0535863618029	4.83307560703e-09	5.51044546386e-06	0.142334396568	0.137214331712	0.446564585805
0.0535863655747	4.30118232877e-09	5.04876765243e-06	0.142435097358	0.13711364204	0.446849612206
0.0535863689407	3.82781583303e-09	4.62576162162e-06	0.142532915266	0.137015834046	0.44712688245
0.0535863719447	3.40647736449e-09	4.2395921177e-06	0.142627932641	0.136920825511	0.447396596103
0.0535863746252	3.03148984532e-09	3.88589176081e-06	0.142720197367	0.136828568666	0.447658856861
0.0535863770154	2.69794516993e-09	3.55053056063e-06	0.142809782968	0.136738990088	0.447913843006
0.053586379133	2.40317263895e-09	3.20546597262e-06	0.142897045681	0.136651733593	0.448162540974
0.0535863810237	2.14060434742e-09	2.89393462891e-06	0.142983143197	0.136565641624	0.448408231558
0.0535863827234	1.90512247946e-09	2.65013740738e-06	0.143068091045	0.136480698759	0.448650947094
0.0535863842407	1.69540334585e-09	2.42873916116e-06	0.143150652193	0.136398142055	0.448887134771
0.053586385594	1.50876731164e-09	2.22583354033e-06	0.143230825523	0.136317972687	0.449116766963
0.053586386801	1.34267411919e-09	2.03987629832e-06	0.143308679968	0.136240121773	0.44934001766
0.0535863878774	1.19486300505e-09	1.86945210136e-06	0.143384282482	0.136164522407	0.449557056683
0.0535863888374	1.06332155863e-09	1.71327974608e-06	0.143457698088	0.136091109605	0.449768049754
0.0535863896934	9.46259187934e-10	1.570158723e-06	0.143528989251	0.136019820942	0.449973156586
0.0535863904566	8.42082834426e-10	1.43899155266e-06	0.143598217004	0.135950595415	0.450172534055
0.0535863911372	7.49374233849e-10	1.31878002963e-06	0.143665440976	0.135883373428	0.4503663362
0.0535863917439	6.66871191599e-10	1.20860928036e-06	0.143730719078	0.135818097095	0.450554713256
0.0535863922849	5.93449280394e-10	1.10774617934e-06	0.143794107551	0.135754710198	0.450737811729
0.0535863927671	5.28103324124e-10	1.01544878141e-06	0.143855655049	0.135693164104	0.450915757212
0.053586393197	4.69952005765e-10	9.30840503114e-07	0.143915405396	0.135633415007	0.451088662228
0.0535863935802	4.1820329105e-10	8.53280898715e-07	0.143973410997	0.13557541052	0.451256665
0.0535863939218	3.72152324572e-10	7.82182853655e-07	0.144029722733	0.135519099778	0.451419900215
0.0535863942262	3.3117181248e-10	7.1701065306e-07	0.144084390003	0.135464433393	0.451578499108
0.0535863944975	2.94702881434e-10	6.5729097437e-07	0.144137460581	0.135411363603	0.45173258898
0.0535863947393	2.62249581326e-10	6.02544719981e-07	0.144188979126	0.13535984576	0.451882288824
0.053586394954	2.33466914048e-10	5.40984475973e-07	0.144238990973	0.135309834535	0.452027720294
0.0535863951418	2.08332528626e-10	4.73954359456e-07	0.144288580597	0.135260245456	0.452172030799
0.0535863953115	1.85644936525e-10	4.28914799836e-07	0.144339089082	0.135209737463	0.452319124754
0.0535863954647	1.65198547219e-10	3.93287311318e-07	0.144388823979	0.13516000301	0.452464073894
0.0535863956012	1.47003863816e-10	3.60619837324e-07	0.144437091576	0.135111735809	0.452604849337
0.0535863957229	1.30812451624e-10	3.30685183293e-07	0.144483934981	0.135064892756	0.45274156783
0.0535863958313	1.16404263198e-10	3.03235094857e-07	0.144529393296	0.135019434754	0.452874335011
0.0535863959278	1.03582924559e-10	2.78063384293e-07	0.144573507434	0.134975320896	0.45300326236
0.0535863960139	9.21736843816e-11	2.54980971548e-07	0.1446163171	0.134932511478	0.453128458369
0.0535863960905	8.20210334921e-11	2.3381446516e-07	0.144657860832	0.134890967968	0.453250028611
0.0535863961588	7.29857404491e-11	2.1445946362e-07	0.144698176027	0.13485065297	0.453368075813
0.0535863962196	6.4945057774e-11	1.96724477014e-07	0.144737288576	0.134811540597	0.453482669421
0.0535863962738	5.77901395554e-11	1.80455967419e-07	0.144775230488	0.134773598842	0.453593897187
0.0535863963221	5.14234178903e-11	1.6553268953e-07	0.144812036769	0.134736792701	0.453701856041
0.0535863963651	4.57580709644e-11	1.51843420676e-07	0.14484774138	0.134701088213	0.453806640236
0.0535863964034	4.07211186196e-11	1.38558664014e-07	0.14488237727	0.134666452434	0.453908341411
0.0535863964373	3.62636158881e-11	1.25466518089e-07	0.144916156258	0.134632673544	0.454007577174
0.0535863964675	3.22933884987e-11	1.13724716505e-07	0.14494937688	0.134599453008	0.45410522145
0.0535863964946	2.87344054372e-11	1.04385872165e-07	0.144982015165	0.134566814801	0.454201201313
0.0535863965188	2.55676271785e-11	9.58138520095e-08	0.145013655135	0.134535174902	0.454294290138
0.0535863965403	2.27498353494e-11	8.79456980488e-08	0.145044327302	0.134504502796	0.454384573625
0.0535863965595	2.02425735267e-11	8.07236205278e-08	0.14507406125	0.134474768903	0.454472135015
0.0535863965765	1.8011622607e-11	7.40945737487e-08	0.145102885657	0.134445944546	0.454557055156
0.0535863965917	1.60265339692e-11	6.80098666971e-08	0.145130828327	0.13441800192	0.45463941257
0.0535863966052	1.42602140615e-11	6.24248056184e-08	0.145157916215	0.134390914071	0.454719283513
0.0535863966173	1.26885527674e-11	5.72987731445e-08	0.145184175452	0.134364654868	0.454796742036
0.053586396628	1.12895376978e-11	5.26359604138e-08	0.145209631188	0.134339199163	0.454871859501
0.0535863966376	1.0044768067e-11	4.83525689497e-08	0.145234286932	0.134314543446	0.454944643573
0.0535863966461	8.93723886875e-12	4.44177273575e-08	0.145258167811	0.134290662592	0.455015165865
0.0535863966536	7.95181970032e-12	4.08030757705e-08	0.145281298163	0.134267532262	0.455083495845
0.0535863966604	7.07504812814e-12	3.74825615593e-08	0.145303701563	0.134245128881	0.455149700901
0.0535863966664	6.29494582801e-12	3.44322516547e-08	0.145325400845	0.134223429616	0.455213846393
0.0535863966717	5.60085498974e-12	3.16301601336e-08	0.14534641813	0.134202412346	0.455275995716
0.0535863966765	4.9832927533e-12	2.90560898266e-08	0.145366774841	0.134182055649	0.455336210357
0.0535863966807	4.43356971707e-12	2.67190451218e-08	0.14538649173	0.134162338773	0.455394549946
0.0535863966845	3.94442212146e-12	2.45737037928e-08	0.145405568123	0.13414326239	0.455451010816
0.0535863966879	3.50923930369e-12	2.26006083586e-08	0.14542402171	0.134124808813	0.455505643725
0.0535863966908	3.12206792224e-12	2.07859304856e-08	0.145441872815	0.134106957716	0.455558507346
0.0535863966935	2.77761136414e-12	1.91169519032e-08	0.145459141101	0.134089689438	0.4556096585
0.0535863966959	2.47115730486e-12	1.75819753063e-08	0.145475845588	0.134072984957	0.455659152214
0.053586396698	2.19851325794e-12	1.61702424072e-08	0.145492004677	0.134056825875	0.455707041775
0.0535863966999	1.9559492332e-12	1.48718585649e-08	0.145507636169	0.134041194389	0.455753378784
0.0535863967015	1.74009197487e-12	1.36901037785e-08	0.145522757282	0.13402607328	0.455798213208
0.053586396703	1.54796617943e-12	1.26091014126e-08	0.145537370991	0.134011459575	0.45584155284
0.0535863967043	1.37705261622e-12	1.16134538011e-08	0.145551485827	0.133997344743	0.455883422001
0.0535863967055	1.22500937206e-12	1.06964218347e-08	0.145565118815	0.133983711759	0.455923870267
0.0535863967066	1.08975307777e-12	9.85179843956e-09	0.145578286397	0.133970544179	0.455962945568
0.0535863967075	9.69430367006e-13	9.07386657943e-09	0.145591004459	0.13395782612	0.456000694233
0.0535863967083	8.62392485594e-13	8.35736057245e-09	0.14560328834	0.133945542242	0.456037161048
0.0535863967091	7.67172703528e-13	7.69743046108e-09	0.145615152859	0.133933677724	0.456072389304
0.0535863967097	6.82461179561e-13	7.09220347102e-09	0.14562661233	0.133922218256	0.456106420846
0.0535863967103	6.07045975049e-13	6.54295114514e-09	0.145637676446	0.133911154142	0.456139283851
0.0535863967108	5.39964313796e-13	6.03623390138e-09	0.145648344142	0.133900486447	0.45617097457
0.0535863967113	4.80295349028e-13	5.56875791279e-09	0.145658629619	0.133890200971	0.456201534634
0.0535863967117	4.27219982506e-13	5.13748440116e-09	0.145668546568	0.133880284024	0.456231004204
0.0535863967121	3.80009622439e-13	4.73960988996e-09	0.14567810819	0.133870722403	0.456259422031
0.0535863967124	3.38016183431e-13	4.37254798605e-09	0.145687327213	0.13386150338	0.456286825499
0.0535863967127	3.00663191267e-13	4.03391257173e-09	0.145696215912	0.133852614682	0.456313250673
0.053586396713	2.67437870486e-13	3.72150229795e-09	0.145704786118	0.133844044477	0.456338732347
0.0535863967132	2.37942819691e-13	3.41105306471e-09	0.145713049242	0.133835781353	0.456363304086
0.0535863967134	2.11777893537e-13	3.11583075442e-09	0.145721070186	0.13382776041	0.456387158583
0.0535863967136	1.88485035915e-13	2.84996955094e-09	0.145728885557	0.13381994504	0.456410404466
0.0535863967137	1.6762702527e-13	2.63661374136e-09	0.145736490237	0.13381234036	0.456433026298
0.0535863967139	1.49077150202e-13	2.43922984117e-09	0.145743800683	0.133805029914	0.456454775303
0.053586396714	1.32579999581e-13	2.25662223457e-09	0.145750828278	0.13379800232	0.456475685063
0.0535863967141	1.17908424436e-13	2.08768480111e-09	0.145757583963	0.133791246635	0.456495787872
0.0535863967142	1.04860410765e-13	1.93139421734e-09	0.145764078258	0.13378475234	0.456515114791
0.0535863967143	9.32562983571e-14	1.78680375962e-09	0.145770321275	0.133778509324	0.456533695689
0.0535863967144	8.29363073251e-14	1.65303757082e-09	0.145776322735	0.133772507864	0.456551559292
0.0535863967145	7.37583383269e-14	1.52928535608e-09	0.145782091982	0.133766738617	0.456568733227
0.0535863967145	6.5596016177e-14	1.41479747547e-09	0.145787638002	0.133761192598	0.456585244059
0.0535863967146	5.83369499297e-14	1.30888040403e-09	0.145792969429	0.133755861171	0.456601117335
0.0535863967146	5.18811854791e-14	1.21089253146e-09	0.145798094566	0.133750736034	0.456616377624
0.0535863967147	4.61391857696e-14	1.12101201475e-09	0.145803021394	0.133745809206	0.45663104855
0.0535863967147	4.10267499256e-14	1.03974766297e-09	0.14580775426	0.13374107634	0.456645142925
0.0535863967148	3.64807891094e-14	9.64374211357e-10	0.145812291639	0.133736538961	0.456658656086
0.0535863967148	3.24385369599e-14	8.94464637484e-10	0.145816641604	0.133732188996	0.456671611963
0.0535863967148	2.88441815885e-14	8.29622871755e-10	0.145820811897	0.133728018703	0.4566840335
0.0535863967148	2.56480950491e-14	7.69481553947e-10	0.145824809938	0.133724020663	0.456695942702
0.0535863967149	2.2806148177e-14	7.13699952321e-10	0.14582864284	0.13372018776	0.45670736067
0.0535863967149	2.02791013386e-14	6.61962033551e-10	0.145832317424	0.133716513176	0.456718307637
0.0535863967149	1.8032062682e-14	6.13974672528e-10	0.14583584023	0.133712990371	0.456728803008
0.0535863967149	1.60340064114e-14	5.69465991919e-10	0.145839217525	0.133709613076	0.456738865386
0.0535863967149	1.42573444321e-14	5.28183822057e-10	0.145842455319	0.133706375281	0.456748512615
0.0535863967149	1.26775454578e-14	4.89894272463e-10	0.145845559375	0.133703271225	0.456757761801
0.053586396715	1.12727832635e-14	4.54405707265e-10	0.145848535216	0.133700295385	0.456766629349
0.053586396715	1.00223358757e-14	4.22384164599e-10	0.145851387975	0.133697442625	0.456775130505
0.053586396715	8.91059488128e-15	3.92619121833e-10	0.145854116576	0.133694714025	0.456783262013
0.053586396715	7.92217436955e-15	3.64951570635e-10	0.145856726421	0.13369210418	0.45679103993
0.053586396715	7.04339507845e-15	3.39233707138e-10	0.145859222678	0.133689607922	0.456798479617
0.053586396715	6.26209509162e-15	3.15328142455e-10	0.145861610292	0.133687220309	0.456805595771
0.053586396715	5.56746153267e-15	2.93107168829e-10	0.14586389399	0.133684936611	0.456812402448
0.053586396715	4.94988092769e-15	2.72452077475e-10	0.145866078295	0.133682752306	0.456818913098
0.053586396715	4.40080616541e-15	2.53252524497e-10	0.145868167532	0.133680663069	0.456825140585
0.053586396715	3.91263821406e-15	2.3540594147e-10	0.145870165839	0.133678664762	0.456831097215
0.053586396715	3.47862095811e-15	2.18816987558e-10	0.145872077173	0.133676753427	0.456836794761
0.053586396715	3.09274769983e-15	2.03397040233e-10	0.14587390532	0.133674925281	0.456842244484
0.053586396715	2.74967803169e-15	1.89063721882e-10	0.1458756539	0.133673176701	0.456847457157
0.053586396715	2.44462604107e-15	1.75874531876e-10	0.145877326375	0.133671504226	0.456852443085
0.053586396715	2.17321182529e-15	1.63770400711e-10	0.145878924814	0.133669905787	0.456857208416
0.053586396715	1.93193119932e-15	1.52499300315e-10	0.145880450811	0.13366837979	0.456861757887
0.053586396715	1.71743862029e-15	1.42003900517e-10	0.145881907649	0.133666922951	0.456866101272
0.053586396715	1.52675997694e-15	1.32230816601e-10	0.145883298463	0.133665532138	0.456870247902
0.053586396715	1.35725135269e-15	1.23130337788e-10	0.145884626245	0.133664204356	0.456874206685
0.053586396715	1.20656236677e-15	1.14656174403e-10	0.14588589385	0.133662936751	0.456877986127
0.053586396715	1.07260358535e-15	1.0676522244e-10	0.145887104007	0.133661726594	0.45688159435
0.053586396715	9.53517550601e-16	9.94173443322e-11	0.145888259319	0.133660571282	0.456885039107
0.053586396715	8.47653026193e-16	9.25751648007e-11	0.145889362271	0.13365946833	0.456888327801
0.053586396715	7.53542102033e-16	8.62038807616e-11	0.145890415236	0.133658415365	0.456891467499
0.053586396715	6.69879840908e-16	8.02710843074e-11	0.14589142048	0.133657410121	0.45689446495
0.053586396715	5.9550618476e-16	7.47465978737e-11	0.145892380165	0.133656450436	0.456897326596
0.053586396715	5.29381189276e-16	6.96579842399e-11	0.145893296357	0.133655534244	0.456900058587
0.053586396715	4.70560733395e-16	6.49654990817e-11	0.145894170312	0.133654660289	0.456902664671
0.053586396715	4.18275903702e-16	6.05891201339e-11	0.145895003273	0.133653827327	0.456905148544
0.053586396715	3.71800519734e-16	5.65075532595e-11	0.145895797164	0.133653033437	0.456907515937
0.053586396715	3.30489087346e-16	5.27009387603e-11	0.145896553815	0.133652276786	0.456909772311
0.053586396715	2.9376783367e-16	4.91507547499e-11	0.145897274975	0.133651555626	0.456911922869
0.053586396715	2.6112673816e-16	4.58397270369e-11	0.145897962308	0.133650868293	0.456913972575
0.053586396715	2.32112449073e-16	4.27517450768e-11	0.1458986174	0.133650213201	0.456915926155
0.053586396715	2.06321986978e-16	3.98717835869e-11	0.145899241764	0.133649588836	0.456917788118
0.053586396715	1.83397147882e-16	3.718582944e-11	0.145899836842	0.133648993759	0.456919562759
0.053586396715	1.63019528206e-16	3.46808134834e-11	0.145900404006	0.133648426595	0.456921254172
0.053586396715	1.44906102543e-16	3.234454695e-11	0.145900944567	0.133647886034	0.45692286626
0.053586396715	1.28805292768e-16	3.01656621535e-11	0.145901459772	0.133647370829	0.456924402743
0.053586396715	1.14492506386e-16	2.81452179779e-11	0.14590195081	0.133646879791	0.456925867165
0.053586396715	1.01762402258e-16	2.62850107807e-11	0.145902418617	0.133646411984	0.456927262316
0.053586396715	9.04477211796e-17	2.45477503077e-11	0.145902863836	0.133645966765	0.456928590112
0.053586396715	8.03910866944e-17	2.29253106713e-11	0.145903287558	0.133645543043	0.456929853803
0.053586396715	7.14526204973e-17	2.14101030422e-11	0.14590369082	0.13364513978	0.456931056484
0.053586396715	6.35079968805e-17	1.9995040155e-11	0.145904074611	0.13364475599	0.4569322011
0.053586396715	5.6446713498e-17	1.86735031584e-11	0.145904439871	0.13364439073	0.456933290454
0.053586396715	5.0170554398e-17	1.74393106575e-11	0.145904787493	0.133644043107	0.456934327215
0.053586396715	4.45922239421e-17	1.62866898011e-11	0.145905118331	0.13364371227	0.45693531392
0.053586396715	3.96341326157e-17	1.52102492804e-11	0.145905433194	0.133643397406	0.456936252987
0.053586396715	3.5227317837e-17	1.42049541123e-11	0.145905732854	0.133643097747	0.456937146714
0.053586396715	3.13104847592e-17	1.32661020886e-11	0.145906018045	0.133642812556	0.456937997292
0.053586396715	2.78291537201e-17	1.23893017831e-11	0.145906289466	0.133642541135	0.456938806803
0.053586396715	2.47349024854e-17	1.15704520104e-11	0.14590654778	0.133642282821	0.456939577229
0.053586396715	2.19830665399e-17	1.08208481281e-11	0.145906793622	0.133642036979	0.456940310458
0.053586396715	1.95367804245e-17	1.01227159832e-11	0.145907027249	0.133641803352	0.456941007258
0.053586396715	1.73627180032e-17	9.46962539617e-12	0.145907249198	0.133641581403	0.456941669229
0.053586396715	1.54305861443e-17	8.85867041665e-12	0.145907460052	0.133641370549	0.456942298111
0.053586396715	1.37134627401e-17	8.28713257698e-12	0.145907660365	0.133641170236	0.456942895559
0.053586396715	1.21874215794e-17	7.75246879656e-12	0.145907850665	0.133640979936	0.456943463143
0.053586396715	1.08311989645e-17	7.25230006644e-12	0.145908031453	0.133640799148	0.456944002356
0.053586396715	9.62589742635e-18	6.78440086403e-12	0.145908203203	0.133640627398	0.456944514616
0.053586396715	8.55472241072e-18	6.34668925069e-12	0.145908366368	0.133640464233	0.45694500127
0.053586396715	7.60274826579e-18	5.93721760815e-12	0.145908521376	0.133640309225	0.456945463598
0.053586396715	6.75671027042e-18	5.55416397265e-12	0.145908668636	0.133640161965	0.456945902817
0.053586396715	6.0048198056e-18	5.1958239281e-12	0.145908808535	0.133640022066	0.45694632008
0.053586396715	5.33660009356e-18	4.86060302229e-12	0.14590894144	0.133639889161	0.456946716487
0.053586396715	4.74273917735e-18	4.54705692573e-12	0.145909067702	0.133639762899	0.456947093078
0.053586396715	4.21481276769e-18	4.25615759598e-12	0.145909187651	0.13363964295	0.456947450841
0.053586396715	3.74565117357e-18	3.98386862533e-12	0.145909301533	0.133639529068	0.456947790512
0.053586396715	3.32871313901e-18	3.72899941273e-12	0.145909409657	0.133639420944	0.456948113005
0.053586396715	2.95818553076e-18	3.49043552584e-12	0.145909512312	0.133639318289	0.456948419189
0.053586396715	2.62890228936e-18	3.26713382824e-12	0.145909609776	0.133639220825	0.45694870989
0.053586396715	2.33627240185e-18	3.05811791822e-12	0.14590970231	0.133639128291	0.456948985889
0.053586396715	2.07621589199e-18	2.86247385947e-12	0.145909790165	0.133639040436	0.45694924793
0.053586396715	1.84510693563e-18	2.67934618485e-12	0.145909873577	0.133638957024	0.45694949672
0.053586396715	1.63972330795e-18	2.50793415584e-12	0.145909952771	0.13363887783	0.456949732928
0.053586396715	1.45720145788e-18	2.34748826125e-12	0.145910027959	0.133638802642	0.456949957191
0.053586396715	1.29499658324e-18	2.19730694001e-12	0.145910099345	0.133638731255	0.456950170112
0.053586396715	1.15084715011e-18	2.05673351349e-12	0.145910167121	0.13363866348	0.456950372266
0.053586396715	1.02274336148e-18	1.92515331421e-12	0.14591023147	0.133638599131	0.456950564196
0.053586396715	9.08899135875e-19	1.80199099814e-12	0.145910292564	0.133638538037	0.45695074642
0.053586396715	8.07727204998e-19	1.68670802898e-12	0.145910350568	0.133638480033	0.456950919429
0.053586396715	7.17816983367e-19	1.57880032341e-12	0.145910405639	0.133638424962	0.456951083688
0.053586396715	6.37914901312e-19	1.47779604692e-12	0.145910457925	0.133638372676	0.456951239641
0.053586396715	5.66906927163e-19	1.38325355074e-12	0.145910507566	0.133638323035	0.456951387706
0.053586396715	5.0380303493e-19	1.29475944065e-12	0.145910554697	0.133638275903	0.456951528284
0.053586396715	4.47723400925e-19	1.21192676943e-12	0.145910599445	0.133638231156	0.456951661752
0.053586396715	3.97886136867e-19	1.1343933449e-12	0.145910641929	0.133638188671	0.456951788471
0.053586396715	3.5359638845e-19	1.0618201462e-12	0.145910682265	0.133638148335	0.456951908781
0.053586396715	3.14236647373e-19	9.93889841414e-13	0.145910720562	0.133638110039	0.456952023007
0.053586396715	2.79258141764e-19	9.30305400021e-13	0.145910756921	0.13363807368	0.456952131456
0.053586396715	2.48173184951e-19	8.70788794098e-13	0.145910791441	0.133638039159	0.456952234421
0.053586396715	2.20548375918e-19	8.15079782633e-13	0.145910824216	0.133638006385	0.456952332178
0.053586396715	1.95998556629e-19	7.62934773599e-13	0.145910855334	0.133637975267	0.456952424992
0.053586396715	1.7418144198e-19	7.14125758836e-13	0.145910884877	0.133637945724	0.456952513112
0.053586396715	1.54792847507e-19	6.6843931707e-13	0.145910912927	0.133637917674	0.456952596776
0.053586396715	1.37562448301e-19	6.25675680708e-13	0.145910939558	0.133637891043	0.456952676208
0.053586396715	1.22250010019e-19	5.8564786235e-13	0.145910964842	0.133637865759	0.456952751623
0.053586396715	1.08642039425e-19	5.48180837166e-13	0.145910988847	0.133637841754	0.456952823225
0.053586396715	9.65488077688e-20	5.13110777589e-13	0.145911011639	0.133637818962	0.456952891205
0.053586396715	8.57826457281e-20	4.83018559201e-13	0.145911033277	0.133637797323	0.456952955748
0.053586396715	7.61931353766e-20	4.56025197305e-13	0.145911053701	0.1336377769	0.456953016666
0.053586396715	6.76756215965e-20	4.30540351917e-13	0.145911072915	0.133637757686	0.456953073977
0.053586396715	6.01102675572e-20	4.0647972004e-13	0.145911090992	0.133637739609	0.456953127894
0.053586396715	5.33906327992e-20	3.8376370992e-13	0.145911107998	0.133637722603	0.456953178619
0.053586396715	4.7422175675e-20	3.62317177764e-13	0.145911123997	0.133637706604	0.45695322634
0.053586396715	4.21209231998e-20	3.42069179164e-13	0.145911139049	0.133637691552	0.456953271235
0.053586396715	3.74122895975e-20	3.22952734419e-13	0.14591115321	0.133637677391	0.456953313473
0.053586396715	3.32300269197e-20	3.04904606967e-13	0.145911166532	0.133637664069	0.456953353209
0.053586396715	2.95152929729e-20	2.878650942e-13	0.145911179065	0.133637651536	0.456953390592
0.053586396715	2.62158234407e-20	2.71777829973e-13	0.145911190856	0.133637639745	0.456953425762
0.053586396715	2.32851965539e-20	2.56589598147e-13	0.145911201949	0.133637628652	0.456953458849
0.053586396715	2.06821799606e-20	2.42250156547e-13	0.145911212385	0.133637618215	0.456953489977
0.053586396715	1.83701506096e-20	2.28712070771e-13	0.145911222204	0.133637608397	0.456953519262
0.053586396715	1.63165794842e-20	2.15930557272e-13	0.14591123144	0.133637599161	0.456953546813
0.053586396715	1.4492573936e-20	2.03863335217e-13	0.14591124013	0.133637590471	0.456953572732
0.053586396715	1.28724711813e-20	1.92470486629e-13	0.145911248306	0.133637582295	0.456953597117
0.053586396715	1.14334772393e-20	1.8171432433e-13	0.145911255997	0.133637574604	0.456953620058
0.053586396715	1.01553462334e-20	1.71559267285e-13	0.145911263233	0.133637567368	0.45695364164
0.053586396715	9.02009554226e-21	1.61971722889e-13	0.14591127004	0.133637560561	0.456953661945
0.053586396715	8.01175279404e-21	1.52919975854e-13	0.145911276444	0.133637554157	0.456953681047
0.053586396715	7.11613114395e-21	1.44374083291e-13	0.145911282469	0.133637548132	0.456953699018
0.053586396715	6.32062967275e-21	1.3630577566e-13	0.145911288138	0.133637542463	0.456953715925
0.053586396715	5.61405609861e-21	1.28688363257e-13	0.14591129347	0.133637537131	0.456953731831
0.053586396715	4.98646930777e-21	1.21496647923e-13	0.145911298487	0.133637532114	0.456953746795
0.053586396715	4.42903948829e-21	1.14706839694e-13	0.145911303207	0.133637527394	0.456953760873
0.053586396715	3.93392389944e-21	1.08296478098e-13	0.145911307647	0.133637522954	0.456953774117
0.053586396715	3.49415652844e-21	1.02244357864e-13	0.145911311825	0.133637518776	0.456953786577
0.053586396715	3.10355008242e-21	9.65304587681e-14	0.145911315755	0.133637514846	0.4569537983
0.053586396715	2.75653120609e-21	9.12606604267e-14	0.145911319452	0.133637511149	0.456953809328
0.053586396715	2.44755329976e-21	8.66297942741e-14	0.145911322926	0.133637507675	0.456953819689
0.053586396715	2.17320853856e-21	8.22339134976e-14	0.145911326175	0.133637504426	0.45695382938
0.053586396715	1.92961491444e-21	7.80610941674e-14	0.145911329214	0.133637501387	0.456953838445
0.053586396715	1.71332555126e-21	7.4100017413e-14	0.145911332057	0.133637498544	0.456953846924
0.053586396715	1.5212799311e-21	7.03399387204e-14	0.145911334716	0.133637495885	0.456953854855
0.053586396715	1.35076058761e-21	6.67706587875e-14	0.145911337203	0.133637493398	0.456953862274
0.053586396715	1.19935465357e-21	6.33824958582e-14	0.145911339529	0.133637491072	0.456953869213
0.053586396715	1.06491971859e-21	6.01662594606e-14	0.145911341705	0.133637488896	0.456953875703
0.053586396715	9.45553513728e-22	5.71132254773e-14	0.145911343741	0.13363748686	0.456953881775
0.053586396715	8.39566994208e-22	5.42151124815e-14	0.145911345645	0.133637484956	0.456953887453
0.053586396715	7.45460439252e-22	5.14640592728e-14	0.145911347426	0.133637483175	0.456953892765
0.053586396715	6.61902230867e-22	4.88526035542e-14	0.145911349091	0.133637481509	0.456953897734
0.053586396715	5.87710011306e-22	4.63736616901e-14	0.14591135065	0.133637479951	0.456953902381
0.053586396715	5.21833952582e-22	4.40205094918e-14	0.145911352107	0.133637478494	0.456953906729
0.053586396715	4.63341901285e-22	4.17867639781e-14	0.14591135347	0.133637477131	0.456953910795
0.053586396715	4.11406188513e-22	3.9666366061e-14	0.145911354745	0.133637475856	0.456953914598
0.053586396715	3.65291918266e-22	3.76535641108e-14	0.145911355938	0.133637474663	0.456953918156
0.053586396715	3.24346568588e-22	3.57428983542e-14	0.145911357054	0.133637473547	0.456953921484
0.053586396715	2.87990758316e-22	3.39291860649e-14	0.145911358097	0.133637472504	0.456953924596
0.053586396715	2.55710048763e-22	3.22075075049e-14	0.145911359073	0.133637471527	0.456953927508
0.053586396715	2.27047664365e-22	3.05731925803e-14	0.145911359986	0.133637470614	0.456953930231
0.053586396715	2.01598029253e-22	2.90218081727e-14	0.14591136084	0.13363746976	0.456953932778
0.053586396715	1.79001028309e-22	2.75491461149e-14	0.145911361639	0.133637468962	0.456953935161
0.053586396715	1.58936911501e-22	2.61512117758e-14	0.145911362387	0.133637468214	0.45695393739
0.053586396715	1.41121769383e-22	2.48242132253e-14	0.145911363085	0.133637467515	0.456953939475
0.053586396715	1.25303515745e-22	2.3564550948e-14	0.145911363739	0.133637466862	0.456953941425
0.053586396715	1.11258320571e-22	2.23688080799e-14	0.145911364351	0.13363746625	0.456953943248
0.053586396715	9.8787442812e-23	2.12337411399e-14	0.145911364923	0.133637465678	0.456953944955
0.053586396715	8.77144181836e-23	2.01562712317e-14	0.145911365458	0.133637465143	0.45695394655
0.053586396715	7.78788092914e-23	1.91725387366e-14	0.145911365958	0.133637464643	0.456953948043
0.053586396715	6.91329510561e-23	1.82691612421e-14	0.145911366425	0.133637464176	0.456953949436
0.053586396715	6.13692603299e-23	1.74083493622e-14	0.14591136686	0.13363746374	0.456953950734
0.053586396715	5.44774388448e-23	1.65880974773e-14	0.145911367266	0.133637463335	0.456953951944
0.053586396715	4.8359574925e-23	1.58064944694e-14	0.145911367644	0.133637462957	0.45695395307
0.053586396715	4.29287524608e-23	1.50617192688e-14	0.145911367995	0.133637462605	0.45695395412
0.053586396715	3.81078160976e-23	1.43520366119e-14	0.145911368323	0.133637462278	0.456953955097
0.053586396715	3.38282750942e-23	1.36757929976e-14	0.145911368629	0.133637461972	0.456953956008
0.053586396715	3.00293302795e-23	1.30314128349e-14	0.145911368913	0.133637461688	0.456953956857
0.053586396715	2.66570102824e-23	1.2417394772e-14	0.145911369178	0.133637461423	0.456953957647
0.053586396715	2.36634047635e-23	1.18323081985e-14	0.145911369425	0.133637461176	0.456953958383
0.053586396715	2.10059837566e-23	1.12747899115e-14	0.145911369655	0.133637460946	0.456953959069
0.053586396715	1.86469934478e-23	1.07435409402e-14	0.145911369869	0.133637460732	0.456953959708
0.053586396715	1.65529198092e-23	1.0237323519e-14	0.145911370069	0.133637460532	0.456953960304
0.053586396715	1.46940124677e-23	9.7549582038e-15	0.145911370255	0.133637460346	0.456953960858
0.053586396715	1.30438620428e-23	9.29532112381e-15	0.145911370428	0.133637460173	0.456953961375
0.053586396715	1.15790249508e-23	8.85734136314e-15	0.145911370589	0.133637460012	0.456953961856
0.053586396715	1.02786903426e-23	8.43999846568e-15	0.14591137074	0.133637459861	0.456953962305
0.053586396715	9.12438444574e-24	8.04232005744e-15	0.14591137088	0.133637459721	0.456953962723
0.053586396715	8.09970810852e-24	7.66337958105e-15	0.14591137101	0.133637459591	0.456953963112
0.053586396715	7.19010381827e-24	7.30229413698e-15	0.145911371132	0.133637459469	0.456953963474
0.053586396715	6.37931869852e-24	7.08269834477e-15	0.145911371245	0.133637459356	0.456953963812
0.053586396715	5.65183484965e-24	6.96244523612e-15	0.145911371348	0.133637459252	0.456953964121
0.053586396715	5.00731170161e-24	6.84423383662e-15	0.145911371442	0.133637459159	0.456953964399
0.053586396715	4.43628859368e-24	6.72802948126e-15	0.145911371526	0.133637459075	0.45695396465
0.053586396715	3.93038373862e-24	6.61379809358e-15	0.145911371602	0.133637458999	0.456953964877
0.053586396715	3.48217119029e-24	6.50150617569e-15	0.14591137167	0.133637458931	0.45695396508
0.053586396715	3.08507184152e-24	6.39112079843e-15	0.145911371732	0.133637458869	0.456953965264
0.053586396715	2.73325685246e-24	6.28260959172e-15	0.145911371787	0.133637458814	0.45695396543
0.053586396715	2.42156209165e-24	6.17594073511e-15	0.145911371837	0.133637458764	0.456953965579
0.053586396715	2.14541233417e-24	6.07108294836e-15	0.145911371882	0.133637458718	0.456953965713
0.053586396715	1.90075410391e-24	5.96800548236e-15	0.145911371923	0.133637458678	0.456953965835
0.053586396715	1.68399617452e-24	5.86667811005e-15	0.14591137196	0.133637458641	0.456953965944
0.053586396715	1.49195685542e-24	5.76707111759e-15	0.145911371993	0.133637458608	0.456953966042
0.053586396715	1.3218172892e-24	5.66915529563e-15	0.145911372022	0.133637458578	0.456953966131
0.053586396715	1.17108007491e-24	5.57290193074e-15	0.145911372049	0.133637458552	0.456953966211
0.053586396715	1.03753260989e-24	5.47828279701e-15	0.145911372073	0.133637458527	0.456953966283
0.053586396715	9.19214611916e-25	5.38527014776e-15	0.145911372095	0.133637458506	0.456953966348
0.053586396715	8.14389345166e-25	5.29383670741e-15	0.145911372115	0.133637458486	0.456953966407
0.053586396715	7.21518127454e-25	5.20395566345e-15	0.145911372132	0.133637458468	0.456953966459
0.053586396715	6.39237744618e-25	5.11560065865e-15	0.145911372148	0.133637458452	0.456953966507
0.053586396715	5.66340797513e-25	5.02859722267e-15	0.145911372163	0.133637458438	0.45695396655
0.053586396715	5.01759243263e-25	4.94279310063e-15	0.145911372176	0.133637458425	0.456953966588
0.053586396715	4.44542118994e-25	4.85845307423e-15	0.145911372187	0.133637458413	0.456953966623
0.053586396715	3.9384963648e-25	4.7755521613e-15	0.145911372198	0.133637458403	0.456953966655
0.053586396715	3.48937771085e-25	4.69406580588e-15	0.145911372207	0.133637458393	0.456953966683
0.053586396715	3.09147341554e-25	4.61396987108e-15	0.145911372216	0.133637458385	0.456953966708
0.053586396715	2.73894335064e-25	4.5352406318e-15	0.145911372224	0.133637458377	0.456953966731
0.053586396715	2.42661335539e-25	4.45785476781e-15	0.145911372231	0.13363745837	0.456953966752
0.053586396715	2.14989929426e-25	4.3817893568e-15	0.145911372237	0.133637458364	0.456953966771
0.053586396715	1.90473977454e-25	4.30702186755e-15	0.145911372243	0.133637458358	0.456953966788
0.053586396715	1.68753653644e-25	4.23353015333e-15	0.145911372248	0.133637458353	0.456953966803
0.053586396715	1.49510164059e-25	4.16129244529e-15	0.145911372252	0.133637458349	0.456953966816
0.053586396715	1.32461067801e-25	4.09028734604e-15	0.145911372256	0.133637458345	0.456953966829
0.053586396715	1.1735613156e-25	4.02049382329e-15	0.14591137226	0.133637458341	0.45695396684
0.053586396715	1.0397365689e-25	3.95189120362e-15	0.145911372263	0.133637458337	0.45695396685
0.053586396715	9.21172262866e-26	3.88445916638e-15	0.145911372266	0.133637458334	0.456953966859
0.053586396715	8.16128203293e-26	3.81817773765e-15	0.145911372269	0.133637458332	0.456953966867
0.053586396715	7.23062635578e-26	3.75302728432e-15	0.145911372272	0.133637458329	0.456953966874
0.053586396715	6.40609616063e-26	3.68898850832e-15	0.145911372274	0.133637458327	0.456953966881
0.053586396715	5.67558963773e-26	3.62604244081e-15	0.145911372276	0.133637458325	0.456953966887
0.053586396715	5.02838498334e-26	3.56417043667e-15	0.145911372278	0.133637458323	0.456953966892
0.053586396715	4.45185711719e-26	3.54891873536e-15	0.145911372279	0.133637458322	0.456953966897
0.053586396715	3.94030761489e-26	3.54306229626e-15	0.145911372281	0.13363745832	0.456953966901
0.053586396715	3.48753872625e-26	3.53721552148e-15	0.145911372282	0.133637458319	0.456953966905
0.053586396715	3.08679614788e-26	3.53137839507e-15	0.145911372283	0.133637458318	0.456953966909
0.053586396715	2.73210169305e-26	3.52555090111e-15	0.145911372284	0.133637458317	0.456953966912
0.053586396715	2.41816411047e-26	3.51973302369e-15	0.145911372285	0.133637458316	0.456953966914
0.053586396715	2.14030015064e-26	3.51392474697e-15	0.145911372286	0.133637458315	0.456953966917
0.053586396715	1.89436470212e-26	3.50812605508e-15	0.145911372287	0.133637458314	0.456953966919
0.053586396715	1.67668895579e-26	3.50233693221e-15	0.145911372287	0.133637458314	0.456953966921
0.053586396715	1.48402567431e-26	3.49655736258e-15	0.145911372288	0.133637458313	0.456953966922
0.053586396715	1.31350075064e-26	3.49078733042e-15	0.145911372288	0.133637458313	0.456953966924
0.053586396715	1.16257033271e-26	3.48502681998e-15	0.145911372289	0.133637458312	0.456953966925
0.053586396715	1.02898287484e-26	3.47927581556e-15	0.145911372289	0.133637458312	0.456953966926
0.053586396715	9.10745549681e-27	3.47353430147e-15	0.145911372289	0.133637458312	0.456953966927
0.053586396715	8.06094519694e-27	3.46780226205e-15	0.14591137229	0.133637458311	0.456953966928
