0.0	0.100068918801	0.551958961816	0	0.0
2.3120402927e-24	0.100068918801	0.551958961816	1.78477170666e-16	1e-08
2.55103675407e-24	0.100068918801	0.551958961816	1.90573956678e-16	1.03333333333e-08
2.81473836817e-24	0.100068918801	0.551958961816	2.03490635964e-16	1.06777777778e-08
3.10569891578e-24	0.100068918801	0.551958961816	2.17282779068e-16	1.10337037037e-08
3.42673616296e-24	0.100068918801	0.551958961816	2.32009722983e-16	1.14014938272e-08
3.78095914929e-24	0.100068918801	0.551958961816	2.4773482643e-16	1.17815436214e-08
4.1717982969e-24	0.100068918801	0.551958961816	2.64525742443e-16	1.21742617421e-08
4.60303863197e-24	0.100068918801	0.551958961816	2.82454709431e-16	1.25800704668e-08
5.07885644018e-24	0.100068918801	0.551958961816	3.01598861959e-16	1.29994061491e-08
5.60385971146e-24	0.100068918801	0.551958961816	3.22040562603e-16	1.34327196874e-08
6.18313276534e-24	0.100068918801	0.551958961816	3.43867756291e-16	1.38804770103e-08
6.82228548934e-24	0.100068918801	0.551958961816	3.67174348661e-16	1.43431595773e-08
7.52750766715e-24	0.100068918801	0.551958961816	3.92060610071e-16	1.48212648965e-08
8.30562892266e-24	0.100068918801	0.551958961816	4.18633606976e-16	1.53153070598e-08
9.16418486056e-24	0.100068918801	0.551958961816	4.47007662559e-16	1.58258172951e-08
1.01114900437e-23	0.100068918801	0.551958961816	4.77304848577e-16	1.63533445383e-08
1.11567185146e-23	0.100068918801	0.551958961816	5.09655510536e-16	1.68984560229e-08
1.23099926395e-23	0.100068918801	0.551958961816	5.44198828473e-16	1.74617378903e-08
1.35824811379e-23	0.100068918801	0.551958961816	5.81083415736e-16	1.804379582e-08
1.49865072437e-23	0.100068918801	0.551958961816	6.20467958358e-16	1.86452556806e-08
1.6535668048e-23	0.100068918801	0.551958961816	6.62521897758e-16	1.92667642033e-08
1.82449661785e-23	0.100068918801	0.551958961816	7.07426159717e-16	1.99089896768e-08
2.01309550898e-23	0.100068918801	0.551958961816	7.55373934224e-16	2.0572622666e-08
2.22118993733e-23	0.100068918801	0.551958961816	8.06571502336e-16	2.12583767549e-08
2.45079516381e-23	0.100068918801	0.551958961816	8.61239127843e-16	2.19669893134e-08
2.7041347676e-23	0.100068918801	0.551958961816	9.19612003523e-16	2.26992222905e-08
2.98366218006e-23	0.100068918801	0.551958961816	9.81941262999e-16	2.34558630335e-08
3.29208444467e-23	0.100068918801	0.551958961816	1.04849506117e-15	2.42377251346e-08
3.63238843301e-23	0.100068918801	0.551958961816	1.11955972789e-15	2.50456493058e-08
4.00786977066e-23	0.100068918801	0.551958961816	1.19544099979e-15	2.58805042826e-08
4.42216475324e-23	0.100068918801	0.551958961816	1.27646533568e-15	2.67431877587e-08
4.87928556163e-23	0.100068918801	0.551958961816	1.36298132101e-15	2.76346273507e-08
5.38365911727e-23	0.100068918801	0.551958961816	1.45536116756e-15	2.85557815957e-08
5.94016995417e-23	0.100068918801	0.551958961816	1.55400231482e-15	2.95076409822e-08
6.5542075224e-23	0.100068918801	0.551958961816	1.65932913984e-15	3.04912290149e-08
7.23171838147e-23	0.100068918801	0.551958961816	1.77179478299e-15	3.15076033154e-08
7.97926378898e-23	0.100068918801	0.551958961816	1.89188309752e-15	3.25578567593e-08
8.80408324213e-23	0.100068918801	0.551958961816	2.02011073115e-15	3.36431186513e-08
9.71416458764e-23	0.100068918801	0.551958961816	2.15702934883e-15	3.47645559396e-08
1.07183213789e-22	0.100068918801	0.551958961816	2.30322800615e-15	3.5923374471e-08
1.18262782296e-22	0.100068918801	0.551958961816	2.45933568359e-15	3.71208202867e-08
1.30487649903e-22	0.100068918801	0.551958961816	2.62602399249e-15	3.83581809629e-08
1.43976206602e-22	0.100068918801	0.551958961816	2.80401006455e-15	3.9636786995e-08
1.58859080403e-22	0.100068918801	0.551958961816	2.99405963705e-15	4.09580132281e-08
1.75280402381e-22	0.100068918801	0.551958961816	3.19699034724e-15	4.23232803358e-08
1.93399202494e-22	0.100068918801	0.551958961816	3.41367525002e-15	4.37340563469e-08
2.13390949685e-22	0.100068918801	0.551958961816	3.64504657398e-15	4.51918582252e-08
2.35449251188e-22	0.100068918801	0.551958961816	3.89209973212e-15	4.66982534993e-08
2.59787727486e-22	0.100068918801	0.551958961816	4.15589760431e-15	4.82548619493e-08
2.86642081094e-22	0.100068918801	0.551958961816	4.43757511006e-15	4.98633573476e-08
3.16272379181e-22	0.100068918801	0.551958961816	4.7383440912e-15	5.15254692592e-08
3.48965572154e-22	0.100068918801	0.551958961816	5.05949852551e-15	5.32429849012e-08
3.85038272595e-22	0.100068918801	0.551958961816	5.4024200937e-15	5.50177510646e-08
4.24839821439e-22	0.100068918801	0.551958961816	5.76858412373e-15	5.68516761001e-08
4.6875567113e-22	0.100068918801	0.551958961816	6.15956593802e-15	5.87467319701e-08
5.17211118468e-22	0.100068918801	0.551958961816	6.57704763083e-15	6.07049563691e-08
5.70675423343e-22	0.100068918801	0.551958961816	7.02282530505e-15	6.27284549147e-08
6.29666353216e-22	0.100068918801	0.551958961816	7.49881679941e-15	6.48194034119e-08
6.94755197357e-22	0.100068918801	0.551958961816	8.00706993949e-15	6.69800501922e-08
7.66572299425e-22	0.100068918801	0.551958961816	8.54977134796e-15	6.9212718532e-08
8.45813161932e-22	0.100068918801	0.551958961816	9.1292558519e-15	7.15198091497e-08
9.33245181745e-22	0.100068918801	0.551958961816	9.74801652776e-15	7.3903802788e-08
1.02971508183e-21	0.100068918801	0.551958961816	1.04087154272e-14	7.6367262881e-08
1.13615711121e-21	0.100068918801	0.551958961816	1.11141950299e-14	7.89128383103e-08
1.2536020926e-21	0.100068918801	0.551958961816	1.18674904722e-14	8.1543266254e-08
1.38318740521e-21	0.100068918801	0.551958961816	1.26718426057e-14	8.42613751292e-08
1.52616799957e-21	0.100068918801	0.551958961816	1.35307119393e-14	8.70700876335e-08
1.68392855094e-21	0.100068918801	0.551958961816	1.44477935278e-14	8.99724238879e-08
1.85799686893e-21	0.100068918801	0.551958961816	1.54270328683e-14	9.29715046842e-08
2.05005869341e-21	0.100068918801	0.551958961816	1.64726428753e-14	9.60705548403e-08
2.26197401983e-21	0.100068918801	0.551958961816	1.7589122005e-14	9.92729066683e-08
2.49579511203e-21	0.100068918801	0.551958961816	1.8781273609e-14	1.02582003557e-07
2.75378637713e-21	0.100068918801	0.551958961816	2.00542265995e-14	1.06001403676e-07
3.03844629485e-21	0.100068918801	0.551958961816	2.14134575149e-14	1.09534783798e-07
3.3525316137e-21	0.100068918801	0.551958961816	2.28648140813e-14	1.13185943258e-07
3.69908404829e-21	0.100068918801	0.551958961816	2.44145403705e-14	1.16958808034e-07
4.08145973639e-21	0.100068918801	0.551958961816	2.60693036637e-14	1.20857434968e-07
4.503361741e-21	0.100068918801	0.551958961816	2.78362231357e-14	1.24886016134e-07
4.96887591208e-21	0.100068918801	0.551958961816	2.97229004831e-14	1.29048883338e-07
5.48251045543e-21	0.100068918801	0.551958961816	3.17374526284e-14	1.33350512783e-07
6.04923959177e-21	0.100068918801	0.551958961816	3.38885466413e-14	1.37795529875e-07
6.67455172883e-21	0.100068918801	0.551958961816	3.61854370262e-14	1.42388714205e-07
7.36450261309e-21	0.100068918801	0.551958961816	3.86380055373e-14	1.47135004678e-07
8.1257739758e-21	0.100068918801	0.551958961816	4.12568036918e-14	1.52039504834e-07
8.96573824123e-21	0.100068918801	0.551958961816	4.40530981657e-14	1.57107488329e-07
9.89252992387e-21	0.100068918801	0.551958961816	4.7038919265e-14	1.62344404606e-07
1.0915124406e-20	0.100068918801	0.551958961816	5.02271126834e-14	1.6775588476e-07
1.20434248585e-20	0.100068918801	0.551958961816	5.36313947667e-14	1.73347747585e-07
1.32883581466e-20	0.100068918801	0.551958961816	5.72664115246e-14	1.79126005838e-07
1.46619806499e-20	0.100068918801	0.551958961816	6.11478016405e-14	1.85096872699e-07
1.617759502e-20	0.100068918801	0.551958961816	6.52922637531e-14	1.91266768456e-07
1.78498790089e-20	0.100068918801	0.551958961816	6.97176282978e-14	1.97642327404e-07
1.96950276131e-20	0.100068918801	0.551958961816	7.44429342173e-14	2.04230404984e-07
2.1730909912e-20	0.100068918801	0.551958961816	7.94885108712e-14	2.11038085151e-07
2.3977242118e-20	0.100068918801	0.551958961816	8.48760654984e-14	2.18072687989e-07
2.64557785162e-20	0.100068918801	0.551958961816	9.06287766058e-14	2.25341777589e-07
2.91905221399e-20	0.100068918801	0.551958961816	9.67713936884e-14	2.32853170175e-07
3.22079572248e-20	0.100068918801	0.551958961816	1.03330343706e-13	2.40614942514e-07
3.5537305692e-20	0.100068918801	0.551958961816	1.10333844781e-13	2.48635440598e-07
3.92108101434e-20	0.100068918801	0.551958961816	1.17812027596e-13	2.56923288618e-07
4.32640461104e-20	0.100068918801	0.551958961816	1.25797065023e-13	2.65487398238e-07
4.77362665806e-20	0.100068918801	0.551958961816	1.34323310543e-13	2.7433697818e-07
5.26707821371e-20	0.100068918801	0.551958961816	1.43427446037e-13	2.83481544119e-07
5.81153803943e-20	0.100068918801	0.551958961816	1.53148639603e-13	2.92930928923e-07
6.41227887898e-20	0.100068918801	0.551958961816	1.63528714066e-13	3.0269529322e-07
7.07511852162e-20	0.100068918801	0.551958961816	1.7461232691e-13	3.12785136328e-07
7.80647614362e-20	0.100068918801	0.551958961816	1.86447162402e-13	3.23211307538e-07
8.61343447387e-20	0.100068918801	0.551958961816	1.99084136744e-13	3.3398501779e-07
9.50380838559e-20	0.1000689188	0.551958961816	2.12577617125e-13	3.45117851716e-07
1.04862205783e-19	0.1000689188	0.551958961816	2.2698565562e-13	3.56621780107e-07
1.15701850833e-19	0.1000689188	0.551958961816	2.42370238947e-13	3.68509172777e-07
1.27661994006e-19	0.1000689188	0.551958961816	2.58797555144e-13	3.80792811869e-07
1.40858461609e-19	0.1000689188	0.551958961816	2.76338278327e-13	3.93485905598e-07
1.55419052955e-19	0.1000689188	0.551958961816	2.95067872749e-13	4.06602102452e-07
1.71484778022e-19	0.1000689188	0.551958961816	3.15066917459e-13	4.20155505867e-07
1.89211223039e-19	0.1000689188	0.551958961816	3.36421452977e-13	4.34160689396e-07
2.08770057242e-19	0.1000689188	0.551958961816	3.59223351458e-13	4.48632712375e-07
2.30350695382e-19	0.1000689188	0.551958961816	3.83570711947e-13	4.63587136121e-07
2.54162132078e-19	0.1000689188	0.551958961816	4.09568282425e-13	4.79040040659e-07
2.80434965805e-19	0.1000689188	0.551958961816	4.37327910457e-13	4.95008042014e-07
3.09423632085e-19	0.1000689188	0.551958961816	4.66969024389e-13	5.11508310081e-07
3.41408867535e-19	0.1000689188	0.551958961816	4.98619147155e-13	5.28558587084e-07
3.7670042862e-19	0.1000689188	0.551958961816	5.32414444908e-13	5.46177206653e-07
4.15640091445e-19	0.1000689188	0.551958961816	5.68500312842e-13	5.64383113541e-07
4.58604961639e-19	0.1000689188	0.551958961816	6.07032000714e-13	5.83195883993e-07
5.06011126377e-19	0.1000689188	0.551958961815	6.48175280764e-13	6.02635746792e-07
5.58317683922e-19	0.1000689188	0.551958961815	6.92107160906e-13	6.22723605019e-07
6.16031189693e-19	0.1000689188	0.551958961815	7.39016646257e-13	6.43481058519e-07
6.79710561931e-19	0.1000689188	0.551958961815	7.89105552283e-13	6.64930427137e-07
7.49972494462e-19	0.1000689188	0.551958961815	8.4258937305e-13	6.87094774708e-07
8.27497428982e-19	0.1000689188	0.551958961815	8.99698208335e-13	7.09997933865e-07
9.13036144696e-19	0.1000689188	0.551958961815	9.60677753568e-13	7.3366453166e-07
1.00741702913e-18	0.1000689188	0.551958961815	1.02579035687e-12	7.58120016049e-07
1.11155410055e-18	0.1000689188	0.551958961815	1.09531614772e-12	7.8339068325e-07
1.22645585961e-18	0.1000689188	0.551958961815	1.16955424218e-12	8.09503706025e-07
1.35323505606e-18	0.1000689188	0.551958961815	1.24882402971e-12	8.36487162893e-07
1.49311946501e-18	0.1000689188	0.551958961814	1.33346654728e-12	8.64370068322e-07
1.64746377711e-18	0.1000689188	0.551958961814	1.42384594659e-12	8.93182403933e-07
1.81776271792e-18	0.1000689188	0.551958961814	1.52035106075e-12	9.2295515073e-07
2.00566552332e-18	0.1000689188	0.551958961814	1.62339707709e-12	9.53720322421e-07
2.2129919113e-18	0.1000689188	0.551958961814	1.73342732343e-12	9.85510999835e-07
2.44174970479e-18	0.100068918799	0.551958961814	1.85091517535e-12	1.0183613665e-06
2.69415427613e-18	0.100068918799	0.551958961814	1.97636609279e-12	1.05230674538e-06
2.97265000148e-18	0.100068918799	0.551958961813	2.11031979464e-12	1.08738363689e-06
3.27993393312e-18	0.100068918799	0.551958961813	2.25335258072e-12	1.12362975812e-06
3.61898191857e-18	0.100068918799	0.551958961813	2.40607981119e-12	1.16108408339e-06
3.99307741985e-18	0.100068918799	0.551958961813	2.56915855395e-12	1.19978688617e-06
4.40584331165e-18	0.100068918799	0.551958961812	2.7432904115e-12	1.23977978238e-06
4.86127696657e-18	0.100068918799	0.551958961812	2.92922453939e-12	1.28110577512e-06
5.36378896707e-18	0.100068918799	0.551958961812	3.12776086928e-12	1.32380930096e-06
5.91824581918e-18	0.100068918798	0.551958961812	3.33975355042e-12	1.36793627766e-06
6.53001708144e-18	0.100068918798	0.551958961811	3.56611462439e-12	1.41353415358e-06
7.20502736566e-18	0.100068918798	0.551958961811	3.80781794893e-12	1.4606519587e-06
7.94981371296e-18	0.100068918798	0.55195896181	4.06590338768e-12	1.50934035732e-06
8.77158890083e-18	0.100068918798	0.55195896181	4.34148128396e-12	1.55965170256e-06
9.67831129423e-18	0.100068918798	0.55195896181	4.63573723765e-12	1.61164009265e-06
1.06787619173e-17	0.100068918797	0.551958961809	4.94993720597e-12	1.66536142907e-06
1.17826294917e-17	0.100068918797	0.551958961809	5.28543294993e-12	1.7208734767e-06
1.30006042662e-17	0.100068918797	0.551958961808	5.64366784986e-12	1.77823592593e-06
1.43444815442e-17	0.100068918797	0.551958961808	6.02618311523e-12	1.83751045679e-06
1.58272759141e-17	0.100068918796	0.551958961807	6.43462441526e-12	1.89876080535e-06
1.74633472873e-17	0.100068918796	0.551958961806	6.87074895895e-12	1.96205283219e-06
1.92685399642e-17	0.100068918796	0.551958961806	7.33643305505e-12	2.02745459326e-06
2.12603360767e-17	0.100068918796	0.551958961805	7.83368018432e-12	2.09503641304e-06
2.34580248911e-17	0.100068918795	0.551958961804	8.36462961902e-12	2.16487096014e-06
2.58828896122e-17	0.100068918795	0.551958961803	8.93156562652e-12	2.23703332547e-06
2.85584134975e-17	0.100068918794	0.551958961802	9.53692729674e-12	2.31160110298e-06
3.15105072778e-17	0.100068918794	0.551958961801	1.01833190357e-11	2.38865447308e-06
3.47677600856e-17	0.100068918794	0.5519589618	1.08735217703e-11	2.46827628885e-06
3.83617163224e-17	0.100068918793	0.551958961799	1.16105049125e-11	2.55055216514e-06
4.23271811465e-17	0.100068918793	0.551958961798	1.23974391343e-11	2.63557057064e-06
4.6702557538e-17	0.100068918792	0.551958961797	1.3237710009e-11	2.72342292299e-06
5.15302182077e-17	0.100068918791	0.551958961796	1.41349325762e-11	2.81420368709e-06
5.68569159488e-17	0.100068918791	0.551958961794	1.50929668952e-11	2.90801047665e-06
6.27342364081e-17	0.10006891879	0.551958961793	1.61159346514e-11	3.0049441592e-06
6.921909766e-17	0.100068918789	0.551958961791	1.72082368888e-11	3.10510896451e-06
7.63743014213e-17	0.100068918789	0.551958961789	1.83745729445e-11	3.20861259665e-06
8.42691412453e-17	0.100068918788	0.551958961788	1.96199606662e-11	3.31556634987e-06
9.29800735859e-17	0.100068918787	0.551958961786	2.09497580002e-11	3.42608522819e-06
1.02591458229e-16	0.100068918786	0.551958961784	2.23696860423e-11	3.54028806912e-06
1.13196375261e-16	0.100068918785	0.551958961781	2.38858536517e-11	3.65829767141e-06
1.24897526496e-16	0.100068918784	0.551958961779	2.55047837324e-11	3.78024092712e-06
1.37808230066e-16	0.100068918783	0.551958961776	2.72334412963e-11	3.90624895801e-06
1.52053517847e-16	0.100068918782	0.551958961774	2.90792634284e-11	4.0364572566e-06
1.677713463e-16	0.10006891878	0.551958961771	3.10501912828e-11	4.17100583181e-06
1.85113932502e-16	0.100068918779	0.551958961768	3.31547042473e-11	4.31003935952e-06
2.04249228263e-16	0.100068918778	0.551958961764	3.54018564238e-11	4.45370733816e-06
2.25362546633e-16	0.100068918776	0.551958961761	3.78013155811e-11	4.60216424941e-06
2.48658356542e-16	0.100068918774	0.551958961757	4.03634047479e-11	4.75556972437e-06
2.74362262949e-16	0.100068918773	0.551958961753	4.30991466248e-11	4.91408871516e-06
3.0272319168e-16	0.100068918771	0.551958961749	4.60203110067e-11	5.07789167231e-06
3.34015800117e-16	0.100068918769	0.551958961744	4.91394654189e-11	5.24715472803e-06
3.68543137077e-16	0.100068918766	0.551958961739	5.24700291855e-11	5.4220598856e-06
4.06639577645e-16	0.100068918764	0.551958961734	5.6026331163e-11	5.60279521509e-06
4.48674061383e-16	0.100068918762	0.551958961728	5.98236713854e-11	5.78955505556e-06
4.95053665271e-16	0.100068918759	0.551958961722	6.38783868896e-11	5.98254022404e-06
5.46227545989e-16	0.100068918756	0.551958961716	6.82079219999e-11	6.18195823147e-06
6.02691289706e-16	0.100068918753	0.551958961709	7.28309033787e-11	6.38802350581e-06
6.64991711522e-16	0.10006891875	0.551958961702	7.7767220162e-11	6.60095762261e-06
7.33732151011e-16	0.100068918746	0.551958961694	8.3038109527e-11	6.82098954331e-06
8.09578315185e-16	0.100068918743	0.551958961686	8.86662480598e-11	7.04835586136e-06
8.93264725435e-16	0.100068918739	0.551958961677	9.46758493152e-11	7.28330105667e-06
9.85601830903e-16	0.100068918735	0.551958961668	1.01092767989e-10	7.52607775849e-06
1.08748385715e-15	0.10006891873	0.551958961658	1.0794461115e-10	7.77694701702e-06
1.19989746618e-15	0.100068918725	0.551958961647	1.15260857014e-10	8.03617858416e-06
1.32393131161e-15	0.10006891872	0.551958961635	1.23072981764e-10	8.30405120353e-06
1.46078658155e-15	0.100068918715	0.551958961623	1.31414594968e-10	8.5808529102e-06
1.61178863143e-15	0.100068918709	0.55195896161	1.40321584178e-10	8.86688134042e-06
1.77839981912e-15	0.100068918703	0.551958961596	1.49832269323e-10	9.16244405163e-06
1.96223366696e-15	0.100068918696	0.551958961581	1.59987567572e-10	9.4678588532e-06
2.16507048772e-15	0.100068918689	0.551958961565	1.70831169367e-10	9.78345414815e-06
2.38887462574e-15	0.100068918682	0.551958961548	1.82409726395e-10	1.01095692862e-05
2.63581348036e-15	0.100068918674	0.55195896153	1.94773052287e-10	1.04465549289e-05
2.90827849582e-15	0.100068918665	0.55195896151	2.07974336932e-10	1.07947734263e-05
3.20890832078e-15	0.100068918656	0.551958961489	2.22070375313e-10	1.11545992069e-05
3.54061436205e-15	0.100068918646	0.551958961467	2.3712181185e-10	1.15264191802e-05
3.9066089796e-15	0.100068918636	0.551958961444	2.53193401305e-10	1.19106331526e-05
4.31043659625e-15	0.100068918624	0.551958961418	2.70354287377e-10	1.23076542574e-05
4.75600802312e-15	0.100068918612	0.551958961391	2.8867830017e-10	1.27179093989e-05
5.24763833331e-15	0.1000689186	0.551958961363	3.08244273827e-10	1.31418397118e-05
5.79008865063e-15	0.100068918586	0.551958961332	3.29136385696e-10	1.35799010351e-05
6.38861225803e-15	0.100068918571	0.551958961299	3.51444518477e-10	1.40325644025e-05
7.04900547224e-15	0.100068918556	0.551958961264	3.7526464692e-10	1.45003165487e-05
7.77766377741e-15	0.100068918539	0.551958961226	4.00699250732e-10	1.4983660433e-05
8.58164376123e-15	0.100068918522	0.551958961186	4.27857755463e-10	1.54831157801e-05
9.46873145349e-15	0.100068918503	0.551958961144	4.56857003287e-10	1.59992196388e-05
1.04475177287e-14	0.100068918483	0.551958961098	4.87821755679e-10	1.65325269592e-05
1.15274815034e-14	0.100068918461	0.55195896105	5.20885230171e-10	1.70836111903e-05
1.27190815331e-14	0.100068918438	0.551958960998	5.5618967348e-10	1.76530648957e-05
1.40338576986e-14	0.100068918413	0.551958960942	5.93886973494e-10	1.82415003912e-05
1.54845427627e-14	0.100068918387	0.551958960883	6.34139312719e-10	1.8849550403e-05
1.70851856785e-14	0.100068918359	0.551958960819	6.77119866035e-10	1.94778687485e-05
1.88512876445e-14	0.100068918329	0.551958960752	7.23013545729e-10	2.01271310387e-05
2.07999522238e-14	0.100068918297	0.55195896068	7.72017797029e-10	2.0798035405e-05
2.29500509814e-14	0.100068918263	0.551958960603	8.24343447566e-10	2.14913032501e-05
2.53224062424e-14	0.100068918227	0.55195896052	8.80215614396e-10	2.22076800232e-05
2.79399927439e-14	0.100068918188	0.551958960433	9.3987467251e-10	2.29479360218e-05
3.08281601297e-14	0.100068918146	0.551958960339	1.00357728898e-09	2.37128672202e-05
3.40148784456e-14	0.100068918102	0.551958960239	1.0715975272e-09	2.45032961249e-05
3.75310090115e-14	0.100068918055	0.551958960132	1.14422802598e-09	2.53200726595e-05
4.14106032932e-14	0.100068918004	0.551958960018	1.22178125852e-09	2.61640750784e-05
4.56912326691e-14	0.10006891795	0.551958959896	1.30459087677e-09	2.70362109108e-05
5.04143522848e-14	0.100068917892	0.551958959765	1.39301314688e-09	2.79374179373e-05
5.56257025195e-14	0.100068917831	0.551958959626	1.4874284819e-09	2.88686651977e-05
6.13757519522e-14	0.100068917765	0.551958959478	1.58824307845e-09	2.98309540329e-05
6.77201861175e-14	0.100068917695	0.551958959319	1.69589066424e-09	3.08253191621e-05
7.47204467841e-14	0.10006891762	0.55195895915	1.81083436409e-09	3.18528297952e-05
8.24443269789e-14	0.10006891754	0.551958958969	1.93356869238e-09	3.2914590782e-05
9.09666275187e-14	0.100068917454	0.551958958777	2.06462168059e-09	3.40117438012e-05
1.00369881409e-13	0.100068917363	0.55195895857	2.20455714897e-09	3.51454685869e-05
1.1074515312e-13	0.100068917266	0.55195895835	2.35397713229e-09	3.6316984198e-05
1.22192920492e-13	0.100068917162	0.551958958116	2.51352446985e-09	3.75275503286e-05
1.34824047796e-13	0.100068917051	0.551958957865	2.68388557122e-09	3.87784686625e-05
1.48760859381e-13	0.100068916932	0.551958957597	2.86579336922e-09	4.00710842733e-05
1.64138324312e-13	0.100068916805	0.551958957311	3.06003047328e-09	4.14067870698e-05
1.81105363452e-13	0.10006891667	0.551958957006	3.26743253633e-09	4.27870132916e-05
1.99826291671e-13	0.100068916526	0.551958956679	3.48889184999e-09	4.42132470528e-05
2.20482409123e-13	0.100068916372	0.551958956331	3.72536118341e-09	4.56870219377e-05
2.43273757028e-13	0.100068916207	0.55195895596	3.97785788234e-09	4.72099226503e-05
2.68421054939e-13	0.100068916031	0.551958955563	4.24746824592e-09	4.87835867182e-05
2.96167838268e-13	0.100068915843	0.551958955139	4.53535220026e-09	5.04097062528e-05
3.26782816771e-13	0.100068915643	0.551958954686	4.84274828863e-09	5.20900297696e-05
3.60562476828e-13	0.100068915429	0.551958954203	5.17097900005e-09	5.38263640677e-05
3.97833952724e-13	0.1000689152	0.551958953687	5.52145645886e-09	5.56205761729e-05
4.38958194732e-13	0.100068914956	0.551958953136	5.89568850004e-09	5.74745953451e-05
4.84333464683e-13	0.100068914696	0.551958952547	6.29528515626e-09	5.93904151529e-05
5.34399192878e-13	0.100068914418	0.551958951919	6.72196558462e-09	6.13700956172e-05
5.89640233685e-13	0.100068914121	0.551958951248	7.17756546283e-09	6.3415765426e-05
6.50591561039e-13	0.100068913803	0.551958950532	7.66404488674e-09	6.55296242238e-05
7.17843449322e-13	0.100068913465	0.551958949767	8.18349680312e-09	6.77139449764e-05
7.92047189787e-13	0.100068913103	0.551958948951	8.73815601398e-09	6.99710764151e-05
8.73921397896e-13	0.100068912717	0.551958948078	9.33040879119e-09	7.23034455622e-05
9.64258972642e-13	0.100068912305	0.551958947147	9.96280314283e-09	7.47135603406e-05
1.06393477527e-12	0.100068911864	0.551958946153	1.06380597752e-08	7.72040122706e-05
1.17391410172e-12	0.100068911394	0.551958945091	1.13590837981e-08	7.97774792566e-05
1.29526203094e-12	0.100068910892	0.551958943958	1.21289772229e-08	8.24367284662e-05
1.42915373942e-12	0.100068910356	0.551958942748	1.29510523086e-08	8.51846193058e-05
1.57688588209e-12	0.100068909784	0.551958941455	1.38288458116e-08	8.80241064955e-05
1.73988914952e-12	0.100068909173	0.551958940075	1.47661342017e-08	9.09582432457e-05
1.91974212324e-12	0.10006890852	0.551958938601	1.57669499092e-08	9.39901845406e-05
2.11818656332e-12	0.100068907823	0.551958937028	1.68355986736e-08	9.71231905301e-05
2.33714427614e-12	0.100068907079	0.551958935348	1.79766780676e-08	0.000100360630036
2.57873572584e-12	0.100068906285	0.551958933554	1.91950972773e-08	0.000103705984173
2.84530056967e-12	0.100068905437	0.551958931638	2.04960982219e-08	0.000107162850095
3.13942031598e-12	0.100068904531	0.551958929593	2.18852781064e-08	0.000110734944858
3.46394332453e-12	0.100068903564	0.551958927409	2.33686135015e-08	0.000114426109422
3.82201239092e-12	0.100068902531	0.551958925077	2.49524860565e-08	0.000118240312777
4.21709518255e-12	0.100068901428	0.551958922587	2.66437099542e-08	0.000122181656214
4.65301782069e-12	0.100068900251	0.551958919928	2.84495612273e-08	0.000126254377733
5.13400193399e-12	0.100068898993	0.551958917089	3.03778090617e-08	0.000130462856598
5.66470554215e-12	0.100068897651	0.551958914057	3.24367492206e-08	0.000134811618052
6.2502681658e-12	0.100068896217	0.55195891082	3.46352397353e-08	0.000139305338176
6.89636059936e-12	0.100068894687	0.551958907364	3.69827390144e-08	0.000143948848921
7.60923982895e-12	0.100068893052	0.551958903673	3.94893465355e-08	0.000148747143304
8.39580962721e-12	0.100068891307	0.551958899732	4.21658462957e-08	0.000153705380772
9.26368741169e-12	0.100068889444	0.551958895524	4.50237532067e-08	0.000158828892757
1.02212780146e-11	0.100068887454	0.551958891031	4.80753626343e-08	0.000164123188401
1.12778550778e-11	0.10006888533	0.551958886233	5.13338032958e-08	0.000169593960486
1.24436508624e-11	0.100068883061	0.55195888111	5.48130937426e-08	0.000175247091551
1.37299553405e-11	0.100068880639	0.55195887564	5.85282026707e-08	0.00018108866022
1.51492255318e-11	0.100068878052	0.5519588698	6.24951133199e-08	0.000187124947737
1.67152061413e-11	0.10006887529	0.551958863563	6.67308922363e-08	0.000193362444717
1.84430626672e-11	0.100068872341	0.551958856903	7.12537626966e-08	0.000199807858132
2.03495282687e-11	0.100068869192	0.551958849793	7.60831831082e-08	0.000206468118514
2.24530658157e-11	0.10006886583	0.5519588422	8.12399307235e-08	0.000213350387416
2.47740466884e-11	0.10006886224	0.551958834093	8.67461910279e-08	0.000220462065103
2.7334948061e-11	0.100068858406	0.551958825436	9.2625653186e-08	0.000227810798518
3.01605705772e-11	0.100068854313	0.551958816192	9.89036119573e-08	0.000235404489497
3.32782785275e-11	0.100068849942	0.551958806322	1.05607076519e-07	0.00024325130327
3.67182648539e-11	0.100068845275	0.551958795783	1.12764886667e-07	0.00025135967724
4.05138435469e-11	0.100068840291	0.55195878453	1.20407836885e-07	0.000259738330052
4.47017722687e-11	0.10006883497	0.551958772514	1.28568808834e-07	0.000268396270971
4.93226083255e-11	0.100068829288	0.551958759683	1.37282912814e-07	0.000277342809567
5.44211014361e-11	0.100068823221	0.551958745983	1.46587638811e-07	0.000286587565728
6.00466271014e-11	0.100068816743	0.551958731354	1.56523017793e-07	0.000296140479996
6.62536647708e-11	0.100068809826	0.551958715734	1.67131793922e-07	0.000306011824267
7.31023254368e-11	0.10006880244	0.551958699055	1.78459608455e-07	0.000316212212822
8.0658933766e-11	0.100068794553	0.551958681246	1.90555196096e-07	0.000326752613753
8.89966704055e-11	0.100068786132	0.551958662229	2.03470594661e-07	0.000337644360743
9.81962806836e-11	0.10006877714	0.551958641924	2.17261368954e-07	0.000348899165264
1.08346856569e-10	0.100068767539	0.551958620242	2.31986849817e-07	0.00036052912916
1.19546699457e-10	0.100068757287	0.551958597091	2.47710389379e-07	0.000372546757663
1.31904272151e-10	0.10006874634	0.551958572371	2.64499633606e-07	0.000384964972839
1.45539249233e-10	0.100068734651	0.551958545975	2.82426813326e-07	0.000397797127478
1.60583676028e-10	0.100068722169	0.55195851779	3.01569054972e-07	0.000411057019456
1.77183247354e-10	0.100068708842	0.551958487695	3.22008712396e-07	0.000424758906564
1.95498718464e-10	0.100068694612	0.55195845556	3.4383372116e-07	0.000438917521843
2.15707461833e-10	0.100068679417	0.551958421248	3.67137976847e-07	0.00045354808942
2.38005184866e-10	0.100068663192	0.551958384609	3.92021739013e-07	0.00046866634088
2.62607825162e-10	0.100068645867	0.551958345487	4.1859206251e-07	0.000484288532174
2.89753641691e-10	0.100068627368	0.551958303714	4.46963258048e-07	0.000500431461104
3.19705522133e-10	0.100068607616	0.551958259109	4.77257383972e-07	0.000517112485376
3.52753528715e-10	0.100068586524	0.551958211481	5.09604771358e-07	0.000534349541265
3.89217707212e-10	0.100068564004	0.551958160625	5.44144584717e-07	0.000552161162897
4.29451186307e-10	0.100068539956	0.551958106323	5.81025420677e-07	0.000570566502176
4.73843597319e-10	0.100068514279	0.551958048339	6.20405947261e-07	0.000589585349371
5.22824847425e-10	0.100068486862	0.551957986426	6.62455586475e-07	0.000609238154396
5.76869282901e-10	0.100068457586	0.551957920316	7.07355243167e-07	0.000629546048793
6.36500282714e-10	0.100068426326	0.551957849726	7.5529808328e-07	0.000650530868445
7.02295326926e-10	0.100068392947	0.551957774351	8.06490364844e-07	0.000672215177058
7.74891589008e-10	0.100068357306	0.551957693867	8.61152325301e-07	0.000694622290411
8.54992106205e-10	0.100068319249	0.551957607929	9.19519128943e-07	0.00071777630142
9.43372587706e-10	0.100068278613	0.551957516166	9.81841878583e-07	0.000741702106043
1.04088892654e-09	0.100068235223	0.551957418183	1.04838869577e-06	0.000766425430034
1.14848548795e-09	0.100068188892	0.551957313559	1.11944587422e-06	0.000791972856603
1.26720425448e-09	0.100068139421	0.551957201845	1.19531911142e-06	0.000818371854985
1.39819491631e-09	0.100068086596	0.551957082558	1.27633482367e-06	0.000845650809969
1.54272600464e-09	0.100068030192	0.551956955187	1.36284155029e-06	0.000873839052409
1.70219717582e-09	0.100067969964	0.551956819182	1.45521145295e-06	0.000902966890742
1.87815276514e-09	0.100067905655	0.55195667396	1.55384191659e-06	0.000933065643574
2.07229674166e-09	0.100067836987	0.551956518895	1.65915725893e-06	0.000964167673331
2.28650920879e-09	0.100067763664	0.55195635332	1.77161055567e-06	0.000996306421043
2.52286461036e-09	0.100067685373	0.551956176523	1.89168558954e-06	0.00102951644228
2.78365181844e-09	0.100067601775	0.551955987744	2.01989893127e-06	0.0010638334443
3.07139629754e-09	0.10006751251	0.551955786169	2.15680216172e-06	0.0010992943244
3.38888455965e-09	0.100067417196	0.551955570932	2.30298424449e-06	0.00113593720957
3.7391911468e-09	0.100067315422	0.551955341107	2.45907405932e-06	0.00117380149748
4.12570840271e-09	0.10006720675	0.551955095706	2.62574310721e-06	0.00121292789878
4.55217932128e-09	0.100067090713	0.551954833672	2.80370839874e-06	0.00125335848087
5.02273379038e-09	0.100066966811	0.551954553878	2.99373553822e-06	0.00129513671306
5.54192858151e-09	0.100066834512	0.551954255121	3.1966420167e-06	0.00133830751332
6.11479147255e-09	0.100066693246	0.551953936115	3.41330072815e-06	0.00138291729648
6.74686993077e-09	0.100066542405	0.551953595488	3.6446437239e-06	0.00142901402411
7.44428482724e-09	0.100066381342	0.551953231775	3.89166622143e-06	0.00147664725603
8.21378970274e-09	0.100066209362	0.55195284341	4.15543088472e-06	0.00152586820354
9.06283615861e-09	0.100066025727	0.551952428724	4.43707239468e-06	0.00157672978442
9.9996460057e-09	0.100065829645	0.551951985933	4.73780232912e-06	0.00162928667973
1.10332908696e-08	0.100065620275	0.55195151313	5.05891437337e-06	0.00168359539257
1.21737800225e-08	0.100065396714	0.551951008284	5.40178988389e-06	0.00173971430868
1.34321572922e-08	0.100065158002	0.551950469221	5.76790382869e-06	0.00179770375916
1.4820607985e-08	0.100064903111	0.551949893623	6.15883113028e-06	0.00185762608522
1.63525768588e-08	0.100064630946	0.551949279014	6.57625343807e-06	0.00191954570507
1.80428982866e-08	0.100064340335	0.55194862275	7.0219663597e-06	0.00198352918308
1.99079398701e-08	0.100064030029	0.551947922007	7.49788718194e-06	0.00204964530116
2.19657608939e-08	0.100063698692	0.551947173773	8.00606311464e-06	0.00211796513259
2.4236287152e-08	0.1000633449	0.551946374827	8.54868009293e-06	0.00218856211821
2.67415038387e-08	0.100062967132	0.551945521734	9.12807217546e-06	0.00226151214524
2.95056683698e-08	0.100062563761	0.551944610824	9.74673157915e-06	0.0023368936286
3.25555451922e-08	0.100062133053	0.551943638177	1.04073193933e-05	0.002414787595
3.59206648534e-08	0.100061673157	0.551942599612	1.1112677019e-05	0.00249527776978
3.9633609837e-08	0.100061182093	0.55194149066	1.18658383834e-05	0.00257845066664
4.37303299259e-08	0.10006065775	0.551940306552	1.26700429805e-05	0.00266439568032
4.82504901465e-08	0.100060097873	0.551939042194	1.35287497946e-05	0.00275320518236
5.32378546537e-08	0.100059500054	0.551937692149	1.44456521664e-05	0.00284497461999
5.8740710271e-08	0.100058861723	0.551936250609	1.54246936653e-05	0.00293980261833
6.48123337779e-08	0.100058180134	0.551934711375	1.64700850354e-05	0.00303779108595
7.15115074616e-08	0.100057452357	0.551933067826	1.75863222886e-05	0.00313904532387
7.89030879147e-08	0.100056675261	0.551931312895	1.87782060211e-05	0.00324367413816
8.70586335748e-08	0.100055845507	0.551929439032	2.00508620379e-05	0.00335178995634
9.60570970684e-08	0.100054959525	0.55192743818	2.14097633708e-05	0.00346350894743
1.05985589046e-07	0.100054013507	0.551925301734	2.28607537869e-05	0.00357895114613
1.16940220886e-07	0.100053003385	0.551923020507	2.44100728855e-05	0.00369824058093
1.29027034401e-07	0.100051924818	0.551920584687	2.60643828929e-05	0.00382150540652
1.42363027531e-07	0.100050773168	0.551917983802	2.78307972674e-05	0.00394887804043
1.57077285902e-07	0.100049543484	0.551915206667	2.9716911239e-05	0.00408049530428
1.73312231194e-07	0.100048230481	0.551912241341	3.1730834411e-05	0.00421649856952
1.91224998346e-07	0.100046828516	0.551909075074	3.38812255657e-05	0.00435703390795
2.1098895488e-07	0.100045331563	0.551905694252	3.61773298203e-05	0.00450225224719
2.32795376994e-07	0.100043733189	0.55190208434	3.86290182917e-05	0.00465230953117
2.56855298587e-07	0.100042026524	0.551898229819	4.12468304397e-05	0.00480736688581
2.83401551021e-07	0.100040204236	0.551894114119	4.40420192676e-05	0.0049675907901
3.12691013268e-07	0.100038258496	0.551889719546	4.70265995732e-05	0.00513315325267
3.45007094118e-07	0.100036180942	0.551885027212	5.02133994537e-05	0.00530423199416
3.80662470326e-07	0.100033962652	0.551880016947	5.36161152843e-05	0.00548101063527
4.20002107049e-07	0.100031594096	0.551874667218	5.72493704029e-05	0.00566367889105
4.63406589616e-07	0.100029065102	0.551868955033	6.11287777484e-05	0.0058524327713
5.11295798651e-07	0.10002636481	0.551862855845	6.52710067189e-05	0.00604747478735
5.64132963865e-07	0.100023481624	0.551856343447	6.96938545306e-05	0.00624901416551
6.22429135429e-07	0.100020403166	0.551849389855	7.44163223794e-05	0.00645726706723
6.86748115842e-07	0.100017116221	0.551841965196	7.94586967252e-05	0.00667245681623
7.5771189959e-07	0.100013606682	0.551834037575	8.48426360408e-05	0.0068948141328
8.3600667272e-07	0.100009859488	0.551825572938	9.05912633899e-05	0.00712457737543
9.22389429793e-07	0.100005858561	0.55181653493	9.67292652214e-05	0.00736199279003
1.01769527154e-06	0.100001586738	0.551806884737	0.000103282996794	0.00760731476682
1.12284545297e-06	0.0999970256963	0.551796580922	0.000110280594672	0.00786080610526
1.23885625888e-06	0.0999921558783	0.551785579246	0.000117752096755	0.00812273828708
1.36684879137e-06	0.0999869564062	0.551773832481	0.000125729570356	0.00839339175765
1.50805976283e-06	0.0999814049944	0.551761290208	0.000134247248833	0.00867305621592
1.66385339704e-06	0.0999754778549	0.551747898601	0.000143341677373	0.00896203091314
1.83573455175e-06	0.0999691495965	0.5517336002	0.000153051868492	0.00926062496049
2.02536318733e-06	0.0999623931176	0.551718333665	0.000163419467926	0.00956915764587
2.23457031889e-06	0.0999551794916	0.551702033515	0.000174488931569	0.00988795876003
2.4653756029e-06	0.0999474778451	0.551684629851	0.000186307714193	0.0102173689322
2.72000672495e-06	0.0999392552273	0.551666048057	0.00019892647071	0.0105577399756
3.00092077153e-06	0.0999304764721	0.551646208485	0.0002123992708	0.0109094352423
3.31082778772e-06	0.0999211040499	0.551625026117	0.000226783827772	0.011272829989
3.65271674224e-06	0.0999110979104	0.551602410207	0.000242141742571	0.0116483117518
4.02988414409e-06	0.0999004153151	0.551578263892	0.000258538763908	0.0120362807329
4.44596557895e-06	0.0998890106583	0.551552483788	0.000276045065564	0.0124371501956
4.90497046046e-06	0.0998768352774	0.551524959552	0.000294735541942	0.0128513468723
5.41132032058e-06	0.0998638372504	0.551495573417	0.000314690123049	0.0132793113809
5.96989099571e-06	0.0998499611799	0.551464199695	0.000335994110132	0.0137214986532
6.5860590999e-06	0.0998351479644	0.551430704251	0.000358738533276	0.0141783783737
7.26575321564e-06	0.0998193345538	0.551394943939	0.00038302053233	0.0146504354288
8.01551027432e-06	0.0998024536897	0.551356766006	0.000408943762641	0.015138170367
8.84253764493e-06	0.0997844336297	0.551316007446	0.00043661882711	0.0156420998694
9.75478150001e-06	0.0997651978533	0.551272494329	0.000466163736206	0.0161627572308
1.07610020826e-05	0.0997446647503	0.55122604107	0.000497704397651	0.0167006928511
1.18708565584e-05	0.0997227472888	0.551176449662	0.000531375137568	0.017256474736
1.30949902033e-05	0.0996993526636	0.551123508856	0.000567319254992	0.0178306890087
1.44451367462e-05	0.0996743819215	0.551066993286	0.000605689611736	0.0184239404296
1.59342287676e-05	0.0996477295653	0.551006662539	0.000646649259694	0.0190368529253
1.75765191367e-05	0.099619283132	0.550942260172	0.000690372107771	0.0196700701262
1.93877145622e-05	0.0995889227468	0.55087351266	0.000737043630736	0.020324255911
2.13851224328e-05	0.0995565206497	0.550800128276	0.000786861622367	0.0210000949586
2.35878122304e-05	0.0995219406944	0.550721795909	0.000840036995395	0.0216982933054
2.60167929156e-05	0.0994850378175	0.550638183803	0.000896794630827	0.0224195789078
2.86952078124e-05	0.0994456574774	0.550548938218	0.000957374279328	0.023164702208
3.16485486554e-05	0.0994036350601	0.550453682011	0.00102203151744	0.0239344367022
3.49048906071e-05	0.0993587952528	0.550352013126	0.0010910387615	0.0247295795096
3.8495150213e-05	0.0993109513812	0.550243502999	0.0011646863422	0.0255509519398
4.24533684289e-05	0.0992599047118	0.550127694862	0.00124328364279	0.0263994000573
4.68170210365e-05	0.0992054437155	0.55000410195	0.001327160304	0.0272757952409
5.16273589525e-05	0.0991473432934	0.549872205598	0.00141666749873	0.0281810347343
5.69297811438e-05	0.0990853639621	0.54973145323	0.00151217927983	0.0291160421866
6.27742430736e-05	0.0990192509981	0.549581256234	0.00161409400372	0.030081768178
6.92157038315e-05	0.0989487335404	0.549420987714	0.00172283583345	0.0310791907287
7.63146153386e-05	0.0988735236508	0.549249980114	0.00183885632374	0.0321093157855
8.4137457265e-05	0.0987933153308	0.549067522717	0.00196263609133	0.033173177682
9.27573215552e-05	0.0987077834953	0.548872859003	0.00209468657319	0.0342718395693
0.000102254550718	0.0986165829034	0.54866518387	0.00223555187532	0.0354063938085
0.000112717434305	0.0985193470467	0.548443640711	0.00238581071446	0.0365779623219
0.000124242968281	0.0984156869954	0.548207318337	0.00254607845461	0.0377876968952
0.000136937682229	0.0983051902048	0.547955247755	0.00271700924022	0.0390367794228
0.00015091853963	0.0981874192835	0.547686398786	0.00289929822688	0.0403264220895
0.000166313916676	0.0980619107269	0.547399676529	0.0030936839102	0.0416578674786
0.000183264665309	0.0979281736185	0.547093917665	0.00330095055256	0.0430323885978
0.000201925266374	0.0977856883051	0.546767886598	0.00352193070674	0.0444512888119
0.000222465078937	0.0976339050506	0.546420271449	0.00375750783419	0.0459159016709
0.000245069691926	0.0974722426754	0.546049679882	0.0040086190148	0.047427590621
0.000269942384264	0.0973000871909	0.545654634789	0.00427625774343	0.0489877485855
0.000297305699669	0.0971167904379	0.545233569822	0.0045614768069	0.0505977974
0.00032740314209	0.09692166874	0.544784824798	0.00486539123351	0.0522591870873
0.000360500997514	0.0967140015887	0.544306640971	0.00518918130467	0.0539733949538
0.000396890287426	0.0964930303723	0.543797156198	0.00553409561629	0.0557419244894
0.000436888858604	0.0962579571694	0.543254400012	0.00590145417457	0.0575663040519
0.000480843613084	0.0960079436277	0.542676288626	0.00629265150778	0.0594480853133
0.000529132881057	0.0957421099511	0.542060619889	0.00670915977256	0.0613888414471
0.000582168938074	0.0954595340229	0.54140506824	0.00715253182893	0.0633901650317
0.000640400666185	0.095159250695	0.540707179674	0.00762440425439	0.0654536656452
0.00070431635653	0.0948402512784	0.539964366785	0.00812650026265	0.0675809671245
0.00077444664831	0.0945014832716	0.539173903932	0.00866063248728	0.0697737044613
0.000851367595979	0.0941418503695	0.538332922569	0.00922870558525	0.0720335203053
0.000935703852827	0.0937602128	0.537438406837	0.00983271860872	0.0743620610458
0.00102813195485	0.0933553880371	0.536487189456	0.0104747670875	0.0767609724383
0.00112938368375	0.0929261519476	0.535475948038	0.0111570447569	0.0792318947475
0.00124024948235	0.0924712404297	0.534401201891	0.0118818448583	0.0817764573721
0.00136158188878	0.0919893516066	0.533259309431	0.0126515609332	0.0843962729209
0.00149429894886	0.091479148644	0.532046466317	0.01346868702	0.0870929307087
0.0016393875575	0.0909392632613	0.53075870445	0.0143358171588	0.0898679896411
0.00179790667077	0.0903683000106	0.529391891956	0.0152556440974	0.0927229704595
0.00197099032044	0.0897648413983	0.527941734328	0.0162309570846	0.0956593473202
0.00215985035169	0.0891274539269	0.526403776889	0.0172646386295	0.0986785386848
0.00236577879323	0.0884546951311	0.524773408745	0.0183596600957	0.101781897501
0.00259014975666	0.0877451216817	0.523045868433	0.0195190759963	0.104970700663
0.00283442074961	0.086997298626	0.521216251449	0.0207460168443	0.108246137742
0.00310013327408	0.0862098098252	0.519279519875	0.0220436804161	0.111609298986
0.00338891256915	0.0853812696398	0.517230514305	0.0234153212772	0.115061162608
0.00370246634547	0.0845103359005	0.515063968301	0.024864238425	0.118602581364
0.00404258234822	0.083595724185	0.512774525573	0.0263937609045	0.122234268477
0.00441112457665	0.0826362233991	0.510356760113	0.0280072312626	0.125956782939
0.0048100279823	0.0816307126351	0.507805199454	0.0297079867161	0.129770514257
0.0052412914656	0.0805781792499	0.505114351258	0.0314993379311	0.133675666728
0.00570696899243	0.0794777380707	0.502278733364	0.0333845453288	0.137672243341
0.00620915865985	0.078328651595	0.499292907433	0.0353667928671	0.141760029421
0.00674998955435	0.0771303510081	0.496151516248	0.0374491592844	0.145938576177
0.00733160626764	0.0758824577935	0.492849324715	0.0396345868326	0.150207184293
0.00795615096555	0.0745848056599	0.489381264511	0.0419258475861	0.154564887777
0.00862574294565	0.0732374624549	0.485742482269	0.0443255074662	0.159010438269
0.00934245566863	0.071840751684	0.481928389258	0.0468358881966	0.163542290048
0.0101082913069	0.0703952732041	0.477934715885	0.0494590274851	0.168158586015
0.0109251529504	0.0689019225735	0.473757580087	0.0521966377946	0.17285714492
0.0117948146206	0.067361908612	0.469393532167	0.0550500641007	0.177635450012
0.0127188894296	0.0657767685274	0.464839621124	0.0580202413145	0.182490639668
0.0136987962457	0.0641483800763	0.460093456403	0.0611076519055	0.187419500134
0.0147357253543	0.0624789701631	0.455153269578	0.0643122844764	0.192418460724
0.0158306037023	0.0607711193094	0.450017975007	0.0676335940918	0.197483591811
0.0169840604087	0.059027761453	0.444687228376	0.0710704652357	0.20261060588
0.0181963933126	0.0572521786001	0.439161481968	0.0746211783251	0.207794861912
0.0194675374059	0.0554479899288	0.433442035428	0.0782833807426	0.213031373341
0.0207970360502	0.0536191350535	0.427531080745	0.0820540633596	0.218314819747
0.0221840159064	0.0517698512868	0.421431740182	0.0859295435054	0.223639562423
0.0236271665049	0.0499046448875	0.415148095878	0.0899054552832	0.228999663872
0.0251247253452	0.0480282564511	0.408685209962	0.0939767480508	0.234388911213
0.0266744693394	0.0461456207804	0.402049134097	0.0981376937581	0.239800843396
0.0282737133014	0.0442618217595	0.395246907544	0.102381903678	0.245228782044
0.0299195517023	0.0423817988946	0.388447973366	0.106702363086	0.250665865634
0.03160847602	0.0405107493431	0.381575641619	0.111089773294	0.256102918328
0.0333362012985	0.0386541411311	0.374563917245	0.115535108974	0.261531721337
0.0350982921757	0.0368170942028	0.367422650598	0.120029633555	0.266944988311
0.0368899535767	0.0350046169901	0.360162486111	0.124564173983	0.272335407987
0.038706076099	0.0332215509949	0.352794794755	0.129129193883	0.277695690313
0.0405412879482	0.0314725176455	0.345331595929	0.133714873609	0.28301861282
0.042390012378	0.0297618686558	0.337785469935	0.138311195806	0.288297066537
0.0442465294002	0.0280936410248	0.330169462462	0.142908034893	0.293524100733
0.046105040382	0.0264715176769	0.322496982734	0.147495248765	0.298692965819
0.0479597340544	0.024898794569	0.314781697132	0.152062770903	0.303797153775
0.0498049389338	0.0233782895756	0.307123012968	0.156600701093	0.30883043554
0.0516369435294	0.0219110184069	0.300047364815	0.161098281586	0.313785564535
0.0534482950712	0.0205005507813	0.292953511811	0.165537728963	0.318647375238
0.0552335759468	0.01914840043	0.285853124413	0.169910303347	0.323410633292
0.0569876554239	0.0178556635507	0.278757796079	0.17420775929	0.328070524693
0.058705740511	0.0166230252459	0.271678955622	0.17842241095	0.332622678711
0.0603834195616	0.0154507722701	0.264627784129	0.182547187314	0.337063185489
0.0620166979695	0.0143388114244	0.257615137693	0.186575676789	0.341388608346
0.0636020255679	0.0132866928164	0.250651476969	0.19050216078	0.345595990899
0.0651363155982	0.0122936371251	0.243746804371	0.194321636213	0.349682859225
0.0666169553611	0.0113585659678	0.236910609499	0.198029827196	0.353647219347
0.0680418088787	0.0104801344595	0.230151823158	0.201623186323	0.357487550385
0.0694099110261	0.00965636441169	0.224009951528	0.205098891181	0.361202793789
0.0707215373641	0.0088846769911	0.218369735579	0.208447173161	0.364783967913
0.0719734477579	0.00816448783708	0.212790403953	0.211660622625	0.368224170485
0.0731651088488	0.00749370976873	0.207277713802	0.214739339586	0.371524299395
0.0742964171543	0.00687016410266	0.201837010404	0.217684035459	0.374685694556
0.0753676685372	0.00629160740637	0.196473210567	0.220495989798	0.377710108705
0.0763795241107	0.00575575671312	0.191190791789	0.223177002744	0.380599675696
0.0773329736226	0.00526031285669	0.185993786863	0.225729344485	0.383356876928
0.0782292973141	0.00480298167769	0.180885783514	0.228155702952	0.385984506507
0.0790700271778	0.00438149294034	0.175869928643	0.230459130874	0.388485635745
0.0798569084435	0.003993616879	0.170948936655	0.232642993197	0.390863577509
0.0805918620133	0.00363717836354	0.16612510138	0.234710915741	0.393121850918
0.0812769484568	0.00331006873267	0.161400311056	0.236666735829	0.395264146818
0.0819143340548	0.00301025539273	0.15677606585	0.238514455479	0.397294294409
0.0825062592692	0.00273578931719	0.152253497422	0.240258197624	0.399216229347
0.0830550682772	0.00248478453082	0.147928237385	0.241902165684	0.401033963573
0.0835633376367	0.00225535453403	0.143830806382	0.243449623237	0.402750454832
0.0840329769127	0.00204600063402	0.139824916644	0.244903557233	0.404368341738
0.0844662567384	0.00185514422423	0.13591072104	0.246268464766	0.405891958571
0.0848654107498	0.00168130270615	0.132088134731	0.247548781439	0.407325606446
0.0852326202884	0.00152308813235	0.128356854615	0.24874885918	0.408673532715
0.0855700017963	0.00137920504428	0.124716378609	0.249872947519	0.409939912851
0.0858795967183	0.00124844765785	0.121166024537	0.250925178103	0.411128834755
0.0861629000388	0.00112988786313	0.116547292314	0.251909552233	0.412244285394
0.0864201415542	0.00102315825358	0.110939445373	0.252839094836	0.413300610368
0.086655660853	0.000926253355569	0.105586869332	0.253726197598	0.414311620854
0.0868711390495	0.000838312439452	0.100479794355	0.254572472504	0.415278921138
0.0870681481195	0.000758542747603	0.0956085840769	0.255379512137	0.416204089049
0.087248155027	0.000686215418072	0.0909637695162	0.2561488837	0.417088673396
0.0874125261636	0.000620661412463	0.0865360769619	0.256882124069	0.417934191781
0.0875625320016	0.000561267505019	0.0823164505532	0.257580735751	0.418742128735
0.0876993518765	0.000507472376624	0.0782960701871	0.258246183644	0.419513934166
0.0878240788262	0.000458762846433	0.0744663653374	0.258879892496	0.42025102208
0.0879377244294	0.000414670264614	0.0708190253096	0.259483244989	0.420954769558
0.088041223592	0.000374767082178	0.0673460064065	0.260057580349	0.421626515971
0.0881354392424	0.000338663607711	0.0640395364251	0.26060419343	0.422267562398
0.0882211669038	0.000306004955889	0.0608921168663	0.261124334186	0.422879171252
0.0882991391173	0.000276468188734	0.0578965231919	0.261619207501	0.423462566069
0.0883699721172	0.000249781185502	0.0547739922703	0.262089973295	0.424018931467
0.0884340754929	0.00022575492953	0.0515405282104	0.262539992675	0.424552079742
0.0884923457321	0.000204024847605	0.048495607552	0.262972625249	0.425065861923
0.0885452912169	0.000184377062593	0.0455853208624	0.263388504469	0.425560916339
0.0885932753182	0.000166654877475	0.0426627128381	0.26378862854	0.426038323215
0.088636870961	0.000150627856556	0.0399260429265	0.264175327712	0.4265007684
0.0886764712715	0.00013613528749	0.0373636886073	0.264549026658	0.426948675264
0.0887124352156	0.000123031444526	0.0349647237248	0.264910139599	0.427382457989
0.0887450904295	0.000111184234894	0.0327188812209	0.265259070192	0.427802521607
0.0887747199328	0.000100479673869	0.0305160765347	0.265596211478	0.428209262037
0.0888015399134	9.08294850844e-05	0.02836410361	0.265923031453	0.428604380489
0.0888258879736	8.21035498595e-05	0.0263632904979	0.266241002671	0.428989598649
0.0888479889835	7.42137885838e-05	0.0245031080844	0.266550353367	0.429365140185
0.0888680477204	6.70804385953e-05	0.0227737472473	0.266851307132	0.429731224873
0.0888862470832	6.06325289004e-05	0.0211408643237	0.267144082863	0.430088068608
0.0889027404938	5.48103962927e-05	0.0195917642362	0.26742923878	0.430436304111
0.0889177065985	4.95463435179e-05	0.0181559039164	0.267707468175	0.430776734794
0.0889312854371	4.47870432332e-05	0.0168250460656	0.267978933178	0.431109518629
0.088943603341	4.0484594629e-05	0.0155865903606	0.268243792771	0.43143481111
0.0889547753593	3.65955912005e-05	0.0144361251835	0.268502286932	0.431752868923
0.0889649091424	3.3079707046e-05	0.0133704350012	0.268754621308	0.432063908601
0.0889741003528	2.99012224766e-05	0.0123832940254	0.269000938783	0.432368071
0.0889824362299	2.70277231019e-05	0.0114714120228	0.269241379329	0.432665494748
0.0889899972274	2.44294855103e-05	0.0106300875216	0.269476028542	0.432956252405
0.0889968530144	2.20807985698e-05	0.00985039128853	0.269704942271	0.433240380512
0.0890030688542	1.99577310399e-05	0.00912781986102	0.269928258131	0.433518018087
0.0890087040308	1.80386403197e-05	0.00845819723585	0.270146110694	0.43378930178
0.08901381342	1.63036057039e-05	0.00784224169023	0.270358631532	0.434054365886
0.0890184456973	1.47350069931e-05	0.00727293150596	0.270565823827	0.434313185565
0.0890226440972	1.33172334794e-05	0.00674491570002	0.270767764168	0.434565828267
0.0890264489744	1.20357978213e-05	0.00625520389157	0.270964584111	0.434812431339
0.0890298969637	1.08776017602e-05	0.0058010215437	0.271156412069	0.435053129557
0.0890330213918	9.83077915414e-06	0.00538056052636	0.27134337337	0.435288055146
0.0890358528369	8.88449208937e-06	0.00499178364786	0.271525563991	0.435517304665
0.0890384181164	8.02925328606e-06	0.00463108147767	0.271703057826	0.435740947886
0.0890407420964	7.25630852561e-06	0.00429642889715	0.271875974983	0.43595911384
0.0890428473381	6.55774431e-06	0.00398594655038	0.272044432587	0.436171928982
0.0890447543095	5.92640728757e-06	0.0036978903988	0.272208544849	0.436379517227
0.089046481547	5.35584136552e-06	0.00343027307964	0.272368423123	0.436581999982
0.0890480454103	4.84036000345e-06	0.00318013544061	0.272524192979	0.436779517753
0.0890494617874	4.37447783718e-06	0.00294823087456	0.272676054222	0.436972306463
0.0890507445165	3.95342459195e-06	0.00273323124594	0.272824104385	0.437160473497
0.0890519058035	3.57300047399e-06	0.00253130237814	0.272968438615	0.437344124082
0.0890529568872	3.22935280142e-06	0.00234286890006	0.273109298524	0.437523550966
0.0890539087247	2.91874970164e-06	0.00216845860995	0.273246857972	0.437698962077
0.0890547706469	2.63801470345e-06	0.00200702841153	0.273381193937	0.437870442795
0.0890555503376	2.38452793679e-06	0.00185273521302	0.273512381628	0.438038076889
0.0890562558486	2.15556812364e-06	0.00170878991465	0.273640844711	0.43820239469
0.0890568947484	1.9485893522e-06	0.00157602599083	0.273766760691	0.438363613541
0.0890574733054	1.76148184272e-06	0.001453575172	0.273890179858	0.438521788707
0.0890579968896	1.59243844389e-06	0.0013357449836	0.274011151524	0.438676974592
0.0890584695633	1.440083794e-06	0.00122294525916	0.274130165018	0.438829791231
0.0890588977159	1.3023041114e-06	0.0011196700962	0.274247722075	0.438980877047
0.089059285533	1.17770528021e-06	0.0010251153972	0.274363840423	0.439130249976
0.0890596368076	1.06502650439e-06	0.000938544930358	0.27447853758	0.439277927805
0.0890599434245	9.66822010524e-07	0.000791430044754	0.27459183085	0.439423928174
0.0890602193422	8.78582839e-07	0.000659750322137	0.274713780787	0.439581229157
0.0890604704786	7.98399618793e-07	0.000549983150238	0.274846699257	0.439752849637
0.0890606990933	7.2553687966e-07	0.000458481839126	0.274991570336	0.439940107024
0.0890609072398	6.59326290375e-07	0.000382206595935	0.275149465921	0.440144442547
0.0890610967839	5.99160530905e-07	0.000318623523687	0.275321553488	0.440367433387
0.0890612694216	5.44487723699e-07	0.000265620428272	0.275509104501	0.440610806093
0.0890614293023	4.9398472289e-07	0.000232151089675	0.275713503561	0.440876451428
0.0890615787919	4.46899064034e-07	0.000212785800079	0.275925656186	0.441152627043
0.089061715724	4.03896228768e-07	0.000197208594729	0.276135062366	0.441425681487
0.0890618398228	3.65036817732e-07	0.000182589242551	0.276339282474	0.441692409178
0.0890619515734	3.3014269653e-07	0.000166975279158	0.276538646059	0.441953209807
0.0890620529225	2.98583845964e-07	0.000152696402002	0.276735819052	0.442211549947
0.0890621449373	2.70010026422e-07	0.000140585030354	0.276930825421	0.442467448587
0.0890622288402	2.44026192713e-07	0.000130294968485	0.277122371523	0.442719191974
0.0890623048733	2.20542410374e-07	0.000120757899505	0.27730916871	0.442965062812
0.0890623734729	1.99409543298e-07	0.000110866823412	0.27749133432	0.443205188895
0.0890624356002	1.80319075607e-07	0.000101676555245	0.277670746123	0.44344202501
0.0890624919211	1.63056062976e-07	9.32480274877e-05	0.277847652237	0.44367588456
0.0890625427374	1.47518517101e-07	8.45999073697e-05	0.278022087539	0.443906800458
0.0890625888833	1.33443346227e-07	7.76199079899e-05	0.278196034456	0.44413738951
0.0890626310921	1.20600556719e-07	7.19396908788e-05	0.278367540235	0.444365055704
0.0890626693313	1.08993544053e-07	6.66753168177e-05	0.278534788504	0.444587370343
0.0890627039684	9.85045496673e-08	6.17568518413e-05	0.278697883957	0.444804450805
0.0890627352043	8.90671006787e-08	5.6713956115e-05	0.278857032012	0.445016549987
0.089062763511	8.05337465793e-08	5.2082805137e-05	0.279013733257	0.445225651963
0.0890627891544	7.28202447399e-08	4.77454030801e-05	0.279168025203	0.445431795102
0.0890628118191	6.60171849551e-08	4.27304193849e-05	0.27932021763	0.445635382599
0.0890628330343	5.96630784609e-08	3.96040753198e-05	0.279474380668	0.445841859206
0.0890628522495	5.39204633969e-08	3.67064239049e-05	0.279624711994	0.446043449535
0.0890628696525	4.87304709596e-08	3.40211750605e-05	0.279771306592	0.446240263049
0.0890628854133	4.40399595955e-08	3.15323482496e-05	0.279914255188	0.446432404482
0.0890628996859	3.98008700964e-08	2.92255593658e-05	0.280053648138	0.446619979008
0.0890629125372	3.59914155409e-08	2.67598720547e-05	0.280189573665	0.44680308983
0.0890629241699	3.25497815231e-08	2.44754845834e-05	0.280323818126	0.446984132345
0.0890629347103	2.94372316721e-08	2.23860944944e-05	0.280456559821	0.447163340373
0.0890629443091	2.66080493856e-08	2.07108742154e-05	0.280587815533	0.447340730414
0.0890629530152	2.40467346035e-08	1.91961429858e-05	0.280716058186	0.447514229351
0.0890629608977	2.1731942998e-08	1.7792276544e-05	0.280841106961	0.447683579832
0.0890629680342	1.96399393988e-08	1.64912092184e-05	0.28096304053	0.447848875751
0.089062974495	1.77492977216e-08	1.52852682963e-05	0.281081935196	0.44801020849
0.0890629803397	1.60418190806e-08	1.4107410017e-05	0.281197866536	0.448167669116
0.0890629856028	1.45067686691e-08	1.29190296849e-05	0.281311397327	0.448322011979
0.0890629903699	1.31186005432e-08	1.18307502256e-05	0.28142351052	0.448474566423
0.0890629946903	1.18625377586e-08	1.08727502613e-05	0.281534223779	0.44862535147
0.0890629986245	1.07205267066e-08	1.00779427521e-05	0.281643160274	0.448773848279
0.0890630021856	9.68844638618e-09	9.3412283311e-06	0.281749377751	0.448918764522
0.0890630054088	8.7557111307e-09	8.65848095387e-06	0.281852943947	0.449060183342
0.0890630083259	7.91276134306e-09	8.02566283048e-06	0.281953923474	0.449198184129
0.0890630109661	7.15095831945e-09	7.43908922965e-06	0.282052380366	0.449332845975
0.0890630133555	6.46248745294e-09	6.89548851591e-06	0.282148377533	0.449464246909
0.0890630155178	5.8402912888e-09	6.39164289531e-06	0.282241974812	0.4495924612
0.0890630174746	5.27799377685e-09	5.9246083122e-06	0.28233323152	0.449717562833
0.0890630192406	4.77114613132e-09	5.44987928568e-06	0.282422206095	0.449839624993
0.0890630208346	4.31428920572e-09	4.99638293204e-06	0.282509644428	0.449959665366
0.0890630222777	3.90117630846e-09	4.58062106731e-06	0.282595888018	0.450078148882
0.0890630235869	3.52684544179e-09	4.22909087599e-06	0.282680953165	0.450195094602
0.089063024776	3.18726544925e-09	3.92025040391e-06	0.282764250406	0.450309688043
0.089063025852	2.88037914199e-09	3.6339614082e-06	0.282845460189	0.450421484302
0.0890630268254	2.60303803681e-09	3.36863158836e-06	0.282924634751	0.450530549751
0.0890630277062	2.35239677113e-09	3.12270649517e-06	0.283001823752	0.450636947525
0.089063028503	2.12588747816e-09	2.89473458324e-06	0.283077076027	0.450740739917
0.0890630292239	1.92118203069e-09	2.68353237605e-06	0.28315044007	0.450841989034
0.0890630298761	1.73618666888e-09	2.48773819446e-06	0.2832219596	0.45094075066
0.0890630304661	1.56900376658e-09	2.30622810281e-06	0.283291680933	0.451037084414
0.0890630309998	1.4179183761e-09	2.1379601373e-06	0.283359649224	0.451131048564
0.0890630314826	1.28138064453e-09	1.98196832887e-06	0.283425908498	0.451222700045
0.0890630319193	1.15798992248e-09	1.83735716174e-06	0.283490501676	0.451312094494
0.0890630323135	1.04672286564e-09	1.69542903953e-06	0.283553470605	0.45139928627
0.08906303267	9.46177584693e-10	1.5639007577e-06	0.283615154961	0.45148474265
0.0890630329926	8.55289958732e-10	1.44257559982e-06	0.283675604631	0.451568530151
0.0890630332844	7.73132393602e-10	1.33066213006e-06	0.283734844301	0.451650680517
0.0890630335484	6.98866382543e-10	1.22743029719e-06	0.283792898168	0.451731224926
0.0890630337873	6.31733950777e-10	1.13220667404e-06	0.283849789941	0.451810193991
0.0890630340038	5.70939740103e-10	1.04885375967e-06	0.28390554286	0.451887617774
0.0890630341997	5.15953612825e-10	9.72506093415e-07	0.283959935826	0.451963186898
0.089063034377	4.66262820574e-10	9.01715493472e-07	0.284012950262	0.452036873046
0.0890630345372	4.21357438808e-10	8.36077519462e-07	0.284064621073	0.452108722302
0.0890630346822	3.8077664327e-10	7.75217162312e-07	0.28411498228	0.45217877966
0.0890630348133	3.44103982622e-10	7.18786702883e-07	0.284164067046	0.452247089055
0.0890630349313	3.11102044141e-10	6.58877396422e-07	0.284211907696	0.452313693379
0.0890630350377	2.81371764034e-10	6.01457000804e-07	0.284259093314	0.452379411227
0.0890630351341	2.54482595102e-10	5.49040637084e-07	0.284305844213	0.452444548574
0.0890630352215	2.30083803466e-10	5.06420611708e-07	0.284352164395	0.45250911032
0.089063035301	2.07922319082e-10	4.69630567761e-07	0.284397568689	0.452572419181
0.0890630353729	1.87894982045e-10	4.35534470371e-07	0.284441814696	0.452634135578
0.0890630354379	1.69796285945e-10	4.03922393733e-07	0.284484929744	0.452694295912
0.0890630354966	1.53440846307e-10	3.74604661061e-07	0.284526941732	0.452752937475
0.0890630355498	1.3866034283e-10	3.47448266641e-07	0.284567878858	0.452810098072
0.0890630355979	1.25302918122e-10	3.22278088407e-07	0.284607764637	0.452865809058
0.0890630356413	1.13232190525e-10	2.98931214209e-07	0.284646623728	0.452920103466
0.0890630356806	1.02324220747e-10	2.77275575031e-07	0.284684482541	0.452973016853
0.0890630357161	9.24670070623e-11	2.57188667223e-07	0.284721366806	0.45302458391
0.0890630357482	8.35593355954e-11	2.38556859804e-07	0.284757301593	0.453074838476
0.0890630357773	7.55095655573e-11	2.21303246057e-07	0.284792311328	0.453123813561
0.0890630358035	6.82345081843e-11	2.0532212284e-07	0.284826415341	0.453171535111
0.0890630358273	6.16603511556e-11	1.90495001584e-07	0.284859632695	0.45321802876
0.0890630358487	5.57195704968e-11	1.76738556618e-07	0.284891986428	0.453263325759
0.0890630358682	5.03511470826e-11	1.63975478374e-07	0.284923498981	0.453307456584
0.0890630358857	4.54999400392e-11	1.52134039072e-07	0.284954192212	0.453350450949
0.0890630359015	4.1119055691e-11	1.40568092426e-07	0.284984087411	0.45339233783
0.0890630359158	3.71794117498e-11	1.28961856977e-07	0.285013327414	0.453433316611
0.0890630359287	3.36172217556e-11	1.18313891514e-07	0.285042145481	0.453473713658
0.0890630359404	3.03873386955e-11	1.09436980029e-07	0.285070547697	0.453513537089
0.089063035951	2.74587071623e-11	1.01593318795e-07	0.285098303811	0.45355246355
0.0890630359606	2.48123195601e-11	9.43118130886e-08	0.285125321584	0.453590363022
0.0890630359693	2.24209758651e-11	8.75521753245e-08	0.285151620647	0.453627262367
0.0890630359771	2.02600972224e-11	8.12770049746e-08	0.28517722011	0.453663187758
0.0890630359842	1.83074733671e-11	7.54515816963e-08	0.285202138575	0.453698164692
0.0890630359906	1.65430343821e-11	7.00436732842e-08	0.28522639415	0.453732218012
0.0890630359964	1.49486444494e-11	6.50233573804e-08	0.285250004461	0.45376537192
0.0890630360016	1.35079154736e-11	6.03628559593e-08	0.285272986667	0.453797649992
0.0890630360064	1.22059755527e-11	5.60530745438e-08	0.285295357471	0.453829075197
0.0890630360107	1.10291432068e-11	5.20738803901e-08	0.285317126536	0.453859660642
0.0890630360145	9.96577192168e-12	4.83771591831e-08	0.285338300014	0.453889414523
0.089063036018	9.00492297225e-12	4.49428597556e-08	0.285358894193	0.453918359301
0.0890630360212	8.13671219272e-12	4.17523541759e-08	0.285378924917	0.453946516838
0.089063036024	7.35220831541e-12	3.87883367344e-08	0.285398407597	0.453973908413
0.0890630360266	6.64334110912e-12	3.60347300988e-08	0.285417357222	0.454000554738
0.089063036029	6.00281837273e-12	3.34765981295e-08	0.285435788371	0.45402647597
0.0890630360311	5.42405093046e-12	3.11000648815e-08	0.285453715226	0.454051691728
0.089063036033	4.9010836903e-12	2.88926183864e-08	0.285471151581	0.454076221107
0.0890630360347	4.42830691762e-12	2.68680021841e-08	0.285488110625	0.454100082371
0.0890630360362	4.00113511356e-12	2.4985254828e-08	0.285504588508	0.454123269824
0.0890630360377	3.61516923627e-12	2.32344356499e-08	0.285520598879	0.454145802399
0.0890630360389	3.26643456169e-12	2.16063004834e-08	0.285536154998	0.454167698504
0.0890630360401	2.95133975674e-12	2.00922528669e-08	0.285551269748	0.454188976035
0.0890630360411	2.6666398998e-12	1.86842986635e-08	0.285565955651	0.454209652387
0.0890630360421	2.40940306784e-12	1.73750038617e-08	0.285580224869	0.454229744474
0.0890630360429	2.17698014627e-12	1.61574553311e-08	0.285594089223	0.454249268734
0.0890630360437	1.96697755058e-12	1.5025224328e-08	0.285607560197	0.454268241149
0.0890630360444	1.77721217707e-12	1.39813300925e-08	0.285620648951	0.454286677255
0.089063036045	1.60566557829e-12	1.30179123291e-08	0.285633357997	0.454304580421
0.0890630360456	1.45067739109e-12	1.21208798193e-08	0.285645690131	0.454321954416
0.0890630360461	1.3106493562e-12	1.12856583571e-08	0.285657656528	0.454338814826
0.0890630360465	1.18413747873e-12	1.05079889041e-08	0.285669268032	0.454355176783
0.0890630360469	1.06983713891e-12	9.78390587589e-09	0.285680535168	0.454371054973
0.0890630360473	9.66569639986e-13	9.10971692312e-09	0.285691468145	0.454386463655
0.0890630360477	8.73270054349e-13	8.48198410671e-09	0.285702076872	0.454401416668
0.089063036048	7.88976242698e-13	7.89750636918e-09	0.285712370965	0.454415927446
0.0890630360483	7.12818933044e-13	7.35330321388e-09	0.285722359752	0.454430009031
0.0890630360485	6.43976786812e-13	6.85507420078e-09	0.285732052287	0.454443674082
0.0890630360487	5.81769305049e-13	6.39226717944e-09	0.285741445205	0.454456917752
0.0890630360489	5.25570933136e-13	5.96070514779e-09	0.285750545179	0.454469749356
0.0890630360491	4.74801212329e-13	5.55827874755e-09	0.285759361344	0.454482181683
0.0890630360493	4.28935753094e-13	5.18302101895e-09	0.285767902549	0.454494227128
0.0890630360494	3.8750081925e-13	4.83309778811e-09	0.28577617737	0.454505897702
0.0890630360496	3.5006843523e-13	4.50679870335e-09	0.285784194113	0.454517205046
0.0890630360497	3.16251965927e-13	4.20252887656e-09	0.285791960825	0.454528160439
0.0890630360498	2.85702123488e-13	3.91880108872e-09	0.285799485304	0.454538774815
0.0890630360499	2.58103359805e-13	3.65422852162e-09	0.285806775104	0.454549058767
0.08906303605	2.33267741006e-13	3.37968685538e-09	0.285813837542	0.45455902256
0.0890630360501	2.10831571381e-13	3.12419763103e-09	0.285820738922	0.454568759687
0.0890630360502	1.90552863882e-13	2.88842396478e-09	0.285827486623	0.454578280522
0.0890630360502	1.7212319786e-13	2.69996232437e-09	0.285834083132	0.454587588539
0.0890630360503	1.55475975178e-13	2.52379711825e-09	0.285840457581	0.454596583696
0.0890630360503	1.40438807007e-13	2.35912606485e-09	0.285846617445	0.454605276494
0.0890630360504	1.26855976841e-13	2.20519922594e-09	0.285852569946	0.45461367708
0.0890630360504	1.14586828088e-13	2.06131559179e-09	0.285858322065	0.454621795262
0.0890630360505	1.03504307599e-13	1.92681988901e-09	0.285863880547	0.454629640521
0.0890630360505	9.34936500515e-14	1.80109959671e-09	0.285869251909	0.454637222018
0.0890630360506	8.4451189561e-14	1.68358215722e-09	0.285874442449	0.454644548609
0.0890630360506	7.62832862294e-14	1.57373236888e-09	0.285879458255	0.454651628855
0.0890630360506	6.89053565018e-14	1.47104994885e-09	0.285884305208	0.454658471027
0.0890630360506	6.22409973e-14	1.37506725495e-09	0.285888988992	0.454665083121
0.0890630360507	5.62211948618e-14	1.28534715609e-09	0.2858935151	0.454671472865
0.0890630360507	5.07836100952e-14	1.20148104168e-09	0.285897888839	0.454677647728
0.0890630360507	4.58712817823e-14	1.12399998206e-09	0.285902115338	0.454683614927
0.0890630360507	4.14298515545e-14	1.05297677441e-09	0.285906196178	0.454689376674
0.0890630360507	3.74184548898e-14	9.8644133354e-10	0.285910130505	0.454694931741
0.0890630360507	3.37954548699e-14	9.24110093424e-10	0.285913923579	0.454700287537
0.0890630360507	3.05232459257e-14	8.65717405198e-10	0.285917580472	0.454705451203
0.0890630360508	2.75678635214e-14	8.11014405074e-10	0.285921106071	0.454710429625
0.0890630360508	2.48986316279e-14	7.59767953815e-10	0.285924505091	0.454715229444
0.0890630360508	2.24878443281e-14	7.11759643197e-10	0.285927782076	0.454719857061
0.0890630360508	2.03104782483e-14	6.66784865254e-10	0.285930941407	0.45472431865
0.0890630360508	1.83439328316e-14	6.24651940328e-10	0.285933987308	0.454728620164
0.0890630360508	1.65677957587e-14	5.85181300199e-10	0.285936923851	0.454732767341
0.0890630360508	1.49636310797e-14	5.48204722842e-10	0.285939754962	0.454736765715
0.0890630360508	1.35147878593e-14	5.1356461552e-10	0.285942484427	0.454740620622
0.0890630360508	1.22062273492e-14	4.81113343178e-10	0.285945115894	0.454744337206
0.0890630360508	1.10242724162e-14	4.50933199222e-10	0.285947652883	0.454747920428
0.0890630360508	9.95583388195e-15	4.23251622811e-10	0.285950097567	0.45475137335
0.0890630360508	8.99094474897e-15	3.97269333735e-10	0.285952449715	0.454754695638
0.0890630360508	8.11956941279e-15	3.72882018929e-10	0.285954712829	0.45475789223
0.0890630360508	7.33264487428e-15	3.49991768631e-10	0.285956890279	0.454760967881
0.0890630360508	6.62198647993e-15	3.28506683323e-10	0.285958985308	0.454763927163
0.0890630360508	5.98020279722e-15	3.08340504795e-10	0.285961001035	0.454766774478
0.0890630360508	5.40061873976e-15	2.89412269862e-10	0.285962940462	0.454769514059
0.0890630360508	4.87720614259e-15	2.71645985325e-10	0.285964806477	0.454772149982
0.0890630360508	4.40452106574e-15	2.54970322899e-10	0.285966601859	0.454774686167
0.0890630360508	3.977647174e-15	2.3931833285e-10	0.285968329281	0.454777126386
0.0890630360508	3.59214460389e-15	2.24627175226e-10	0.285969991316	0.454779474269
0.0890630360509	3.24400378627e-15	2.10837867575e-10	0.285971590438	0.454781733309
0.0890630360509	2.92960374412e-15	1.97895048149e-10	0.285973129029	0.454783906867
0.0890630360509	2.64567443194e-15	1.85746753653e-10	0.285974609381	0.454785998175
0.0890630360509	2.38926268964e-15	1.74344277887e-10	0.285976033697	0.454788010346
0.0890630360509	2.15770161077e-15	1.63641790742e-10	0.285977404099	0.454789946372
0.0890630360509	1.94858277975e-15	1.53596295883e-10	0.285978722626	0.454791809134
0.0890630360509	1.759731163e-15	1.44167462819e-10	0.285979991242	0.454793601402
0.0890630360509	1.58918252374e-15	1.35317436786e-10	0.285981211837	0.454795325845
0.0890630360509	1.43516299238e-15	1.27010686778e-10	0.285982386229	0.454796985028
0.0890630360509	1.29607061685e-15	1.19213862898e-10	0.285983516165	0.454798581421
0.0890630360509	1.17045870099e-15	1.11895662476e-10	0.28598460333	0.454800117398
0.0890630360509	1.05702075778e-15	1.05026704391e-10	0.285985649341	0.454801595246
0.0890630360509	9.54576920731e-16	9.85794111234e-11	0.285986655757	0.454803017164
0.0890630360509	8.62061672285e-16	9.25278980335e-11	0.285987624077	0.454804385269
0.0890630360509	7.78512761541e-16	8.68478694472e-11	0.285988555742	0.454805701596
0.0890630360509	7.03061195996e-16	8.15165211145e-11	0.285989452141	0.454806968105
0.0890630360509	6.34922203266e-16	7.65124486569e-11	0.285990314607	0.454808186681
0.0890630360509	5.7338706875e-16	7.18155616361e-11	0.285991144426	0.454809359137
0.0890630360509	5.17815764369e-16	6.74070028954e-11	0.285991942833	0.454810487219
0.0890630360509	4.6763029169e-16	6.32690728546e-11	0.285992711018	0.454811572606
0.0890630360509	4.22308670216e-16	5.93851584499e-11	0.285993450124	0.454812616914
0.0890630360509	3.81379506868e-16	5.57396760031e-11	0.285994161252	0.454813621696
0.0890630360509	3.44417093202e-16	5.23179861409e-11	0.285994845461	0.454814588449
0.0890630360509	3.11036986995e-16	4.91063431015e-11	0.285995503769	0.454815518612
0.0890630360509	2.80892000171e-16	4.60918528024e-11	0.285996137158	0.454816413568
0.0890630360509	2.53668593172e-16	4.32624126834e-11	0.285996746571	0.454817274652
0.0890630360509	2.29083613844e-16	4.06066631174e-11	0.285997332915	0.454818103143
0.0890630360509	2.0688135238e-16	3.81139418055e-11	0.285997897063	0.454818900277
0.0890630360509	1.86830881688e-16	3.57742409698e-11	0.285998439856	0.45481966724
0.0890630360509	1.68723655517e-16	3.35781671757e-11	0.285998962102	0.454820405172
0.0890630360509	1.52371339377e-16	3.15169036192e-11	0.285999464579	0.454821115174
0.0890630360509	1.37603851667e-16	2.95821747299e-11	0.285999948034	0.454821798302
0.0890630360509	1.24267594655e-16	2.77662129465e-11	0.286000413189	0.454822455574
0.0890630360509	1.12223856912e-16	2.60617275323e-11	0.286000860736	0.454823087967
0.0890630360509	1.01347370566e-16	2.44618753045e-11	0.286001291341	0.454823696423
0.0890630360509	9.1525008395e-17	2.29602331604e-11	0.286001705647	0.454824281849
0.0890630360509	8.26546071816e-17	2.15507722906e-11	0.286002104268	0.454824845116
0.0890630360509	7.46439051152e-17	2.02278339741e-11	0.286002487801	0.454825387063
0.0890630360509	6.74095821724e-17	1.89861068606e-11	0.286002856814	0.454825908496
0.0890630360509	6.08763934402e-17	1.78206066775e-11	0.28600321186	0.454826410192
0.0890630360509	5.49763862895e-17	1.67266546219e-11	0.286003553465	0.454826892898
0.0890630360509	4.96481946647e-17	1.5699856851e-11	0.286003882138	0.454827357333
0.0890630360509	4.48363995187e-17	1.47360909796e-11	0.28600419837	0.454827804188
0.0890630360509	4.04909528863e-17	1.38314876815e-11	0.286004502632	0.454828234129
0.0890630360509	3.65666573321e-17	1.2982415156e-11	0.286004795375	0.454828647795
0.0890630360509	3.30226958497e-17	1.21854645461e-11	0.286005077037	0.454829045804
0.0890630360509	2.98222073209e-17	1.14374362537e-11	0.286005348037	0.454829428746
0.0890630360509	2.6931903121e-17	1.07353270932e-11	0.286005608778	0.454829797194
0.0890630360509	2.43217208812e-17	1.00763182348e-11	0.286005859649	0.454830151694
0.0890630360509	2.19645118081e-17	9.4577638874e-12	0.286006101023	0.454830492776
0.0890630360509	1.98357583066e-17	8.87718067637e-12	0.28600633326	0.454830820947
0.0890630360509	1.79133189706e-17	8.33223767339e-12	0.286006556706	0.454831136696
0.0890630360509	1.61771982887e-17	7.82074703827e-12	0.286006771693	0.454831440493
0.0890630360509	1.46093386686e-17	7.34065523525e-12	0.286006978543	0.45483173279
0.0890630360509	1.31934326191e-17	6.8900347885e-12	0.286007177562	0.454832014023
0.0890630360509	1.19147531341e-17	6.46707654373e-12	0.286007369047	0.454832284611
0.0890630360509	1.07600005158e-17	6.07008240483e-12	0.286007553283	0.454832544955
0.0890630360509	9.71716404077e-18	5.69745860242e-12	0.286007730546	0.454832795445
0.0890630360509	8.77539700959e-18	5.34770935698e-12	0.286007901098	0.454833036453
0.0890630360509	7.92490402867e-18	5.01943011984e-12	0.286008065194	0.454833268338
0.0890630360509	7.1568390149e-18	4.71130291546e-12	0.286008223078	0.454833491446
0.0890630360509	6.46321322797e-18	4.42209067452e-12	0.286008374986	0.454833706108
0.0890630360509	5.83681217867e-18	4.15063226742e-12	0.286008521143	0.454833912644
0.0890630360509	5.27112059021e-18	3.89583784253e-12	0.286008661767	0.454834111363
0.0890630360509	4.76025463215e-18	3.65668445071e-12	0.286008797068	0.454834302559
0.0890630360509	4.29890072202e-18	3.43221193836e-12	0.286008927248	0.454834486517
0.0890630360509	3.88226025816e-18	3.22151909264e-12	0.286009052499	0.454834663512
0.0890630360509	3.50599970894e-18	3.02376002326e-12	0.286009173009	0.454834833807
0.0890630360509	3.16620553922e-18	2.83814076644e-12	0.286009288957	0.454834997656
0.0890630360509	2.85934350518e-18	2.6639160973e-12	0.286009400516	0.454835155302
0.0890630360509	2.58222189429e-18	2.50038653793e-12	0.286009507852	0.454835306981
0.0890630360509	2.33195832791e-18	2.34689554912e-12	0.286009611125	0.454835452919
0.0890630360509	2.10594978132e-18	2.20282689455e-12	0.286009710488	0.454835593332
0.0890630360509	1.90184550939e-18	2.06760216666e-12	0.28600980609	0.454835728429
0.0890630360509	1.71752259612e-18	1.9406784645e-12	0.286009898073	0.454835858413
0.0890630360509	1.55106387402e-18	1.82154621545e-12	0.286009986574	0.454835983477
0.0890630360509	1.40073798054e-18	1.70972718913e-12	0.286010071725	0.454836103806
0.0890630360509	1.26498135903e-18	1.60477238176e-12	0.286010153653	0.45483621958
0.0890630360509	1.14238198628e-18	1.50626042061e-12	0.286010232479	0.454836330972
0.0890630360509	1.03166468939e-18	1.41379579971e-12	0.286010308321	0.454836438147
0.0890630360509	9.31677882487e-19	1.32700729193e-12	0.286010381292	0.454836541265
0.0890630360509	8.41381588971e-19	1.24554645857e-12	0.286010451501	0.45483664048
0.0890630360509	7.59836624575e-19	1.16908625051e-12	0.286010519052	0.454836735939
0.0890630360509	6.86194828783e-19	1.09731969511e-12	0.286010584046	0.454836827784
0.0890630360509	6.19690243012e-19	1.02995866381e-12	0.28601064658	0.454836916153
0.0890630360509	5.59631143765e-19	9.66732715343e-13	0.286010706746	0.454837001176
0.0890630360509	5.05392847936e-19	9.07388009991e-13	0.286010764635	0.454837082981
0.0890630360509	4.56411215387e-19	8.51686290438e-13	0.286010820333	0.454837161689
0.0890630360509	4.12176781263e-19	7.99403925232e-13	0.286010873922	0.454837237418
0.0890630360509	3.72229456969e-19	7.5033101095e-13	0.286010925482	0.45483731028
0.0890630360509	3.36153744736e-19	7.04270529476e-13	0.286010975091	0.454837380384
0.0890630360509	3.03574415967e-19	6.61037557014e-13	0.286011022822	0.454837447835
0.0890630360509	2.74152608438e-19	6.20458521655e-13	0.286011068745	0.454837512732
0.0890630360509	2.47582301742e-19	5.82370506522e-13	0.286011112931	0.454837575172
0.0890630360509	2.23587134163e-19	5.46620604482e-13	0.286011155444	0.454837635249
0.0890630360509	2.01917528687e-19	5.13065278232e-13	0.286011196347	0.454837693051
0.0890630360509	1.82348096707e-19	4.81569808118e-13	0.286011235702	0.454837748666
0.0890630360509	1.64675293754e-19	4.5200774606e-13	0.286011273568	0.454837802175
0.0890630360509	1.48715302464e-19	4.24260406223e-13	0.28601131	0.454837853659
0.0890630360509	1.34302120672e-19	3.98216388521e-13	0.286011345052	0.454837903193
0.0890630360509	1.21285834796e-19	3.73771131367e-13	0.286011378778	0.454837950853
0.0890630360509	1.09531060568e-19	3.5082649188e-13	0.286011411228	0.454837996708
0.0890630360509	9.89155348832e-20	3.2929035186e-13	0.286011442448	0.454838040828
0.0890630360509	8.93288441226e-20	3.09076247952e-13	0.286011472487	0.454838083278
0.0890630360509	8.06712757268e-20	2.90103024515e-13	0.286011501389	0.45483812412
0.0890630360509	7.28527810712e-20	2.72294507794e-13	0.286011529197	0.454838163417
0.0890630360509	6.57920388577e-20	2.55579200104e-13	0.286011555952	0.454838201226
0.0890630360509	5.941560928e-20	2.39889992775e-13	0.286011581695	0.454838237603
0.0890630360509	5.36571701664e-20	2.25163896728e-13	0.286011606462	0.454838272604
0.0890630360509	4.84568271529e-20	2.11341789585e-13	0.286011630293	0.45483830628
0.0890630360509	4.37604907134e-20	1.98368178304e-13	0.286011653221	0.454838338681
0.0890630360509	3.95193135674e-20	1.86190976386e-13	0.286011675281	0.454838369855
0.0890630360509	3.56891826038e-20	1.74761295877e-13	0.286011696506	0.454838399849
0.0890630360509	3.22302600715e-20	1.64033248089e-13	0.286011716928	0.454838428708
0.0890630360509	2.91065692214e-20	1.53963761471e-13	0.286011736576	0.454838456475
0.0890630360509	2.62856200875e-20	1.44512409025e-13	0.286011755481	0.45483848319
0.0890630360509	2.37380715642e-20	1.35641245436e-13	0.28601177367	0.454838508894
0.0890630360509	2.14374262253e-20	1.27314654735e-13	0.286011791171	0.454838533625
0.0890630360509	1.93597547208e-20	1.19499207304e-13	0.286011808009	0.45483855742
0.0890630360509	1.74834468842e-20	1.12163525664e-13	0.28601182421	0.454838580314
0.0890630360509	1.57889869618e-20	1.052781585e-13	0.286011839797	0.454838602341
0.0890630360509	1.42587506265e-20	9.88154624223e-14	0.286011854795	0.454838623535
0.0890630360509	1.28768216649e-20	9.27494909799e-14	0.286011869224	0.454838643926
0.0890630360509	1.16288264304e-20	8.70558904937e-14	0.286011883108	0.454838663546
0.0890630360509	1.05017843405e-20	8.17118022803e-14	0.286011896466	0.454838682422
0.0890630360509	9.48397286432e-21	7.66957708789e-14	0.286011909318	0.454838700584
0.0890630360509	8.56480559449e-21	7.19876579118e-14	0.286011921684	0.454838718059
0.0890630360509	7.73472213655e-21	6.75685612331e-14	0.286011933581	0.454838734872
0.0890630360509	6.98508866985e-21	6.34207390402e-14	0.286011945029	0.454838751049
0.0890630360509	6.30810814596e-21	5.9527538644e-14	0.286011956042	0.454838766613
0.0890630360509	5.69673919012e-21	5.58733297445e-14	0.286011966639	0.454838781588
0.0890630360509	5.14462286264e-21	5.24434413822e-14	0.286011976835	0.454838795997
0.0890630360509	4.6460165212e-21	4.92241030969e-14	0.286011986645	0.454838809859
0.0890630360509	4.19573408742e-21	4.6202389881e-14	0.286011996084	0.454838823197
0.0890630360509	3.78909210701e-21	4.33661701526e-14	0.286012005165	0.454838836031
0.0890630360509	3.42186103649e-21	4.07040570491e-14	0.286012013902	0.454838848378
0.0890630360509	3.09022125106e-21	3.82053627119e-14	0.286012022309	0.454838860258
0.0890630360509	2.79072331615e-21	3.58600553763e-14	0.286012030397	0.454838871688
0.0890630360509	2.52025210931e-21	3.3658719096e-14	0.28601203818	0.454838882686
0.0890630360509	2.2759944194e-21	3.15925159401e-14	0.286012045667	0.454838893267
0.0890630360509	2.05540968595e-21	2.96531505106e-14	0.286012052871	0.454838903447
0.0890630360509	1.85620357438e-21	2.78328366379e-14	0.286012059803	0.454838913243
0.0890630360509	1.67630411236e-21	2.61242661206e-14	0.286012066472	0.454838922667
0.0890630360509	1.51384013886e-21	2.45205793851e-14	0.286012072889	0.454838931735
0.0890630360509	1.36712184197e-21	2.30153379454e-14	0.286012079062	0.454838940459
0.0890630360509	1.23462318286e-21	2.16024985538e-14	0.286012085003	0.454838948854
0.0890630360509	1.1149660233e-21	2.02763889388e-14	0.286012090718	0.45483895693
0.0890630360509	1.00690579138e-21	1.90316850317e-14	0.286012096217	0.454838964701
0.0890630360509	9.09318536548e-22	1.78633896053e-14	0.286012101507	0.454838972177
0.0890630360509	8.21189239175e-22	1.67668121942e-14	0.286012106598	0.454838979371
0.0890630360509	7.41601253438e-22	1.57375502271e-14	0.286012111495	0.454838986292
0.0890630360509	6.69726772855e-22	1.47714714204e-14	0.286012116208	0.454838992951
0.0890630360509	6.04818220254e-22	1.38646971583e-14	0.286012120742	0.454838999358
0.0890630360509	5.46200472118e-22	1.30135869212e-14	0.286012125104	0.454839005523
0.0890630360509	4.9326383652e-22	1.22147236693e-14	0.286012129301	0.454839011454
0.0890630360509	4.45457711631e-22	1.14649001243e-14	0.286012133339	0.454839017161
0.0890630360509	4.02284858824e-22	1.07611058927e-14	0.286012137225	0.454839022652
0.0890630360509	3.63296230828e-22	1.01005153794e-14	0.286012140963	0.454839027934
0.0890630360509	3.28086301113e-22	9.48047644384e-15	0.28601214456	0.454839033017
0.0890630360509	2.96288845955e-22	8.89849975202e-15	0.28601214802	0.454839037908
0.0890630360509	2.67573135282e-22	8.35224878232e-15	0.28601215135	0.454839042613
0.0890630360509	2.41640492709e-22	7.83953044483e-15	0.286012154554	0.45483904714
0.0890630360509	2.18221188954e-22	7.35828627657e-15	0.286012157636	0.454839051496
0.0890630360509	1.97071636348e-22	6.90658417709e-15	0.286012160602	0.454839055687
0.0890630360509	1.7797185524e-22	6.48261065158e-15	0.286012163455	0.454839059719
0.0890630360509	1.6072318596e-22	6.08466352992e-15	0.2860121662	0.454839063599
