0.0	0.267787086367	1.21975118219	1.0	0.0	0.0
5.10928110888e-12	0.267787001169	1.21975099945	1.00000005727	5.10928137006e-08	0.0001
6.37681159049e-12	0.267786991134	1.21975097793	1.00000006402	5.92273563975e-08	0.000107666665569
7.95879595846e-12	0.267786979501	1.21975095298	1.00000007184	6.8657008139e-08	0.000115921108649
9.933245135e-12	0.267786966017	1.21975092405	1.00000008091	7.95879648792e-08	0.000124808392127
1.23975232814e-11	0.267786950385	1.21975089053	1.00000009141	9.22592506095e-08	0.000134377033694
1.54731490172e-11	0.267786932264	1.21975085166	1.0000001036	1.06947944942e-07	0.00014467927072
1.93117877419e-11	0.267786911259	1.21975080661	1.00000011772	1.23975241246e-07	0.000155771345416
2.41027305481e-11	0.267786886909	1.21975075438	1.00000013409	1.43713470898e-07	0.000167713811872
3.00822285269e-11	0.267786858683	1.21975069384	1.00000015306	1.66594243624e-07	0.000180571866627
3.75451427514e-11	0.267786825962	1.21975062365	1.00000017506	1.93117886691e-07	0.000194415704581
4.68594844173e-11	0.267786788032	1.2197505423	1.00000020056	2.2386438443e-07	0.000209320902194
5.84845621351e-11	0.267786744063	1.21975044799	1.00000023011	2.59506060798e-07	0.000225368830059
7.29936312371e-11	0.267786693094	1.21975033867	1.00000026438	3.00822280852e-07	0.000242647097104
9.11021619633e-11	0.26778663401	1.21975021194	1.0000003041	3.48716492537e-07	0.000261250028845
1.13703120454e-10	0.267786565519	1.21975006504	1.00000035014	4.04235981817e-07	0.000281279182298
1.41911002285e-10	0.267786486124	1.21974989475	1.00000040351	4.68594773116e-07	0.00030284390037
1.77116789851e-10	0.267786394088	1.21974969734	1.00000046539	5.43200175538e-07	0.000326061908732
2.21056543576e-10	0.267786287399	1.21974946851	1.00000053711	6.29683555368e-07	0.000351059958459
2.75897009166e-10	0.267786163724	1.21974920324	1.00000062025	7.29936007516e-07	0.000377974517911
3.44342462168e-10	0.267786020359	1.21974889574	1.00000071663	8.4614970687e-07	0.00040695251766
4.29768058265e-10	0.267785854169	1.21974853928	1.00000082835	9.8086584157e-07	0.000438152152495
5.36386264633e-10	0.267785661519	1.21974812607	1.00000095786	1.13703017858e-06	0.000471743744905
6.694545788e-10	0.267785438198	1.21974764707	1.00000110799	1.31805747439e-06	0.000507910674724
8.35534777128e-10	0.267785179322	1.21974709182	1.00000128202	1.52790614091e-06	0.000546850380017
1.04281647565e-09	0.267784879231	1.21974644816	1.00000148375	1.77116479607e-06	0.000588775434661
1.30152095679e-09	0.267784531362	1.21974570202	1.00000171761	2.05315259546e-06	0.000633914708478
1.6244051726e-09	0.26778412811	1.21974483709	1.0000019887	2.38003553344e-06	0.000682514616252
2.02739077404e-09	0.267783660656	1.21974383446	1.00000230295	2.75896125926e-06	0.00073484046241
2.53034917896e-09	0.267783118781	1.21974267219	1.00000266723	3.19821535421e-06	0.000791177888696
3.15808138364e-09	0.267782490634	1.21974132489	1.0000030895	3.70740248426e-06	0.000851834432698
3.94154082203e-09	0.267781762483	1.21973976308	1.00000357901	4.29765638809e-06	0.000917141205695
4.91935955657e-09	0.267780918406	1.21973795263	1.00000414645	4.98188329003e-06	0.000987454698936
6.13975303418e-09	0.267779939948	1.21973585393	1.00000480423	5.77504405425e-06	0.00106315872814
7.66289729736e-09	0.267778805715	1.21973342111	1.00000556673	6.69448124633e-06	0.00114466652675
9.56389582152e-09	0.26777749091	1.21973060097	1.00000645063	7.76029824663e-06	0.00123242299927
1.19364822005e-08	0.267775966785	1.21972733185	1.00000747524	8.99579869401e-06	0.00132690714688
1.48976411541e-08	0.267774200019	1.21972354228	1.00000866299	1.04279958573e-05	0.00142863467832
1.85933755642e-08	0.267772151987	1.21971914939	1.00001003982	1.20882030544e-05	0.00153816082027
2.32059036858e-08	0.267769777916	1.21971405715	1.00001163585	1.40127180049e-05	0.00165608334209
2.8962641099e-08	0.267767025908	1.21970815423	1.00001348596	1.62436160501e-05	0.00178304581135
3.61474098205e-08	0.267763835805	1.21970131158	1.00001563061	1.88296695411e-05	0.00191974109741
4.51144266e-08	0.267760137875	1.2196933796	1.00001811668	2.18274134385e-05	0.00206691514163
5.63057591487e-08	0.267755851294	1.21968418491	1.00002099852	2.53023803522e-05	0.00222537101437
7.02731095949e-08	0.267750882375	1.2196735265	1.00002433912	2.9330531917e-05	0.00239597328005
8.77049971702e-08	0.267745122528	1.21966117142	1.00002821151	3.39999176634e-05	0.00257965269313
1.09460677403e-07	0.26773844589	1.21964684961	1.00003270032	3.94125974698e-05	0.00277741124961
1.36612465875e-07	0.267730706582	1.21963024806	1.00003790366	4.56868693759e-05	0.00299032761999
1.70498547008e-07	0.267721735526	1.21961100398	1.00004393524	5.29598511306e-05	0.00321956299169
2.12788862428e-07	0.267711336762	1.21958869686	1.00005092687	6.1390471463e-05	0.00346636735039
2.65567314171e-07	0.267699283186	1.21956283931	1.00005903131	7.11629358675e-05	0.00373208623185
3.31434316343e-07	0.267685311603	1.21953286645	1.00006842561	8.24907418547e-05	0.00401816797746
4.1363472335e-07	0.267669117007	1.21949812358	1.00007931498	9.56213303536e-05	0.00432617152872
5.16217401264e-07	0.267650345959	1.21945785196	1.00009193725	0.000110841473472	0.00465777479767
6.44234250632e-07	0.267628588913	1.21941117227	1.00010656803	0.000128483514416	0.00501478365209
8.0398840749e-07	0.267603371346	1.21935706554	1.00012352671	0.000148932593301	0.00539914155587
1.00334373543e-06	0.267574143486	1.21929435095	1.00014318343	0.000172635013227	0.00581293990654
1.25211068757e-06	0.267540268439	1.21922166031	1.00016596706	0.000200107924677	0.00625842911304
1.56252730182e-06	0.267501008454	1.21913740832	1.00019237453	0.000231950533433	0.00673803045741
1.94985866639e-06	0.267455509055	1.21903975835	1.00022298156	0.000268857068301	0.00725434878457
2.4331438644e-06	0.267402780707	1.21892658275	1.00025845513	0.000311631780385	0.00781018606353
3.03612643371e-06	0.267341677649	1.21879541699	1.00029956783	0.000361206286027	0.00840855586182
3.78841307289e-06	0.267270873475	1.21864340667	1.00034721449	0.000418659611372	0.00905269877206
4.7269160684e-06	0.267188832982	1.2184672463	1.00040243142	0.000485241348304	0.00974609882495
5.89764817072e-06	0.267093779734	1.21826310868	1.00046641852	0.000562398389814	0.0104925009161
7.35795496356e-06	0.266983658752	1.21802656332	1.0005405649	0.000651805778048	0.0112959292647
9.17928981022e-06	0.26685609363	1.21775248253	1.00062647837	0.000755402270774	0.0121607069081
1.14506610084e-05	0.266708337316	1.21743493318	1.0007260194	0.000875431311772	0.0130914762206
1.42829107542e-05	0.26653721573	1.21706705218	1.00084134025	0.00101448817755	0.0140932204186
1.78140219627e-05	0.266339063292	1.21664090348	1.00097492988	0.00117557416604	0.0151712859878
2.22156931114e-05	0.266109649371	1.21614731392	1.00112966553	0.00136215879124	0.0163314059245
2.77014761613e-05	0.265844094544	1.21557786727	1.00130887182	0.00157825114987	0.0175797236394
3.45368564275e-05	0.265536774763	1.214927636	1.00151638808	0.00182848297186	0.0189228149802
4.30515864172e-05	0.265181216883	1.21417483708	1.00175664447	0.00211819827732	0.0203677073402
5.36550253011e-05	0.264769975098	1.21330346551	1.00203475207	0.00245356157857	0.0219219192811
6.68548880948e-05	0.264294497272	1.21229507839	1.0023566012	0.00284167747177	0.0235934755946
8.32802462559e-05	0.263744975206	1.21112844396	1.00272897389	0.00329072633662	0.0253909291806
0.000103709628602	0.263110179719	1.20977914689	1.00315967038	0.0038101169765	0.0273233805972
0.000129105230214	0.262377280849	1.20821914721	1.00365765068	0.00441065736818	0.0294004941947
0.000160654380365	0.26153165439	1.20641629043	1.00423319181	0.00510474439248	0.0316325094777
0.000199819562276	0.260556677057	1.20433460583	1.00489806132	0.00590657307584	0.0340302460121
0.000248398557413	0.259433511057	1.20194028428	1.00566570624	0.00683236998313	0.0366050980923
0.000308595348744	0.258140901044	1.19917781883	1.00655145244	0.00790062811962	0.0393690048349
0.000383104771076	0.256654959232	1.19599294601	1.00757273039	0.00913237436906	0.0423344534435
0.000475210894614	0.254948984206	1.19233509814	1.00874929595	0.0105514411385	0.0455144167986
0.000588901880815	0.252993296545	1.18815681208	1.01010344752	0.0121847748067	0.0489222551331
0.000728994271819	0.250755219375	1.18335358408	1.0116602318	0.0140626119634	0.0525715913421
0.000901283253721	0.248198977157	1.17789376091	1.01344769507	0.016218836403	0.0564763108114
0.00111268960175	0.245285953025	1.17164899353	1.01549693843	0.0186910775123	0.060650143934
0.00137142500351	0.241974917346	1.16452134479	1.01784234126	0.0215208303009	0.0651067317361
0.00168714908965	0.238222610272	1.15639165913	1.02052151102	0.024753446106	0.0698592193152
0.00207112159451	0.233984486128	1.14718407673	1.02357519406	0.0284380584809	0.0749199726207
0.00253633751854	0.229215694124	1.13687356579	1.02704687515	0.0326275608417	0.0802999648053
0.00309748700703	0.223873457921	1.12517570131	1.03098206187	0.037376778016	0.0860080389045
0.00377105782887	0.217917795706	1.11208490873	1.03542821775	0.0427428199227	0.0920514769897
0.00457508228433	0.211314917429	1.09748835417	1.04043277035	0.0487828784996	0.098434056229
0.00552886427778	0.204039575908	1.08131325273	1.046041906	0.0555527263481	0.105155849746
0.00665236976851	0.19607874991	1.06338219786	1.05229844307	0.0631034816725	0.112212273445
0.00796281057323	0.187450070673	1.03938173013	1.05923941256	0.0714527716471	0.119593992287
0.00948049655186	0.178163983605	1.01312961621	1.06692018436	0.0806306912086	0.127314446885
0.0112217218793	0.168268749957	0.984597653921	1.07536320049	0.0906473925051	0.135355917609
0.0131990522311	0.157836065791	0.953888018907	1.08457762171	0.10149256171	0.143694735054
0.0154196703499	0.146962067247	0.921044032849	1.09455557503	0.113130693086	0.152300273014
0.0178838744706	0.135765807921	0.88624112069	1.10527039741	0.125496869721	0.161135759777
0.0205836568832	0.124386515277	0.849561532031	1.11667382523	0.138493779835	0.170157816323
0.023502257028	0.11297650818	0.811266186509	1.12869683653	0.151992902238	0.179318485083
0.0266132751095	0.101696615471	0.771534617721	1.14124865248	0.165832025903	0.188565022413
0.0298814368677	0.0907067226858	0.730624271214	1.15422043988	0.17982026981	0.197842591108
0.0332637183179	0.0801576957783	0.688742211392	1.16748854542	0.193744003966	0.207095597743
0.0367113655217	0.0701831690845	0.646116514402	1.18092102424	0.207375064541	0.216270626
0.0401724694861	0.0608929250133	0.602943062179	1.19438407814	0.220481635342	0.225318621182
0.0435948554807	0.0523682892418	0.559361973468	1.20774987279	0.232839409038	0.234197652564
0.0469290653099	0.0446598409125	0.515479908197	1.22090478655	0.244242497276	0.242875924034
0.0501305418635	0.0377886943944	0.471102335514	1.23375662127	0.254509511802	0.251334416113
0.0531601948266	0.0317517615229	0.425720993122	1.24624728781	0.263473625299	0.259574165397
0.0559900081336	0.026518067517	0.379202587825	1.25836865271	0.271001974289	0.26762690822
0.0585997612458	0.0220417905458	0.330976307991	1.27016141386	0.276970983986	0.275556085013
0.0609772397245	0.0182663801559	0.280122285757	1.28174295934	0.28123860478	0.283480455142
0.0631120439151	0.0151371342895	0.224728549795	1.29335656824	0.283555198752	0.291619663702
0.0651467045774	0.0124143291906	0.19990258385	1.30553842572	0.284299737261	0.300435381405
0.0670734634112	0.010082288663	0.183489841014	1.31702911903	0.284633083768	0.309051996868
0.0688253607062	0.00815438480341	0.168286833727	1.32744896393	0.28461318847	0.317140604999
0.0703988696991	0.00656897936513	0.154235551607	1.33685003312	0.284268735066	0.324682945795
0.0717953461245	0.00527197632328	0.141269761985	1.34528892994	0.283640094918	0.331668516531
0.07302045671	0.00421619456391	0.12934496467	1.35282647043	0.282774893083	0.338095045182
0.0740833977366	0.00336080972067	0.118404043714	1.35952550103	0.281725155023	0.343967289923
0.0749959035432	0.00267087965456	0.108420045116	1.36545031041	0.28054266104	0.349296980713
0.0757714433889	0.00211670607697	0.0993634098638	1.3706641145	0.279277869953	0.35410081968
0.0764248065826	0.00167298960942	0.0912895079609	1.37522827162	0.277979545	0.358399708797
