0.0	0.181831426804	0.895172617602	1.0	0.0	0.0
3.74968975627e-12	0.181831382528	0.895172477739	1.00000004111	3.74968989565e-08	0.0001
4.6799275241e-12	0.181831377354	0.895172461395	1.00000004591	4.34668213625e-08	0.000107666665855
5.84094230824e-12	0.181831371357	0.895172442449	1.00000005148	5.03872214099e-08	0.000115921109321
7.28998616058e-12	0.181831364404	0.895172420487	1.00000005794	5.84094257706e-08	0.000124808393308
9.09851443787e-12	0.181831356345	0.895172395028	1.00000006542	6.77088538244e-08	0.000134377035543
1.13557094088e-11	0.181831347003	0.895172365516	1.0000000741	7.84888534734e-08	0.000144679273433
1.41728780096e-11	0.181831336173	0.895172331305	1.00000008415	9.09851482418e-08	0.000155771349242
1.76889406085e-11	0.181831323618	0.895172291647	1.00000009581	1.05470990808e-07	0.000167713817125
2.20772814406e-11	0.181831309066	0.895172245675	1.00000010932	1.22263139208e-07	0.000180571873699
2.75542985191e-11	0.181831292196	0.895172192385	1.00000012498	1.41728782385e-07	0.000194415713965
3.43900746314e-11	0.18183127264	0.895172130609	1.00000014314	1.64293569846e-07	0.000209320914508
4.29216956263e-11	0.181831249971	0.895172058999	1.00000016419	1.90450918735e-07	0.000225368846077
5.35698727324e-11	0.181831223692	0.895171975987	1.00000018859	2.20772803925e-07	0.000242647117797
6.68596885786e-11	0.18183119323	0.895171879759	1.00000021687	2.55922264165e-07	0.000261250055426
8.34464899272e-11	0.181831157918	0.89517176821	1.00000024966	2.96667900941e-07	0.000281279216289
1.04148203916e-10	0.181831116983	0.895171638902	1.00000028767	3.43900685233e-07	0.00030284394367
1.29985671356e-10	0.181831069532	0.895171489006	1.00000033173	3.98653438986e-07	0.000326061963721
1.62232985939e-10	0.181831014525	0.895171315245	1.0000003828	4.62123420246e-07	0.000351060028108
2.02480321613e-10	0.181830950762	0.89517111382	1.00000044201	5.35698501689e-07	0.000377974605937
2.52712346154e-10	0.181830876846	0.895170880325	1.00000051064	6.20987518584e-07	0.000406952628706
3.15406087489e-10	0.181830791162	0.895170609656	1.0000005902	7.19855447533e-07	0.000438152292363
3.9365307853e-10	0.181830691836	0.895170295894	1.00000068242	8.34464186196e-07	0.000471743920843
4.91311803356e-10	0.181830576697	0.895169932177	1.00000078933	9.67319824562e-07	0.000507910895786
6.13197961672e-10	0.181830443227	0.895169510553	1.00000091325	1.12132744263e-06	0.000546850657511
7.65321933115e-10	0.181830288506	0.895169021802	1.00000105691	1.29985463129e-06	0.000588775782708
9.55185150174e-10	0.181830109153	0.895168455237	1.00000122344	1.50680512595e-06	0.000633915144714
1.1921499929e-09	0.181829901245	0.89516779847	1.00000141649	1.74670416189e-06	0.000682515162696
1.48790144337e-09	0.181829660236	0.895167037139	1.00000164027	2.02479741786e-06	0.000734841146554
1.85702326175e-09	0.181829380857	0.895166154598	1.00000189967	2.34716571008e-06	0.000791178744866
2.31771709153e-09	0.181829056998	0.895165131548	1.00000220038	2.72085794439e-06	0.000851835503747
2.89269994757e-09	0.181828681579	0.895163945621	1.00000254896	3.15404523179e-06	0.000917142545121
3.61032433386e-09	0.18182824639	0.895162570884	1.00000295304	3.65619953527e-06	0.000987456373522
4.5059762116e-09	0.181827741916	0.89516097728	1.00000342145	4.23830075308e-06	0.00106316082125
5.62381973342e-09	0.181827157128	0.895159129963	1.00000396443	4.91307676183e-06	0.00114466914245
7.0189747493e-09	0.181826479238	0.895156988542	1.00000459387	5.69528166486e-06	0.00123242626747
8.7602344174e-09	0.181825693426	0.895154506196	1.00000532351	6.60201832388e-06	0.00132691122972
1.09334568668e-08	0.181824782512	0.89515162865	1.00000616932	7.65311221834e-06	0.00142863977819
1.36457980691e-08	0.181823726578	0.895148292989	1.00000714978	8.87154479661e-06	0.00153816718978
1.70309945169e-08	0.181822502541	0.895144426285	1.00000828634	1.02839557812e-05	0.00165609129655
2.12559560136e-08	0.18182108364	0.895139944001	1.00000960384	1.19212253903e-05	0.00178305574433
2.65289934e-08	0.181819438858	0.895134748143	1.00001113109	1.38191491815e-05	0.00191975350012
3.31100865346e-08	0.181817532238	0.895128725122	1.00001290147	1.6019220239e-05	0.00206693062715
4.13236982776e-08	0.181815322103	0.895121743269	1.00001495371	1.85695357593e-05	0.00222539034793
5.15747655103e-08	0.181812760146	0.895113649964	1.00001733265	2.15258477948e-05	0.0023959974167
6.43686545095e-08	0.181809790371	0.895104268296	1.0000200903	2.49527810469e-05	0.00257968282489
8.03360629382e-08	0.181806347873	0.895093393208	1.00002328696	2.89252442184e-05	0.00277744886419
1.00264093843e-07	0.181802357425	0.895080787013	1.00002699248	3.3530065634e-05	0.00299037457418
1.25135030259e-07	0.181797731833	0.895066174214	1.00003128787	3.88678886815e-05	0.00321962160287
1.56174717081e-07	0.181792370035	0.895049235488	1.00003626701	4.50553682406e-05	0.00346644051075
1.94912928217e-07	0.181786154903	0.895029600726	1.00004203871	5.22277157477e-05	0.00373217755095
2.4325868458e-07	0.181778950687	0.895006840964	1.0000487291	6.05416480407e-05	0.00401828196013
3.03594220675e-07	0.181770600064	0.894980459034	1.00005648436	7.01788037803e-05	0.00432631379701
3.78892209885e-07	0.181760920714	0.894949878742	1.00006547393	8.1349701234e-05	0.00465795236788
4.72861994947e-07	0.181749701357	0.894914432328	1.00007589419	9.42983227345e-05	0.00501500528035
5.90131985189e-07	0.181736697169	0.894873345944	1.00008797271	0.000109307424398	0.00539941816943
7.36477143565e-07	0.181721624474	0.894825722843	1.00010197326	0.000126704684982	0.00581328514186
9.19102678142e-07	0.181704154593	0.894770523921	1.0001182015	0.000146869825351	0.00625885998708
1.14699777828e-06	0.181683906748	0.894706545188	1.00013701164	0.000170242850203	0.00673856820517
1.43137662335e-06	0.181660439834	0.89463239171	1.00015881412	0.000197333586892	0.00725501990389
1.78622809922e-06	0.181633242924	0.894546447464	1.00018408451	0.000228732722688	0.00781102361829
2.22900087993e-06	0.181601724289	0.894446840477	1.00021337381	0.00026512457209	0.00840960110745
2.78145700619e-06	0.181565198721	0.894331402543	1.00024732038	0.00030730184035	0.00905400318275
3.47073511242e-06	0.181522872896	0.894197622669	1.00028666364	0.000356182688513	0.00974772662155
4.33067437416e-06	0.181473828502	0.894042593334	1.0003322601	0.000412830449653	0.0104945322179
5.40346250173e-06	0.181417002788	0.893862948465	1.00038510166	0.000478476395949	0.0112984640186
6.7416862163e-06	0.181351166169	0.893654791928	1.00044633689	0.000554546012208	0.0121638697855
8.41088123815e-06	0.181274896473	0.893413615134	1.00051729552	0.000642689293772	0.0130954227199
1.04927016439e-05	0.18118654937	0.893134202213	1.00059951677	0.00074481565549	0.0140981444674
1.30888563918e-05	0.181084224446	0.892810521003	1.00069478181	0.000863134113599	0.0151774294101
1.63259949048e-05	0.180965726387	0.892435597911	1.00080515137	0.0010001994833	0.016339070229
2.03617650267e-05	0.180828520624	0.892001374474	1.00093300877	0.00115896542049	0.0175892846884
2.53923167576e-05	0.180669682808	0.891498543279	1.00108110943	0.00134284522469	0.018934743561
3.16615854019e-05	0.180485841405	0.890916360668	1.00125263765	0.00155578140856	0.0203825995597
3.94727596568e-05	0.180273112716	0.89024243352	1.00145127152	0.00180232512266	0.0219405170836
4.92024252453e-05	0.180027027626	0.889462477261	1.00168125706	0.00208772659628	0.0236167025076
6.13179743001e-05	0.179742449443	0.888560042248	1.0019474927	0.00241803780541	0.0254199346468
7.63989856958e-05	0.179413482313	0.887516205745	1.00225562516	0.0028002285948	0.0273595949099
9.51634119612e-05	0.179033369872	0.886309226992	1.00261215796	0.00324231744401	0.0294456965034
0.000118499552866	0.178594384135	0.884914163413	1.00302457366	0.0037535179515	0.0316889118717
0.000147504950557	0.178087705049	0.883302446908	1.00350147095	0.00434440188499	0.0341005973337
0.000183533558642	0.177503291051	0.881449528366	1.0040527173	0.0050270809067	0.0366928136169
0.000228252796513	0.176829740738	0.879322966517	1.0046896128	0.00581541406491	0.0394783160003
0.000283710580432	0.176054166246	0.87687062738	1.00542507646	0.00672519465553	0.042470572403
0.000352417064234	0.175162044158	0.874044891619	1.00627385556	0.00777439688886	0.0456838002466
0.0004374396155	0.174137093267	0.870791943268	1.00725273361	0.00898340819825	0.0491329205672
0.000542513889048	0.172961165714	0.867051578988	1.00838075468	0.0103752699762	0.0528335247908
0.000672174662219	0.171614142469	0.862795592245	1.00967945386	0.0119759674463	0.05680181932
0.000831892918814	0.170073976071	0.857914158257	1.01117302563	0.0138145398944	0.0610543718723
0.00102824302912	0.168316653887	0.85232440839	1.01288863818	0.0159233299704	0.0656083235817
0.0012690827056	0.166316299308	0.845997165013	1.01485657486	0.0183382197475	0.0704810880126
0.00156371203955	0.164045594011	0.838782234164	1.01711022886	0.021098424808	0.0756898172979
0.00192308153601	0.161475957181	0.830638366486	1.01968640764	0.0242466903913	0.0812517796534
0.00235992627233	0.158578378993	0.821426584754	1.0226249871	0.0278288141722	0.0871833555299
0.00288893323623	0.155323989107	0.811099783848	1.0259689786	0.031893507087	0.0935002510458
0.00352675556057	0.151685483423	0.799545670117	1.02976380479	0.0364912041151	0.100216380521
0.00429202540578	0.147638244887	0.786681111942	1.0340568582	0.0416733387502	0.107343757124
0.00520520151546	0.1431619869	0.77244632072	1.03889646553	0.0474909400282	0.114891684373
0.00628823032117	0.138242678889	0.756789893185	1.04433050263	0.0539926664904	0.122865907308
0.00756399831535	0.132874588042	0.739673862302	1.05040470602	0.0612223975637	0.131267849686
0.00905371881706	0.127068565363	0.719213183806	1.05716025763	0.0692014646688	0.140093813518
0.0107796189745	0.120840389907	0.696626596969	1.06464814609	0.0779455888139	0.149356296373
0.0127629520042	0.114219080876	0.672996873254	1.07290185743	0.0874689386555	0.159048989163
0.0150203803536	0.107252783546	0.648475503601	1.0819331807	0.0977656108866	0.169146204933
0.017563302325	0.100004002922	0.623256855615	1.09173759698	0.108809298705	0.179613432658
0.020396798014	0.0925470357898	0.597681647785	1.10229106667	0.120555054983	0.190406382784
0.0235172491608	0.0849679200036	0.572001803357	1.11354543649	0.132933163804	0.201468422302
0.0269113871549	0.0773602314125	0.546523901467	1.1254277729	0.145850165212	0.212731808764
0.0305553945308	0.0698212499627	0.5215218253	1.13783856404	0.159190060996	0.224116886974
0.0344138080896	0.0624489159947	0.497173666746	1.15065260475	0.172811330971	0.235533161666
0.0384409590428	0.0553354148469	0.473801624983	1.16372310124	0.186555484232	0.246882328809
0.0425804608137	0.0485658914073	0.45144734309	1.1768817902	0.200245136751	0.258056741342
0.0467687512797	0.0422121552914	0.430310963916	1.18995118389	0.213694677497	0.268947884324
0.0509369034943	0.0363317577503	0.410397423393	1.20274732289	0.226716110791	0.279445806519
0.0550141972155	0.0309659602988	0.39168640768	1.21509284811	0.23912507652	0.289447188195
0.0589325709413	0.0261385754236	0.374115409136	1.226826105	0.250753274507	0.29886002966
0.0626304243834	0.0218566940487	0.357528505087	1.23781005915	0.261456407835	0.307608508168
0.0660562755074	0.0181119984518	0.341642606605	1.24794108196	0.27112089296	0.315638375742
0.0691719025965	0.0148825452915	0.326079364617	1.25715590715	0.279669210097	0.322921652747
0.0719541704611	0.012135256651	0.310268411315	1.26543400851	0.287062690947	0.329458402668
0.0743953251313	0.0098288123454	0.293515831684	1.27279826505	0.293298523962	0.335277825001
0.0764996810544	0.00791857467254	0.274704369796	1.27931018	0.298393650242	0.340435579395
0.0782825781791	0.00635808882139	0.25183795781	1.28507071515	0.302376911179	0.345015906132
0.0797418223042	0.00512261990239	0.210558096388	1.29022914582	0.305128298824	0.34914108429
0.0809399752678	0.00414091513976	0.172725173768	1.29527367901	0.306528296027	0.353212606872
0.0820228396843	0.00328684085186	0.159341767535	1.30030271928	0.307256506854	0.357323450004
0.0829252785026	0.00260165789081	0.146682529211	1.30469384848	0.307602166596	0.360960920803
0.0836709604636	0.00205454761145	0.134703709809	1.30851713295	0.307647181125	0.364168191002
0.084282455867	0.0016194508916	0.123356925929	1.31183991633	0.307462841829	0.366988823349
0.0847805485824	0.00127463917248	0.112588955334	1.31472552246	0.307108959875	0.369465578582
0.085183919151	0.00100216254847	0.102355046299	1.31723253124	0.306634292625	0.371639573261
0.0855089119602	0.000787382655333	0.0926127238302	1.31941415019	0.30607718405	0.373549437365
0.0857695979749	0.000618437757748	0.0833084609716	1.32131823073	0.305466880261	0.375230994996
0.0859779793634	0.0004857346518	0.0744417400308	1.3229877899	0.304824852222	0.376717399724
0.0861440393595	0.000381634338532	0.0659789552412	1.32446034385	0.30416636991	0.378038236063
0.0862770313759	0.000299446038826	0.0593706026346	1.32576936546	0.303505829522	0.379220541683
0.0863834795239	0.000234505676444	0.0527330784923	1.32691367744	0.302878009629	0.38026064325
0.0864662278382	0.000184594642826	0.0456202189483	1.32792465475	0.30226681677	0.381184857437
0.0865317336324	0.000145490942075	0.0390276401179	1.328845888	0.301660832311	0.382031552804
0.0865839055878	0.000114646259277	0.0333830710442	1.32969561301	0.301061271764	0.382816499578
0.0866252925169	9.0397963159e-05	0.0282661917803	1.3304791927	0.300475462387	0.383543838236
0.0866580775843	7.13513653828e-05	0.0238147128966	1.33120947135	0.299901347381	0.384224812328
0.0866841607713	5.63191947589e-05	0.0199967593177	1.33189407902	0.299340602092	0.384865997984
0.0867048585025	4.44810084053e-05	0.0167381547062	1.33253798887	0.298794696435	0.385471597109
0.0867213218127	3.51325274244e-05	0.0139956661588	1.33314584575	0.298264578735	0.386045584911
0.0867344164447	2.77479169911e-05	0.0117009158116	1.3337202665	0.297751827586	0.386590086013
0.0867448350354	2.19108359103e-05	0.00979310640021	1.33426312282	0.297257914612	0.387106559085
0.0867531150827	1.73007159701e-05	0.00819677298502	1.33477546309	0.296784378278	0.387595708847
0.0867596988166	1.36566948055e-05	0.00687253090181	1.33525893654	0.296331688773	0.388058839089
0.0867649258351	1.07797827289e-05	0.00576205948745	1.33571424171	0.295900771005	0.38849636847
0.0867690752909	8.50803903747e-06	0.00483413000269	1.33614300459	0.295491328346	0.38890962898
0.0867723676977	6.71452906186e-06	0.00405631051122	1.33654646298	0.295103169973	0.38929960487
0.08677497859	5.29898512589e-06	0.00340295999673	1.3369260108	0.294735732934	0.389667454445
0.0867770469515	4.18258032824e-06	0.00285089541127	1.33728312306	0.294388198331	0.390014437887
0.0867786856219	3.30182123995e-06	0.00238296048232	1.33761964256	0.294059254423	0.390342196294
0.0867799829118	2.60731836932e-06	0.00198911985177	1.33793751578	0.293747369386	0.390652496001
0.086781007721	2.06074872349e-06	0.00164828308458	1.3382382714	0.293451337346	0.390946717077
0.0867818200718	1.62903814093e-06	0.00136262620124	1.3385251678	0.293168180116	0.391227954548
0.0867824595261	1.29036639669e-06	0.00111064872153	1.33879953501	0.292896752423	0.39149743689
0.0867829654746	1.02327798253e-06	0.000881593729069	1.33906618571	0.292632424647	0.391759835667
0.0867833319272	8.3041585256e-07	0.000592662850517	1.33933258561	0.292367705419	0.392022477334
0.0867836302421	6.73924655673e-07	0.000398449231101	1.33965403278	0.292047624988	0.392340043972
0.0867838732546	5.46945116614e-07	0.000267898335628	1.34004185557	0.291660914151	0.392724141376
0.0867840829405	4.37921798328e-07	0.000209563886139	1.3405096925	0.291194035052	0.393188882597
0.0867842610739	3.45842688425e-07	0.000174020050317	1.34098850228	0.290716037159	0.393666114996
0.0867844008121	2.74023901413e-07	0.000142150815178	1.3414439537	0.29026122124	0.394121566949
0.0867845136886	2.16332201276e-07	0.000118909286874	1.34188577663	0.289819910563	0.394564795626
0.0867846022734	1.7129580032e-07	9.72848211264e-05	1.34230283728	0.289403251107	0.394984458869
0.0867846723578	1.35844565647e-07	7.8665836458e-05	1.34270652076	0.288999884424	0.395391846616
0.0867847291984	1.07234949314e-07	6.58652000709e-05	1.34310245368	0.288604207954	0.395792550017
0.0867847740864	8.47495539403e-08	5.43791965802e-05	1.34347580962	0.288231054168	0.39617144048
0.0867848093631	6.7158347331e-08	4.32833765152e-05	1.34383324841	0.287873773964	0.396535123857
0.0867848378571	5.30122164883e-08	3.62409776184e-05	1.34418910979	0.28751804047	0.39689812506
0.0867848604488	4.184488922e-08	3.03448470303e-05	1.34452465235	0.28718259914	0.397241246284
0.0867848782049	3.31035650355e-08	2.48445498496e-05	1.34484102192	0.286866309011	0.397565516688
0.0867848922517	2.62150570547e-08	2.04807240334e-05	1.34514673724	0.286560656444	0.397879565511
0.0867849035572	2.06917800803e-08	1.71493260884e-05	1.34544044816	0.286266995953	0.398181931645
0.0867849125106	1.63333497419e-08	1.43313022192e-05	1.34571734823	0.285990135768	0.398467575712
0.0867849195118	1.29366732844e-08	1.16869602596e-05	1.34597893418	0.285728580957	0.398737944402
0.0867849251183	1.02254547486e-08	9.72678816842e-06	1.34623301477	0.285474525284	0.399001042919
0.0867849295884	8.07054503813e-09	8.14527474047e-06	1.34647434259	0.285233217302	0.39925138179
0.0867849331272	6.36965750176e-09	6.82105239201e-06	1.34670182036	0.285005755221	0.399487752068
0.0867849359273	5.02756089987e-09	5.70171659048e-06	1.34691623353	0.284791354448	0.399710902034
0.0867849381175	3.98054591139e-09	4.66089995007e-06	1.34711871232	0.284588885343	0.39992194832
0.0867849398683	3.1456767746e-09	3.88183697843e-06	1.3473148326	0.284392772809	0.400126661238
0.0867849412623	2.4825738412e-09	3.25118417159e-06	1.34750093882	0.284206672738	0.400321189628
0.0867849423651	1.95921640067e-09	2.72316144611e-06	1.34767631947	0.284031296958	0.400504746611
0.0867849432373	1.54615575137e-09	2.28103193753e-06	1.34784157841	0.28386604186	0.400677923121
0.0867849439271	1.22016992815e-09	1.91067372842e-06	1.34799728635	0.283710336956	0.40084128057
0.0867849444708	9.63714242378e-10	1.58701992489e-06	1.34814399433	0.283563631372	0.400995364439
0.0867849449	7.61625784488e-10	1.31478959569e-06	1.34828350604	0.28342412155	0.401142042158
0.0867849452399	6.0187080973e-10	1.09096614546e-06	1.34841659814	0.283291030941	0.401282108765
0.0867849455104	4.7493579055e-10	9.14195642655e-07	1.34854335772	0.283164272556	0.401415636673
0.0867849457242	3.74768946252e-10	7.66063625749e-07	1.34866273179	0.283044899417	0.401541496993
0.0867849458926	2.96000203432e-10	6.29769495644e-07	1.34877515011	0.282932481841	0.401660123289
0.0867849460241	2.34553226665e-10	5.13723635218e-07	1.3488831601	0.282824472429	0.40177418901
0.0867849461302	1.85073004724e-10	4.30654697886e-07	1.34898808439	0.282719548605	0.401885081697
0.086784946214	1.46027284726e-10	3.61057895307e-07	1.34908684854	0.282620784815	0.40198954107
0.0867849462802	1.15213579792e-10	3.02803193727e-07	1.3491798014	0.282527832248	0.402087922516
0.0867849463325	9.09015200589e-11	2.53946618199e-07	1.34926725302	0.282440380862	0.402180542125
0.0867849463738	7.17186142813e-11	2.13026313179e-07	1.34934952865	0.282358105408	0.402267733641
0.0867849464065	5.65800776288e-11	1.78752316125e-07	1.34942691388	0.282280720317	0.402349790171
0.0867849464322	4.46368300576e-11	1.49992222607e-07	1.34949967299	0.282207961326	0.402426983451
0.0867849464524	3.52920988232e-11	1.23338379863e-07	1.34956808229	0.282139552115	0.40249959911
0.0867849464684	2.78928024793e-11	1.02768574198e-07	1.34963386002	0.282073774452	0.402569455483
0.0867849464812	2.20010296606e-11	8.63449551121e-08	1.34969625407	0.282011380456	0.402635749276
0.0867849464912	1.73537099679e-11	7.25458351139e-08	1.34975483154	0.281952803027	0.402698015356
0.0867849464992	1.36880073296e-11	6.09518579578e-08	1.34980982574	0.281897808865	0.402756496693
0.0867849465054	1.07954900389e-11	5.12698348795e-08	1.34986145572	0.281846178913	0.402811421809
0.0867849465104	8.51320526123e-12	4.31464081335e-08	1.3499098663	0.281797768356	0.40286294082
0.0867849465143	6.71340155325e-12	3.63100199011e-08	1.34995523108	0.281752403589	0.402911234957
0.0867849465174	5.29408606758e-12	3.05567733874e-08	1.3499977416	0.281709893081	0.402956505011
0.0867849465198	4.17426210581e-12	2.57546379334e-08	1.35003757736	0.281670057335	0.402998939399
0.0867849465217	3.29078285759e-12	2.17213353978e-08	1.35007484422	0.281632790489	0.40303864846
0.0867849465232	2.5942854228e-12	1.83196381445e-08	1.35010967952	0.28159795519	0.403075776379
0.0867849465244	2.04519803305e-12	1.54506446077e-08	1.35014224186	0.281565392851	0.403110490272
0.0867849465254	1.6121045582e-12	1.30544964283e-08	1.3501726795	0.281534955219	0.403142946521
0.0867849465261	1.27042066752e-12	1.10407954108e-08	1.35020107584	0.281506558884	0.403173232587
0.0867849465267	1.00115451008e-12	9.337702812e-09	1.35022753543	0.281480099294	0.403201458666
0.0867849465272	7.88958088244e-13	7.89731056833e-09	1.35025219034	0.281455444393	0.403227764472
0.0867849465275	6.21687317496e-13	6.69086499743e-09	1.3502751636	0.281432471126	0.403252280298
0.0867849465278	4.89699924384e-13	5.67765943292e-09	1.3502965306	0.281411104136	0.40327508568
0.0867849465281	3.85733572569e-13	4.81787999774e-09	1.35031636502	0.281391269709	0.403296258509
0.0867849465282	3.03839519507e-13	4.08829493136e-09	1.35033477679	0.281372857948	0.403315915415
0.0867849465284	2.39393634947e-13	3.44844283266e-09	1.35035186791	0.281355766828	0.403334164729
0.0867849465285	1.89044272303e-13	2.87321174841e-09	1.35036783265	0.281339802084	0.403351213394
0.0867849465286	1.48800336091e-13	2.4513667547e-09	1.35038296377	0.281324670961	0.403367373672
0.0867849465286	1.17123439342e-13	2.09145550435e-09	1.35039692344	0.281310711297	0.403382284396
0.0867849465287	9.2189885494e-14	1.78438543988e-09	1.35040980232	0.281297832411	0.403396042056
0.0867849465287	7.2564185072e-14	1.52239882167e-09	1.35042168409	0.28128595064	0.403408735711
0.0867849465288	5.71164213978e-14	1.29887678715e-09	1.35043264594	0.281274988796	0.403420447556
0.0867849465288	4.49547944257e-14	1.10954540958e-09	1.35044275907	0.281264875662	0.403431253454
0.0867849465288	3.53611794524e-14	9.51320272587e-10	1.35045207715	0.281255557583	0.40344121054
0.0867849465288	2.78148772611e-14	8.15658219157e-10	1.35046062581	0.281247008921	0.40345034604
0.0867849465289	2.18789894754e-14	6.99341810377e-10	1.35046846859	0.28123916615	0.403458727694
0.0867849465289	1.72098506323e-14	5.99612388461e-10	1.35047566375	0.281231970987	0.403466417663
0.0867849465289	1.35371329771e-14	5.14104661963e-10	1.35048226477	0.281225369962	0.403473472992
0.0867849465289	1.06476688655e-14	4.41293651643e-10	1.35048832072	0.281219314016	0.403479946026
0.0867849465289	8.3705085482e-15	3.79999615455e-10	1.35049386998	0.281213764752	0.403485877733
0.0867849465289	6.58034932474e-15	3.2721899645e-10	1.35049893614	0.281208698592	0.403491293252
0.0867849465289	5.17304038592e-15	2.81769346355e-10	1.35050356126	0.28120407348	0.403496237483
0.0867849465289	4.06670453121e-15	2.42632445541e-10	1.35050778371	0.281199851023	0.403500751423
0.0867849465289	3.19697482177e-15	2.08931494452e-10	1.35051163857	0.281195996166	0.403504872507
0.0867849465289	2.51324987173e-15	1.79911493471e-10	1.35051515783	0.28119247691	0.403508634916
0.0867849465289	1.97574970202e-15	1.54922430503e-10	1.3505183707	0.281189264038	0.403512069855
0.0867849465289	1.55320243844e-15	1.3340423658e-10	1.35052130385	0.281186330881	0.403515205817
0.0867849465289	1.22102370385e-15	1.14874828316e-10	1.35052398165	0.281183653088	0.403518068816
0.0867849465289	9.59886819866e-16	9.89190798586e-11	1.35052642631	0.281181208428	0.403520682608
0.0867849465289	7.54598386916e-16	8.51795232423e-11	1.35052865813	0.281178976603	0.40352306888
0.0867849465289	5.93214331891e-16	7.33483403088e-11	1.35053069565	0.281176939085	0.403525247432
0.0867849465289	4.6634499794e-16	6.31604668318e-11	1.35053255578	0.281175078958	0.403527236344
0.0867849465289	3.66608843717e-16	5.43876702283e-11	1.35053425396	0.281173380777	0.40352905212
0.0867849465289	2.8820297128e-16	4.6833403547e-11	1.35053580429	0.281171830444	0.40353070983
0.0867849465289	2.26565570459e-16	4.03283961356e-11	1.35053721965	0.281170415088	0.403532223231
0.0867849465289	1.7811041771e-16	3.4726910522e-11	1.35053851178	0.281169122958	0.403533604883
0.0867849465289	1.40018262179e-16	2.99034513748e-11	1.35053969141	0.281167943325	0.403534866256
0.0867849465289	1.10072796687e-16	2.57499540122e-11	1.35054076834	0.281166866395	0.403536017819
0.0867849465289	8.65317086724e-17	2.21733634005e-11	1.35054175151	0.281165883227	0.40353706913
0.0867849465289	6.80253088073e-17	1.90935494084e-11	1.35054264908	0.281164985656	0.403538028916
0.0867849465289	5.34768382024e-17	1.64415156978e-11	1.3505434685	0.281164166232	0.403538905146
0.0867849465289	4.20398232252e-17	1.41578419159e-11	1.35054421659	0.28116341815	0.403539705092
0.0867849465289	3.30488242178e-17	1.21913626184e-11	1.35054489954	0.2811627352	0.403540435395
0.0867849465289	2.59807162727e-17	1.04980206775e-11	1.35054552303	0.28116211171	0.403541102118
0.0867849465289	2.04242540719e-17	9.0398783138e-12	1.35054609223	0.281161542504	0.403541710795
0.0867849465289	1.60561444889e-17	7.78426714943e-12	1.35054661188	0.281161022855	0.403542266481
0.0867849465289	1.26222364675e-17	6.70305631364e-12	1.35054708629	0.28116054845	0.403542773788
0.0867849465289	9.92273376629e-18	5.772022204e-12	1.35054751939	0.281160115348	0.403543236928
0.0867849465289	7.80057003272e-18	4.97030664075e-12	1.35054791478	0.281159719954	0.403543659746
0.0867849465289	6.13227082668e-18	4.27994673989e-12	1.35054827575	0.281159358985	0.403544045752
0.0867849465289	4.82076876317e-18	3.68547558013e-12	1.35054860529	0.281159029444	0.403544398152
0.0867849465289	3.78975610829e-18	3.17357454263e-12	1.35054890614	0.281158728595	0.403544719871
0.0867849465289	2.97924495075e-18	2.73277491603e-12	1.3505491808	0.281158453938	0.40354501358
0.0867849465289	2.34207690883e-18	2.35320095181e-12	1.35054943154	0.281158203195	0.403545281718
0.0867849465289	1.84117929936e-18	2.02634860795e-12	1.35054966045	0.281157974283	0.403545526511
0.0867849465289	1.44740812323e-18	1.74489507094e-12	1.35054986944	0.281157765301	0.403545749991
0.0867849465289	1.13785236305e-18	1.5025346297e-12	1.35055006022	0.281157574514	0.403545954015
0.0867849465289	8.94500976279e-19	1.29383727911e-12	1.3505502344	0.281157400337	0.403546140275
0.0867849465289	7.03194905428e-19	1.11412732623e-12	1.35055039341	0.281157241326	0.403546310319
0.0867849465289	5.52803274129e-19	9.59378515955e-13	1.35055053858	0.281157096159	0.403546465558
0.0867849465289	4.34575753881e-19	8.26123826439e-13	1.3505506711	0.281156963631	0.403546607281
0.0867849465289	3.41633439221e-19	7.11377793567e-13	1.35055079209	0.281156842641	0.403546736665
0.0867849465289	2.68568608724e-19	6.12569624288e-13	1.35055090255	0.281156732186	0.403546854784
0.0867849465289	2.11130084205e-19	5.27485614165e-13	1.35055100339	0.281156631347	0.40354696262
0.0867849465289	1.65975882719e-19	4.54219512617e-13	1.35055109545	0.281156539288	0.403547061067
0.0867849465289	1.30478768738e-19	3.91129841473e-13	1.35055117949	0.281156455244	0.403547150942
0.0867849465289	1.02573390134e-19	3.36803127053e-13	1.35055125622	0.281156378517	0.403547232993
0.0867849465289	8.06361095939e-20	2.90022222569e-13	1.35055132627	0.281156308471	0.403547307899
0.0867849465289	6.33905355333e-20	2.4973903898e-13	1.35055139021	0.281156244523	0.403547376284
0.0867849465289	4.98332570086e-20	2.15051063431e-13	1.35055144859	0.281156186143	0.403547438716
0.0867849465289	3.91754616203e-20	1.85181139201e-13	1.35055150189	0.281156132845	0.403547495711
0.0867849465289	3.07970394631e-20	1.59460057197e-13	1.35055155055	0.281156084188	0.403547547744
0.0867849465289	2.42105031086e-20	1.37311553099e-13	1.35055159497	0.281156039768	0.403547595247
0.0867849465289	1.90326235507e-20	1.18239406796e-13	1.35055163552	0.281155999215	0.403547638615
0.0867849465289	1.49621326068e-20	1.01816321892e-13	1.35055167254	0.281155962192	0.403547678206
0.0867849465289	1.17621940479e-20	8.76743520995e-14	1.35055170634	0.281155928393	0.40354771435
0.0867849465289	9.24662359725e-21	7.54966577033e-14	1.3505517372	0.281155897537	0.403547747348
0.0867849465289	7.26905604335e-21	6.50104070196e-14	1.35055176537	0.281155869367	0.403547777472
0.0867849465289	5.71442917247e-21	5.59806639458e-14	1.35055179109	0.28115584365	0.403547804974
0.0867849465289	4.49228902058e-21	4.8205124398e-14	1.35055181456	0.281155820172	0.403547830081
0.0867849465289	3.53152694617e-21	4.15095829807e-14	1.350551836	0.281155798738	0.403547853002
0.0867849465289	2.77624224351e-21	3.57440313414e-14	1.35055185557	0.28115577917	0.403547873928
0.0867849465289	2.18248964243e-21	3.07792968149e-14	1.35055187343	0.281155761306	0.403547893032
0.0867849465289	1.71572240977e-21	2.65041484125e-14	1.35055188974	0.281155744997	0.403547910472
0.0867849465289	1.34878229253e-21	2.282280478e-14	1.35055190463	0.281155730108	0.403547926394
0.0867849465289	1.06031935003e-21	1.96527882924e-14	1.35055191822	0.281155716516	0.40354794093
0.0867849465289	8.33549735087e-22	1.69230772542e-14	1.35055193063	0.281155704107	0.4035479542
0.0867849465289	6.55279147472e-22	1.45725145973e-14	1.35055194196	0.281155692778	0.403547966315
0.0867849465289	5.15135141464e-22	1.25484377559e-14	1.3505519523	0.281155682436	0.403547977375
0.0867849465289	4.04963617054e-22	1.0805498871e-14	1.35055196174	0.281155672994	0.403547987472
0.0867849465289	3.18354384718e-22	9.30464875905e-15	1.35055197036	0.281155664374	0.40354799669
0.0867849465289	2.50268196764e-22	8.01226204581e-15	1.35055197823	0.281155656505	0.403548005106
