0.0	3.69856889155	3.0332401021	1.0	0.0	0.0
1.27056018596e-11	3.69856665003	3.03323864045	1.00000033297	1.27056034759e-07	0.0001
1.58576566244e-11	3.69856633287	3.03323843364	1.00000038009	1.47284760677e-07	0.000107666664851
1.97916850528e-11	3.69856596522	3.0332381939	1.0000004347	1.70734122e-07	0.000115921107036
2.47016820135e-11	3.69856553904	3.03323791599	1.00000049801	1.97916879017e-07	0.000124808389386
3.08297692767e-11	3.698565045	3.03323759384	1.0000005714	2.29427428598e-07	0.000134377029533
3.84781349753e-11	3.69856447231	3.0332372204	1.00000065647	2.65954801948e-07	0.000144679264763
4.80239350313e-11	3.69856380843	3.0332367875	1.00000075509	3.08297731221e-07	0.000155771337189
5.99378913559e-11	3.69856303886	3.03323628568	1.00000086941	3.57382114633e-07	0.000167713800777
7.48075039154e-11	3.69856214677	3.03323570396	1.00000100193	4.14281263195e-07	0.000180571851912
9.33660212694e-11	3.69856111265	3.03323502963	1.00000115554	4.80239369346e-07	0.000194415685301
1.16528598135e-10	3.69855991388	3.03323424794	1.00000133362	5.56698713411e-07	0.000209320877163
1.45437422918e-10	3.69855852426	3.03323334179	1.00000154005	6.45331200247e-07	0.00022536879779
1.8151804045e-10	3.69855691339	3.03323229137	1.00000177934	7.48074917725e-07	0.000242647055735
2.26549647192e-10	3.69855504606	3.03323107372	1.00000205673	8.67176514555e-07	0.000261249976045
2.82752825108e-10	3.69855288143	3.03322966221	1.00000237828	1.00524032577e-06	0.000281279115152
3.52899040274e-10	3.69855037218	3.03322802597	1.00000275103	1.16528531793e-06	0.00030284381523
4.40447305415e-10	3.69854746342	3.03322612922	1.00000318312	1.35081110071e-06	0.000326061801039
5.49714744895e-10	3.69854409157	3.0332239305	1.00000368401	1.56587444774e-06	0.000351059822514
6.86089472223e-10	3.69854018288	3.03322138172	1.00000426464	1.81517799762e-06	0.000377974346593
8.56296276271e-10	3.6985356519	3.03321842714	1.00000493772	2.10417307802e-06	0.000406952302071
1.06872821595e-09	3.69853039955	3.03321500218	1.00000571795	2.43917889628e-06	0.000438151881521
1.3338604724e-09	3.69852431098	3.03321103193	1.00000662241	2.82752070451e-06	0.000471743404664
1.66476686278e-09	3.69851725308	3.0332064296	1.00000767087	3.27768995869e-06	0.000507910247878
2.07776448078e-09	3.6985090715	3.03320109453	1.00000888624	3.79952997086e-06	0.000546849844914
2.59321824427e-09	3.69849958738	3.03319491009	1.00001029512	4.4044511134e-06	0.000588774764267
3.23654501298e-09	3.69848859333	3.03318774106	1.00001192829	5.10568027587e-06	0.000633913869037
4.03946677462e-09	3.698475849	3.03317943068	1.00001382149	5.91855002735e-06	0.000682513565618
5.04157467299e-09	3.69846107572	3.03316979726	1.00001601609	6.86083379795e-06	0.000734839147968
6.29228096905e-09	3.69844395053	3.03315863018	1.00001856008	7.95313440488e-06	0.00079117624476
7.85325514043e-09	3.698424099	3.03314568528	1.00002150909	9.21933440426e-06	0.00085183237727
9.80146417632e-09	3.69840108715	3.03313067956	1.0000249276	1.0687118105e-05	0.000917138636414
1.22329668867e-08	3.69837441191	3.03311328498	1.00002889034	1.23885766386e-05	0.00098745148803
1.52676491801e-08	3.69834349014	3.03309312125	1.00003348396	1.43609092892e-05	0.00106315471612
1.90551335983e-08	3.69830764592	3.0330697476	1.00003880889	1.66472363868e-05	0.00114466151453
2.37821542021e-08	3.69826609574	3.0330426531	1.00004498153	1.92975414903e-05	0.00123241673838
2.9681760024e-08	3.69821793145	3.03301124552	1.00005213684	2.23697633991e-05	0.00132689932715
3.70448002651e-08	3.69816210039	3.0329748384	1.00006043122	2.59310617897e-05	0.00142862491266
4.62342566408e-08	3.69809738247	3.03293263605	1.00007004601	3.00592840358e-05	0.00153814862551
5.7703128246e-08	3.69802236349	3.03288371624	1.00008119136	3.48446651352e-05	0.00165606811521
7.20167488794e-08	3.69793540437	3.03282701	1.00009411087	4.03917977086e-05	0.00178302679975
8.98806344416e-08	3.69783460537	3.03276127842	1.00010908693	4.68219148717e-05	0.00191971736177
1.12175229432e-07	3.69771776475	3.03268508554	1.0001264468	5.42755355279e-05	0.00206688550968
1.39999259901e-07	3.6975823308	3.03259676716	1.00014656985	6.29155294261e-05	0.00222533402311
1.74723821925e-07	3.69742534634	3.03249439457	1.00016989574	7.29306683382e-05	0.00239592710367
2.18059860123e-07	3.69724338446	3.0323757326	1.0001969341	8.45397401049e-05	0.00257959505312
2.72142345407e-07	3.69703247405	3.03223819105	1.00022827553	9.79963143054e-05	0.00277733930255
3.39635276416e-07	3.69678801367	3.03207876848	1.00026460453	0.000113594262133	0.00299023781762
4.23862644137e-07	3.69650467188	3.03189398704	1.00030671439	0.000131674149002	0.0032194509063
5.28971762426e-07	3.69617627184	3.03167981722	1.00035552441	0.000152630636734	0.00346622745703
6.60136938456e-07	3.69579565796	3.03143159068	1.00041209989	0.000176921053267	0.00373191163671
8.23813410686e-07	3.69535454162	3.03114389944	1.00047767523	0.000205075311989	0.0040179500791
1.02805390915e-06	3.69484332294	3.03081047942	1.00055368072	0.000237707390519	0.00432589959564
1.28290320643e-06	3.69425088488	3.03042407579	1.00064177345	0.000275528610438	0.0046574354416
1.60088976594e-06	3.69356435554	3.02997628749	1.00074387314	0.000319362995594	0.00501436017139
1.99763822706e-06	3.69276883394	3.02945738771	1.00086220356	0.000370165027709	0.00539861311718
2.49263220102e-06	3.69184707387	3.02885611695	1.00099934034	0.000429040164621	0.00581228052505
3.11016394058e-06	3.69077911985	3.02815944436	1.00115826631	0.000497268539061	0.00625760638205
3.8805161954e-06	3.6895418882	3.02735229301	1.00134243527	0.000576332314993	0.00673700396616
4.84143234281e-06	3.68810868574	3.0264172239	1.00155584569	0.000667947244536	0.00725306814849
6.03994413199e-06	3.68644865743	3.02533407299	1.00180312562	0.000774099041647	0.00780858847278
7.53464262197e-06	3.68452615376	3.02407953478	1.00208963055	0.00089708526914	0.00840656303196
9.39849774705e-06	3.68230000745	3.02262668566	1.00242155599	0.00103956352289	0.00905021315289
1.17223561222e-05	3.67972270855	3.02094443914	1.00280606697	0.00120460679042	0.00974299889007
1.4619276021e-05	3.67673946622	3.01899692501	1.00325144658	0.001395766959	0.0104886353145
1.82298938301e-05	3.67328714502	3.0167427836	1.00376726634	0.00161714754815	0.0112911095654
2.27290586942e-05	3.66929306386	3.01413436648	1.00436458107	0.0018734868393	0.0121546986088
2.83340225222e-05	3.66467364582	3.01111683457	1.00505615128	0.00217025266512	0.0130839876162
3.53145320213e-05	3.65933290907	3.00762714573	1.00585669649	0.00251375019477	0.0140838888407
4.40052387471e-05	3.65316079145	3.00359292447	1.00678318274	0.00291124409641	0.0151596608175
5.48209227935e-05	3.64603130563	2.99893120923	1.00785514782	0.00337109645981	0.0163169276628
6.82751154917e-05	3.63780052845	2.9935470756	1.00909506763	0.00390292179776	0.0175616981721
8.50028051487e-05	3.6283044373	2.98733213919	1.01052876685	0.00451776028655	0.0189003843356
0.000105788390277	3.61735652915	2.98029128933	1.01218587687	0.00522828878314	0.0203398187914
0.000131598360463	3.60474587199	2.97221296342	1.01410026677	0.00604901246878	0.0218872099125
0.000163621574957	3.59023429393	2.96290912124	1.01631069783	0.00699648764302	0.0235502482798
0.000203317537672	3.57355408185	2.95220454132	1.01886140656	0.00808959059019	0.025337095387
0.000252473121616	3.55440600465	2.9399024668	1.02180272962	0.0093497781703	0.0272563735246
0.000313269480327	3.53245764059	2.92578311329	1.02519177932	0.0108013650085	0.0293171650975
0.000388359921831	3.50734235201	2.90960247893	1.02909313946	0.0124718052095	0.031529004843
0.000480962990314	3.47865869795	2.8913185006	1.03357956466	0.014392077762	0.0339018633914
0.000594955214017	3.44597410221	2.87045075197	1.03873229003	0.0165967487452	0.0364459432217
0.000734990642679	3.40882478108	2.84667644821	1.04464221754	0.0191243041838	0.039171957465
0.00090661989506	3.36672231016	2.81954076754	1.05141016562	0.0220172752259	0.0420909344314
0.00111641359472	3.31916130322	2.78866479244	1.05914747634	0.0253221455041	0.0452142647525
0.00137210958103	3.26562966093	2.75387925926	1.06797592082	0.029089777769	0.0485535147952
0.00168275349219	3.20562437337	2.71532247445	1.07802687989	0.0333756322811	0.0521200982115
0.00205872275603	3.13868201154	2.67219023128	1.08943933956	0.0382379412149	0.0559247514487
0.00251189930442	3.06438354706	2.62425719981	1.10236179545	0.0437384627157	0.0599785029078
0.00305565003696	2.98239204108	2.57130217339	1.11694868245	0.0499408861397	0.0642918476419
0.00370479662597	2.89248234983	2.51290455034	1.13335784925	0.0569097434167	0.0688745749149
0.00447552997947	2.79456654883	2.44925101421	1.15174892923	0.0647089770633	0.0737360122697
0.00538535498022	2.68872554341	2.38074167719	1.17227617034	0.0734031283331	0.0788839069136
0.00645246992383	2.57525554124	2.3072446921	1.19508257491	0.0830508481655	0.0843240200825
0.00769551618617	2.4546652178	2.22849476046	1.2202988743	0.0937045947254	0.0900610251502
0.00913319946775	2.32767267278	2.14575951363	1.24804168898	0.105409184173	0.0960990661376
0.0107832552164	2.19525460979	2.05869069615	1.27839333788	0.118197759894	0.102438334773
0.0126621195959	2.05856732034	1.96783760591	1.31141575938	0.132089403199	0.109079205413
0.0147852012551	1.91890529464	1.87560526346	1.34713855183	0.147099940529	0.116020391032
0.0171632864721	1.7777994811	1.78135132291	1.38552768251	0.163213908143	0.123253629517
0.0198048075432	1.636771653	1.68612788411	1.42652837374	0.180405301914	0.13077271606
0.0227151925461	1.4973358182	1.59097253825	1.47004061665	0.198640203487	0.138568750907
0.0258940896099	1.36099462875	1.4968094419	1.51591875275	0.217850642664	0.146630177822
0.0293383155392	1.22910130144	1.40537073278	1.56397259434	0.237969598358	0.154942767458
0.0330381946004	1.10290785177	1.31570035125	1.61394778	0.258902202002	0.163485536411
0.0369819842042	0.98336475928	1.22996857961	1.66559762114	0.280548554644	0.172242649179
0.0411504918428	0.871300310278	1.14728082619	1.7185976967	0.302779354258	0.181187675334
0.0455250371673	0.767197237175	1.06931600568	1.77264067342	0.325483179244	0.190298806248
0.0500770539685	0.671437395562	0.995139649024	1.82735164673	0.348494037589	0.199543261231
0.0547794676333	0.584092515729	0.925761095899	1.88238351226	0.371667949041	0.208892564418
0.0595973249657	0.50512888062	0.860769767	1.93734359077	0.39481922083	0.218308784693
0.0644957230775	0.434310000428	0.800054271325	1.99185465397	0.417774187649	0.227753860594
0.069437440443	0.371276240833	0.743582604903	2.0455461043	0.440350719973	0.237187018979
0.0743797470426	0.315607829746	0.691447768651	2.0980512533	0.462326561308	0.246563647145
0.079281061587	0.266799952706	0.643026533916	2.14900722216	0.483508926809	0.255834161861
0.0840987046264	0.224304710937	0.598246080331	2.19809696914	0.503688807141	0.264950976233
0.0887909721402	0.187555359138	0.556903955125	2.24502553426	0.522675212902	0.273863887573
0.0933161091108	0.15599304905	0.518615170402	2.28953190472	0.540278668591	0.282521950801
0.0976366236599	0.129060848179	0.483126099498	2.33140782758	0.556343230152	0.290877279671
0.101718993424	0.1062260055	0.450390553762	2.37049358513	0.570744825055	0.298884716252
0.105533449638	0.086993531501	0.419958628741	2.40666828941	0.583394646808	0.306500412387
0.109057575381	0.0708968036909	0.391732167649	2.43988026321	0.594250341063	0.313689292501
0.11227658518	0.0575063447213	0.365454116269	2.47012368877	0.603330677581	0.320421537981
0.115182424911	0.0464352295792	0.341009114122	2.49744632924	0.610692887639	0.326675860799
0.117774846677	0.0373356870536	0.318251270968	2.52193772953	0.616444862467	0.332438658335
0.120060045597	0.0299010578895	0.296941172954	2.54372557968	0.620725304992	0.337704899094
0.122051789132	0.0238583654678	0.276989118884	2.56297576043	0.623706291676	0.3424799337
0.123768317597	0.0189725302626	0.258300758566	2.57987344181	0.625570682443	0.346776405295
0.125231376543	0.0150422730339	0.240717593541	2.59461710775	0.626502807972	0.350613828228
0.126466108763	0.0118939256942	0.22415672183	2.60741550527	0.626687094335	0.354018577665
0.127498219552	0.00938232008427	0.208531018439	2.61847517766	0.626290444718	0.357021019533
0.128353311588	0.0073862631139	0.193801091963	2.62799643474	0.625460720094	0.359654442065
0.1290559632	0.00580540754656	0.17975852075	2.63616749896	0.624325738264	0.361953189408
0.129629605351	0.00455612071662	0.166616682307	2.64316855192	0.622991123622	0.363953395954
0.13009514358	0.00357089421733	0.154345795953	2.64915256659	0.621549104229	0.365686966385
0.130470588271	0.00279602327618	0.142758207586	2.65425611543	0.620067964222	0.367183984267
0.130771853406	0.00218771914815	0.131768077774	2.65860574392	0.618596220127	0.368474083751
0.131012543429	0.00171090813366	0.121325340053	2.66231374389	0.617167157579	0.369584759612
0.13120408039	0.0013377130307	0.111330514294	2.66547801128	0.615802231292	0.370540873757
0.131356011944	0.00104592553861	0.101704884436	2.66818469995	0.614512935667	0.371365067129
0.131476194144	0.000817993081069	0.0924066924406	2.67050874393	0.613303227603	0.372077603894
0.131571028236	0.000640094256554	0.083342287868	2.67251450173	0.6121720189	0.372696306175
0.131645728733	0.000501302237201	0.0745338245628	2.67425849535	0.611113603719	0.373237190743
0.13170452116	0.000392987796265	0.0660598524166	2.67578842008	0.610120955392	0.373714002461
0.131750838545	0.000308297103164	0.058314337138	2.67714354359	0.609187481155	0.374138204048
0.131787149952	0.000242348166539	0.0505746621245	2.67834926339	0.608311178855	0.374517155339
0.13181584024	0.000190557127546	0.0437196717308	2.67944309172	0.607476812285	0.374862210584
0.13183849548	0.000149888494087	0.0376634152931	2.68043878435	0.606685407145	0.375177385258
0.131856385901	0.000117938111313	0.032355764884	2.68134851476	0.60593656333	0.375466266313
0.131870518407	9.28185700104e-05	0.0277351807353	2.68218222545	0.60522962584	0.375731790903
0.131881683804	7.30598226286e-05	0.0237384816195	2.68294805906	0.604563715729	0.37597636872
0.131890504826	5.75131115375e-05	0.0202966076612	2.68365266895	0.603937877116	0.376201969866
0.131897473453	4.52773423449e-05	0.0173423550989	2.68430165914	0.603350990567	0.376410257185
0.131902977902	3.56460972242e-05	0.0148121409878	2.68489982524	0.602801787222	0.376602657494
0.131907324162	2.80658987824e-05	0.0126397658087	2.68545137207	0.602288833314	0.37678042702
0.1319107563	2.20978901016e-05	0.010777509106	2.68596041397	0.601810217824	0.37694480955
0.131913460471	1.74087146218e-05	0.00915374618624	2.68643058873	0.601363979898	0.37709690963
0.131915596459	1.3714299357e-05	0.0077745128795	2.68686679616	0.600946653466	0.377238253674
0.131917262041	1.0840291882e-05	0.00634098554473	2.68727148006	0.600556673639	0.377369584274
0.13191855992	8.60560683505e-06	0.00507951010795	2.68766370689	0.600175891743	0.377497058002
0.131919592449	6.83157188635e-06	0.00406898010378	2.68805241657	0.599796276966	0.37762357003
0.131920417235	5.41747024771e-06	0.00332533552058	2.68843763994	0.599418310528	0.377749126329
0.131921081483	4.28103966745e-06	0.00275817495333	2.68881146753	0.599050320652	0.377871139367
0.131921607491	3.38296861757e-06	0.00228773107927	2.6891676618	0.598698744051	0.377987554293
0.131922023985	2.67327068084e-06	0.00189751472506	2.68950705184	0.598363006403	0.378098620247
0.131922353731	2.11243996463e-06	0.00157384709382	2.68983042808	0.598042518918	0.378204575973
0.131922614774	1.66925425689e-06	0.0013053809753	2.690138544	0.597736687653	0.378305650185
0.131922821407	1.3190385035e-06	0.00108270347356	2.69043211787	0.597444920591	0.378402061939
0.131922984959	1.04229220033e-06	0.000898006386975	2.69071183434	0.597166632965	0.37849402099
0.131923114399	8.23604469419e-07	0.000744812729761	2.69097834598	0.596901251209	0.378581728136
0.131923216319	6.516651763e-07	0.00059881680629	2.6912322748	0.596648211338	0.378665375562
0.13192329141	5.25149897925e-07	0.000419093055574	2.69148218385	0.596398956822	0.378747776314
0.131923355032	4.18109277711e-07	0.000583658898862	2.69176987214	0.596111822718	0.378842729107
0.131923380873	3.74672969772e-07	0.000184867707941	2.69193446577	0.595947454094	0.378897099922
0.131923427295	2.96740284795e-07	0.000150801384496	2.69239926055	0.595483063346	0.379050818259
0.131923464143	2.35039212846e-07	0.000122900876761	2.69285057323	0.595032070942	0.379200334012
0.131923493582	1.85868719474e-07	0.000102062233231	2.69328923103	0.594593668672	0.379345899864
0.131923517012	1.46830934788e-07	8.36788756076e-05	2.69370700196	0.594176100842	0.379484757334
0.131923535214	1.16572904745e-07	6.71100414307e-05	2.69410957044	0.593773689952	0.37961876795
0.131923549763	9.24407821734e-08	5.46817945512e-05	2.69450809856	0.59337528765	0.379751633233
0.131923561533	7.29632721278e-08	4.57629293228e-05	2.6948959795	0.59298750837	0.379881140004
0.131923570845	5.75861136585e-08	3.83135351653e-05	2.69526185017	0.592621718034	0.380003471089
0.13192357821	4.54486229073e-08	3.208140488e-05	2.69560680262	0.592276829052	0.380118962295
0.131923584035	3.58686505005e-08	2.68620381354e-05	2.69593197568	0.59195170614	0.380227968622
0.131923588637	2.83133307644e-08	2.23997471873e-05	2.69623850619	0.591645215205	0.380330847731
0.131923592215	2.24487502926e-08	1.81170265387e-05	2.69652870102	0.591355051118	0.380428353677
0.131923595107	1.77168706687e-08	1.51678150383e-05	2.69681318805	0.591070588917	0.380524045318
0.131923597393	1.39820992954e-08	1.2700458827e-05	2.69708139206	0.590802404512	0.380614353918
0.131923599196	1.10412193676e-08	1.04805490943e-05	2.69733420303	0.590549608995	0.380699563077
0.131923600605	8.7460308779e-09	8.59682824925e-06	2.69757614174	0.590307682354	0.380781183887
0.131923601738	6.90240603437e-09	7.19663746828e-06	2.69780979267	0.59007404112	0.380860079467
0.131923602634	5.44703409991e-09	6.02724439702e-06	2.69803008623	0.58985375522	0.380934528481
0.131923603342	4.29861145716e-09	5.04650273743e-06	2.69823767632	0.589646171182	0.381004740993
0.131923603901	3.39231837357e-09	4.22642227835e-06	2.69843335128	0.589450500995	0.3810709739
0.131923604343	2.67733371553e-09	3.52655075939e-06	2.69861774743	0.589266108618	0.381133433921
0.131923604687	2.12070817599e-09	2.87140919048e-06	2.69879217193	0.589091687051	0.381192556334
0.131923604964	1.67347676477e-09	2.40520452458e-06	2.69896186096	0.588922000385	0.381250111034
0.131923605182	1.32055462826e-09	2.01468602488e-06	2.6991217292	0.588762134002	0.381304368529
0.131923605355	1.04205554718e-09	1.68758771847e-06	2.69927234433	0.588611520345	0.381355515629
0.131923605491	8.22284659189e-10	1.41361266968e-06	2.69941423954	0.588469626297	0.381403728205
0.131923605599	6.48861123283e-10	1.1841131151e-06	2.69954791671	0.588335950043	0.381449172166
0.131923605684	5.11989739955e-10	9.92252592241e-07	2.6996738513	0.58821001618	0.381492005039
0.131923605751	4.03980669032e-10	8.31545519959e-07	2.69979244056	0.588091427486	0.381532358283
0.131923605805	3.18755824111e-10	6.96876396591e-07	2.69990410109	0.587979767404	0.381570370393
0.131923605846	2.51507121331e-10	5.84049575107e-07	2.70000923558	0.587874633275	0.381606175554
0.131923605878	2.00284557745e-10	4.53804570068e-07	2.70010821846	0.58777565067	0.381639898716
0.131923605905	1.58019671345e-10	3.80513953357e-07	2.70020966363	0.587674205717	0.381674473892
0.131923605925	1.24672288137e-10	3.19087514362e-07	2.70030512103	0.587578748495	0.381707020405
0.131923605942	9.83612814329e-11	2.67585129534e-07	2.70039493512	0.58748893455	0.381737653556
0.131923605955	7.7602541534e-11	2.24410947747e-07	2.70047943594	0.587404433839	0.381766484012
0.131923605965	6.12194398849e-11	1.88315103689e-07	2.70055893174	0.587324938124	0.381793615253
0.131923605973	4.82949517673e-11	1.58024895493e-07	2.70063366766	0.587250202271	0.381819129439
0.13192360598	3.81192877842e-11	1.30943430273e-07	2.70070392853	0.587179941451	0.381843122473
0.131923605985	3.01591634371e-11	1.08159461165e-07	2.70077085647	0.587113013558	0.381865983298
0.131923605989	2.37880310208e-11	9.08732884413e-08	2.70083496396	0.587048906101	0.381887886171
0.131923605992	1.87627657433e-11	7.63497032053e-08	2.70089514877	0.586988721318	0.381908453669
0.131923605994	1.47990699485e-11	6.41472259067e-08	2.70095165081	0.5869322193	0.381927766891
0.131923605996	1.16724027182e-11	5.39269854562e-08	2.70100469533	0.586879174795	0.381945902047
0.131923605998	9.20461371706e-12	4.53793133537e-08	2.70105446296	0.586829407173	0.381962920198
0.131923605999	7.25855538605e-12	3.81864428521e-08	2.70110110194	0.586782768207	0.381978871413
0.131923606	5.72392834068e-12	3.21336477371e-08	2.70114480887	0.586739061285	0.381993822384
0.131923606001	4.51358607849e-12	2.70634266674e-08	2.70118576802	0.586698102143	0.382007835662
0.131923606001	3.55821178165e-12	2.28259816585e-08	2.70122411779	0.586659752377	0.382020958171
0.131923606002	2.80505455655e-12	1.92519955795e-08	2.70125996315	0.58662390702	0.382033225448
0.131923606002	2.21131352441e-12	1.62375939863e-08	2.70129346761	0.58659040257	0.382044693108
0.131923606002	1.74318130811e-12	1.3707187107e-08	2.70132478399	0.586559086192	0.382055413168
0.131923606003	1.3736872099e-12	1.15934922769e-08	2.70135402839	0.586529841792	0.382065425109
0.131923606003	1.08251198032e-12	9.80572942805e-09	2.70138127594	0.58650259424	0.38207475442
0.131923606003	8.53055251031e-13	8.29364128353e-09	2.70140666297	0.586477207217	0.382083447571
0.131923606003	6.72218431322e-13	7.0187593946e-09	2.70143031648	0.586453553707	0.382091547876
0.131923606003	5.29502786084e-13	5.95548580275e-09	2.70145234159	0.586431528594	0.382099091179
0.131923606003	4.17086117388e-13	5.05328499916e-09	2.7014727883	0.586411081885	0.382106094465
0.131923606003	3.28535947933e-13	4.28775704239e-09	2.7014917697	0.586392100483	0.382112596348
0.131923606003	2.58785392164e-13	3.63819806469e-09	2.70150939079	0.586374479393	0.382118632689
0.131923606003	2.0433219755e-13	3.03036460456e-09	2.70152574904	0.586358121141	0.382124236789
0.131923606003	1.61093626208e-13	2.56797510988e-09	2.70154125604	0.586342614144	0.382129549582
0.131923606003	1.26799592934e-13	2.19085425829e-09	2.70155568305	0.586328187137	0.382134492645
0.131923606003	9.98061059827e-14	1.86911490411e-09	2.7015689936	0.586314876584	0.382139053422
0.131923606003	7.85590338282e-14	1.59462423515e-09	2.70158127409	0.586302596096	0.382143261459
0.131923606003	6.18350822994e-14	1.36044371618e-09	2.70159260422	0.586291265966	0.382147144018
0.131923606003	4.8671368411e-14	1.16065372012e-09	2.70160305753	0.586280812655	0.382150726261
0.131923606003	3.82884086452e-14	9.9472779101e-10	2.70161270187	0.586271168314	0.382154031405
0.131923606003	3.01171717042e-14	8.52902588642e-10	2.70162155439	0.586262315795	0.382157065296
0.131923606003	2.36897723956e-14	7.31298205248e-10	2.7016296756	0.586254194588	0.382159848644
0.131923606003	1.86340578619e-14	6.27031682687e-10	2.7016371259	0.586246744284	0.382162402132
0.131923606003	1.46572957882e-14	5.37631088873e-10	2.70164396073	0.586239909461	0.382164744736
0.131923606003	1.15292255864e-14	4.60976919133e-10	2.70165023091	0.586233639277	0.382166893866
0.131923606003	9.06424306562e-15	3.96813219423e-10	2.7016559831	0.586227887087	0.382168865496
0.131923606003	7.1257151054e-15	3.41692492655e-10	2.70166123672	0.586222633463	0.382170666275
0.131923606003	5.60176985471e-15	2.94228459091e-10	2.70166603304	0.586217837147	0.382172310334
0.131923606003	4.40374308486e-15	2.53357554511e-10	2.70167041185	0.586213458332	0.38217381131
0.131923606003	3.46193252773e-15	2.18163948635e-10	2.70167440951	0.586209460679	0.382175181652
0.131923606003	2.72154265219e-15	1.87859024635e-10	2.70167805918	0.586205811009	0.382176432729
0.131923606003	2.13890368199e-15	1.62198999263e-10	2.70168139115	0.586202479033	0.382177574918
0.131923606003	1.68067795169e-15	1.40154434221e-10	2.70168442409	0.586199446101	0.382178614609
0.131923606003	1.3206195257e-15	1.21105948794e-10	2.70168718211	0.586196688077	0.382179560071
0.131923606003	1.03769773323e-15	1.04646347711e-10	2.70168969014	0.586194180044	0.382180419844
0.131923606003	8.15387350371e-16	9.04237768613e-11	2.70169197084	0.586191899343	0.382181201693
0.131923606003	6.40703392771e-16	7.81342020849e-11	2.70169404482	0.586189825368	0.38218191268
0.131923606003	5.03410595165e-16	6.76138343739e-11	2.70169593081	0.586187939381	0.382182559226
0.131923606003	3.95398682345e-16	5.86044763847e-11	2.70169764322	0.586186226963	0.382183146275
0.131923606003	3.10561808014e-16	5.07955880617e-11	2.701699195	0.58618467519	0.382183678255
0.131923606003	2.43927543051e-16	4.40272110103e-11	2.70170060119	0.586183268993	0.382184160331
0.131923606003	1.91590338986e-16	3.81607006155e-11	2.70170187547	0.586181994716	0.382184597184
0.131923606003	1.50482619526e-16	3.3075886096e-11	2.70170303021	0.586180839982	0.382184993057
0.131923606003	1.18194755614e-16	2.86696647592e-11	2.70170407661	0.586179793577	0.382185351793
0.131923606003	9.280120787e-17	2.4916301469e-11	2.70170502481	0.586178845375	0.382185676864
0.131923606003	7.28633323402e-17	2.16543188216e-11	2.70170588145	0.58617798874	0.382185970543
0.131923606003	5.72090071454e-17	1.88193866631e-11	2.70170665536	0.58617721483	0.382186235864
0.131923606003	4.4917934196e-17	1.63555967313e-11	2.70170735453	0.586176515657	0.382186475562
0.131923606003	3.52675363555e-17	1.42143600961e-11	2.70170798618	0.586175884003	0.382186692114
0.131923606003	2.76904782501e-17	1.23534489402e-11	2.70170855684	0.586175313347	0.382186887754
0.131923606003	2.1739822748e-17	1.07529970586e-11	2.70170907239	0.5861747978	0.382187064501
0.131923606003	1.70614576878e-17	9.37638619279e-12	2.70170953739	0.5861743328	0.382187223919
0.131923606003	1.33898668124e-17	8.17601049354e-12	2.7017099559	0.586173914288	0.3821873674
0.131923606003	1.05083945629e-17	7.12930817499e-12	2.70171033257	0.586173537618	0.382187496536
0.131923606003	8.24700914422e-18	6.21660582621e-12	2.70171067158	0.586173198605	0.382187612762
0.131923606003	6.47226921034e-18	5.42074864066e-12	2.7017109767	0.586172893485	0.382187717368
0.131923606003	5.07944968995e-18	4.7267779835e-12	2.70171125132	0.58617261887	0.382187811517
0.131923606003	3.98603254704e-18	4.12514274855e-12	2.70171149848	0.58617237171	0.382187896252
0.131923606003	3.12776212041e-18	3.6011566556e-12	2.70171172072	0.586172149466	0.382187972446
0.131923606003	2.45429399968e-18	3.14372858352e-12	2.70171192049	0.586171949702	0.382188040933
0.131923606003	1.92583666502e-18	2.74440417106e-12	2.70171210005	0.586171770142	0.382188102493
0.131923606003	1.51116647978e-18	2.39580294943e-12	2.70171226144	0.586171608744	0.382188157826
0.131923606003	1.18578286046e-18	2.09148193425e-12	2.70171240652	0.58617146367	0.382188207563
0.131923606003	9.3046067379e-19	1.82581654425e-12	2.70171253692	0.58617133327	0.382188252269
0.131923606003	7.301143305e-19	1.59389664587e-12	2.70171265413	0.586171216059	0.382188292454
0.131923606003	5.72906461492e-19	1.39143580257e-12	2.70171275948	0.586171110703	0.382188328574
0.131923606003	4.49548513176e-19	1.21469205134e-12	2.70171285418	0.586171016003	0.382188361041
0.131923606003	3.52751938115e-19	1.0603987425e-12	2.7017129393	0.586170930882	0.382188390224
0.131923606003	2.76797554917e-19	9.25704164201e-13	2.70171301582	0.58617085437	0.382188416455
0.131923606003	2.17197633261e-19	8.08118836117e-13	2.70171308459	0.586170785597	0.382188440033
0.131923606003	1.70430738562e-19	7.05469497885e-13	2.70171314641	0.58617072378	0.382188461226
0.131923606003	1.3373366971e-19	6.158589421e-13	2.70171320197	0.586170668216	0.382188480276
0.131923606003	1.04938196657e-19	5.37630949395e-13	2.70171325192	0.586170618272	0.382188497399
0.131923606003	8.23114858893e-20	4.73436253706e-13	2.70171329681	0.586170573379	0.38218851279
0.131923606003	6.44385818818e-20	4.20424259893e-13	2.7017133368	0.586170533391	0.382188526499
0.131923606003	5.04465540748e-20	3.73348168195e-13	2.70171337205	0.586170498139	0.382188538585
0.131923606003	3.9492719078e-20	3.31543319055e-13	2.70171340313	0.586170467061	0.38218854924
0.131923606003	3.09173715739e-20	2.9441947668e-13	2.70171343052	0.586170439664	0.382188558633
0.131923606003	2.42040529396e-20	2.61452495617e-13	2.70171345468	0.586170415512	0.382188566913
0.131923606003	1.8948447036e-20	2.32176920433e-13	2.70171347597	0.586170394219	0.382188574213
0.131923606003	1.48340298819e-20	2.06179414036e-13	2.70171349474	0.586170375449	0.382188580648
0.131923606003	1.16130066935e-20	1.83092921842e-13	2.70171351129	0.586170358901	0.382188586322
0.131923606003	9.09138820599e-21	1.62591489396e-13	2.70171352587	0.586170344313	0.382188591323
0.131923606003	7.11730748229e-21	1.44385660273e-13	2.70171353874	0.586170331452	0.382188595732
0.131923606003	5.5718735804e-21	1.28218389298e-13	2.70171355007	0.586170320114	0.382188599619
0.131923606003	4.36201123104e-21	1.13861413363e-13	2.70171356007	0.58617031012	0.382188603046
0.131923606003	3.41485528925e-21	1.01112028625e-13	2.70171356888	0.586170301308	0.382188606067
0.131923606003	2.67303083177e-21	9.00392477537e-14	2.70171357665	0.58617029354	0.38218860873
0.131923606003	2.08951322854e-21	8.08313125041e-14	2.70171358347	0.586170286712	0.382188611071
0.131923606003	1.6333764198e-21	7.25650340567e-14	2.70171358942	0.586170280767	0.382188613109
0.131923606003	1.27681341815e-21	6.51441131351e-14	2.7017135946	0.58617027559	0.382188614884
0.131923606003	9.98087449019e-22	5.84820985839e-14	2.70171359911	0.586170271082	0.38218861643
0.131923606003	7.80206834763e-22	5.25013802426e-14	2.70171360303	0.586170267156	0.382188617775
0.131923606003	6.09889148924e-22	4.71322848148e-14	2.70171360645	0.586170263738	0.382188618947
0.131923606003	4.76751493715e-22	4.23122641986e-14	2.70171360942	0.586170260762	0.382188619967
0.131923606003	3.72677538387e-22	3.7985166823e-14	2.70171361202	0.586170258171	0.382188620856
0.131923606003	2.9132273191e-22	3.41005835017e-14	2.70171361427	0.586170255914	0.38218862163
0.131923606003	2.27727526806e-22	3.06132601836e-14	2.70171361624	0.586170253949	0.382188622303
0.131923606003	1.78015035482e-22	2.7482570759e-14	2.70171361795	0.586170252238	0.38218862289
0.131923606003	1.39154687614e-22	2.46720437795e-14	2.70171361944	0.586170250749	0.382188623401
0.131923606003	1.08777480679e-22	2.21489375781e-14	2.70171362074	0.586170249451	0.382188623845
0.131923606003	8.50315609528e-23	1.98838588405e-14	2.70171362187	0.586170248322	0.382188624233
0.131923606003	6.64117253412e-23	1.7974315242e-14	2.70171362285	0.586170247338	0.38218862457
0.131923606003	5.18596502703e-23	1.62603999457e-14	2.7017136237	0.586170246488	0.382188624861
0.131923606003	4.04962122601e-23	1.47099126073e-14	2.70171362443	0.586170245755	0.382188625113
0.131923606003	3.1622720145e-23	1.33072697862e-14	2.70171362507	0.586170245122	0.38218862533
0.131923606003	2.4693579313e-23	1.20383739787e-14	2.70171362561	0.586170244575	0.382188625517
0.131923606003	1.9282745332e-23	1.08904719282e-14	2.70171362608	0.586170244103	0.382188625679
0.131923606003	1.50575282267e-23	9.85202644696e-15	2.70171362649	0.586170243696	0.382188625818
0.131923606003	1.17581367377e-23	8.91260045944e-15	2.70171362684	0.586170243345	0.382188625939
0.131923606003	9.18170482272e-24	8.06275210245e-15	2.70171362715	0.586170243041	0.382188626043
0.131923606003	7.16981825697e-24	7.29393982832e-15	2.70171362741	0.586170242779	0.382188626133
0.131923606003	5.56615511578e-24	6.94741974158e-15	2.70171362763	0.586170242553	0.38218862621
0.131923606003	4.30802439335e-24	6.70017066753e-15	2.70171362782	0.586170242369	0.382188626274
0.131923606003	3.33427182449e-24	6.46172084654e-15	2.70171362797	0.586170242221	0.382188626324
0.131923606003	2.58061876727e-24	6.23175712536e-15	2.70171362808	0.586170242102	0.382188626365
0.131923606003	1.99731562765e-24	6.00997749542e-15	2.70171362818	0.586170242007	0.382188626398
0.131923606003	1.54585782566e-24	5.79609069622e-15	2.70171362826	0.586170241931	0.382188626424
0.131923606003	1.19644405923e-24	5.58981583281e-15	2.70171362832	0.586170241869	0.382188626445
0.131923606003	9.2600908253e-25	5.39088200692e-15	2.70171362837	0.58617024182	0.382188626462
0.131923606003	7.16701139771e-25	5.19902796116e-15	2.70171362841	0.586170241781	0.382188626475
0.131923606003	5.54704731184e-25	5.01377984833e-15	2.70171362844	0.586170241749	0.382188626486
0.131923606003	4.29334473246e-25	4.83447323526e-15	2.70171362846	0.586170241723	0.382188626495
0.131923606003	3.32299473132e-25	4.66157912182e-15	2.70171362848	0.586170241703	0.382188626502
0.131923606003	2.57195605582e-25	4.49486817934e-15	2.7017136285	0.586170241687	0.382188626507
0.131923606003	1.99066158328e-25	4.33411928053e-15	2.70171362851	0.586170241673	0.382188626512
