0.0	0.000630425125581	0.0659328026923	0.0	0.0	0.0
2.76178678089e-19	0.000630425125566	0.0659328026918	2.22602531375e-13	2.76223488527e-13	1e-06
3.09172270529e-19	0.000630425125565	0.0659328026918	2.33701799411e-13	2.97761815204e-13	1.03833333333e-06
3.46107431338e-19	0.000630425125565	0.0659328026917	2.45668321087e-13	3.21076498721e-13	1.07813611111e-06
3.87455038651e-19	0.000630425125564	0.0659328026917	2.5856986023e-13	3.46167539078e-13	1.11946466204e-06
4.33742223898e-19	0.000630425125563	0.0659328026917	2.7247947547e-13	3.73145958576e-13	1.16237747408e-06
4.85559092086e-19	0.000630425125562	0.0659328026916	2.87475933951e-13	4.02344824124e-13	1.20693527725e-06
5.4356624492e-19	0.000630425125561	0.0659328026916	3.03644157378e-13	4.33764135721e-13	1.25320112955e-06
6.08503202663e-19	0.00063042512556	0.0659328026916	3.21075702907e-13	4.67625937972e-13	1.30124050618e-06
6.81197832116e-19	0.000630425125558	0.0659328026915	3.39869281615e-13	5.04152275482e-13	1.35112139225e-06
7.62576900909e-19	0.000630425125557	0.0659328026915	3.60131317477e-13	5.43565192856e-13	1.40291437895e-06
8.53677892652e-19	0.000630425125556	0.0659328026914	3.81976550024e-13	5.86086734699e-13	1.45669276348e-06
9.55662233583e-19	0.000630425125554	0.0659328026914	4.05528684089e-13	6.31827923314e-13	1.51253265274e-06
1.06983009934e-18	0.000630425125552	0.0659328026913	4.30921090317e-13	6.8123284791e-13	1.5705130711e-06
1.19763699059e-18	0.000630425125551	0.0659328026912	4.5829756042e-13	7.34412530789e-13	1.63071607215e-06
1.34071228891e-18	0.000630425125549	0.0659328026912	4.87813121433e-13	7.91811061162e-13	1.69322685492e-06
1.50088002939e-18	0.000630425125546	0.0659328026911	5.19634913601e-13	8.53650483634e-13	1.75813388435e-06
1.68018215485e-18	0.000630425125544	0.065932802691	5.53943136856e-13	9.20374887413e-13	1.82552901659e-06
1.88090454813e-18	0.000630425125542	0.0659328026909	5.90932071256e-13	9.92317339409e-13	1.89550762889e-06
2.10560617429e-18	0.000630425125539	0.0659328026908	6.30811177145e-13	1.06981090653e-12	1.96816875466e-06
2.35715170427e-18	0.000630425125536	0.0659328026908	6.73806281281e-13	1.15341070028e-12	2.04361522358e-06
2.63874803598e-18	0.000630425125533	0.0659328026906	7.20160855651e-13	1.24356080988e-12	2.12195380715e-06
2.95398517829e-18	0.00063042512553	0.0659328026905	7.70137396195e-13	1.34070532454e-12	2.20329536976e-06
3.30688201926e-18	0.000630425125526	0.0659328026904	8.24018909263e-13	1.44551037806e-12	2.28775502559e-06
3.70193756206e-18	0.000630425125522	0.0659328026903	8.82110514222e-13	1.55842005966e-12	2.37545230157e-06
4.14418828177e-18	0.000630425125518	0.0659328026901	9.44741171281e-13	1.68021152546e-12	2.46651130646e-06
4.63927233424e-18	0.000630425125514	0.06593280269	1.01226554432e-12	1.81143988698e-12	2.56106090654e-06
5.19350143571e-18	0.000630425125509	0.0659328026898	1.08506600927e-12	1.95299332261e-12	2.65923490795e-06
5.81394132947e-18	0.000630425125504	0.0659328026896	1.16355481944e-12	2.1056489885e-12	2.76117224608e-06
6.50850186544e-18	0.000630425125498	0.0659328026894	1.24817644e-12	2.27018404075e-12	2.86701718218e-06
7.28603784109e-18	0.000630425125492	0.0659328026892	1.3394100649e-12	2.44748665778e-12	2.97691950748e-06
8.15646188929e-18	0.000630425125485	0.065932802689	1.43777233046e-12	2.63877808492e-12	3.09103475526e-06
9.13087085221e-18	0.000630425125478	0.0659328026888	1.54382024092e-12	2.84494650059e-12	3.20952442087e-06
1.02216872526e-17	0.000630425125471	0.0659328026885	1.6581543227e-12	3.06721315012e-12	3.33255619033e-06
1.14428176655e-17	0.000630425125462	0.0659328026882	1.781422025e-12	3.30691030114e-12	3.46030417761e-06
1.28098300105e-17	0.000630425125454	0.0659328026879	1.91432138618e-12	3.56525919897e-12	3.59294917108e-06
1.43401520232e-17	0.000630425125444	0.0659328026876	2.0576049866e-12	3.84392517814e-12	3.73067888929e-06
1.6053293438e-17	0.000630425125434	0.0659328026873	2.21208421035e-12	4.1442405063e-12	3.87368824669e-06
1.79710947128e-17	0.000630425125423	0.0659328026869	2.37863383988e-12	4.46798154028e-12	4.02217962947e-06
2.01180054688e-17	0.000630425125411	0.0659328026865	2.55819700977e-12	4.81714668152e-12	4.17636318191e-06
2.25213961925e-17	0.000630425125398	0.065932802686	2.75179054745e-12	5.19351228687e-12	4.33645710386e-06
2.52119071767e-17	0.000630425125384	0.0659328026856	2.96051073129e-12	5.59929880236e-12	4.50268795948e-06
2.82238391463e-17	0.000630425125369	0.0659328026851	3.1855394986e-12	6.03683769636e-12	4.6752909979e-06
3.15955905505e-17	0.000630425125353	0.0659328026845	3.42815113867e-12	6.50857145952e-12	4.85451048612e-06
3.53701470965e-17	0.000630425125335	0.0659328026839	3.6897195088e-12	7.01705360479e-12	5.04060005472e-06
3.95956297645e-17	0.000630425125317	0.0659328026833	3.97172581415e-12	7.56539275665e-12	5.23382305678e-06
4.43259082911e-17	0.000630425125296	0.0659328026826	4.2757669955e-12	8.15647549495e-12	5.43445294058e-06
4.96212879429e-17	0.000630425125275	0.0659328026818	4.60356477236e-12	8.79385453337e-12	5.64277363658e-06
5.55492783349e-17	0.000630425125251	0.065932802681	4.95697539272e-12	9.480860541e-12	5.85907995926e-06
6.21854540952e-17	0.000630425125226	0.0659328026802	5.33800014457e-12	1.02217123653e-11	6.08367802431e-06
6.96144183494e-17	0.000630425125198	0.0659328026792	5.74879668874e-12	1.10204068092e-11	6.31688568184e-06
7.79308813069e-17	0.000630425125169	0.0659328026782	6.1916912773e-12	1.18814957871e-11	6.55903296623e-06
8.72408677003e-17	0.000630425125137	0.0659328026772	6.66919192662e-12	1.28098642803e-11	6.81046256318e-06
9.76630684709e-17	0.000630425125103	0.065932802676	7.1840026197e-12	1.38107303369e-11	7.07153029467e-06
1.09330353933e-16	0.000630425125066	0.0659328026747	7.73903861826e-12	1.48898671168e-11	7.34260562252e-06
1.22391467709e-16	0.000630425125026	0.0659328026734	8.33744297123e-12	1.60532698243e-11	7.62407217127e-06
1.37012923026e-16	0.000630425124983	0.0659328026719	8.98260431316e-12	1.73077108198e-11	7.91632827103e-06
1.53381125559e-16	0.000630425124937	0.0659328026703	9.67817605333e-12	1.86599624637e-11	8.21978752126e-06
1.71704749874e-16	0.000630425124887	0.0659328026686	1.04280970642e-11	2.01180183619e-11	8.53487937608e-06
1.92217399772e-16	0.000630425124833	0.0659328026668	1.12366139864e-11	2.16899831424e-11	8.86204975197e-06
2.15180586455e-16	0.000630425124775	0.0659328026648	1.21083052766e-11	2.33847385894e-11	9.20176165891e-06
2.40887062469e-16	0.000630425124713	0.0659328026627	1.30481071342e-11	2.52119436433e-11	9.5544958556e-06
2.69664553949e-16	0.000630425124645	0.0659328026604	1.40613414541e-11	2.71819233781e-11	9.92075152979e-06
3.01879938716e-16	0.000630425124572	0.0659328026579	1.51537459632e-11	2.93057800241e-11	1.03010470048e-05
3.37943923531e-16	0.000630425124494	0.0659328026553	1.63315067122e-11	3.15956150122e-11	1.0695920473e-05
3.78316280094e-16	0.000630425124409	0.0659328026524	1.76012931058e-11	3.40644179519e-11	1.11059307574e-05
4.2351170658e-16	0.000630425124318	0.0659328026493	1.89702956699e-11	3.67260666309e-11	1.15316581027e-05
4.74106389405e-16	0.00063042512422	0.0659328026459	2.04462667702e-11	3.95956600825e-11	1.19737049961e-05
5.307453489e-16	0.000630425124114	0.0659328026423	2.20375645121e-11	4.26895185849e-11	1.24326970205e-05
5.94150662531e-16	0.000630425124	0.0659328026384	2.37532000708e-11	4.60250726398e-11	1.2909283739e-05
6.65130670505e-16	0.000630425123877	0.0659328026342	2.56028887197e-11	4.96213070609e-11	1.3404139615e-05
7.44590281118e-16	0.000630425123744	0.0659328026297	2.75971048459e-11	5.34985389294e-11	1.39179649661e-05
8.33542507227e-16	0.000630425123601	0.0659328026248	2.97471412643e-11	5.76786396389e-11	1.44514869557e-05
9.33121380928e-16	0.000630425123447	0.0659328026196	3.20651731666e-11	6.21854789845e-11	1.50054606214e-05
1.04459641108e-15	0.00063042512328	0.0659328026139	3.45643270665e-11	6.70443700512e-11	1.55806699442e-05
1.16938876797e-15	0.000630425123101	0.0659328026078	3.72587551322e-11	7.22829573921e-11	1.61779289575e-05
1.30908940154e-15	0.000630425122908	0.0659328026012	4.01637153276e-11	7.79308839622e-11	1.67980828996e-05
1.46547932401e-15	0.000630425122699	0.0659328025941	4.32956578145e-11	8.40201241843e-11	1.74420094093e-05
1.64055231562e-15	0.000630425122474	0.0659328025865	4.66723181061e-11	9.05850949724e-11	1.81106197683e-05
1.83654034289e-15	0.000630425122232	0.0659328025782	5.03128174998e-11	9.766309982e-11	1.8804860191e-05
2.05594201345e-15	0.000630425121971	0.0659328025693	5.42377713568e-11	1.05294106756e-10	1.95257131629e-05
2.30155443027e-15	0.000630425121689	0.0659328025597	5.84694058423e-11	1.13521414478e-10	2.02741988318e-05
2.57650885126e-15	0.000630425121385	0.0659328025494	6.30316837876e-11	1.22391541331e-10	2.10513764512e-05
2.88431060898e-15	0.000630425121058	0.0659328025382	6.79504403864e-11	1.31954669396e-10	2.18583458789e-05
3.22888379936e-15	0.000630425120705	0.0659328025262	7.32535294939e-11	1.42265088578e-10	2.26962491344e-05
3.61462130912e-15	0.000630425120324	0.0659328025132	7.89709813572e-11	1.53381196609e-10	2.35662720143e-05
4.04644081969e-15	0.000630425119914	0.0659328024993	8.51351726699e-11	1.65365721089e-10	2.44696457708e-05
4.52984750163e-15	0.000630425119472	0.0659328024842	9.17810099146e-11	1.78286829712e-10	2.54076488541e-05
5.07100419883e-15	0.000630425118995	0.0659328024679	9.89461270304e-11	1.92217464131e-10	2.63816087218e-05
5.67680999721e-15	0.000630425118481	0.0659328024504	1.06671098526e-10	2.07236561202e-10	2.73929037172e-05
6.35498817963e-15	0.000630425117926	0.0659328024315	1.14999669244e-10	2.23429164009e-10	2.844296502e-05
7.11418468831e-15	0.000630425117329	0.0659328024112	1.2397900208e-10	2.40887087996e-10	2.9533278672e-05
7.96407834999e-15	0.000630425116684	0.0659328023892	1.33659945052e-10	2.5970903199e-10	3.06653876798e-05
8.91550426912e-15	0.000630425115989	0.0659328023656	1.44097319247e-10	2.80001688423e-10	3.18408941986e-05
9.98059196218e-15	0.00063042511524	0.0659328023401	1.55350229256e-10	3.01879965379e-10	3.30614617996e-05
1.11729199942e-14	0.000630425114433	0.0659328023126	1.67482397874e-10	3.25467652723e-10	3.43288178241e-05
1.25076890888e-14	0.000630425113562	0.0659328022829	1.80562526947e-10	3.50898421308e-10	3.56447558282e-05
1.40019159187e-14	0.000630425112624	0.0659328022509	1.94664686414e-10	3.78316267059e-10	3.7011138121e-05
1.56746500477e-14	0.000630425111612	0.0659328022165	2.09868733751e-10	4.07876510178e-10	3.84298984e-05
1.75472167892e-14	0.00063042511052	0.0659328021793	2.26260766189e-10	4.39746350251e-10	3.99030444879e-05
1.96434890776e-14	0.000630425109344	0.0659328021392	2.43933608256e-10	4.74106420564e-10	4.14326611736e-05
2.19901918192e-14	0.000630425108076	0.065932802096	2.6298733743e-10	5.11151232191e-10	4.30209131634e-05
2.4617242602e-14	0.000630425106708	0.0659328020495	2.83529850853e-10	5.51090617281e-10	4.46700481434e-05
2.75581331081e-14	0.000630425105234	0.0659328019992	3.05677476327e-10	5.94150728264e-10	4.63823999614e-05
3.08503560919e-14	0.000630425103645	0.0659328019451	3.29555631058e-10	6.40575259093e-10	4.81603919291e-05
3.45358833664e-14	0.000630425101931	0.0659328018867	3.55299531858e-10	6.90627332623e-10	5.0006540252e-05
3.86617008927e-14	0.000630425100084	0.0659328018238	3.83054960859e-10	7.44590277769e-10	5.19234575897e-05
4.32804077929e-14	0.000630425098092	0.065932801756	4.12979091035e-10	8.02769627905e-10	5.39138567542e-05
4.8450886925e-14	0.000630425095944	0.0659328016828	4.45241376244e-10	8.65495008246e-10	5.59805545481e-05
5.42390555665e-14	0.000630425093629	0.065932801604	4.80024510809e-10	9.33121357089e-10	5.81264757517e-05
6.07187057792e-14	0.000630425091133	0.0659328015189	5.17525464069e-10	1.0060318124e-09	6.03546572616e-05
6.79724451671e-14	0.000630425088442	0.0659328014273	5.57956595782e-10	1.08463926611e-09	6.26682523888e-05
7.60927500221e-14	0.00063042508554	0.0659328013284	6.01546858663e-10	1.16938869562e-09	6.50705353212e-05
8.5183144283e-14	0.000630425082412	0.0659328012219	6.485430949e-10	1.26076027237e-09	6.75649057568e-05
9.53595193385e-14	0.000630425079039	0.065932801107	6.99211433961e-10	1.35927113824e-09	7.01548937157e-05
1.067516115e-13	0.000630425075403	0.0659328009832	7.5383879963e-10	1.46547929132e-09	7.2844164535e-05
1.19504655979e-13	0.000630425071483	0.0659328008496	8.12734534791e-10	1.57998613942e-09	7.56365240563e-05
1.3378123846e-13	0.000630425067256	0.0659328007057	8.76232153168e-10	1.70344005278e-09	7.85359240117e-05
1.49763367865e-13	0.000630425062699	0.0659328005504	9.4469122794e-10	1.83654024984e-09	8.15464676161e-05
1.67654796744e-13	0.000630425057786	0.0659328003831	1.01849942792e-09	1.98004034998e-09	8.46724153741e-05
1.87683618869e-13	0.00063042505249	0.0659328002027	1.09807471285e-09	2.13475303645e-09	8.79181911096e-05
2.10105177148e-13	0.000630425046779	0.0659328000082	1.18386770019e-09	2.3015542752e-09	9.12883882259e-05
2.35205318933e-13	0.000630425040622	0.0659327997985	1.27636421688e-09	2.48138875498e-09	9.47877762066e-05
2.63304040219e-13	0.000630425033984	0.0659327995724	1.37608805046e-09	2.67527477233e-09	9.84213073652e-05
2.94759565199e-13	0.000630425026828	0.0659327993286	1.48360391518e-09	2.8843103378e-09	0.000102194123854
3.29972913178e-13	0.000630425019112	0.0659327990658	1.59952064982e-09	3.10967906013e-09	0.000106111564939
3.69393011074e-13	0.000630425010793	0.0659327987825	1.72449466542e-09	3.35265725168e-09	0.00011017917456
4.13522416678e-13	0.000630425001824	0.065932798477	1.85923366238e-09	3.61462081181e-09	0.000114402709172
4.62923725645e-13	0.000630424992155	0.0659327981476	2.00450063801e-09	3.89705322048e-09	0.000118788145895
5.18226743888e-13	0.00063042498173	0.0659327977925	2.16111820721e-09	4.20155375391e-09	0.000123341690971
5.80136516821e-13	0.000630424970491	0.0659327974097	2.32997326073e-09	4.52984681045e-09	0.000128069788546
6.49442317807e-13	0.000630424958373	0.0659327969969	2.51202198744e-09	4.88379134746e-09	0.000132979129793
7.27027710417e-13	0.000630424945308	0.065932796552	2.70829528901e-09	5.2653916505e-09	0.000138076662376
8.13881812755e-13	0.000630424931223	0.0659327960722	2.91990461764e-09	5.67680887961e-09	0.000143369600289
9.11111907478e-13	0.000630424916037	0.0659327955549	3.14804826994e-09	6.12037250465e-09	0.000148865434058
1.01995755827e-12	0.000630424899664	0.0659327949973	3.39401817267e-09	6.59859451611e-09	0.000154571941346
1.1418064127e-12	0.000630424882012	0.065932794396	3.65920719848e-09	7.11418285883e-09	0.000160497197958
1.27821189303e-12	0.000630424862981	0.0659327937478	3.94511705355e-09	7.67005730819e-09	0.000166649589272
1.43091300033e-12	0.000630424842463	0.0659327930489	4.25336678127e-09	8.26936556831e-09	0.0001730378221
1.6018564846e-12	0.000630424820342	0.0659327922954	4.58570193054e-09	8.91550147975e-09	0.000179670937016
1.79322166333e-12	0.000630424796492	0.0659327914831	4.94400444034e-09	9.61212378223e-09	0.000186558321146
2.00744820505e-12	0.000630424770779	0.0659327906073	5.33030329673e-09	1.03631774309e-08	0.000193709721454
2.24726723197e-12	0.000630424743056	0.065932789663	5.74678602238e-09	1.11729155789e-08	0.000201135258535
2.51573613836e-12	0.000630424713168	0.0659327886449	6.19581106406e-09	1.20459233358e-08	0.000208845440936
2.81627756832e-12	0.000630424680944	0.0659327875474	6.67992114778e-09	1.29871445243e-08	0.00021685118003
3.15272305017e-12	0.000630424646202	0.065932786364	7.20185767768e-09	1.40019089916e-08	0.000225163805453
3.52936184345e-12	0.000630424608746	0.0659327850882	7.76457625978e-09	1.50959630293e-08	0.000233795081141
3.9509956214e-12	0.000630424568363	0.0659327837127	8.37126343878e-09	1.62755021254e-08	0.000242757221977
4.42299968608e-12	0.000630424524824	0.0659327822297	9.02535474259e-09	1.75472058247e-08	0.000252062911075
4.95139149642e-12	0.000630424477884	0.0659327806309	9.73055413673e-09	1.89182751438e-08	0.000261725317727
5.54290738289e-12	0.000630424427276	0.0659327789071	1.04908549988e-08	2.03964745374e-08	0.000271758116044
6.20508842683e-12	0.000630424372714	0.0659327770486	1.13105627318e-08	2.19901744197e-08	0.000282175504303
6.94637659917e-12	0.000630424313888	0.0659327750449	1.21943191444e-08	2.37083996809e-08	0.000292992225039
7.77622238431e-12	0.000630424250466	0.0659327728847	1.31471287359e-08	2.5560879981e-08	0.000304223585909
8.70520526099e-12	0.000630424182088	0.0659327705557	1.41743870351e-08	2.75581058151e-08	0.000315885481352
9.74516857633e-12	0.000630424108368	0.0659327680447	1.52819111539e-08	2.97113865787e-08	0.000327994415084
1.09093705323e-11	0.000630424028887	0.0659327653374	1.64759727269e-08	3.20329159595e-08	0.000340567523447
1.22126532095e-11	0.000630423943197	0.0659327624187	1.77633334261e-08	3.45358403272e-08	0.000353622599663
1.36716317829e-11	0.00063042385081	0.0659327592719	1.91512832498e-08	3.72343327851e-08	0.000367178119013
1.53049063423e-11	0.000630423751205	0.0659327558792	2.06476818028e-08	4.01436744385e-08	0.000381253264976
1.71332990166e-11	0.000630423643817	0.0659327522214	2.22610028031e-08	4.32803399928e-08	0.000395867956377
1.91801194267e-11	0.000630423528039	0.0659327482779	2.40003820644e-08	4.66620916782e-08	0.000411042875573
2.14714618487e-11	0.000630423403214	0.0659327440261	2.58756692294e-08	5.03080791696e-08	0.000426799497719
2.4036537878e-11	0.000630423268635	0.0659327394422	2.78974835438e-08	5.42389489435e-08	0.000443160121155
2.69080488333e-11	0.000630423123542	0.0659327345001	3.00772739883e-08	5.84769602962e-08	0.00046014789896
3.01226026497e-11	0.000630422967111	0.0659327291719	3.24273841098e-08	6.30461119087e-08	0.000477786871706
3.37211805731e-11	0.000630422798457	0.0659327234273	3.49611219163e-08	6.79722774049e-08	0.000496102001486
3.77496596078e-11	0.000630422616626	0.0659327172339	3.76928352343e-08	7.32833523451e-08	0.000515119207221
4.22593973756e-11	0.000630422420587	0.0659327105565	4.06379929531e-08	7.90094116546e-08	0.000534865401345
4.73078868426e-11	0.00063042220923	0.0659327033574	4.38132726169e-08	8.51828803764e-08	0.000555368527875
5.29594892609e-11	0.000630421981359	0.0659326955958	4.72366548605e-08	9.18387166349e-08	0.000576657601951
5.92862546662e-11	0.000630421735684	0.0659326872277	5.09275252231e-08	9.90146104767e-08	0.000598762750889
6.63688403931e-11	0.000630421470812	0.0659326782058	5.49067839175e-08	1.06751196367e-07	0.000621715256805
7.42975393153e-11	0.000630421185244	0.065932668479	5.91969641735e-08	1.15092284113e-07	0.000645547600872
8.31734309187e-11	0.000630420877364	0.0659326579921	6.38223598296e-08	1.24085106114e-07	0.000670293509275
9.31096698792e-11	0.000630420545427	0.0659326466859	6.88091628913e-08	1.33780585587e-07	0.000695988000922
1.04232928573e-10	0.000630420187554	0.0659326344962	7.41856118366e-08	1.44233624335e-07	0.000722667436987
1.16685011906e-10	0.000630419801718	0.0659326213541	7.99821515091e-08	1.55503413723e-07	0.000750369572347
1.30624665041e-10	0.000630419385736	0.0659326071851	8.62316055011e-08	1.6765377007e-07	0.000779133608991
1.46229597081e-10	0.00063041893725	0.065932591909	9.29693620053e-08	1.80753495806e-07	0.000809000251475
1.6369874648e-10	0.000630418453723	0.0659325754393	1.00233574185e-07	1.94876768715e-07	0.000840011764495
1.83254817075e-10	0.000630417932414	0.0659325576827	1.08065376197e-07	2.10103562813e-07	0.000872212032674
2.05147117066e-10	0.000630417370374	0.0659325385387	1.16509116093e-07	2.26520099992e-07	0.00090564662263
2.29654737104e-10	0.000630416764419	0.0659325178989	1.25612606912e-07	2.44219339172e-07	0.000940362847421
2.57090108031e-10	0.000630416111118	0.0659324956464	1.3542739739e-07	2.63301501996e-07	0.000976409833463
2.87802983582e-10	0.000630415406771	0.0659324716552	1.46009063813e-07	2.83874640478e-07	0.00101383859
3.22184898838e-10	0.000630414647391	0.0659324457895	1.57417524676e-07	3.06055248844e-07	0.00105270208124
3.60674161226e-10	0.000630413828678	0.0659324179027	1.69717379911e-07	3.29968922663e-07	0.00109305530126
4.037614377e-10	0.000630412945995	0.065932387837	1.82978276621e-07	3.55751070498e-07	0.00113495535173
4.5199600929e-10	0.000630411994345	0.0659323554221	1.97275303379e-07	3.83547679723e-07	0.00117846152269
5.05992772732e-10	0.00063041096834	0.0659323204745	2.12689415321e-07	4.13516143528e-07	0.00122363537634
5.66440078403e-10	0.000630409862169	0.0659322827963	2.29307892449e-07	4.45826151965e-07	0.00127054083408
6.34108504449e-10	0.000630408669569	0.0659322421741	2.47224833723e-07	4.80660651839e-07	0.00131924426687
7.09860678899e-10	0.000630407383789	0.0659321983779	2.66541689745e-07	5.18216883086e-07	0.00136981458903
7.94662274932e-10	0.000630405997547	0.0659321511598	2.87367837042e-07	5.58707494865e-07	0.00142232335561
8.89594319385e-10	0.000630404502994	0.0659321002523	3.09821197203e-07	6.02361749128e-07	0.00147684486355
9.95866971345e-10	0.000630402891669	0.0659320453672	3.3402890436e-07	6.49426818563e-07	0.00153345625662
1.11483494634e-09	0.000630401154449	0.0659319861938	3.60128024796e-07	7.00169185001e-07	0.00159223763443
1.24801478269e-09	0.000630399281497	0.0659319223969	3.88266332742e-07	7.54876148518e-07	0.00165327216553
1.39710416986e-09	0.000630397262209	0.0659318536153	4.1860314675e-07	8.13857452315e-07	0.00171664620495
1.56400358524e-09	0.000630395085153	0.0659317794597	4.51310231365e-07	8.77447036389e-07	0.00178244941606
1.75084051469e-09	0.000630392738003	0.06593169951	4.86572769195e-07	9.46004926752e-07	0.00185077489723
1.95999656554e-09	0.000630390207471	0.0659316133137	5.24590408871e-07	1.01991927286e-06	0.00192171931321
2.19413781732e-09	0.000630387479231	0.0659315203826	5.65578394803e-07	1.099608544e-06	0.00199538303158
2.45624879665e-09	0.000630384537836	0.0659314201907	6.0976878513e-07	1.18552389635e-06	0.00207187026436
2.74967050897e-09	0.000630381366636	0.0659313121706	6.57411764727e-07	1.27815172603e-06	0.00215128921505
3.07814301142e-09	0.000630377947678	0.0659311957108	7.08777060683e-07	1.37801642019e-06	0.00223375223119
3.44585306874e-09	0.000630374261608	0.0659310701518	7.64155468237e-07	1.48568332323e-06	0.00231937596282
3.857487499e-09	0.000630370287559	0.0659309347829	8.23860495781e-07	1.60176193461e-06	0.00240828152688
4.31829288802e-09	0.000630366003037	0.0659307888376	8.88230138204e-07	1.72690935613e-06	0.00250059467791
4.83414243265e-09	0.000630361383788	0.0659306314896	9.57628788575e-07	1.86183400721e-06	0.00259644598516
5.41161076329e-09	0.000630356403667	0.0659304618482	1.03244929894e-06	2.00729963081e-06	0.00269597101648
6.05805769784e-09	0.000630351034486	0.0659302789529	1.11311520184e-06	2.16412961164e-06	0.00279931052916
6.78172199244e-09	0.000630345245857	0.0659300817684	1.20008310506e-06	2.33321163044e-06	0.00290661066795
7.59182628147e-09	0.000630339005017	0.0659298691783	1.29384527309e-06	2.51550268155e-06	0.00301802317062
8.49869454135e-09	0.000630332276648	0.0659296399794	1.39493240981e-06	2.71203448118e-06	0.00313370558126
9.51388357163e-09	0.000630325022673	0.065929392874	1.50391665805e-06	2.92391929686e-06	0.00325382147161
1.06503301647e-08	0.000630317202044	0.0659291264635	1.62141483293e-06	3.15235623195e-06	0.00337854067078
1.19225158344e-08	0.000630308770507	0.0659288392399	1.74809190702e-06	3.39863799791e-06	0.0035080395035
1.33466511971e-08	0.000630299680356	0.0659285295775	1.88466476702e-06	3.66415821546e-06	0.00364250103749
1.49408823464e-08	0.000630289880159	0.0659281957234	2.03190626296e-06	3.95041928291e-06	0.00378211533995
1.67255218426e-08	0.000630279314474	0.0659278357883	2.19064957256e-06	4.25904085711e-06	0.00392707974369
1.87233072503e-08	0.000630267923531	0.065927447735	2.36179290536e-06	4.59176899376e-06	0.0040775991233
2.09596905033e-08	0.000630255642896	0.0659270293675	2.54630457275e-06	4.95048599925e-06	0.00423388618149
2.34631617689e-08	0.000630242403108	0.0659265783181	2.74522845232e-06	5.33722104697e-06	0.00439616174613
2.62656119192e-08	0.000630228129292	0.0659260920345	2.95968987716e-06	5.75416161909e-06	0.00456465507835
2.94027382024e-08	0.000630212740727	0.0659255677651	3.19090198266e-06	6.20366583718e-06	0.00473960419201
3.29144982557e-08	0.000630196150403	0.0659250025436	3.44017254658e-06	6.68827574922e-06	0.00492125618496
3.68456182084e-08	0.000630178264522	0.065924393172	3.70891136002e-06	7.21073164773e-06	0.0051098675825
4.12461613075e-08	0.000630158981976	0.0659237362031	3.99863817064e-06	7.77398749809e-06	0.00530570469344
4.61721642584e-08	0.000630138193776	0.0659230279204	4.31099124189e-06	8.38122756208e-06	0.00550904397917
5.16863493263e-08	0.000630115782441	0.0659222643175	4.64773657583e-06	9.03588430877e-06	0.00572017243618
5.78589211951e-08	0.000630091621333	0.0659214410756	5.01077785055e-06	9.74165771164e-06	0.00593938799242
6.4768458645e-08	0.000630065573956	0.0659205535389	5.40216712687e-06	1.05025360372e-05	0.006166999918
7.25029122975e-08	0.00063003749318	0.0659195966886	5.82411638356e-06	1.13228182404e-05	0.00640332925057
8.11607210052e-08	0.000630007220421	0.0659185651145	6.27900994413e-06	1.22071380878e-05	0.00664870923601
9.08520609471e-08	0.000629974584755	0.0659174529845	6.76941786372e-06	1.31604901414e-05	0.0069034857846
1.01700243145e-07	0.000629939401956	0.065916254012	7.29811034889e-06	1.41882577448e-05	0.00716801794346
1.13843276967e-07	0.000629901473471	0.0659149614205	7.86807328927e-06	1.52962431608e-05	0.00744267838538
1.2743561925e-07	0.000629860585308	0.0659135679052	8.48252498536e-06	1.64907000275e-05	0.00772785391473
1.42650130968e-07	0.000629816506843	0.0659120655924	9.14493416307e-06	1.77783683031e-05	0.00802394599082
1.59680265963e-07	0.000629768989533	0.0659104459951	9.85903937247e-06	1.91665118911e-05	0.00833137126901
1.78742519102e-07	0.000629717765538	0.0659086999655	1.06288698749e-05	2.06629591423e-05	0.00865056216031
2.0007916443e-07	0.000629662546225	0.0659068176436	1.14587681304e-05	2.22761464538e-05	0.00898196740949
2.23961317459e-07	0.000629603020572	0.065904788402	1.23534140054e-05	2.40151651889e-05	0.00932605269241
2.50692359696e-07	0.000629538853441	0.0659026007866	1.33178508294e-05	2.58898121728e-05	0.00968330123282
2.80611767959e-07	0.000629469683725	0.0659002424523	1.43575134371e-05	2.79106440183e-05	0.0100542144389
3.14099395914e-07	0.000629395122355	0.0658977000945	1.54782583451e-05	3.00890355716e-05	0.0104393125599
3.51580260823e-07	0.000629314750156	0.0658949593743	1.66863962183e-05	3.24372427742e-05	0.0108391353633
3.93529894529e-07	0.00062922811554	0.0658920048391	1.79887267961e-05	3.49684702638e-05	0.0112542428324
4.40480324525e-07	0.000629134732031	0.0658888198366	1.93925764568e-05	3.76969440564e-05	0.0116852158848
4.93026758516e-07	0.000629034075601	0.0658853864217	2.09058386123e-05	4.06379896731e-05	0.0121326571115
5.51835054215e-07	0.000628925581814	0.0658816852579	2.25370171371e-05	4.38081161029e-05	0.012597191537
6.17650065464e-07	0.00062880864275	0.0658776955091	2.42952730494e-05	4.72251060087e-05	0.0130794674002
6.91304966067e-07	0.00062868260371	0.0658733947255	2.61904746754e-05	5.09081126193e-05	0.0135801569558
7.7373166416e-07	0.000628546759678	0.0658687587187	2.82332515429e-05	5.48777637663e-05	0.0140999572959
8.65972432616e-07	0.000628400351526	0.065863761429	3.04350522641e-05	5.91562735608e-05	0.0146395911912
9.69192895001e-07	0.000628242561937	0.0658583747824	3.28082066856e-05	6.37675622241e-05	0.0151998079522
1.08469652207e-06	0.000628072511047	0.0658525685359	3.53659925956e-05	6.87373846209e-05	0.0157813843073
1.21394081092e-06	0.000627889251765	0.0658463101131	3.81227072993e-05	7.40934680683e-05	0.0163851253003
1.35855533776e-06	0.000627691764768	0.0658395644255	4.10937443848e-05	7.98656600228e-05	0.0170118652018
1.52036189598e-06	0.000627478953138	0.0658322936826	4.42956760244e-05	8.60860862757e-05	0.0176624684374
1.70139695425e-06	0.000627249636634	0.0658244571865	4.77463411665e-05	9.27893203132e-05	0.0183378305268
1.90393669403e-06	0.000627002545558	0.0658160111125	5.14649399949e-05	0.000100012564524	0.0190388790352
2.13052491382e-06	0.000626736314214	0.065806908273	5.54721350452e-05	0.000107795843959	0.0197665745316
2.38400411729e-06	0.000626449473919	0.0657970978648	5.97901593838e-05	0.000116182213371	0.0205219115534
2.66755013505e-06	0.000626140445554	0.0657865251981	6.44429322674e-05	0.000125217978282	0.021305919572
2.98471066597e-06	0.000625807531622	0.065775131406	6.94561827168e-05	0.000134952930815	0.0221196639563
3.33944816214e-06	0.000625448907803	0.0657628531336	7.48575814423e-05	0.000145440601088	0.0229642469299
3.73618752392e-06	0.000625062613969	0.0657496222057	8.0676881572e-05	0.000156738524891	0.0238408085162
4.1798691165e-06	0.000624646544647	0.06573536527	8.69460686309e-05	0.000168908528425	0.0247505274647
4.6760076678e-06	0.000624198438904	0.0657200034178	9.36995202238e-05	0.000182017030822	0.0256946221535
5.23075765967e-06	0.000623715869639	0.0657034517769	0.000100974175863	0.000196135365141	0.0266743514589
5.85098587919e-06	0.000623196232261	0.0656856190783	0.000108809717372	0.000211340118485	0.0276910155833
6.54435185519e-06	0.000622636732747	0.0656664071941	0.000117248760276	0.000227713491804	0.0287459568322
7.31939696611e-06	0.000622034375057	0.0656457106445	0.000126337056547	0.000245343679882	0.0298405603286
8.1856430687e-06	0.000621385947927	0.065623416074	0.000136123709058	0.000264325271843	0.0309762546523
9.15370156225e-06	0.000620688011008	0.065599401694	0.000146661398004	0.000284759672407	0.0321545123905
1.02353938692e-05	0.000619936880397	0.0655735366913	0.000158006619511	0.000306755543895	0.0333768505829
1.14438843786e-05	0.000619128613552	0.0655456806006	0.000170219936544	0.000330429268787	0.034644831045
1.27938269638e-05	0.000618258993636	0.0655156826406	0.000183366242126	0.000355905432338	0.0359600605487
1.43015262454e-05	0.000617323513328	0.0654833810114	0.000197515034717	0.000383317324413	0.0373241908399
1.59851148269e-05	0.000616317358169	0.0654486021545	0.000212740705486	0.000412807459329	0.038738918467
1.78647477747e-05	0.0006152353895	0.065411159972	0.000229122836946	0.000444528111988	0.0402059843955
1.996281565e-05	0.000614072127125	0.0653708550071	0.000246746512245	0.000478641868042	0.0417271733783
2.23041774159e-05	0.000612821731789	0.0653274735852	0.000265702634083	0.000515322185173	0.0433043130487
2.49164145375e-05	0.00061147798764	0.065280786915	0.000286088251931	0.000554753961835	0.0449392727016
2.78301075631e-05	0.000610034284868	0.0652305501532	0.000308006895822	0.000597134108879	0.0466339617236
3.10791364009e-05	0.000608483602719	0.0651765014315	0.000331568914563	0.000642672118551	0.0483903276282
3.47010053984e-05	0.000606818493171	0.0651183608514	0.000356891815695	0.000691590624151	0.0502103536518
3.87371941581e-05	0.000605031065572	0.0650558294475	0.000384100603964	0.000744125942361	0.0520960558586
4.32335437973e-05	0.000603112968705	0.0649888869621	0.000413328116241	0.000800528755618	0.054049479702
4.82406401643e-05	0.000601055386789	0.0649169807564	0.000444715213289	0.000861064323777	0.0560726870777
5.38142566744e-05	0.00059884902409	0.0648396899761	0.000478411305971	0.000926012940649	0.0581677667664
6.00158147115e-05	0.000596484096864	0.0647566304769	0.00051457457549	0.000995670407527	0.0603368243752
6.69128626155e-05	0.0005939503309	0.0646673937139	0.000553372203231	0.00107034827474	0.0625819743124
7.45795810315e-05	0.000591236961746	0.0645715456678	0.000594980588649	0.00115037401834	0.0649053326586
8.30973084025e-05	0.00058833273987	0.064468625804	0.00063958551939	0.00123609109239	0.067309009085
9.25550824894e-05	0.000585225941612	0.0643581460808	0.000687382282532	0.00132785883208	0.0697950977409
0.000103050192428	0.000581904386898	0.0642395900281	0.000738575704456	0.00142605218014	0.0723656670298
0.000114688734229	0.000578355464779	0.0641124119184	0.0007933801054	0.00153106120588	0.0750227481931
0.00012758616076	0.000574566167921	0.0639760360569	0.00085201915324	0.00164329038362	0.0777683226225
0.000141867815146	0.000570523137252	0.0638298562204	0.000914725599559	0.00176315759428	0.0806043078241
0.000157669434123	0.000566212718048	0.0636732352788	0.000981740879587	0.00189109281127	0.0835325419613
0.00017513761757	0.000561621025587	0.0635057644809	0.00105331455622	0.00202753657301	0.0865547669139
0.000194430319332	0.000556734000939	0.0633272029862	0.00112970331471	0.00217293929913	0.0896725972528
0.000215716810573	0.000551537592462	0.0631361679464	0.00121116976465	0.00232775516639	0.0928874905881
0.000239178209252	0.000546017786507	0.0629319028784	0.00129798254803	0.0024924418012	0.0962007787638
0.00026500742157	0.000540160769866	0.0627136226602	0.0013904142028	0.00266745615516	0.0996136132439
0.000293409018266	0.00053395308102	0.0624805151334	0.00148873949598	0.00285325040454	0.103126940213
0.000324598902105	0.000527381780801	0.0622317432221	0.00159323346846	0.00305026724408	0.106741474157
0.000358803779669	0.000520434632751	0.0619669831172	0.00170416917258	0.00325893501178	0.110457670009
0.000396260564273	0.000513100254863	0.061685855175	0.00182181417837	0.00347966498292	0.114275661464
0.000437214146888	0.000505368545166	0.0613865245616	0.00194642761552	0.00371283553341	0.118195232775
0.000481916881547	0.000497230727694	0.0610680905001	0.00207825949093	0.00395879187877	0.122215873564
0.000530626270061	0.000488679687636	0.0607296473552	0.00221754541119	0.00421783654874	0.126336690721
0.000583602786625	0.000479710206655	0.0603714441691	0.00236450265446	0.00449022277359	0.130556376581
0.000641107027671	0.000470319229632	0.059992435068	0.00251932321186	0.00477614841758	0.134873096175
0.000703394844821	0.000460506387647	0.0595908491754	0.00268217222725	0.00507573269762	0.139284547015
0.000770715232277	0.00045027400559	0.0591658338518	0.00285318503941	0.00538901853242	0.143787980536
0.000843306422603	0.000439627323716	0.0587187037375	0.00303246022027	0.0057159675926	0.148380113301
0.000921388321594	0.000428575133306	0.0582471506206	0.00322004816533	0.0060564384849	0.15305693622
0.00100515862241	0.000417129796928	0.0577499818106	0.00341595677467	0.00641017774593	0.157813975736
0.00109478891519	0.000405307233183	0.0572287393976	0.00362014361018	0.00677682533437	0.162646196934
0.00119041599778	0.000393127420116	0.0566817005329	0.00383250220226	0.00715589832687	0.167547770798
0.00129213529591	0.000380614542688	0.0561074811157	0.00405286912704	0.00754677157186	0.172512347033
0.00140000090275	0.000367796302366	0.0555093127372	0.00428101981469	0.00794870974256	0.177533037951
0.00151400826356	0.00035470521541	0.0548834376943	0.00451664769489	0.00836081560079	0.182602028107
0.00163409989282	0.000341377178877	0.0542321469604	0.00475939029188	0.00878206757727	0.187711226726
0.00176015631351	0.000327851758095	0.0535547362827	0.00500880384209	0.00921132104039	0.192851758449
0.00189198742817	0.00031417236469	0.0528515540886	0.00526437652039	0.00964727670718	0.198014290225
0.00202934031442	0.000300384734433	0.0521238181813	0.00552552578515	0.0100885497345	0.203188993122
0.00217188251802	0.000286537975107	0.0513711706036	0.00579159750114	0.0105336069586	0.208365530563
0.00231921966615	0.000272682238108	0.0505955213921	0.00606187866072	0.0109808631295	0.213533297715
0.00247087752181	0.000258869948108	0.0497970690452	0.00633559223587	0.0114286129197	0.218681288587
0.00262632589192	0.000245153174975	0.0489771633813	0.00661191420478	0.0118751413293	0.22379837529
0.00278496454832	0.000231584643893	0.0481377682802	0.00688997659254	0.0123186604364	0.228873298869
0.00294614365561	0.000218215756377	0.0472784794056	0.00716887469413	0.0127574000158	0.233894728771
0.00310916937523	0.000205096126836	0.046404113151	0.00744769216385	0.0131896039093	0.238851629175
0.00327330290077	0.000192273701306	0.0455128399753	0.00772548296627	0.0136135384081	0.243732837532
0.00343779554883	0.000179792194368	0.0446090066054	0.00800132375729	0.0140275802588	0.248527894546
0.0036018730562	0.000167692639954	0.0436934963487	0.00827428948589	0.014430158784	0.253226503806
0.00376477299217	0.000156010969429	0.0427669309423	0.00854348779629	0.0148198604313	0.257819028256
0.0039257473525	0.000144778392118	0.0418349116873	0.00880807229931	0.0151954033646	0.262296611601
0.00408406164494	0.000134021971189	0.0408958599045	0.00906722318557	0.0155556327551	0.266650755088
0.0042390391532	0.000123762195335	0.0399527663977	0.00932020267563	0.0158996165699	0.270874170581
0.00439004313759	0.00011401487494	0.0390090292029	0.00956633389754	0.0162265718496	0.27496034433
0.00453649406666	0.000104790610066	0.0380641552782	0.00980500622982	0.0165359038592	0.278903566964
0.00467788965302	9.60941755535e-05	0.0371216018128	0.01003570442	0.0168272294251	0.282699366042
0.00481379026476	8.79260511279e-05	0.0361828250868	0.0102579865619	0.0171003235831	0.286344104595
0.004943837903	8.02818064595e-05	0.035248156718	0.0104714986497	0.0173551568265	0.28983519937
0.00506775491838	7.31527156237e-05	0.0343209249961	0.0106759797915	0.0175918679772	0.293171195288
0.00518533347247	6.65268047173e-05	0.0334008920187	0.0108712420394	0.0178107331083	0.296351437099
0.00529645004165	6.03884000841e-05	0.0324894552917	0.0110571880648	0.0180121880728	0.29937636967
0.00540104800715	5.47194267511e-05	0.0315879058021	0.0112337951328	0.0181967741499	0.302247295909
0.00549913815573	4.94996094841e-05	0.0306964477348	0.0114011100284	0.0183651388417	0.30496632084
0.005590791659	4.47070283387e-05	0.02981585323	0.0115592474511	0.0185180090616	0.307536356343
0.00567613460537	4.03185244077e-05	0.0289456972335	0.0117083790907	0.0186561810945	0.3099609769
0.00575533766699	3.63103011278e-05	0.0280880741843	0.0118487310783	0.0187804876147	0.312244413878
0.00582860732381	3.26583780651e-05	0.0272384094346	0.011980563768	0.018891789563	0.314391260814
0.0058961927762	2.93382372567e-05	0.0264023551642	0.0121041953594	0.0189909770877	0.316406893029
0.00595834727938	2.63266764229e-05	0.0255718105161	0.0122199446174	0.0190789019046	0.318296564998
0.00601536900862	2.35997415868e-05	0.0247521866375	0.0123281885413	0.019156457311	0.320066381294
0.00606753508452	2.11358206266e-05	0.0239383798266	0.0124292908101	0.019224437651	0.321722154175
0.00611516128214	1.89126852894e-05	0.0231278185315	0.0125236465632	0.0192836919715	0.323270157774
