0.0	8.59700530018	9.81537256985	0	0.0
4.11145364769e-23	8.59700530018	9.81537256985	8.65655854321e-15	1e-08
4.53645613401e-23	8.59700530018	9.81537256985	9.16200350344e-15	1.03333333333e-08
5.00539128475e-23	8.59700530018	9.81537256985	9.70170639987e-15	1.06777777778e-08
5.52280043571e-23	8.59700530018	9.81537256985	1.02779891593e-14	1.10337037037e-08
6.09369436223e-23	8.59700530018	9.81537256985	1.08933310835e-14	1.14014938272e-08
6.72360180538e-23	8.59700530018	9.81537256985	1.15503795159e-14	1.17815436214e-08
7.41862301422e-23	8.59700530018	9.81537256985	1.2251961231e-14	1.21742617421e-08
8.18548882284e-23	8.59700530018	9.81537256985	1.30010945956e-14	1.25800704668e-08
9.03162583412e-23	8.59700530018	9.81537256985	1.38010025549e-14	1.29994061491e-08
9.96522834164e-23	8.59700530018	9.81537256985	1.46551264982e-14	1.34327196874e-08
1.09953376861e-22	8.59700530018	9.81537256985	1.55671410643e-14	1.38804770103e-08
1.21319298151e-22	8.59700530018	9.81537256985	1.65409699509e-14	1.43431595773e-08
1.33860118934e-22	8.59700530018	9.81537256985	1.75808027955e-14	1.48212648965e-08
1.47697289006e-22	8.59700530018	9.81537256985	1.86911131995e-14	1.53153070598e-08
1.62964812473e-22	8.59700530018	9.81537256985	1.98766779753e-14	1.58258172951e-08
1.79810545496e-22	8.59700530018	9.81537256985	2.1142597697e-14	1.63533445383e-08
1.9839762818e-22	8.59700530018	9.81537256985	2.24943186444e-14	1.68984560229e-08
2.18906064486e-22	8.59700530018	9.81537256985	2.39376562337e-14	1.74617378903e-08
2.41534465448e-22	8.59700530018	9.81537256985	2.54788200374e-14	1.804379582e-08
2.66501972599e-22	8.59700530018	9.81537256985	2.71244404989e-14	1.86452556806e-08
2.94050380211e-22	8.59700530018	9.81537256985	2.88815974584e-14	1.92667642033e-08
3.24446476921e-22	8.59700530018	9.81537256985	3.07578506117e-14	1.99089896768e-08
3.57984629405e-22	8.59700530018	9.81537256985	3.27612720344e-14	2.0572622666e-08
3.94989633134e-22	8.59700530018	9.81537256985	3.4900480909e-14	2.12583767549e-08
4.35819857803e-22	8.59700530018	9.81537256985	3.71846806074e-14	2.19669893134e-08
4.80870717919e-22	8.59700530018	9.81537256985	3.96236982853e-14	2.26992222905e-08
5.30578502131e-22	8.59700530018	9.81537256985	4.22280271614e-14	2.34558630335e-08
5.85424598407e-22	8.59700530018	9.81537256985	4.50088716613e-14	2.42377251346e-08
6.45940155968e-22	8.59700530018	9.81537256985	4.79781956218e-14	2.50456493058e-08
7.12711229127e-22	8.59700530018	9.81537256985	5.11487737618e-14	2.58805042826e-08
7.86384452849e-22	8.59700530018	9.81537256985	5.45342466424e-14	2.67431877587e-08
8.67673304994e-22	8.59700530018	9.81537256985	5.81491793516e-14	2.76346273507e-08
9.57365015892e-22	8.59700530018	9.81537256985	6.20091241666e-14	2.85557815957e-08
1.05632819216e-21	8.59700530018	9.81537256985	6.61306874635e-14	2.95076409822e-08
1.16552122862e-21	8.59700530018	9.81537256985	7.05316011617e-14	3.04912290149e-08
1.2860015897e-21	8.59700530018	9.81537256985	7.52307990105e-14	3.15076033154e-08
1.41893605032e-21	8.59700530018	9.81537256985	8.02484980469e-14	3.25578567593e-08
1.56561199538e-21	8.59700530018	9.81537256985	8.56062855735e-14	3.36431186513e-08
1.72744988719e-21	8.59700530018	9.81537256985	9.13272120324e-14	3.47645559396e-08
1.90601702183e-21	8.59700530018	9.81537256985	9.74358901736e-14	3.5923374471e-08
2.10304270731e-21	8.59700530018	9.81537256985	1.03958600944e-13	3.71208202867e-08
2.32043501087e-21	8.59700530018	9.81537256984	1.10923406556e-13	3.83581809629e-08
2.56029923736e-21	8.59700530018	9.81537256984	1.18360271215e-13	3.9636786995e-08
2.82495831778e-21	8.59700530018	9.81537256984	1.26301190034e-13	4.09580132281e-08
3.11697530537e-21	8.59700530018	9.81537256984	1.34780326684e-13	4.23232803358e-08
3.43917819713e-21	8.59700530018	9.81537256984	1.43834160374e-13	4.37340563469e-08
3.79468732113e-21	8.59700530018	9.81537256984	1.53501642792e-13	4.51918582252e-08
4.18694555496e-21	8.59700530018	9.81537256984	1.63824365685e-13	4.66982534993e-08
4.6197516677e-21	8.59700530018	9.81537256984	1.74846739795e-13	4.82548619493e-08
5.0972971086e-21	8.59700530018	9.81537256984	1.86616185929e-13	4.98633573476e-08
5.62420659861e-21	8.59700530018	9.81537256984	1.99183338968e-13	5.15254692592e-08
6.20558291775e-21	8.59700530018	9.81537256984	2.12602265713e-13	5.32429849012e-08
6.84705632232e-21	8.59700530018	9.81537256984	2.26930697492e-13	5.50177510646e-08
7.5548390703e-21	8.59700530018	9.81537256984	2.42230278537e-13	5.68516761001e-08
8.33578558309e-21	8.59700530018	9.81537256984	2.58566831185e-13	5.87467319701e-08
9.19745882614e-21	8.59700530018	9.81537256984	2.76010639069e-13	6.07049563691e-08
1.01482035515e-20	8.59700530018	9.81537256984	2.94636749487e-13	6.27284549147e-08
1.11972271112e-20	8.59700530018	9.81537256984	3.14525296278e-13	6.48194034118e-08
1.23546886248e-20	8.59700530017	9.81537256984	3.35761844574e-13	6.69800501922e-08
1.36317973637e-20	8.59700530017	9.81537256984	3.5843775892e-13	6.9212718532e-08
1.5040921306e-20	8.59700530017	9.81537256984	3.82650596351e-13	7.15198091497e-08
1.65957069121e-20	8.59700530017	9.81537256984	4.08504526096e-13	7.3903802788e-08
1.83112112822e-20	8.59700530017	9.81537256984	4.36110777746e-13	7.6367262881e-08
2.02040479744e-20	8.59700530017	9.81537256984	4.65588119785e-13	7.89128383103e-08
2.22925478965e-20	8.59700530017	9.81537256984	4.97063370563e-13	8.1543266254e-08
2.4596936829e-20	8.59700530017	9.81537256984	5.30671943893e-13	8.42613751291e-08
2.7139531299e-20	8.59700530017	9.81537256984	5.66558431638e-13	8.70700876335e-08
2.99449547011e-20	8.59700530017	9.81537256984	6.04877225775e-13	8.99724238879e-08
3.30403757592e-20	8.59700530017	9.81537256983	6.45793182625e-13	9.29715046842e-08
3.64557716386e-20	8.59700530017	9.81537256983	6.89482332107e-13	9.60705548403e-08
4.02242182551e-20	8.59700530017	9.81537256983	7.36132635053e-13	9.92729066683e-08
4.43822105939e-20	8.59700530017	9.81537256983	7.85944791865e-13	1.02582003557e-07
4.89700161409e-20	8.59700530017	9.81537256983	8.39133105973e-13	1.06001403676e-07
5.40320648464e-20	8.59700530016	9.81537256983	8.95926405814e-13	1.09534783798e-07
5.96173794014e-20	8.59700530016	9.81537256983	9.56569029312e-13	1.13185943258e-07
6.57800499907e-20	8.59700530016	9.81537256983	1.02132187507e-12	1.16958808034e-07
7.25797581212e-20	8.59700530016	9.81537256983	1.09046352482e-12	1.20857434968e-07
8.00823545995e-20	8.59700530016	9.81537256983	1.16429144193e-12	1.24886016134e-07
8.83604972546e-20	8.59700530016	9.81537256982	1.24312325121e-12	1.29048883338e-07
9.74943545819e-20	8.59700530016	9.81537256982	1.32729810534e-12	1.33350512783e-07
1.07572382124e-19	8.59700530015	9.81537256982	1.41717814403e-12	1.37795529875e-07
1.18692179106e-19	8.59700530015	9.81537256982	1.51315005201e-12	1.42388714205e-07
1.3096143362e-19	8.59700530015	9.81537256982	1.61562672263e-12	1.47135004678e-07
1.44498965518e-19	8.59700530015	9.81537256981	1.72504903427e-12	1.52039504834e-07
1.59435877101e-19	8.59700530015	9.81537256981	1.84188774703e-12	1.57107488328e-07
1.75916822767e-19	8.59700530014	9.81537256981	1.9666455281e-12	1.62344404606e-07
1.94101409891e-19	8.59700530014	9.81537256981	2.09985911433e-12	1.6775588476e-07
2.14165744521e-19	8.59700530014	9.8153725698	2.2421016214e-12	1.73347747585e-07
2.36304136853e-19	8.59700530014	9.8153725698	2.39398500951e-12	1.79126005838e-07
2.60730982999e-19	8.59700530013	9.8153725698	2.55616271615e-12	1.85096872699e-07
2.87682841279e-19	8.59700530013	9.8153725698	2.72933246735e-12	1.91266768456e-07
3.17420723131e-19	8.59700530013	9.81537256979	2.91423927946e-12	1.97642327404e-07
3.50232620844e-19	8.59700530012	9.81537256979	3.11167866439e-12	2.04230404984e-07
3.86436296576e-19	8.59700530012	9.81537256978	3.32250005208e-12	2.1103808515e-07
4.26382359677e-19	8.59700530012	9.81537256978	3.54761044494e-12	2.18072687989e-07
4.70457662117e-19	8.59700530011	9.81537256978	3.78797831997e-12	2.25341777588e-07
5.19089044893e-19	8.59700530011	9.81537256977	4.04463779543e-12	2.32853170175e-07
5.72747471718e-19	8.5970053001	9.81537256977	4.31869307978e-12	2.40614942514e-07
6.31952589998e-19	8.5970053001	9.81537256976	4.61132322229e-12	2.48635440597e-07
6.97277763282e-19	8.59700530009	9.81537256975	4.92378718557e-12	2.56923288617e-07
7.69355623923e-19	8.59700530008	9.81537256975	5.25742926191e-12	2.65487398238e-07
8.48884199714e-19	8.59700530008	9.81537256974	5.61368485677e-12	2.74336978179e-07
9.36633673839e-19	8.59700530007	9.81537256973	5.99408666416e-12	2.83481544118e-07
1.0334538436e-18	8.59700530006	9.81537256973	6.40027126072e-12	2.92930928922e-07
1.14028235018e-18	8.59700530006	9.81537256972	6.8339861466e-12	3.0269529322e-07
1.25815375904e-18	8.59700530005	9.81537256971	7.29709726364e-12	3.12785136327e-07
1.38820957909e-18	8.59700530004	9.8153725697	7.79159702305e-12	3.23211307538e-07
1.53170931744e-18	8.59700530003	9.81537256969	8.31961287727e-12	3.33985017789e-07
1.69004267688e-18	8.59700530002	9.81537256968	8.88341647272e-12	3.45117851715e-07
1.86474301432e-18	8.59700530001	9.81537256967	9.48543342296e-12	3.56621780106e-07
2.05750219036e-18	8.59700529999	9.81537256966	1.01282537443e-11	3.68509172776e-07
2.27018695381e-18	8.59700529998	9.81537256964	1.08146429985e-11	3.80792811868e-07
2.50485702003e-18	8.59700529997	9.81537256963	1.1547554191e-11	3.93485905597e-07
2.76378501791e-18	8.59700529995	9.81537256961	1.23301404755e-11	4.0660210245e-07
3.04947849883e-18	8.59700529994	9.8153725696	1.31657687193e-11	4.20155505865e-07
3.36470422069e-18	8.59700529992	9.81537256958	1.40580339885e-11	4.34160689394e-07
3.71251494216e-18	8.5970052999	9.81537256956	1.50107750148e-11	4.48632712374e-07
4.09627898673e-18	8.59700529989	9.81537256954	1.60280907106e-11	4.63587136119e-07
4.51971286272e-18	8.59700529987	9.81537256952	1.71143578037e-11	4.79040040656e-07
4.98691725529e-18	8.59700529984	9.8153725695	1.82742496663e-11	4.95008042011e-07
5.50241673896e-18	8.59700529982	9.81537256948	1.95127564219e-11	5.11508310078e-07
6.07120359518e-18	8.5970052998	9.81537256945	2.08352064131e-11	5.28558587081e-07
6.69878615939e-18	8.59700529977	9.81537256943	2.2247289126e-11	5.4617720665e-07
7.3912421657e-18	8.59700529974	9.8153725694	2.37550796672e-11	5.64383113538e-07
8.15527760583e-18	8.59700529971	9.81537256937	2.53650649005e-11	5.83195883989e-07
8.99829167239e-18	8.59700529968	9.81537256934	2.70841713553e-11	6.02635746788e-07
9.92844841523e-18	8.59700529965	9.8153725693	2.89197950253e-11	6.22723605014e-07
1.09547558051e-17	8.59700529961	9.81537256927	3.08798331885e-11	6.43481058514e-07
1.20871529699e-17	8.59700529957	9.81537256923	3.29727183828e-11	6.64930427131e-07
1.33366064491e-17	8.59700529953	9.81537256918	3.52074546846e-11	6.87094774701e-07
1.47152163971e-17	8.59700529949	9.81537256914	3.75936564469e-11	7.09997933857e-07
1.62363337661e-17	8.59700529944	9.81537256909	4.0141589662e-11	7.33664531652e-07
1.79146896008e-17	8.59700529939	9.81537256904	4.28622161283e-11	7.5812001604e-07
1.97665376998e-17	8.59700529934	9.81537256898	4.57672406106e-11	7.8339068324e-07
2.18098120226e-17	8.59700529928	9.81537256893	4.88691611968e-11	8.09503706014e-07
2.4064300369e-17	8.59700529922	9.81537256886	5.2181323067e-11	8.36487162881e-07
2.65518360106e-17	8.59700529915	9.8153725688	5.57179759085e-11	8.64370068309e-07
2.92965091328e-17	8.59700529909	9.81537256873	5.94943352203e-11	8.93182403918e-07
3.23249001322e-17	8.59700529901	9.81537256865	6.35266477743e-11	9.22955150714e-07
3.56663370307e-17	8.59700529893	9.81537256857	6.78322615124e-11	9.53720322403e-07
3.93531794989e-17	8.59700529885	9.81537256848	7.24297001817e-11	9.85510999815e-07
4.34211322385e-17	8.59700529876	9.81537256839	7.73387430274e-11	1.01836136647e-06
4.79095907594e-17	8.59700529866	9.81537256829	8.25805098882e-11	1.05230674536e-06
5.28620228999e-17	8.59700529856	9.81537256819	8.81775520583e-11	1.08738363687e-06
5.83263897848e-17	8.59700529845	9.81537256807	9.41539493088e-11	1.12362975809e-06
6.43556102984e-17	8.59700529833	9.81537256795	1.00535413484e-10	1.16108408336e-06
7.10080735693e-17	8.5970052982	9.81537256782	1.0734939912e-10	1.19978688614e-06
7.83482044323e-17	8.59700529807	9.81537256769	1.1462522156e-10	1.23977978234e-06
8.64470873409e-17	8.59700529793	9.81537256754	1.22394183076e-10	1.28110577508e-06
9.53831547751e-17	8.59700529777	9.81537256738	1.30689707539e-10	1.32380930091e-06
1.05242946809e-16	8.59700529761	9.81537256722	1.39547484216e-10	1.3679362776e-06
1.16121949198e-16	8.59700529744	9.81537256704	1.49005621312e-10	1.41353415352e-06
1.28125518092e-16	8.59700529725	9.81537256685	1.59104809922e-10	1.46065195863e-06
1.41369900347e-16	8.59700529705	9.81537256665	1.69888499093e-10	1.50934035725e-06
1.55983359302e-16	8.59700529684	9.81537256643	1.81403082752e-10	1.55965170248e-06
1.7210741692e-16	8.59700529661	9.8153725662	1.93698099303e-10	1.61164009256e-06
1.89898224345e-16	8.59700529637	9.81537256595	2.06826444754e-10	1.66536142897e-06
2.09528074122e-16	8.59700529611	9.81537256569	2.20844600285e-10	1.7208734766e-06
2.3118706874e-16	8.59700529584	9.8153725654	2.35812875245e-10	1.77823592581e-06
2.55084961652e-16	8.59700529554	9.8153725651	2.51795666619e-10	1.83751045666e-06
2.81453188604e-16	8.59700529523	9.81537256478	2.68861736075e-10	1.89876080521e-06
3.1054710894e-16	8.59700529489	9.81537256444	2.87084505793e-10	1.96205283203e-06
3.42648478595e-16	8.59700529454	9.81537256407	3.06542374347e-10	2.02745459309e-06
3.78068178717e-16	8.59700529415	9.81537256368	3.2731905399e-10	2.09503641285e-06
4.17149226357e-16	8.59700529375	9.81537256326	3.49503930809e-10	2.16487095993e-06
4.60270096363e-16	8.59700529331	9.81537256282	3.73192449277e-10	2.23703332524e-06
5.07848386667e-16	8.59700529284	9.81537256234	3.98486522885e-10	2.31160110273e-06
5.60344862457e-16	8.59700529235	9.81537256183	4.25494972592e-10	2.3886544728e-06
6.18267918387e-16	8.59700529182	9.81537256129	4.54333994999e-10	2.46827628854e-06
6.82178502055e-16	8.59700529125	9.81537256071	4.85127662257e-10	2.5505521648e-06
7.52695546419e-16	8.59700529064	9.81537256009	5.18008455848e-10	2.63557057026e-06
8.30501963768e-16	8.59700529	9.81537255943	5.53117836559e-10	2.72342292258e-06
9.16351259284e-16	8.59700528931	9.81537255872	5.9060685307e-10	2.81420368663e-06
1.01107482826e-15	8.59700528857	9.81537255797	6.30636791809e-10	2.90801047615e-06
1.11559000763e-15	8.59700528778	9.81537255716	6.73379870836e-10	3.00494415864e-06
1.23090895978e-15	8.59700528694	9.8153725563	7.19019980771e-10	3.10510896389e-06
1.35814847471e-15	8.59700528604	9.81537255538	7.67753475931e-10	3.20861259597e-06
1.49854078539e-15	8.59700528509	9.8153725544	8.1979001909e-10	3.31556634911e-06
1.6534455012e-15	8.59700528406	9.81537255335	8.75353483502e-10	3.42608522736e-06
1.82436277482e-15	8.59700528297	9.81537255224	9.3468291605e-10	3.5402880682e-06
2.01294783028e-15	8.5970052818	9.81537255104	9.98033565686e-10	3.6582976704e-06
2.22102699272e-15	8.59700528056	9.81537254977	1.06567798157e-09	3.780240926e-06
2.45061537519e-15	8.59700527923	9.81537254841	1.13790718562e-09	3.90624895678e-06
2.70393639372e-15	8.59700527781	9.81537254696	1.21503192461e-09	4.03645725524e-06
2.98344329968e-15	8.59700527629	9.8153725454	1.297384007e-09	4.17100583031e-06
3.29184293794e-15	8.59700527467	9.81537254375	1.38531773052e-09	4.31003935787e-06
3.63212196092e-15	8.59700527295	9.81537254198	1.47921140639e-09	4.45370733633e-06
4.00757575241e-15	8.5970052711	9.81537254009	1.57946898695e-09	4.6021642474e-06
4.42184034124e-15	8.59700526913	9.81537253807	1.68652180349e-09	4.75556972215e-06
4.87892761386e-15	8.59700526702	9.81537253592	1.80083042202e-09	4.91408871271e-06
5.38326416694e-15	8.59700526478	9.81537253362	1.92288662466e-09	5.07789166961e-06
5.93973417606e-15	8.59700526238	9.81537253116	2.05321552545e-09	5.24715472505e-06
6.55372669583e-15	8.59700525981	9.81537252854	2.19237782948e-09	5.42205988231e-06
7.23118784943e-15	8.59700525708	9.81537252574	2.34097224518e-09	5.60279521146e-06
7.97867841299e-15	8.59700525416	9.81537252275	2.49963806012e-09	5.78955505156e-06
8.80343735249e-15	8.59700525104	9.81537251956	2.66905789135e-09	5.98254021962e-06
9.71345192847e-15	8.59700524771	9.81537251615	2.84996062219e-09	6.18195822659e-06
1.07175350476e-14	8.59700524415	9.81537251251	3.04312453804e-09	6.38802350042e-06
1.18254106098e-14	8.59700524035	9.81537250863	3.24938067478e-09	6.60095761668e-06
1.30478076783e-14	8.5970052363	9.81537250448	3.46961639402e-09	6.82098953676e-06
1.43965643834e-14	8.59700523197	9.81537250005	3.70477920079e-09	7.04835585413e-06
1.58847425674e-14	8.59700522734	9.81537249532	3.95588081989e-09	7.2833010487e-06
1.752675428e-14	8.59700522241	9.81537249027	4.2240015486e-09	7.52607774969e-06
1.93385013497e-14	8.59700521714	9.81537248487	4.51029490431e-09	7.77694700731e-06
2.1337529383e-14	8.59700521151	9.81537247911	4.81599258728e-09	8.03617857345e-06
2.3543197682e-14	8.5970052055	9.81537247296	5.14240977966e-09	8.30405119171e-06
2.59768667271e-14	8.59700519908	9.8153724664	5.49095080374e-09	8.58085289716e-06
2.86621050395e-14	8.59700519223	9.81537245938	5.86311516362e-09	8.86688132603e-06
3.16249174267e-14	8.59700518491	9.8153724519	6.26050399647e-09	9.16244403575e-06
3.4893996823e-14	8.5970051771	9.8153724439	6.68482696097e-09	9.46785883568e-06
3.85010021617e-14	8.59700516875	9.81537243537	7.13790959267e-09	9.78345412882e-06
4.24808649718e-14	8.59700515985	9.81537242625	7.62170115783e-09	1.01095692649e-05
4.68721276669e-14	8.59700515034	9.81537241652	8.13828303967e-09	1.04465549054e-05
5.17173168041e-14	8.59700514018	9.81537240613	8.6898776929e-09	1.07947734003e-05
5.70633549263e-14	8.59700512933	9.81537239503	9.27885820528e-09	1.11545991783e-05
6.29620149767e-14	8.59700511776	9.81537238318	9.90775850717e-09	1.15264191486e-05
6.94704216865e-14	8.59700510539	9.81537237053	1.05792842731e-08	1.19106331177e-05
7.66516047909e-14	8.59700509219	9.81537235702	1.12963245621e-08	1.23076542189e-05
8.4575109432e-14	8.59700507809	9.81537234259	1.20619642474e-08	1.27179093565e-05
9.33176696583e-14	8.59700506304	9.81537232719	1.28794972878e-08	1.3141839665e-05
1.02963951545e-13	8.59700504697	9.81537231075	1.37524408994e-08	1.35799009834e-05
1.13607373129e-13	8.5970050298	9.81537229318	1.46845506875e-08	1.40325643454e-05
1.25351009105e-13	8.59700501148	9.81537227443	1.56798368037e-08	1.45003164857e-05
1.38308589035e-13	8.59700499191	9.81537225441	1.67425811989e-08	1.49836603636e-05
1.52605598746e-13	8.59700497102	9.81537223303	1.7877356045e-08	1.54831157035e-05
1.68380495582e-13	8.59700494871	9.8153722102	1.90890434056e-08	1.59992195542e-05
1.8578604927e-13	8.59700492488	9.81537218583	2.03828562396e-08	1.6532526866e-05
2.04990821399e-13	8.59700489945	9.8153721598	2.17643608286e-08	1.70836110874e-05
2.26180797831e-13	8.59700487229	9.81537213201	2.32395007244e-08	1.76530647822e-05
2.4956118985e-13	8.59700484328	9.81537210233	2.48146223193e-08	1.82415002659e-05
2.75358421506e-13	8.59700481232	9.81537207064	2.64965021502e-08	1.88495502648e-05
3.03822322379e-13	8.59700477925	9.81537203681	2.82923760521e-08	1.94778685959e-05
3.35228547023e-13	8.59700474394	9.81537200068	3.02099702891e-08	2.01271308703e-05
3.69881244502e-13	8.59700470624	9.8153719621	3.2257534794e-08	2.07980352193e-05
4.08116003871e-13	8.59700466599	9.81537192091	3.44438786615e-08	2.14913030452e-05
4.50303104144e-13	8.597004623	9.81537187693	3.67784080471e-08	2.22076797971e-05
4.96851100204e-13	8.59700457711	9.81537182996	3.92711666345e-08	2.29479357724e-05
5.48210779396e-13	8.5970045281	9.81537177981	4.19328788455e-08	2.37128669449e-05
6.04879527103e-13	8.59700447577	9.81537172627	4.47749959795e-08	2.45032958212e-05
6.67406143608e-13	8.59700441989	9.81537166909	4.7809745479e-08	2.53200723245e-05
7.36396158863e-13	8.59700436023	9.81537160804	5.10501835351e-08	2.61640747086e-05
8.12517696656e-13	8.59700429652	9.81537154285	5.45102512583e-08	2.70362105029e-05
8.96507944956e-13	8.59700422849	9.81537147324	5.82048346559e-08	2.79374174872e-05
9.89180295095e-13	8.59700415585	9.81537139892	6.21498286755e-08	2.8868664701e-05
1.09143221893e-12	8.59700407829	9.81537131956	6.63622055885e-08	2.98309534849e-05
1.2042539603e-12	8.59700399548	9.81537123481	7.08600880081e-08	3.08253185575e-05
1.32873812483e-12	8.59700390705	9.81537114433	7.56628268576e-08	3.18528291281e-05
1.46609026117e-12	8.59700381262	9.81537104771	8.07910846221e-08	3.2914590046e-05
1.61764053592e-12	8.5970037118	9.81537094454	8.6266924243e-08	3.4011742989e-05
1.78485661539e-12	8.59700360414	9.81537083438	9.2113904038e-08	3.51454676907e-05
1.96935787903e-12	8.59700348919	9.81537071676	9.83571790538e-08	3.63169832092e-05
2.17293110205e-12	8.59700336645	9.81537059116	1.05023609289e-07	3.75275492376e-05
2.39754775911e-12	8.59700323538	9.81537045705	1.12141875252e-07	3.87784674588e-05
2.64538311685e-12	8.59700309544	9.81537031385	1.19742601351e-07	4.00710829451e-05
2.9188372998e-12	8.597002946	9.81537016094	1.27858487645e-07	4.14067856044e-05
3.22055853409e-12	8.59700278644	9.81536999767	1.3652445053e-07	4.27870116747e-05
3.5534687937e-12	8.59700261607	9.81536982334	1.45777772954e-07	4.42132452687e-05
3.92079209788e-12	8.59700243414	9.81536963718	1.55658264817e-07	4.56870199692e-05
4.32608573361e-12	8.59700223989	9.81536943841	1.66208434245e-07	4.72099204783e-05
4.77327470555e-12	8.59700203247	9.81536922617	1.77473670463e-07	4.87835843216e-05
5.26668974708e-12	8.59700181099	9.81536899955	1.89502439074e-07	5.04097036086e-05
5.81110926056e-12	8.5970015745	9.81536875756	2.02346490568e-07	5.2090026852e-05
6.41180559294e-12	8.59700132198	9.81536849917	2.16061082962e-07	5.38263608485e-05
7.07459609488e-12	8.59700105235	9.81536822327	2.30705219532e-07	5.56205726209e-05
7.80589945783e-12	8.59700076444	9.81536792867	2.46341902656e-07	5.7474591426e-05
8.61279787472e-12	8.59700045702	9.8153676141	2.63038404869e-07	5.93904108287e-05
9.50310562617e-12	8.59700012876	9.81536727821	2.80866558276e-07	6.13700908459e-05
1.04854447564e-11	8.59699977825	9.81536691955	2.99903063593e-07	6.34157601616e-05
1.15693285719e-11	8.59699940399	9.81536653659	3.20229820127e-07	6.55296184152e-05
1.27652537712e-11	8.59699900436	9.81536612767	3.41934278127e-07	6.77139385674e-05
1.40848020978e-11	8.59699857764	9.81536569103	3.65109815006e-07	6.99710693436e-05
1.55407525019e-11	8.59699812201	9.8153652248	3.89856137073e-07	7.23034377596e-05
1.71472048951e-11	8.59699763548	9.81536472697	4.16279708492e-07	7.47135517315e-05
1.8919716698e-11	8.59699711599	9.8153641954	4.44494209303e-07	7.72040027716e-05
2.08754535034e-11	8.59699656128	9.8153636278	4.74621024502e-07	7.97774687756e-05
2.30333553121e-11	8.59699596898	9.81536302173	5.06789766261e-07	8.24367169018e-05
2.54143199536e-11	8.59699533653	9.81536237458	5.41138831539e-07	8.5184606546e-05
2.80414054662e-11	8.59699466122	9.81536168357	5.77815997495e-07	8.80240924168e-05
3.09400533975e-11	8.59699394014	9.81536094572	6.16979057252e-07	9.09582277116e-05
3.4138335187e-11	8.59699317018	9.81536015786	6.58796498745e-07	9.39901674007e-05
3.76672240171e-11	8.59699234804	9.81535931661	7.03448229591e-07	9.71231716184e-05
4.1560894765e-11	8.59699147017	9.81535841834	7.51126351074e-07	0.000100360609169
4.58570549611e-11	8.5969905328	9.81535745918	8.02035984605e-07	0.00010370596115
5.05973099568e-11	8.5969895319	9.81535643501	8.56396154177e-07	0.000107162824691
5.58275658409e-11	8.59698846317	9.81535534143	9.14440728643e-07	0.000110734916829
6.1598474004e-11	8.596987322	9.81535417373	9.76419427855e-07	0.000114426078495
6.7965921657e-11	8.59698610348	9.81535292689	1.04259889699e-06	0.000118240278654
7.49915730542e-11	8.59698480237	9.81535159553	1.1132638537e-06	0.000122181618563
8.27434666613e-11	8.59698341308	9.81535017394	1.18871831299e-06	0.00012625433619
9.12966740526e-11	8.59698192962	9.815348656	1.26928689515e-06	0.000130462810761
1.00734026916e-10	8.59698034562	9.81534703518	1.35531622226e-06	0.000134811567476
1.11146919206e-10	8.59697865426	9.8153453045	1.44717640947e-06	0.000139305282372
1.22636192221e-10	8.59697684827	9.81534345652	1.54526265719e-06	0.000143948787349
1.35313111154e-10	8.59697491986	9.81534148329	1.64999695132e-06	0.000148747075367
1.49300442606e-10	8.59697286076	9.81533937632	1.76182987868e-06	0.000153705305813
1.64733643461e-10	8.5969706621	9.81533712654	1.8812425654e-06	0.000158828810049
1.81762172666e-10	8.59696831442	9.81533472429	2.00874874684e-06	0.000164123097143
2.00550938596e-10	8.59696580761	9.81533215921	2.14489697759e-06	0.000169593859795
2.21281896032e-10	8.59696313091	9.81532942028	2.29027299149e-06	0.000175246980452
2.44155808216e-10	8.59696027278	9.81532649571	2.44550222136e-06	0.000181088537637
2.69394191034e-10	8.59695722094	9.81532337292	2.61125248967e-06	0.000187124812482
2.97241458173e-10	8.59695396225	9.81532003848	2.78823688149e-06	0.000193362295481
3.27967288005e-10	8.5969504827	9.81531647804	2.97721681214e-06	0.000199807693469
3.61869235123e-10	8.59694676732	9.81531267629	3.17900530279e-06	0.00020646793683
3.9927561183e-10	8.59694280012	9.81530861686	3.39447047799e-06	0.000213350186951
4.40548667456e-10	8.59693856404	9.8153042823	3.62453930029e-06	0.000220461843916
4.86088096316e-10	8.59693404085	9.81529965396	3.87020155791e-06	0.000227810554466
5.36334908255e-10	8.59692921109	9.81529471192	4.13251412268e-06	0.000235404220218
5.91775699267e-10	8.59692405398	9.81528943492	4.41260549653e-06	0.000243251006156
6.52947363544e-10	8.59691854735	9.81528380027	4.71168066609e-06	0.000251359349413
7.20442292561e-10	8.5969126675	9.81527778373	5.0310262863e-06	0.000259737968337
7.94914111557e-10	8.59690638913	9.8152713594	5.37201621527e-06	0.000268395871866
8.77084008943e-10	8.59689968523	9.81526449966	5.73611742424e-06	0.000277342369207
9.67747719917e-10	8.59689252697	9.81525717499	6.12489630802e-06	0.000286587079847
1.06778323191e-09	8.59688488356	9.81524935388	6.54002542308e-06	0.000296139943891
1.17815928646e-09	8.5968767221	9.81524100268	6.98329068224e-06	0.000306011232744
1.29994475983e-09	8.5968680075	9.81523208548	7.45659903689e-06	0.000316211560154
1.43431901314e-09	8.59685870225	9.81522256391	7.9619866798e-06	0.000326751893618
1.58258331235e-09	8.59684876634	9.815212397	8.50162780372e-06	0.000337643566169
1.74617342848e-09	8.59683815702	9.81520154103	9.07784395356e-06	0.000348898288555
1.92667354014e-09	8.59682682865	9.8151899493	9.69311401215e-06	0.000360528161826
2.12583157296e-09	8.5968147325	9.81517757193	1.03500848628e-05	0.000372545690336
2.34557612436e-09	8.59680181654	9.81516435568	1.10515827739e-05	0.000384963795182
2.58803513759e-09	8.5967880252	9.8151502437	1.18006255558e-05	0.000397795828088
2.85555650561e-09	8.59677329916	9.81513517529	1.260043554e-05	0.000411055585749
3.15073080449e-09	8.59675757507	9.81511908563	1.34544534392e-05	0.000424757324656
3.47641637615e-09	8.5967407853	9.81510190551	1.43663531452e-05	0.000438915776415
3.83576700331e-09	8.59672285763	9.81508356102	1.534005753e-05	0.000453546163569
4.23226244455e-09	8.59670371493	9.81506397326	1.63797553171e-05	0.000468664215955
4.66974212484e-09	8.59668327488	9.81504305796	1.74899190961e-05	0.000484286187598
5.15244230771e-09	8.59666144954	9.81502072518	1.86753245569e-05	0.000500428874172
5.68503710872e-09	8.59663814505	9.81499687884	1.9941071028e-05	0.000517109631036
6.27268374711e-09	8.59661326117	9.81497141637	2.12926034046e-05	0.000534346391876
6.92107247348e-09	8.59658669085	9.81494422826	2.27357355635e-05	0.00055215768796
7.63648165655e-09	8.59655831984	9.81491519757	2.42766753628e-05	0.00057056266804
8.42583856196e-09	8.59652802609	9.81488419943	2.59220513353e-05	0.000589581118908
9.29678641115e-09	8.59649567933	9.81485110052	2.76789411896e-05	0.000609233486639
1.02577583688e-08	8.59646114042	9.81481575848	2.95549022416e-05	0.000629540898539
1.1318059175e-08	8.59642426084	9.81477802132	3.15580039068e-05	0.000650525185822
1.24879552107e-08	8.59638488197	9.81473772674	3.36968623919e-05	0.000672208907036
1.37787738687e-08	8.59634283446	9.81469470145	3.59806777371e-05	0.000694615372273
1.52030131904e-08	8.59629793749	9.81464876041	3.84192733646e-05	0.000717768668175
1.67744628278e-08	8.596249998	9.81459970606	4.10231383058e-05	0.000741693683772
1.85083375023e-08	8.59619880984	9.81454732746	4.38034722868e-05	0.000766416137182
2.04214242475e-08	8.59614415288	9.81449139936	4.67722338654e-05	0.000791962603181
2.25322448618e-08	8.59608579213	9.81443168129	4.99421918263e-05	0.000818360541707
2.486123514e-08	8.59602347664	9.81436791645	5.33269800555e-05	0.000845638327284
2.74309426146e-08	8.59595693849	9.81429983069	5.69411561268e-05	0.000873825279443
3.02662447196e-08	8.5958858916	9.81422713127	6.08002638535e-05	0.000902951694131
3.33945894827e-08	8.59581003054	9.81414950562	6.49209000716e-05	0.000933048876167
3.68462610708e-08	8.59572902918	9.81406662003	6.93207859412e-05	0.000964149172769
4.06546727541e-08	8.59564253932	9.81397811818	7.40188430701e-05	0.000996286008187
4.48566901163e-08	8.59555018918	9.81388361963	7.90352747864e-05	0.00102949391948
4.94929876314e-08	8.59545158183	9.81378271817	8.4391652906e-05	0.00106380859347
5.46084420489e-08	8.59534629345	9.81367498012	9.0111010367e-05	0.00109926690491
6.02525663813e-08	8.59523387154	9.81355994242	9.62179401256e-05	0.00113590695595
6.64799886827e-08	8.59511383299	9.81343711069	0.000102738700736	0.00117376811679
7.33509802339e-08	8.594985662	9.81330595708	0.000109701329066	0.00121289106782
8.09320382264e-08	8.59484880784	9.81316591803	0.000117135760623	0.00125331784304
8.92965285621e-08	8.59470268256	9.81301639183	0.000125073958015	0.00129509187492
9.8525394961e-08	8.59454665842	9.81285673609	0.000133550048079	0.00133825804075
1.08707941441e-07	8.5943800652	9.81268756885	0.00014260046827	0.00138286271051
1.1994269697e-07	8.5942021874	9.81251023177	0.00015226412169	0.00142895379024
1.32338361316e-07	8.59401226114	9.81232088235	0.000162582542976	0.00147658076972
1.46014861116e-07	8.59380947089	9.81211870743	0.000173600081249	0.00152579479838
1.61104506169e-07	8.59359294598	9.81190283885	0.000185364087361	0.00157664872571
1.77753267047e-07	8.59336175691	9.81167234979	0.000197925116766	0.00162919715734
1.96122184347e-07	8.59311491136	9.8114262508	0.000211337146058	0.0016834965131
2.16388923096e-07	8.59285134999	9.81116348555	0.000225657804088	0.00173960508682
2.38749487242e-07	8.59256994191	9.81088292637	0.000240948618653	0.00179758310811
2.63420110658e-07	8.59226947987	9.81058336942	0.000257275279768	0.0018574928062
2.90639342789e-07	8.59194867513	9.81026352959	0.00027470792066	0.00191939847568
3.20670348907e-07	8.59160615197	9.80992203499	0.000293321417637	0.00198336654451
3.53803446982e-07	8.59124044187	9.80955742117	0.000313195710113	0.00204946564404
3.9035890544e-07	8.59084997727	9.80916812488	0.000334416142118	0.00211776668142
4.30690028498e-07	8.59043308489	9.80875247742	0.000357073826717	0.00218834291418
4.75186558559e-07	8.58998797872	9.80830869758	0.000381266034872	0.00226127002723
5.24278428077e-07	8.58951275238	9.80783488412	0.000407096610358	0.00233662621228
5.78439896624e-07	8.58900537115	9.80732900769	0.00043467641245	0.00241449224977
6.38194112532e-07	8.58846366331	9.80678890227	0.000464123788237	0.0024949515933
7.04118142422e-07	8.58788531103	9.80621225605	0.00049556507649	0.00257809045676
7.7684851636e-07	8.58726784061	9.80559660164	0.000529135145179	0.00266399790411
8.57087341172e-07	8.58660861208	9.80493930574	0.000564977964846	0.00275276594196
9.45609039762e-07	8.58590480813	9.80423755803	0.000603247220177	0.00284448961492
1.04326778007e-06	8.58515342231	9.80348835943	0.00064410696227	0.00293926710395
1.15100566376e-06	8.58435124647	9.80268850946	0.00068773230427	0.00303719982761
1.26986175165e-06	8.58349485736	9.80183459295	0.000734310163163	0.00313839254634
1.40098201075e-06	8.58258060239	9.80092296573	0.000784040050745	0.00324295346994
1.54563027603e-06	8.58160458448	9.7999497395	0.000837134916934	0.00335099436807
1.70520032961e-06	8.58056264587	9.79891076562	0.000893822048804	0.00346263068415
1.8812292099e-06	8.57945035097	9.797801618	0.000954344028903	0.00357798165246
2.07541187468e-06	8.57826296807	9.79661757471	0.00101895975666	0.00369717041858
2.28961735412e-06	8.57699544992	9.79535359863	0.0010879455369	0.00382032416334
2.52590654329e-06	8.57564241302	9.79400431662	0.0011615962397	0.00394757423016
2.78655179825e-06	8.57419811567	9.79256399764	0.00124022653611	0.00407905625589
3.07405851578e-06	8.57265643461	9.79102652925	0.00132417221447	0.0042149103053
3.39118889459e-06	8.57101084023	9.7893853928	0.00141379158238	0.00435528100908
3.74098809471e-06	8.56925437022	9.78763363699	0.00150946695964	0.0045003177055
4.1268130327e-06	8.56737960162	9.78576384985	0.00161160626771	0.00465017458573
4.55236407328e-06	8.56537862114	9.78376812893	0.00172064472165	0.00480501084276
5.0217199026e-06	8.56324299371	9.78163804975	0.00183704663072	0.00496499082412
5.53937589545e-06	8.56096372912	9.77936463227	0.00196130731422	0.00513028418808
6.11028631831e-06	8.55853124672	9.77693830534	0.0020939551394	0.00530106606364
6.73991074165e-06	8.55593533797	9.77434886916	0.00223555368867	0.00547751721405
7.43426507001e-06	8.55316512686	9.77158545532	0.00238670406365	0.00565982420389
8.19997763572e-06	8.55020902807	9.76863648472	0.00254804733398	0.00584817956959
9.04435084266e-06	8.54705470269	9.76548962292	0.00272026713908	0.00604278199347
9.97542889066e-06	8.54368901153	9.76213173303	0.00290409245162	0.00624383648086
1.10020721582e-05	8.54009796579	9.75854882594	0.00310030051135	0.00645155454055
1.21340388725e-05	8.53626667517	9.75472600776	0.00330971993892	0.00666615436804
1.33820747498e-05	8.53217929307	9.75064742452	0.00353323403897	0.0068878610317
1.47580113496e-05	8.52781895909	9.7462962038	0.00377178430265	0.00711690666136
1.6274873946e-05	8.52316773851	9.74165439341	0.00402637411963	0.00735353063924
1.79469997901e-05	8.51820655883	9.73670289694	0.00429807270999	0.0075979797928
1.97901677049e-05	8.51291514325	9.73142140604	0.00458801928689	0.0078505085892
2.18217400329e-05	8.50727194106	9.72578832956	0.0048974274605	0.00811137933095
2.4060818033e-05	8.50125405489	9.71978071925	0.00522758989445	0.00838086235226
2.65284119086e-05	8.49483716491	9.71337419226	0.00557988322548	0.00865923621567
2.92476267357e-05	8.48799544985	9.7065428502	0.00595577325746	0.00894678790823
3.22438656507e-05	8.48070150505	9.69925919489	0.00635682044025	0.00924381303665
3.55450517493e-05	8.4729262575	9.69149404094	0.00678468564422	0.00955061602075
3.91818702447e-05	8.46463887813	9.68321642497	0.00724113624023	0.00986751028423
4.31880325314e-05	8.45580669133	9.67439351198	0.00772805249475	0.0101948184421
4.76005638936e-05	8.44639508221	9.66499049868	0.00824743428883	0.0105328724832
5.24601166974e-05	8.43636740158	9.65497051432	0.00880140816871	0.0108820139482
5.78113109935e-05	8.42568486929	9.64429451913	0.00939223473479	0.0112425940991
6.37031045486e-05	8.41430647619	9.6329212008	0.0100223163738	0.0116149740823
7.01891943977e-05	8.40218888538	9.62080686953	0.010694205338	0.0119995250811
7.7328452082e-05	8.38928633324	9.60790535213	0.0114106121718	0.0123966284574
8.51853947865e-05	8.37555053118	9.59416788584	0.0121744144856	0.0128066758802
9.38306946276e-05	8.36093056883	9.57954301275	0.0129886660713	0.0132300694403
0.000103341728351	8.34537281982	9.56397647555	0.0138566063528	0.0136672217468
0.000113803169679	8.32882085126	9.54741111594	0.0147816701591	0.0141185560063
0.000125307626491	8.31121533824	9.52978677668	0.0157674978041	0.0145845060796
0.000137956324926	8.29249398505	9.51104020885	0.0168179454514	0.0150655165159
0.000151859842332	8.27259145471	9.49110498581	0.0179370957367	0.0155620425598
0.000167138890789	8.25143930872	9.46991142583	0.0191292686142	0.0160745501296
0.000183925152629	8.2289659595	9.4473865252	0.0203990323852	0.0166035157644
0.000202362169034	8.20509663761	9.42345390429	0.0217512148591	0.0171494265345
0.000222606282288	8.17975337663	9.39803376898	0.0231909145888	0.0177127799155
0.000244827631741	8.15285501866	9.37104289025	0.0247235121106	0.0182940836197
0.000269211202786	8.1243172435	9.34239460506	0.0263546811091	0.0188938553832
0.00029595792738	8.0940526252	9.31199884168	0.0280903994165	0.0195126227041
0.00032528583361	8.06197071952	9.27976217328	0.0299369597397	0.02015092253
0.000357431240694	8.02797818638	9.24558790344	0.0319009799984	0.0208093008891
0.000392649994468	7.99197895154	9.20937618785	0.0339894131416	0.0214883124638
0.000431218736914	7.95387441186	9.1710241964	0.0362095562926	0.0221885201018
0.000473436201566	7.91356368862	9.1304263203	0.0385690590614	0.0229104942624
0.000519624524746	7.87094393366	9.08747442877	0.0410759308426	0.0236548123954
0.000570130560473	7.82591069297	9.04205818021	0.043738546902	0.0244220582498
0.000625327184571	7.77835833214	8.99406539239	0.0465656530423	0.0252128211105
0.000685614571057	7.72818052828	8.94338247657	0.0495663686155	0.0260276949613
0.000751421421226	7.67527083226	8.88989493972	0.0527501876428	0.0268672775741
0.000823206123104	7.61952330504	8.83348795928	0.0561269777836	0.0277321695238
0.000901457816095	7.56083323092	8.77404703376	0.0597069768859	0.0286229731306
0.000986697332788	7.49909790986	8.71145871243	0.0635007868426	0.029540291331
0.00107947798711	7.43421753004	8.645611406	0.0675193644716	0.030484726482
0.00118038617533	7.36609612035	8.57639627946	0.0717740091356	0.0314568791021
0.00129004175404	7.29464258117	8.50370822675	0.0762763468226	0.0324573465565
0.00140909815725	7.21977179014	8.42744692556	0.0810383104159	0.033486721694
0.00153824221321	7.14140577736	8.34751796868	0.0860721158993	0.0345455914455
0.00167819362083	7.05947496247	8.26383406643	0.0913902342629	0.0356345353959
0.00182970404545	6.97391944376	8.17631631237	0.0970053589107	0.0367541243427
0.001993555795	6.88469032657	8.08489550233	0.102930368405	0.0379049188583
0.00217056003958	6.79175107585	7.98951349396	0.109178284433	0.0390874678722
0.00236155793718	6.69507796195	7.89094472932	0.115762224942	0.0403023072939
0.00256744493009	6.5946583673	7.79048626779	0.122694708581	0.0415498393173
0.00278907776985	6.49051855901	7.68605989136	0.129987091236	0.0428302537325
0.00302735723251	6.38268384216	7.57765930364	0.137652227196	0.0441440170064
0.00328319645343	6.27119817208	7.46529510089	0.145702814298	0.0454915752837
0.00355751592575	6.15612518618	7.34899594715	0.154151324154	0.0468733534809
0.00385123795991	6.03754908936	7.22880964516	0.163009928951	0.0482897545677
0.00416528063676	5.91557536364	7.1048040755	0.172290425395	0.0497411590606
0.00450055130168	5.79033127343	6.97706797662	0.182004156458	0.0512279247592
0.00485793966226	5.66196613957	6.84571153858	0.192161931676	0.0527503867489
0.00523831056789	5.5306513579	6.71086678533	0.202773946851	0.0543088576972
0.00564249656412	5.39658014171	6.57268772221	0.213849704057	0.0559036284641
0.00607129032905	5.25996697228	6.43135022891	0.225397932947	0.0575349690486
0.00652556750157	5.12102462112	6.29106613391	0.237426549859	0.0592031298858
0.00700598007332	4.98004666095	6.14868113622	0.249935824471	0.060907409439
0.00751313215568	4.83731117597	6.00378017823	0.262930271285	0.0626478344461
0.00804759009592	4.6931013842	5.8565990482	0.276414373874	0.064424557976
0.00860984453566	4.54771452891	5.70739043242	0.290391490212	0.0662377166989
0.00920030455726	4.40145965983	5.5564223592	0.304863803924	0.0680874338756
0.00981929260536	4.25465519908	5.40397641053	0.319832283648	0.0699738226897
0.0104670403019	4.10762632876	5.25034572457	0.335296651166	0.0718969899097
0.0111439002919	3.96067590611	5.09999622426	0.351255409023	0.0738570398624
0.011849971349	3.81416846153	4.95038386661	0.367694955766	0.0758527280194
0.0125850832182	3.66845402499	4.80037889878	0.384607130989	0.0778836479441
0.0133490884172	3.52384834791	4.65027263239	0.40198613273	0.0799498451629
0.0141417402544	3.3806604461	4.50035745212	0.419824891521	0.0820513716955
0.0149626948072	3.23918998289	4.35092452673	0.438115097416	0.0841882909576
0.0158115868761	3.09971807559	4.20439797813	0.456847236349	0.0863606827854
0.0166884519262	2.96248900476	4.06254573511	0.476003144689	0.088567742101
0.0175923057173	2.82782893588	3.92179422473	0.495557233158	0.0908079247154
0.0185224516017	2.69596694254	3.78238616963	0.515496460117	0.0930812827623
0.019478114092	2.56711385452	3.64455544679	0.535806794899	0.0953878919093
0.0204584460347	2.44146101202	3.50852554994	0.556473289755	0.0977278563404
0.0214632221643	2.31912970978	3.37956584128	0.577480325398	0.10010131367
0.0224913007683	2.20033594087	3.25324370051	0.598787127307	0.102505593554
0.0235415169564	2.08521414844	3.12902035306	0.620373144907	0.10494039012
0.0246127842445	1.97386118664	3.0070526618	0.642220606482	0.107405811931
0.0257039761151	1.86635401851	2.88748509812	0.66431120963	0.109902002309
0.0268149143988	1.76269403536	2.77552292317	0.686626450528	0.112429143514
0.0279439950459	1.6629952159	2.66620536669	0.70911633527	0.114983799142
0.0290898959207	1.56727476714	2.55932217504	0.731759988471	0.117565843795
0.0302513488902	1.47552636127	2.45495850881	0.754538169423	0.120175394393
0.031427227627	1.38772169098	2.35500375112	0.777431485846	0.122812602058
0.0326173997625	1.30379030179	2.26057982567	0.800407560628	0.125476066242
0.0338198018008	1.22374280949	2.168556113	0.823424317326	0.128163132933
0.0350330751288	1.14751095997	2.07897279422	0.846462995513	0.130873838115
0.0362558887877	1.07501631831	1.99207620573	0.869504923435	0.133608243238
0.0374882454807	1.00612548963	1.91165537759	0.892530062204	0.13636620796
0.0387280223587	0.940807908338	1.83346094885	0.915484056413	0.139143266922
0.0399737977709	0.878957467591	1.7575031111	0.938349774033	0.141939305736
0.0412241667127	0.82046394744	1.68378661831	0.961110355753	0.144754224442
0.0424789376829	0.765178273225	1.61559099857	0.983749532326	0.147587938956
0.043736294545	0.71302293087	1.54971963433	1.00621658366	0.15043579147
0.0449946091461	0.663882988934	1.48582206051	1.02849321017	0.15329699305
0.0462524365805	0.617635574548	1.42388755037	1.05056517341	0.156171212246
0.0475095152851	0.574130194938	1.36661154022	1.07241892661	0.15905812143
0.0487640207339	0.533273708271	1.31137480075	1.0940082638	0.161952775586
0.050014270237	0.494949364701	1.25783769229	1.11531763891	0.164854042889
0.0512587950405	0.459035924835	1.20598222156	1.13633599439	0.167761307417
0.0524974932194	0.425388547797	1.15826886132	1.15705307835	0.17067394735
0.0537281026244	0.393922356279	1.11202611436	1.17742460694	0.173586206418
0.054949108506	0.364522871112	1.06722472466	1.1974423472	0.17649715105
0.0561591237225	0.33707794448	1.0242167644	1.21709878452	0.179405856773
0.0573578930241	0.311463392196	0.984228487212	1.23638171357	0.18231052794
0.0585431650902	0.287597138256	0.945473260701	1.25525950625	0.185206083949
0.0597134816185	0.265378585252	0.90793193815	1.273727754	0.188091320262
0.0608675764921	0.244709592048	0.87216838676	1.29178266163	0.190965024316
0.0620048557554	0.225490141331	0.838255959749	1.30941170454	0.193824382778
0.0631233675924	0.207643012817	0.805404220583	1.32660039393	0.196665960281
0.0642218116773	0.191083519864	0.773594771089	1.3433478104	0.199488361842
0.0652993253541	0.175726980825	0.743408583699	1.35965370365	0.202290194594
0.0663547065903	0.161499289345	0.714336375302	1.37550771009	0.205068123558
0.0673866745916	0.148329815305	0.68619625869	1.39090844788	0.207820159299
0.0683942621967	0.13614870523	0.659211224921	1.40585814385	0.210544838827
0.069377141237	0.124885132848	0.633751221239	1.42035525215	0.213239864395
0.0703339022584	0.114483713903	0.609105459926	1.43439089698	0.215901329013
0.0712637213204	0.104885644062	0.585257916767	1.4479699513	0.218527737439
0.0721663978522	0.0960311870432	0.562968787133	1.46109786323	0.221117634054
0.0730411541122	0.0878708859168	0.54157625636	1.47376520929	0.223666426479
0.0738871631222	0.0803577573996	0.520865863837	1.48597543662	0.226171873264
0.0747040060404	0.0734449927941	0.501056434541	1.49773650577	0.228632602901
0.0754917420428	0.0670863745212	0.482292603393	1.50905221378	0.231046312269
0.0762499063843	0.0612430528546	0.46447320367	1.51992315371	0.233409885807
0.0769781658614	0.0558780704148	0.447274814974	1.53035215121	0.235720564001
0.0776766999729	0.0509538542788	0.431123878083	1.54034864414	0.23797700377
0.0783452385202	0.0464390791261	0.415526563433	1.54991338139	0.240175860167
0.078983778402	0.0423029316942	0.400413077065	1.55905720456	0.242316070912
0.0795925708309	0.0385158256704	0.386015778211	1.56779237609	0.244397000836
0.0801722341611	0.0350489329541	0.372377147123	1.5761265233	0.246416978938
0.0807227764943	0.031879151069	0.359156163906	1.58406607938	0.248374066987
0.0812446599432	0.0289828573045	0.346344513054	1.5916244437	0.250268127754
0.0817386927782	0.0263368714448	0.334288745285	1.59881500583	0.252099180677
0.0822052921377	0.0239221103249	0.32262280399	1.60564413053	0.253865568673
0.0826451306322	0.0217198061786	0.311316619627	1.61212524589	0.255567566098
0.0830590065885	0.0197123185547	0.300479616882	1.61827209339	0.257205716724
0.0834478680142	0.0178829617812	0.290108841642	1.6240961013	0.258780122714
0.0838124460859	0.0162174409784	0.280059057318	1.62960835834	0.260290950462
0.0841536589113	0.0147018947461	0.270323313683	1.63482241592	0.261739218372
0.0844724598094	0.01332353198	0.260894616948	1.63975154273	0.263126066392
0.0847698276654	0.0120705606327	0.251765937516	1.64440870259	0.264452744889
0.0850467578309	0.010932120232	0.242930218989	1.64880653467	0.265720603248
0.0853042591589	0.0098981969105	0.234398647759	1.65295733615	0.266931078308
0.0855433393815	0.00895959198694	0.226155112447	1.65687274897	0.268085593965
0.0857649781554	0.00810793313057	0.218171339727	1.66056419728	0.269185680155
0.0859701645902	0.00733545624007	0.210452078353	1.66404308287	0.270233026784
0.0861598646993	0.00663506195591	0.202991803108	1.6673202235	0.271229308638
0.086335018198	0.00600025867978	0.195780929189	1.67040602061	0.272176225179
0.0864965389608	0.00542510088233	0.188812579881	1.67331052157	0.273075510548
0.0866453334213	0.00490407362515	0.182138176922	1.6760433763	0.273928911223
0.0867822255019	0.00443230257358	0.175689607713	1.67861300113	0.274737912233
0.0869080281341	0.00400525613942	0.169459402723	1.68102833705	0.275504278575
0.0870235399569	0.0036187280104	0.163528025997	1.68329794427	0.276229767309
0.0871294950002	0.00326896990583	0.157830427859	1.68542884968	0.276915745989
0.0872265711793	0.00295262133135	0.15232422805	1.68742851633	0.277563812858
0.0873154367351	0.00266653605228	0.14706359509	1.68930453702	0.278175698162
0.087396745095	0.00240778026519	0.142065611757	1.69106341399	0.278752859319
0.0874710417015	0.00217389904134	0.137232468921	1.69271102173	0.27929661975
0.0875388771335	0.00196253924658	0.132561015845	1.69425406212	0.279808644576
0.0876007974466	0.00177147053106	0.128173479961	1.69569885792	0.280290540799
0.0876572473589	0.00159886599799	0.123927652409	1.69704999788	0.280743394834
0.0877086748265	0.00144296431614	0.119819332811	1.69831332434	0.281168764356
0.0877554997942	0.00130215828165	0.115883471889	1.69949434539	0.281568146776
0.0877981145678	0.00117498369884	0.112104654289	1.70059787462	0.281942850802
0.087836869751	0.00106015089251	0.108472665735	1.70162854601	0.282294164714
0.0878720926901	0.000956482279693	0.104960365233	1.70259080089	0.282623348177
0.087904089555	0.000862899869966	0.101571066874	1.7034890296	0.282931677322
0.0879331400401	0.00077843523845	0.0982896697277	1.704327298	0.283220347772
0.0879595034739	0.00070220657387	0.0951129087089	1.70510952249	0.283490531203
0.0879834177585	0.000633417508119	0.0920272416873	1.70583937546	0.283743339782
0.0880051001071	0.000571351138822	0.0890290385783	1.70652037626	0.283979854763
0.0880247491547	0.00051536077233	0.0860895296662	1.70715582756	0.284201101936
0.0880425536442	0.000464842543687	0.0832437770141	1.70774900233	0.284408114472
0.088058671364	0.000419292665243	0.0803898535659	1.70830268859	0.284601771974
0.0880732678354	0.000378196045747	0.0776330676854	1.70882016314	0.284783139061
0.0880864829525	0.000341119051783	0.0749701931064	1.7093037645	0.284952964214
0.0880984137901	0.000307754843411	0.0713550266232	1.70975568421	0.285111954261
0.0881091682366	0.000277771424598	0.0679757718697	1.71018423353	0.285262983881
0.0881188977511	0.000250724182381	0.0646462309407	1.71059041509	0.285406367746
0.088127695808	0.00022633368317	0.0613214790039	1.71097606379	0.285542718758
0.0881356510655	0.000204337427342	0.0580363122458	1.71134318774	0.285672716604
0.0881428407834	0.000184507539069	0.0547361930056	1.71169349472	0.285796939727
0.088149329458	0.000166653792107	0.0513680155426	1.7120289625	0.285916066905
0.0881552042517	0.000150526158646	0.0482067997853	1.71235190778	0.286030902106
0.0881605227445	0.000135958003256	0.0452398682747	1.71266279317	0.286141593558
0.0881653262695	0.000122828452878	0.0421906425548	1.71296206465	0.286248284813
0.088169666389	0.000110989830035	0.0392541956771	1.7132520229	0.286351783047
0.0881735955034	0.000100293668471	0.0364785535648	1.71353367506	0.286452437167
0.0881771427387	9.0655746639e-05	0.0337287215514	1.71380758664	0.286550439856
0.088180355306	8.19435805857e-05	0.0311860538941	1.71407539128	0.286646367719
0.0881832639949	7.40700832603e-05	0.028795091612	1.71433722351	0.286740262216
0.0881858933511	6.69655642327e-05	0.0265164067784	1.71459357448	0.286832293181
0.0881882748196	6.05422533475e-05	0.0244179686114	1.71484527481	0.286922753368
0.088190431698	5.4734870875e-05	0.0224855304325	1.71509240784	0.287011667839
0.0881923844107	4.94862394473e-05	0.0206889270388	1.71533505549	0.287099061306
0.0881941526747	4.47414183947e-05	0.0190328154522	1.71557350288	0.287185031936
0.088195754104	4.04514260673e-05	0.0175092323527	1.71580786227	0.28726961593
0.0881972043964	3.65726811632e-05	0.0161075780202	1.71603820304	0.287352834187
0.0881985177773	3.30657754132e-05	0.0148180996485	1.71626459348	0.287434707331
0.0881997077012	2.98935757781e-05	0.0136451307881	1.71648710074	0.287515255715
0.0882007852138	2.70255559749e-05	0.0125654470338	1.71670556726	0.287594418355
0.0882017608721	2.44326468037e-05	0.0115711748839	1.71692005742	0.287672214606
0.0882026443563	2.20882603457e-05	0.0106613385216	1.71713064309	0.287748666697
0.0882034446561	1.99677796347e-05	0.00982882408265	1.71733728121	0.287823755203
0.0882041692014	1.80508337352e-05	0.00906130542174	1.71753991587	0.287897456012
0.0882048251439	1.63178909603e-05	0.00835370987055	1.71773862423	0.287969793451
0.088205418962	1.47512932205e-05	0.00770136043501	1.71793348197	0.288040791472
0.0882059565426	1.33350288985e-05	0.00710141508156	1.71812456337	0.288110473647
0.0882064432679	1.20544911882e-05	0.00654965556966	1.71831190191	0.288178848806
0.0882068838491	1.0896905972e-05	0.00604075946393	1.71849552633	0.28824592413
0.0882072825605	9.85070404946e-06	0.00556787071777	1.71867550995	0.288311723201
0.0882076433817	8.90514238153e-06	0.00513068945881	1.7188520404	0.288376311562
0.0882079699841	8.05033507166e-06	0.00472783057723	1.71902523168	0.288439728063
0.0882082656055	7.27757284462e-06	0.00435660000748	1.71919514672	0.288501993004
0.0882085331784	6.57898203383e-06	0.0040145150822	1.71936184728	0.288563126368
0.0882087753582	5.94744443628e-06	0.00369928795343	1.71952539398	0.288623147824
0.0882089941004	5.37769280024e-06	0.00339426468697	1.71968584629	0.288682076733
0.0882091920775	4.8626194388e-06	0.00311367803862	1.71984397014	0.288740192287
0.0882093712964	4.39687639071e-06	0.00285628427496	1.71999983799	0.288797519378
0.0882095335319	3.9757395394e-06	0.00262016651366	1.72015348193	0.28885406812
0.088209680391	3.5949371165e-06	0.00240356627582	1.72030493359	0.288909848513
0.0882098133248	3.25061685154e-06	0.00220447362449	1.72045422415	0.288964870444
0.0882099330894	2.9407368268e-06	0.00200310534896	1.72060141127	0.289019153615
0.0882100415507	2.66039684368e-06	0.00182013065897	1.72074795432	0.289073235278
0.0882101397751	2.40678102419e-06	0.00165386948994	1.72089385611	0.289127116036
0.0882102287284	2.17734189708e-06	0.001502795225	1.7210391194	0.28918079649
0.088210308968	1.97059121153e-06	0.0013521793292	1.72118374698	0.289234277242
0.0882103814961	1.78390050975e-06	0.00121344791284	1.72132921997	0.289288106101
0.0882104471957	1.61496014999e-06	0.00108644315054	1.72147596489	0.289342441717
0.0882105062055	1.46337611679e-06	0.000957083953798	1.72162433962	0.289397417718
0.0882105597311	1.32602122604e-06	0.000843128030091	1.72177695161	0.289454002479
0.0882106082835	1.20155972722e-06	0.000742741178041	1.72193392158	0.289512244134
0.0882106519757	1.0896774957e-06	0.00064261380347	1.72209537368	0.289572192315
0.0882106914121	9.88802488119e-07	0.000549290306042	1.72226459007	0.289635070816
0.0882107270479	8.97751449251e-07	0.000464812612741	1.72244420673	0.289701867053
0.0882107593392	8.1534366222e-07	0.000391912201176	1.72263689153	0.289773584009
0.0882107888607	7.4010113552e-07	0.000335618628661	1.72284440291	0.289850890009
0.0882108162524	6.70387890428e-07	0.000298633085921	1.72306432492	0.289932899488
0.088210841388	6.06517160402e-07	0.000271781453162	1.7232881923	0.290016464932
0.0882108642363	5.48552545984e-07	0.000248536406438	1.72351074503	0.290099624486
0.0882108849696	4.96038331517e-07	0.000227824623411	1.72373086068	0.29018195673
0.0882109037499	4.48546303412e-07	0.000208918017205	1.72394800735	0.290263259779
0.0882109207644	4.05587513468e-07	0.000191675942345	1.72416214158	0.290343514137
0.0882109361747	3.66739448764e-07	0.000175901884668	1.72437319295	0.290422690162
0.088210950133	3.31605834415e-07	0.000161471081039	1.72458115059	0.290500780521
0.0882109627755	2.99831879418e-07	0.00014827158875	1.72478599862	0.290577776019
0.0882109742266	2.71095281413e-07	0.000136225783318	1.72498771491	0.290653665136
0.0882109845963	2.45110767816e-07	0.000125169252772	1.72518623335	0.290728419781
0.0882109939856	2.21616704851e-07	0.000115010033218	1.72538158624	0.290802048935
0.0882110024878	2.00372782264e-07	0.000105725565163	1.72557382393	0.29087456847
0.0882110101891	1.81156915806e-07	9.72429205519e-05	1.7257629047	0.290945959596
0.0882110171616	1.63783735753e-07	8.9440803934e-05	1.72594877189	0.291016197864
0.0882110234739	1.48076553597e-07	8.22646248174e-05	1.72613147997	0.291085300845
0.0882110291886	1.3387562128e-07	7.56641713121e-05	1.72631108251	0.291153285877
0.0882110343627	1.21034788418e-07	6.96279250203e-05	1.72648763213	0.291220170065
0.088211039048	1.09422355019e-07	6.409355066e-05	1.72666109194	0.291285936651
0.0882110432891	9.89239788922e-08	5.899903984e-05	1.72683145693	0.291350580992
0.088211047129	8.94304654713e-08	5.43383874634e-05	1.72699878219	0.291414121306
0.0882110506049	8.08475420228e-08	5.00487403869e-05	1.72716303018	0.291476540708
0.0882110537511	7.30882952817e-08	4.60977043513e-05	1.72732424731	0.291537854248
0.0882110565987	6.60734531287e-08	4.24672326918e-05	1.72748248937	0.29159808065
0.0882110591766	5.97304626461e-08	3.91342834137e-05	1.72763777891	0.291657226072
0.0882110615098	5.39962949048e-08	3.60652132359e-05	1.72779012223	0.291715290539
0.0882110636217	4.88116356598e-08	3.3247495125e-05	1.72793956533	0.291772289278
0.0882110655329	4.41247701687e-08	3.06499035315e-05	1.72808611347	0.291828222047
0.0882110672626	3.98877719806e-08	2.82608113774e-05	1.72822982262	0.291883108019
0.0882110688281	3.60568409739e-08	2.60648219604e-05	1.72837071945	0.291936955275
0.0882110702448	3.2593820916e-08	2.40394574858e-05	1.72850881954	0.291989767699
0.0882110715267	2.94633812799e-08	2.21714619161e-05	1.72864417827	0.292041564483
0.0882110726868	2.66331721594e-08	2.04553939918e-05	1.72877684997	0.292092364489
0.0882110737366	2.40746929264e-08	1.88731735545e-05	1.72890684281	0.292142168982
0.0882110746865	2.176187248e-08	1.74163784e-05	1.72903420316	0.292190993926
0.088211075546	1.96710180721e-08	1.60739136113e-05	1.72915896183	0.292238849378
0.0882110763236	1.77810392893e-08	1.48349194255e-05	1.72928115622	0.29228574799
0.0882110770273	1.60724316156e-08	1.36954474071e-05	1.72940083893	0.292331708324
0.088211077664	1.4527904653e-08	1.26443823961e-05	1.72951802559	0.292376734801
0.08821107824	1.31317956037e-08	1.16739764337e-05	1.72963275937	0.292420842479
0.088211078761	1.18698303444e-08	1.07787302744e-05	1.72974509152	0.292464049594
0.0882110792325	1.07289637824e-08	9.95468159861e-06	1.72985506508	0.292506371286
0.088211079659	9.69774583519e-09	9.19362841917e-06	1.72996270027	0.292547813973
0.0882110800448	8.76562570232e-09	8.49149149771e-06	1.73006804674	0.292588395449
0.0882110803939	7.92301412193e-09	7.84400893163e-06	1.73017114399	0.29262812967
0.0882110807096	7.16139398839e-09	7.24602302166e-06	1.73027202568	0.292667028384
0.0882110809952	6.47291531501e-09	6.69486508301e-06	1.73037073757	0.292705108061
0.0882110812536	5.85062219011e-09	6.18562759825e-06	1.73046730733	0.292742378248
0.0882110814873	5.28812594736e-09	5.71580755711e-06	1.73056178138	0.29277885577
0.0882110816987	4.77968073495e-09	5.28208949801e-06	1.73065419362	0.292814552669
0.0882110818899	4.32011184896e-09	4.88162661299e-06	1.73074458131	0.292849482333
0.0882110820628	3.904710512e-09	4.51175557052e-06	1.73083298231	0.292883658429
0.0882110822193	3.52923999234e-09	4.1703265826e-06	1.73091943538	0.292917095014
0.0882110823607	3.18985466722e-09	3.85497153978e-06	1.73100397466	0.292949804395
0.0882110824887	2.88310232947e-09	3.56362471469e-06	1.7310866369	0.29298179994
0.0882110826044	2.60582843467e-09	3.2946526833e-06	1.73116745998	0.293013095486
0.0882110827091	2.35521948892e-09	3.04598082176e-06	1.73124647563	0.293043702535
0.0882110828037	2.12870804075e-09	2.81632604512e-06	1.73132372423	0.293073635969
0.0882110828893	1.92396346113e-09	2.60426119543e-06	1.73139923847	0.293102907729
0.0882110829668	1.7389110044e-09	2.40816370305e-06	1.73147304879	0.29313152892
0.0882110830368	1.57165678785e-09	2.22683138622e-06	1.7315451936	0.293159513767
0.0882110831001	1.42048170294e-09	2.05940818604e-06	1.73161571043	0.293186876194
0.0882110831573	1.28384310214e-09	1.90464180773e-06	1.73168462709	0.293213626376
0.0882110832091	1.1603465243e-09	1.7615961846e-06	1.73175197716	0.29323977676
0.0882110832559	1.04872351444e-09	1.62939888546e-06	1.73181779277	0.293265339265
0.0882110832983	9.47838060383e-10	1.50712177193e-06	1.73188210435	0.29329032517
0.0882110833366	8.56655718891e-10	1.39412227418e-06	1.73194494625	0.293314747299
0.0882110833712	7.74241138763e-10	1.28966296615e-06	1.73200634743	0.293338616417
0.0882110834025	6.99755009431e-10	1.19303030142e-06	1.73206633741	0.293361943533
0.0882110834308	6.3243295696e-10	1.10371581739e-06	1.73212494862	0.293384740799
0.0882110834564	5.7158612775e-10	1.02111697771e-06	1.73218220853	0.293407018467
0.0882110834795	5.16593213808e-10	9.44702664457e-07	1.73223814649	0.293428787549
0.0882110835004	4.66888324719e-10	8.74101645614e-07	1.73229279281	0.293450059442
0.0882110835194	4.21965742292e-10	8.08776698082e-07	1.73234617117	0.293470842985
0.0882110835365	3.81365357219e-10	7.48333555608e-07	1.73239831096	0.293491149264
0.088211083552	3.44525560626e-10	7.01209450343e-07	1.73244924092	0.293510989117
0.0882110835661	3.11058131999e-10	6.61377483407e-07	1.73249834422	0.293530121849
0.0882110835789	2.80841594168e-10	6.23807959429e-07	1.73254534883	0.293548440938
0.0882110835904	2.53560189906e-10	5.88372391621e-07	1.73259034438	0.293565980792
0.0882110836006	2.29263291334e-10	5.33239983358e-07	1.73263341668	0.293582774384
0.0882110836098	2.07613564306e-10	4.75222190103e-07	1.7326763883	0.293599532074
0.0882110836181	1.87813942001e-10	4.35599120636e-07	1.73272005246	0.293616563274
0.0882110836258	1.69720829605e-10	4.04020572235e-07	1.73276314579	0.293633375216
0.0882110836327	1.53370679919e-10	3.74731217984e-07	1.73280513201	0.293649758489
0.0882110836389	1.38595623813e-10	3.47562713066e-07	1.73284603956	0.293665723936
0.0882110836446	1.25243942506e-10	3.2236265541e-07	1.7328858964	0.293681282241
0.0882110836497	1.13178473201e-10	2.98989672409e-07	1.73292472967	0.293696443771
0.0882110836543	1.02275314286e-10	2.77311301543e-07	1.73296256565	0.293711218569
0.0882110836585	9.24224992508e-11	2.57204683268e-07	1.73299942994	0.29372561643
0.0882110836622	8.35188470674e-11	2.3855586489e-07	1.73303534747	0.293739646901
0.0882110836656	7.54726410338e-11	2.21303791839e-07	1.73307034255	0.293753319293
0.0882110836687	6.82004520367e-11	2.05336956451e-07	1.73310443185	0.293766639948
0.0882110836715	6.16289631848e-11	1.90522079857e-07	1.73313763217	0.293779615261
0.088211083674	5.56906612902e-11	1.76776054758e-07	1.73316996669	0.293792254131
0.0882110836763	5.03245379329e-11	1.64021769281e-07	1.73320145796	0.293804565228
0.0882110836783	4.54754627621e-11	1.52187674497e-07	1.73323212798	0.293816557002
0.0882110836802	4.10966510893e-11	1.40607818489e-07	1.73326199815	0.293828237688
0.0882110836819	3.71592260953e-11	1.28980228439e-07	1.73329121547	0.293839664655
0.0882110836834	3.3599038058e-11	1.18314173858e-07	1.73332001526	0.293850929844
0.0882110836848	3.03706066415e-11	1.09443179477e-07	1.73334840347	0.293862035524
0.088211083686	2.7443424065e-11	1.0160049274e-07	1.73337614409	0.293872889283
0.0882110836871	2.47983648379e-11	9.43197991943e-08	1.73340314621	0.293883455444
0.0882110836881	2.2408238325e-11	8.75608286364e-08	1.73342942948	0.293893741592
0.0882110836891	2.02484744174e-11	8.12861963454e-08	1.73345501303	0.29390375511
0.0882110836899	1.82968709852e-11	7.54611963421e-08	1.73347991548	0.293913503191
0.0882110836906	1.65333656666e-11	7.0053609458e-08	1.73350415496	0.293922992838
0.0882110836913	1.49398296509e-11	6.50335251557e-08	1.73352774911	0.293932230873
0.0882110836919	1.34998813337e-11	6.0373176115e-08	1.73355071511	0.293941223937
0.0882110836925	1.21986565196e-11	5.60630391801e-08	1.73357306968	0.2939499785
0.088211083693	1.10224952383e-11	5.20821923245e-08	1.73359482266	0.293958498347
0.0882110836934	9.95973472678e-12	4.83840066441e-08	1.73361598079	0.293966786042
0.0882110836938	8.99944151778e-12	4.49484122114e-08	1.73363656033	0.293974847886
0.0882110836942	8.13173626583e-12	4.17567640846e-08	1.7336565771	0.293982690012
0.0882110836945	7.34769211941e-12	3.87917411368e-08	1.73367604649	0.293990318387
0.0882110836948	6.63924289079e-12	3.60372520674e-08	1.73369498344	0.293997738815
0.0882110836951	5.999100079e-12	3.34783480867e-08	1.73371340254	0.294004956947
0.0882110836954	5.4206778924e-12	3.11011417993e-08	1.73373131792	0.294011978279
0.0882110836956	4.8980237577e-12	2.88933064182e-08	1.73374874337	0.29401880816
0.0882110836958	4.42552930011e-12	2.68684924186e-08	1.73376569193	0.29402545166
0.088211083696	3.9986141674e-12	2.49855731683e-08	1.73378215966	0.294031907185
0.0882110836961	3.61288159552e-12	2.32346051896e-08	1.73379816019	0.294038180041
0.0882110836963	3.26435894258e-12	2.16063417883e-08	1.73381370678	0.294044275381
0.0882110836964	2.94945677795e-12	2.00921842282e-08	1.7338288123	0.294050198215
0.0882110836965	2.66493191745e-12	1.86841363279e-08	1.73384348927	0.294055953413
0.0882110836966	2.40785402418e-12	1.73747622387e-08	1.73385774983	0.294061545708
0.0882110836967	2.17557543091e-12	1.61571471801e-08	1.73387160581	0.294066979699
0.0882110836968	1.96570387341e-12	1.50248609277e-08	1.73388506867	0.294072259856
0.0882110836969	1.77605596114e-12	1.39812972789e-08	1.73389814957	0.294077390525
0.088211083697	1.60461477902e-12	1.30182375379e-08	1.73391085066	0.294082372525
0.088211083697	1.4497225297e-12	1.21215144579e-08	1.73392317469	0.294087206902
0.0882110836971	1.30978178938e-12	1.1286558773e-08	1.73393513283	0.294091898021
0.0882110836972	1.18334932717e-12	1.050911594e-08	1.73394673597	0.29409645012
0.0882110836972	1.06912122167e-12	9.78522446248e-09	1.73395799462	0.29410086731
0.0882110836973	9.65919414236e-13	9.11119570613e-09	1.73396891902	0.294105153582
0.0882110836973	8.72679560109e-13	8.48359510544e-09	1.73397951909	0.294109312809
0.0882110836973	7.88440052169e-13	7.8992246641e-09	1.73398980446	0.29411334875
0.0882110836974	7.12332104177e-13	7.3551066609e-09	1.73399978446	0.294117265054
0.0882110836974	6.43534879271e-13	6.85685650074e-09	1.73400946817	0.29412106526
0.0882110836974	5.81369109324e-13	6.39391705608e-09	1.73401885236	0.29412474809
0.0882110836974	5.25208542303e-13	5.96223257706e-09	1.73402794387	0.294128316214
0.0882110836975	4.7447308154e-13	5.55969294085e-09	1.73403675184	0.294131773198
0.0882110836975	4.28638666519e-13	5.18433048291e-09	1.7340452851	0.294135122501
0.0882110836975	3.87231859972e-13	4.83431037962e-09	1.73405355223	0.294138367471
0.0882110836975	3.4982495784e-13	4.50792168018e-09	1.73406156151	0.294141511355
0.0882110836975	3.16031571581e-13	4.20356894395e-09	1.73406932099	0.294144557298
0.0882110836975	2.85502637209e-13	3.91976444226e-09	1.73407683847	0.294147508347
0.0882110836976	2.57922809847e-13	3.65512088673e-09	1.73408412148	0.294150367454
0.0882110836976	2.33105881664e-13	3.38020906613e-09	1.73409117735	0.294153137482
0.0882110836976	2.1068535704e-13	3.12458214473e-09	1.73409807296	0.294155844685
0.0882110836976	1.90420513729e-13	2.88893010003e-09	1.73410481523	0.294158491771
0.0882110836976	1.72004004934e-13	2.70026680478e-09	1.73411140608	0.294161079488
0.0882110836976	1.55368638798e-13	2.52392418196e-09	1.73411777547	0.294163580331
0.0882110836976	1.40342154205e-13	2.3590976383e-09	1.73412393084	0.294165997212
0.0882110836976	1.26768949928e-13	2.20503512306e-09	1.73412987938	0.294168332948
0.0882110836976	1.14508473419e-13	2.06103369692e-09	1.73413562804	0.294170590262
0.0882110836976	1.03433765416e-13	1.92643632492e-09	1.73414118353	0.294172771784
0.0882110836976	9.34301453123e-14	1.80062887881e-09	1.73414655235	0.294174880057
0.0882110836976	8.43940236561e-14	1.68303733516e-09	1.73415174077	0.294176917538
0.0882110836976	7.62318294973e-14	1.57312515643e-09	1.73415675485	0.294178886603
0.0882110836976	6.88590414728e-14	1.47039084304e-09	1.73416160044	0.294180789547
0.0882110836976	6.21993125957e-14	1.37436564531e-09	1.73416628322	0.29418262859
0.0882110836976	5.61836796882e-14	1.28461142481e-09	1.73417080864	0.294184405874
0.0882110836976	5.07498492713e-14	1.20071865536e-09	1.734175182	0.294186123474
0.0882110836976	4.58408222304e-14	1.12332846036e-09	1.7341794084	0.294187783392
0.0882110836976	4.14021041057e-14	1.05244544768e-09	1.734183489	0.294189386076
0.0882110836977	3.73931809095e-14	9.86035191197e-10	1.7341874227	0.294190931095
0.0882110836977	3.37724363794e-14	9.23815459922e-10	1.7341912148	0.294192420524
0.0882110836977	3.05022838561e-14	8.65521831432e-10	1.73419487039	0.294193856362
0.0882110836977	2.75487761099e-14	8.10906568169e-10	1.73419839439	0.294195240535
0.0882110836977	2.48812529455e-14	7.59737564662e-10	1.73420179153	0.294196574901
0.0882110836977	2.24720229283e-14	7.11797361164e-10	1.73420506637	0.294197861253
0.0882110836977	2.02960759277e-14	6.66882219538e-10	1.73420822333	0.294199101317
0.0882110836977	1.8330823494e-14	6.2480125744e-10	1.73421126664	0.294200296758
0.0882110836977	1.65558643731e-14	5.85375637139e-10	1.7342142004	0.294201449181
0.0882110836977	1.49527727261e-14	5.48437805515e-10	1.73421702855	0.294202560134
0.0882110836977	1.35049068549e-14	5.13830782017e-10	1.73421975489	0.294203631108
0.0882110836977	1.21972364477e-14	4.81407491547e-10	1.73422238308	0.294204663541
0.0882110836977	1.10161003798e-14	4.51231614549e-10	1.73422491667	0.294205658819
0.0882110836977	9.94848193719e-15	4.23505609571e-10	1.73422735793	0.294206617845
0.0882110836977	8.98433084737e-15	3.97483227803e-10	1.73422970694	0.294207540638
0.0882110836977	8.11361968641e-15	3.7305979077e-10	1.73423196718	0.294208428569
0.0882110836977	7.32729282337e-15	3.50137051866e-10	1.73423414201	0.294209282954
0.0882110836977	6.61717224087e-15	3.28622801167e-10	1.73423623465	0.294210105059
0.0882110836977	5.97587248287e-15	3.08430494509e-10	1.73423824821	0.294210896104
0.0882110836977	5.39672384498e-15	2.89478905372e-10	1.73424018567	0.294211657262
0.0882110836977	4.87370300875e-15	2.71691798139e-10	1.73424204992	0.294212389662
0.0882110836977	4.40137039819e-15	2.54997621441e-10	1.73424384371	0.294213094391
0.0882110836977	3.97481360739e-15	2.3932922034e-10	1.73424556972	0.294213772493
0.0882110836977	3.58959631066e-15	2.24623566194e-10	1.7342472305	0.294214424974
0.0882110836977	3.24171212391e-15	2.1082150312e-10	1.73424882852	0.294215052802
0.0882110836977	2.92754293752e-15	1.97867510044e-10	1.73425036615	0.294215656909
0.0882110836977	2.64382128726e-15	1.85709477355e-10	1.73425184567	0.29421623819
0.0882110836977	2.38748530243e-15	1.74505562233e-10	1.73425326927	0.294216797508
0.0882110836977	2.15591575174e-15	1.64049887209e-10	1.73425463739	0.294217335029
0.0882110836977	1.94680681709e-15	1.54220673066e-10	1.73425595156	0.294217851353
0.0882110836977	1.75797998054e-15	1.44980384985e-10	1.73425721389	0.294218347317
0.0882110836977	1.5874680242e-15	1.36293737054e-10	1.73425842643	0.294218823723
0.0882110836977	1.43349453576e-15	1.28127557533e-10	1.73425959116	0.294219281342
0.0882110836977	1.29445540183e-15	1.20450662179e-10	1.73426070994	0.294219720916
0.0882110836977	1.16890209627e-15	1.13233735166e-10	1.73426178461	0.294220143155
0.0882110836977	1.05552658937e-15	1.06449217139e-10	1.73426281688	0.294220548742
0.0882110836977	9.53147720818e-16	1.00071199977e-10	1.73426380845	0.294220938336
0.0882110836977	8.60698894258e-16	9.40753278548e-11	1.73426476091	0.294221312565
0.0882110836977	7.77216965492e-16	8.84387042421e-11	1.7342656758	0.294221672037
0.0882110836977	7.01832208373e-16	8.31398044664e-11	1.73426655461	0.294222017333
0.0882110836977	6.33759253952e-16	7.8158393519e-11	1.73426739876	0.294222349011
0.0882110836977	5.72288908449e-16	7.34754487841e-11	1.73426820962	0.29422266761
0.0882110836977	5.16756897804e-16	6.91450025803e-11	1.7342689885	0.294222973644
0.0882110836977	4.66602941771e-16	6.5085751302e-11	1.73426973584	0.29422326729
0.0882110836977	4.21316685737e-16	6.12648035901e-11	1.73427045274	0.294223548973
0.0882110836977	3.80425694777e-16	5.76681695556e-11	1.73427114043	0.294223819182
0.0882110836977	3.43503386106e-16	5.42826805997e-11	1.73427180011	0.294224078383
0.0882110836977	3.10164578909e-16	5.10959411989e-11	1.73427243291	0.294224327025
0.0882110836977	2.80061476086e-16	4.80962835218e-11	1.73427303993	0.294224565538
0.0882110836977	2.52880035979e-16	4.52727247088e-11	1.73427362222	0.294224794334
0.0882110836977	2.28336696246e-16	4.26149266607e-11	1.73427418078	0.29422501381
0.0882110836977	2.06175415693e-16	4.01131581873e-11	1.73427471659	0.294225224345
0.0882110836977	1.86165003215e-16	3.77582593784e-11	1.73427523057	0.294225426303
0.0882110836977	1.68096705969e-16	3.55416080666e-11	1.73427572362	0.294225620033
0.0882110836977	1.51782031636e-16	3.34550882582e-11	1.73427619657	0.294225805872
0.0882110836977	1.37050782032e-16	3.14910604181e-11	1.73427665026	0.294225984139
0.0882110836977	1.23749277574e-16	2.96423334987e-11	1.73427708546	0.294226155145
0.0882110836977	1.11736639737e-16	2.79217773159e-11	1.73427750293	0.294226319184
0.0882110836977	1.00885580264e-16	2.63139489213e-11	1.73427790311	0.294226476426
0.0882110836977	9.10882973005e-17	2.47987045454e-11	1.7342782865	0.294226627073
0.0882110836977	8.22424557402e-17	2.33707129038e-11	1.73427865381	0.294226771402
0.0882110836977	7.42556585088e-17	2.20249497039e-11	1.73427900571	0.294226909677
0.0882110836977	6.70444814582e-17	2.07566799675e-11	1.73427934285	0.294227042152
0.0882110836977	6.05336019825e-17	1.9561441371e-11	1.73427966585	0.294227169071
0.0882110836977	5.46550122558e-17	1.84350285456e-11	1.73427997531	0.294227290667
0.0882110836977	4.93473088756e-17	1.73734782806e-11	1.73428027178	0.294227407162
0.0882110836977	4.45550514895e-17	1.63730555795e-11	1.73428055582	0.294227518771
0.0882110836977	4.02281837082e-17	1.54302405188e-11	1.73428082794	0.294227625699
0.0882110836977	3.63215102542e-17	1.45417158631e-11	1.73428108865	0.294227728142
0.0882110836977	3.27942248867e-17	1.37043553941e-11	1.73428133842	0.294227826289
0.0882110836977	2.96094841708e-17	1.29152129112e-11	1.73428157772	0.294227920318
0.0882110836977	2.67340226381e-17	1.21715118651e-11	1.73428180698	0.294228010404
0.0882110836977	2.41377707039e-17	1.14715640228e-11	1.73428202662	0.294228096711
0.0882110836977	2.17918834464e-17	1.08277092845e-11	1.73428223704	0.294228179391
0.0882110836977	1.96739868319e-17	1.02199916207e-11	1.7342824383	0.294228258475
0.0882110836977	1.77619230531e-17	9.64638279837e-12	1.7342826308	0.294228334118
0.0882110836977	1.60356877605e-17	9.10496842162e-12	1.73428281493	0.29422840647
0.0882110836977	1.44772207735e-17	8.59394154175e-12	1.73428299105	0.294228475675
0.0882110836977	1.30702171323e-17	8.111596627e-12	1.73428315951	0.29422854187
0.0882110836977	1.17999565127e-17	7.65632387033e-12	1.73428332064	0.294228605185
0.0882110836977	1.06531492194e-17	7.22660381686e-12	1.73428347476	0.294228665746
0.0882110836977	9.61779714748e-18	6.82100229268e-12	1.73428362217	0.294228723672
0.0882110836977	8.68306825584e-18	6.43816561844e-12	1.73428376318	0.294228779078
0.0882110836977	7.83918324081e-18	6.07681609146e-12	1.73428389804	0.294228832074
0.0882110836977	7.07731322341e-18	5.73574772153e-12	1.73428402705	0.294228882764
0.0882110836977	6.38948738006e-18	5.41382220592e-12	1.73428415043	0.294228931249
0.0882110836977	5.76850955056e-18	5.10996513035e-12	1.73428426846	0.294228977625
0.0882110836977	5.20788295053e-18	4.82316238326e-12	1.73428438134	0.294229021984
0.0882110836977	4.70173796957e-18	4.55268868968e-12	1.73428448932	0.294229064413
0.0882110836977	4.24468144899e-18	4.2991846733e-12	1.73428459259	0.294229104994
0.0882110836977	3.83205544379e-18	4.05979633188e-12	1.73428469133	0.29422914379
0.0882110836977	3.45954085923e-18	3.8337376731e-12	1.73428478572	0.294229180881
0.0882110836977	3.12323846014e-18	3.62026647041e-12	1.73428487596	0.29422921634
0.0882110836977	2.81962805628e-18	3.41868182609e-12	1.73428496223	0.29422925024
0.0882110836977	2.54553165542e-18	3.22832186992e-12	1.7342850447	0.294229282649
0.0882110836977	2.29808019821e-18	3.04856158611e-12	1.73428512355	0.294229313633
0.0882110836977	2.07468352683e-18	2.87881076112e-12	1.73428519894	0.294229343254
0.0882110836977	1.87300327292e-18	2.7185120458e-12	1.734285271	0.294229371573
0.0882110836977	1.69092838114e-18	2.56713912547e-12	1.7342853399	0.294229398646
0.0882110836977	1.52655301203e-18	2.42419499177e-12	1.73428540577	0.294229424529
0.0882110836977	1.37815659299e-18	2.28921031092e-12	1.73428546874	0.294229449273
0.0882110836977	1.24418580843e-18	2.16174188266e-12	1.73428552894	0.29422947293
0.0882110836977	1.12323834076e-18	2.04137118512e-12	1.7342855865	0.294229495546
0.0882110836977	1.01404819179e-18	1.92770300066e-12	1.73428564152	0.294229517167
0.0882110836977	9.15472431185e-19	1.82036411824e-12	1.73428569412	0.294229537838
0.0882110836977	8.26479232963e-19	1.71900210806e-12	1.73428574442	0.2942295576
0.0882110836977	7.46137075074e-19	1.62328416436e-12	1.73428579249	0.294229576492
0.0882110836977	6.73604988827e-19	1.53289601281e-12	1.73428583846	0.294229594554
0.0882110836977	6.08123756191e-19	1.44754087852e-12	1.7342858824	0.294229611821
0.0882110836977	5.49007962807e-19	1.36693851172e-12	1.73428592441	0.294229628329
0.0882110836977	4.95638823526e-19	1.29082426758e-12	1.73428596458	0.294229644112
0.0882110836977	4.47457705375e-19	1.21894823729e-12	1.73428600297	0.2942296592
0.0882110836977	4.03960280159e-19	1.1510744275e-12	1.73428603968	0.294229673624
0.0882110836977	3.64691245486e-19	1.08697998552e-12	1.73428607478	0.294229687414
0.0882110836977	3.29239558966e-19	1.02645446761e-12	1.73428610833	0.294229700598
0.0882110836977	2.97234135689e-19	9.69299147984e-13	1.7342861404	0.294229713202
0.0882110836977	2.68339963955e-19	9.15326366371e-13	1.73428617107	0.294229725252
0.0882110836977	2.42254598593e-19	8.64358911847e-13	1.73428620038	0.294229736772
0.0882110836977	2.18704995165e-19	8.16229440988e-13	1.73428622841	0.294229747785
0.0882110836977	1.97444651916e-19	7.70779928432e-13	1.73428625521	0.294229758314
0.0882110836977	1.78251029559e-19	7.27861148024e-13	1.73428628082	0.29422976838
0.0882110836977	1.6092322188e-19	6.87332182859e-13	1.73428630531	0.294229778003
0.0882110836977	1.45279852784e-19	6.49059962605e-13	1.73428632872	0.294229787203
0.0882110836977	1.31157177767e-19	6.12918826585e-13	1.73428635111	0.294229795998
0.0882110836977	1.18407369954e-19	5.78790111192e-13	1.73428637251	0.294229804407
0.0882110836977	1.06896972735e-19	5.46561760279e-13	1.73428639296	0.294229812446
0.0882110836977	9.65055028386e-20	5.16127957239e-13	1.73428641252	0.294229820131
0.0882110836977	8.71124514654e-20	4.89633732658e-13	1.73428643122	0.294229827479
0.0882110836977	7.86125894152e-20	4.6585913021e-13	1.73428644901	0.29422983447
0.0882110836977	7.09420881751e-20	4.43238924728e-13	1.73428646589	0.294229841101
0.0882110836977	6.40200241576e-20	4.21717063445e-13	1.73428648189	0.29422984739
0.0882110836977	5.77733697675e-20	4.01240215286e-13	1.73428649707	0.294229853355
0.0882110836977	5.2136222963e-20	3.81757638714e-13	1.73428651147	0.294229859013
0.0882110836977	4.70491119911e-20	3.63221055991e-13	1.73428652513	0.29422986438
0.0882110836977	4.24583679623e-20	3.45584533547e-13	1.73428653808	0.29422986947
0.0882110836977	3.8315558645e-20	3.28804368156e-13	1.73428655037	0.294229874297
0.0882110836977	3.45769775072e-20	3.12838978643e-13	1.73428656202	0.294229878877
0.0882110836977	3.12031826135e-20	2.97648802841e-13	1.73428657307	0.29422988322
0.0882110836977	2.81585805138e-20	2.8319619956e-13	1.73428658356	0.294229887339
0.0882110836977	2.54110507334e-20	2.69445355312e-13	1.7342865935	0.294229891246
0.0882110836977	2.29316069028e-20	2.56362195562e-13	1.73428660293	0.294229894952
0.0882110836977	2.06940909525e-20	2.43914300297e-13	1.73428661187	0.294229898467
0.0882110836977	1.86748971458e-20	2.32070823685e-13	1.73428662036	0.294229901801
0.0882110836977	1.68527230388e-20	2.20802417641e-13	1.73428662841	0.294229904963
0.0882110836977	1.52083447408e-20	2.10081159102e-13	1.73428663604	0.294229907962
0.0882110836977	1.37244141019e-20	1.99880480833e-13	1.73428664328	0.294229910807
0.0882110836977	1.23852756912e-20	1.90175105597e-13	1.73428665014	0.294229913505
0.0882110836977	1.1176801632e-20	1.80940983513e-13	1.73428665666	0.294229916064
0.0882110836977	1.00862425531e-20	1.72155232466e-13	1.73428666283	0.294229918491
0.0882110836977	9.10209308367e-21	1.63796081401e-13	1.73428666869	0.294229920794
0.0882110836977	8.21397047121e-21	1.55842816374e-13	1.73428667425	0.294229922977
0.0882110836977	7.41250504433e-21	1.48275729229e-13	1.73428667952	0.294229925048
0.0882110836977	6.68924136272e-21	1.41076068754e-13	1.73428668452	0.294229927013
0.0882110836977	6.03654901251e-21	1.3422599422e-13	1.73428668926	0.294229928876
0.0882110836977	5.4475421056e-21	1.27708531169e-13	1.73428669376	0.294229930643
0.0882110836977	4.91600663375e-21	1.21507529355e-13	1.73428669802	0.294229932319
0.0882110836977	4.43633491089e-21	1.1560762272e-13	1.73428670207	0.294229933909
0.0882110836977	4.00346641221e-21	1.0999419132e-13	1.73428670591	0.294229935417
0.0882110836977	3.61283438577e-21	1.04653325093e-13	1.73428670955	0.294229936847
0.0882110836977	3.26031767334e-21	9.95717893943e-14	1.734286713	0.294229938204
0.0882110836977	2.9421972323e-21	9.47369921995e-14	1.73428671627	0.29422993949
0.0882110836977	2.65484466325e-21	9.0413589397e-14	1.73428671938	0.294229940711
0.0882110836977	2.39519971902e-21	8.64277249914e-14	1.73428672231	0.294229941865
0.0882110836977	2.16094816135e-21	8.26175765928e-14	1.73428672509	0.294229942954
0.0882110836977	1.9496065062e-21	7.89753977976e-14	1.7342867277	0.294229943981
0.0882110836977	1.75893415531e-21	7.54937837008e-14	1.73428673017	0.294229944951
0.0882110836977	1.5869096419e-21	7.21656558409e-14	1.7342867325	0.294229945867
0.0882110836977	1.43170919949e-21	6.89842478092e-14	1.7342867347	0.294229946731
0.0882110836977	1.29168742676e-21	6.59430914925e-14	1.73428673677	0.294229947547
0.0882110836977	1.16535984332e-21	6.30360039229e-14	1.73428673873	0.294229948316
0.0882110836977	1.0513871516e-21	6.02570747077e-14	1.73428674058	0.294229949043
0.0882110836977	9.48561037906e-22	5.76006540123e-14	1.73428674233	0.294229949728
0.0882110836977	8.55791362146e-22	5.50613410741e-14	1.73428674397	0.294229950376
0.0882110836977	7.72094600388e-22	5.26339732218e-14	1.73428674553	0.294229950986
0.0882110836977	6.96583417761e-22	5.03136153796e-14	1.734286747	0.294229951563
0.0882110836977	6.28457261123e-22	4.80955500332e-14	1.73428674838	0.294229952107
0.0882110836977	5.66993871775e-22	4.59752676393e-14	1.73428674969	0.29422995262
0.0882110836977	5.11541628223e-22	4.39484574566e-14	1.73428675092	0.294229953105
0.0882110836977	4.61512637837e-22	4.2010998782e-14	1.73428675208	0.294229953562
0.0882110836977	4.16376504135e-22	4.01589525729e-14	1.73428675318	0.294229953994
0.0882110836977	3.7565470364e-22	3.83885534382e-14	1.73428675422	0.294229954401
0.0882110836977	3.38915512675e-22	3.66962019837e-14	1.7342867552	0.294229954786
0.0882110836977	3.05769430323e-22	3.50784574936e-14	1.73428675612	0.294229955149
0.0882110836977	2.75865049022e-22	3.35320309351e-14	1.73428675699	0.294229955491
0.0882110836977	2.48885329023e-22	3.20537782721e-14	1.73428675782	0.294229955815
0.0882110836977	2.24544237197e-22	3.06406940725e-14	1.73428675859	0.29422995612
0.0882110836977	2.02583714579e-22	2.9289905398e-14	1.73428675932	0.294229956408
0.0882110836977	1.82770940482e-22	2.79986659634e-14	1.73428676002	0.294229956679
0.0882110836977	1.6489586418e-22	2.67643505525e-14	1.73428676067	0.294229956936
0.0882110836977	1.48768977998e-22	2.55844496818e-14	1.73428676129	0.294229957178
0.0882110836977	1.34219308195e-22	2.44565644973e-14	1.73428676187	0.294229957406
0.0882110836977	1.21092602333e-22	2.33784018983e-14	1.73428676242	0.294229957622
0.0882110836977	1.09249693929e-22	2.2347769875e-14	1.73428676293	0.294229957826
0.0882110836977	9.85650270414e-23	2.13625730516e-14	1.73428676342	0.294229958018
