0.0	0.153512035772	0.702434826557	0.0	0.0	0.0
2.94235212095e-18	0.153512035769	0.702434826548	3.29390666341e-12	2.94242408216e-12	1e-06
3.29385922267e-18	0.153512035769	0.702434826548	3.48422441037e-12	3.17224024825e-12	1.03833333333e-06
3.6873590015e-18	0.153512035769	0.702434826547	3.68941284594e-12	3.42015304965e-12	1.07813611111e-06
4.12786809842e-18	0.153512035769	0.702434826546	3.91063390792e-12	3.68738373167e-12	1.11946466204e-06
4.62100246572e-18	0.153512035768	0.702434826546	4.14914032338e-12	3.97548660656e-12	1.16237747408e-06
5.17304896355e-18	0.153512035768	0.702434826545	4.40628270261e-12	4.28612700885e-12	1.20693527725e-06
5.79104550968e-18	0.153512035768	0.702434826544	4.68351718736e-12	4.62108129538e-12	1.25320112955e-06
6.48287080432e-18	0.153512035768	0.702434826544	4.98241369661e-12	4.98212582298e-12	1.30124050618e-06
7.25734477398e-18	0.153512035767	0.702434826543	5.30466481672e-12	5.37137001541e-12	1.35112139225e-06
8.12434101467e-18	0.153512035767	0.702434826542	5.65209538616e-12	5.79103431871e-12	1.40291437895e-06
9.09491266824e-18	0.153512035767	0.702434826541	6.02667282917e-12	6.24356122355e-12	1.45669276348e-06
1.01814333364e-17	0.153512035767	0.70243482654	6.43051829689e-12	6.73139322056e-12	1.51253265274e-06
1.13977548289e-17	0.153512035766	0.702434826539	6.86591867894e-12	7.25741688962e-12	1.5705130711e-06
1.27593837575e-17	0.153512035766	0.702434826537	7.33533955363e-12	7.82440778829e-12	1.63071607216e-06
1.42836792259e-17	0.153512035765	0.702434826536	7.84143914993e-12	8.43580760794e-12	1.69322685492e-06
1.59900741372e-17	0.153512035765	0.702434826535	8.38708340052e-12	9.09494701765e-12	1.75813388436e-06
1.79003229399e-17	0.153512035764	0.702434826533	8.97536217091e-12	9.8056007757e-12	1.82552901659e-06
2.00387789702e-17	0.153512035764	0.702434826531	9.60960675665e-12	1.0571765685e-11	1.89550762889e-06
2.24327049274e-17	0.153512035763	0.70243482653	1.02934087478e-11	1.13977716153e-11	1.96816875467e-06
2.51126204401e-17	0.153512035763	0.702434826528	1.10306403673e-11	1.22883925256e-11	2.04361522359e-06
2.81126911537e-17	0.153512035762	0.702434826525	1.18254763986e-11	1.32485133973e-11	2.12195380716e-06
3.14711643012e-17	0.153512035761	0.702434826523	1.26824178263e-11	1.42836853454e-11	2.20329536977e-06
3.52308563081e-17	0.15351203576	0.702434826521	1.36063173246e-11	1.5399792552e-11	2.28775502561e-06
3.94396986501e-17	0.15351203576	0.702434826518	1.46024067368e-11	1.66030522661e-11	2.37545230159e-06
4.41513489199e-17	0.153512035759	0.702434826515	1.5676326702e-11	1.79003478703e-11	2.46651130648e-06
4.94258748967e-17	0.153512035758	0.702434826512	1.68341585968e-11	1.92990068367e-11	2.56106090656e-06
5.53305203368e-17	0.153512035757	0.702434826509	1.80824589733e-11	2.08069117487e-11	2.65923490797e-06
6.19405622487e-17	0.153512035755	0.702434826505	1.94282966866e-11	2.24327223459e-11	2.7611722461e-06
6.93402705836e-17	0.153512035754	0.702434826501	2.0879292925e-11	2.41855424571e-11	2.8670171822e-06
7.76239825738e-17	0.153512035753	0.702434826497	2.24436643668e-11	2.60752530672e-11	2.97691950751e-06
8.68973054171e-17	0.153512035751	0.702434826493	2.41302697093e-11	2.81127343619e-11	3.0910347553e-06
9.72784626398e-17	0.15351203575	0.702434826488	2.59486598342e-11	3.0309310616e-11	3.20952442091e-06
1.08899801301e-16	0.153512035748	0.702434826483	2.7909131892e-11	3.26776383719e-11	3.33255619037e-06
1.21909479258e-16	0.153512035746	0.702434826477	3.00227876123e-11	3.52309292838e-11	3.46030417766e-06
1.36473353995e-16	0.153512035744	0.702434826471	3.23015961707e-11	3.79837272732e-11	3.59294917113e-06
1.52777097105e-16	0.153512035742	0.702434826465	3.47584619679e-11	4.09515754623e-11	3.73067888935e-06
1.71028561376e-16	0.15351203574	0.702434826458	3.74072977039e-11	4.41513492413e-11	3.87368824676e-06
1.91460430656e-16	0.153512035738	0.70243482645	4.02631031633e-11	4.76011452454e-11	4.02217962954e-06
2.14333186294e-16	0.153512035735	0.702434826442	4.33420501553e-11	5.13206144222e-11	4.17636318199e-06
2.39938427954e-16	0.153512035732	0.702434826433	4.66615740915e-11	5.53305179421e-11	4.33645710396e-06
2.68602591154e-16	0.153512035729	0.702434826424	5.02404727188e-11	5.96538374218e-11	4.50268795959e-06
3.00691108922e-16	0.153512035726	0.702434826413	5.40990125668e-11	6.43149977678e-11	4.67529099802e-06
3.3661307062e-16	0.153512035722	0.702434826402	5.8259043713e-11	6.93403112658e-11	4.85451048626e-06
3.7682643733e-16	0.153512035718	0.70243482639	6.2744123515e-11	7.47583106475e-11	5.04060005488e-06
4.21843880301e-16	0.153512035714	0.702434826378	6.75796500105e-11	8.05996380683e-11	5.23382305695e-06
4.7223931688e-16	0.15351203571	0.702434826364	7.27930057415e-11	8.68973781745e-11	5.43445294077e-06
5.28655227256e-16	0.153512035705	0.702434826349	7.8413712815e-11	9.36871691249e-11	5.6427736368e-06
5.91810845295e-16	0.1535120357	0.702434826333	8.44736000807e-11	1.01007535659e-10	5.85907995951e-06
6.62511327894e-16	0.153512035694	0.702434826315	9.10069833709e-11	1.08899778072e-10	6.08367802458e-06
7.41658019749e-16	0.153512035688	0.702434826297	9.80508598236e-11	1.17408860398e-10	6.31688568215e-06
8.30259944391e-16	0.153512035682	0.702434826276	1.05645117389e-10	1.2658274427e-10	6.55903296658e-06
9.29446668009e-16	0.153512035675	0.702434826255	1.13832760707e-10	1.36473388127e-10	6.81046256357e-06
1.04048270004e-15	0.153512035667	0.702434826231	1.22660154633e-10	1.47136858231e-10	7.07153029511e-06
1.16478361409e-15	0.153512035659	0.702434826206	1.32177286791e-10	1.58633550715e-10	7.34260562301e-06
1.30393409482e-15	0.15351203565	0.702434826179	1.42438050644e-10	1.71028635669e-10	7.62407217182e-06
1.45970814069e-15	0.153512035641	0.702434826149	1.53500550681e-10	1.84392057145e-10	7.91632827164e-06
1.63409168029e-15	0.15351203563	0.702434826118	1.65427431449e-10	1.98799754397e-10	8.21978752195e-06
1.82930789048e-15	0.153512035619	0.702434826084	1.78286232298e-10	2.14333217795e-10	8.53487937685e-06
2.04784553923e-15	0.153512035608	0.702434826047	1.92149769837e-10	2.31080377002e-10	8.86204975283e-06
2.29249071429e-15	0.153512035595	0.702434826007	2.07096550284e-10	2.49136045065e-10	9.20176165988e-06
2.56636234247e-15	0.153512035581	0.702434825964	2.23211214029e-10	2.68602584547e-10	9.55449585668e-06
2.87295195211e-15	0.153512035566	0.702434825918	2.40585014928e-10	2.8959012957e-10	9.92075153101e-06
3.21616818579e-15	0.15351203555	0.702434825869	2.59316337063e-10	3.12217585021e-10	1.03010470062e-05
3.60038663077e-15	0.153512035533	0.702434825815	2.79511251864e-10	3.36613070637e-10	1.06959204745e-05
4.03050560235e-15	0.153512035514	0.702434825757	3.01284118769e-10	3.62914698161e-10	1.11059307591e-05
4.5120085914e-15	0.153512035494	0.702434825695	3.24758232818e-10	3.91271459523e-10	1.15316581046e-05
5.05103417219e-15	0.153512035472	0.702434825628	3.50066522848e-10	4.21843892972e-10	1.19737049983e-05
5.65445426168e-15	0.153512035449	0.702434825555	3.77352304237e-10	4.54805193299e-10	1.24326970229e-05
6.32996172805e-15	0.153512035424	0.702434825477	4.06770090467e-10	4.90341877972e-10	1.29092837417e-05
7.08616846538e-15	0.153512035397	0.702434825393	4.38486468105e-10	5.28655230423e-10	1.3404139618e-05
7.93271518477e-15	0.153512035367	0.702434825302	4.72681040144e-10	5.69962299254e-10	1.39179649695e-05
8.88039432159e-15	0.153512035336	0.702434825205	5.09547443057e-10	6.14497008455e-10	1.44514869595e-05
9.94128762585e-15	0.153512035302	0.702434825099	5.49294443316e-10	6.62511378651e-10	1.50054606256e-05
1.11289201897e-14	0.153512035265	0.702434824985	5.92147119594e-10	7.14277414482e-10	1.55806699489e-05
1.24584328759e-14	0.153512035226	0.702434824863	6.38348137336e-10	7.70088214825e-10	1.61779289629e-05
1.39467753452e-14	0.153512035183	0.70243482473	6.88159122921e-10	8.30259971195e-10	1.67980829056e-05
1.56129221438e-14	0.153512035137	0.702434824588	7.41862145196e-10	8.95133300014e-10	1.7442009416e-05
1.74781146056e-14	0.153512035087	0.702434824434	7.99761312769e-10	9.65075463056e-10	1.81106197758e-05
1.95661316535e-14	0.153512035034	0.702434824269	8.62184496112e-10	1.04048269892e-09	1.88048601993e-05
2.19035929509e-14	0.153512034976	0.70243482409	9.29485184222e-10	1.12178199937e-09	1.95257131723e-05
2.45202982705e-14	0.153512034914	0.702434823897	1.00204448635e-09	1.20943366287e-09	2.02741988423e-05
2.74496074049e-14	0.153512034847	0.70243482369	1.08027329014e-09	1.30393407013e-09	2.10513764629e-05
3.07288654626e-14	0.153512034775	0.702434823466	1.16461458839e-09	1.40581845967e-09	2.18583458921e-05
3.4399878973e-14	0.153512034697	0.702434823225	1.25554598766e-09	1.51566359233e-09	2.26962491491e-05
3.85094488683e-14	0.153512034613	0.702434822964	1.35358241279e-09	1.63409174813e-09	2.35662720308e-05
4.3109967138e-14	0.153512034523	0.702434822684	1.45927902288e-09	1.76177327971e-09	2.44696457892e-05
4.82600847629e-14	0.153512034425	0.702434822382	1.57323435496e-09	1.89943138634e-09	2.54076488748e-05
5.40254594431e-14	0.15351203432	0.702434822055	1.69609371346e-09	2.0478455556e-09	2.6381608745e-05
6.04795926537e-14	0.153512034207	0.702434821704	1.82855282436e-09	2.2078562263e-09	2.73929037431e-05
6.77047666981e-14	0.153512034085	0.702434821325	1.97136177495e-09	2.38036956246e-09	2.8442965049e-05
7.5793093707e-14	0.153512033953	0.702434820916	2.12532926146e-09	2.56636233827e-09	2.95332787045e-05
8.48476899555e-14	0.153512033811	0.702434820476	2.29132716846e-09	2.76688793333e-09	3.06653877162e-05
9.49839904689e-14	0.153512033658	0.702434820001	2.47029550619e-09	2.98308177269e-09	3.18408942393e-05
1.06331220679e-13	0.153512033492	0.702434819489	2.66324773366e-09	3.21616821029e-09	3.30614618452e-05
1.19034043887e-13	0.153512033314	0.702434818937	2.8712764976e-09	3.46746707921e-09	3.43288178752e-05
1.3325440555e-13	0.153512033122	0.702434818341	3.09555981988e-09	3.7384014633e-09	3.56447558854e-05
1.49173597879e-13	0.153512032915	0.7024348177	3.33736776846e-09	4.0305055797e-09	3.7011138185e-05
1.669945711e-13	0.153512032692	0.702434817008	3.59806964943e-09	4.34543354965e-09	3.84298984716e-05
1.86944520815e-13	0.153512032452	0.702434816262	3.87914176112e-09	4.68496883536e-09	3.9903044568e-05
2.09277784472e-13	0.153512032192	0.702434815457	4.1821757541e-09	5.05103412098e-09	4.14326612634e-05
2.34279083853e-13	0.153512031913	0.70243481459	4.50888764427e-09	5.44570230386e-09	4.30209132638e-05
2.6226715493e-13	0.153512031611	0.702434813656	4.86112753036e-09	5.87120826284e-09	4.46700482559e-05
2.93598811355e-13	0.153512031286	0.702434812648	5.24089007059e-09	6.32996162587e-09	4.63824000873e-05
3.28673493403e-13	0.153512030936	0.702434811561	5.65032577799e-09	6.82456020368e-09	4.81603920701e-05
3.67938360336e-13	0.153512030558	0.702434810389	6.09175319831e-09	7.35780475573e-09	5.00065404098e-05
4.11893991147e-13	0.15351203015	0.702434809126	6.56767203944e-09	7.9327150885e-09	5.19234577664e-05
4.61100766319e-13	0.153512029711	0.702434807765	7.08077732666e-09	8.5525464867e-09	5.3913856952e-05
5.16186011992e-13	0.153512029238	0.702434806296	7.63397466405e-09	9.22080925327e-09	5.59805547695e-05
5.77851997604e-13	0.153512028727	0.702434804714	8.23039668823e-09	9.94128736107e-09	5.81264759995e-05
6.46884888961e-13	0.153512028177	0.702434803007	8.87342080783e-09	1.07180608794e-08	6.03546575391e-05
7.2416477089e-13	0.153512027583	0.702434801167	9.56668832902e-09	1.15555285115e-08	6.26682526995e-05
8.10676867235e-13	0.153512026944	0.702434799183	1.03141250754e-08	1.24584324637e-08	6.50705356689e-05
9.07524101256e-13	0.153512026254	0.702434797045	1.11199636191e-08	1.34318859785e-08	6.75649061461e-05
1.01594115654e-12	0.15351202551	0.702434794739	1.1988767249e-08	1.44814012016e-08	7.01548941516e-05
1.13731021771e-12	0.153512024709	0.702434792253	1.29254558112e-08	1.56129216005e-08	7.28441650229e-05
1.27317859157e-12	0.153512023844	0.702434789573	1.39353335698e-08	1.68328544934e-08	7.56365246025e-05
1.42527843335e-12	0.153512022912	0.702434786683	1.50241192431e-08	1.81481082421e-08	7.85359246232e-05
1.5955488296e-12	0.153512021907	0.702434783568	1.61979783877e-08	1.95661307769e-08	8.15464683006e-05
1.7861605191e-12	0.153512020824	0.702434780209	1.74635583125e-08	2.10949520065e-08	8.46724161404e-05
1.99954356714e-12	0.153512019656	0.702434776588	1.88280257215e-08	2.27432294487e-08	8.79181919675e-05
2.23841834586e-12	0.153512018397	0.702434772684	2.02991072963e-08	2.45202968579e-08	9.12883891863e-05
2.50583021561e-12	0.153512017039	0.702434768474	2.18851334517e-08	2.64362174046e-08	9.47877772817e-05
2.80518834956e-12	0.153512015576	0.702434763936	2.35950855079e-08	2.85018404081e-08	9.84213085688e-05
3.14030919647e-12	0.153512013998	0.702434759043	2.54386465506e-08	3.07288631757e-08	0.000102194125201
3.51546513563e-12	0.153512012297	0.702434753768	2.74262562634e-08	3.31298968385e-08	0.000106111566447
3.93543894447e-12	0.153512010462	0.702434748081	2.95691700459e-08	3.57185378506e-08	0.000110179176248
4.40558477304e-12	0.153512008485	0.702434741949	3.18795227505e-08	3.85094452596e-08	0.000114402711062
4.93189640277e-12	0.153512006353	0.702434735339	3.43703973988e-08	4.15184233075e-08	0.000118788148011
5.52108365976e-12	0.153512004054	0.702434728211	3.70558992684e-08	4.47625110259e-08	0.00012334169334
6.18065795673e-12	0.153512001576	0.702434720527	3.99512357674e-08	4.82600790466e-08	0.000128069791198
6.9190280542e-12	0.153511998904	0.702434712243	4.30728025507e-08	5.2030933519e-08	0.000132979132761
7.74560726172e-12	0.153511996023	0.702434703311	4.64382763649e-08	5.6096427687e-08	0.000138076665699
8.67093344582e-12	0.153511992918	0.702434693681	5.00667151472e-08	6.04795836805e-08	0.000143369604009
9.70680337465e-12	0.153511989569	0.702434683299	5.39786659469e-08	6.52052224108e-08	0.000148865438222
1.08664231121e-11	0.153511985959	0.702434672105	5.81962812775e-08	7.03001040143e-08	0.000154571946008
1.21645763784e-11	0.153511982067	0.702434660037	6.2743444562e-08	7.57930796188e-08	0.000160497203178
1.36178130241e-11	0.153511977871	0.702434647026	6.76459053786e-08	8.17152548799e-08	0.000166649595115
1.52446600201e-11	0.153511973347	0.702434632999	7.29314252749e-08	8.81001656172e-08	0.000173037828641
1.70658576528e-11	0.153511968469	0.702434617875	7.86299349742e-08	9.49839683281e-08	0.000179670944338
1.91046239366e-11	0.15351196321	0.70243460157	8.47737038666e-08	1.02405644136e-07	0.000186558329344
2.13869506144e-11	0.153511957541	0.70243458399	9.13975227425e-08	1.10407220722e-07	0.000193709730631
2.39419345194e-11	0.153511951428	0.702434565037	9.8538900804e-08	1.19034008914e-07	0.000201135268808
2.68021485222e-11	0.153511944838	0.702434544603	1.06238278071e-07	1.28334860256e-07	0.000208845452437
3.00040567939e-11	0.153511937733	0.702434522573	1.14539254381e-07	1.38362443565e-07	0.000216851192904
3.35884796772e-11	0.153511930072	0.702434498821	1.23488836287e-07	1.49173542692e-07	0.000225163819865
3.76011140933e-11	0.153511921813	0.702434473213	1.33137703242e-07	1.60829378262e-07	0.000233795097275
4.20931161188e-11	0.153511912909	0.702434445604	1.4354049458e-07	1.73395954838e-07	0.000242757240039
4.71217531595e-11	0.153511903309	0.702434415838	1.54756118933e-07	1.86944433846e-07	0.000252062931294
5.27511340348e-11	0.153511892959	0.702434383746	1.66848087804e-07	2.01551537138e-07	0.000261725340362
5.9053026282e-11	0.1535118818	0.702434349147	1.79884875226e-07	2.17299981529e-07	0.000271758141383
6.61077710973e-11	0.153511869769	0.702434311844	1.93940305504e-07	2.34278946756e-07	0.000282175532669
7.40053075807e-11	0.153511856799	0.702434271627	2.09093971264e-07	2.52584580512e-07	0.000292992256794
8.28463193394e-11	0.153511842815	0.702434228267	2.25431684165e-07	2.72320543342e-07	0.000304223621457
9.27435180691e-11	0.153511827738	0.702434181519	2.43045960822e-07	2.93598595389e-07	0.000315885521147
1.03823080477e-10	0.153511811483	0.702434131119	2.62036546704e-07	3.16539228884e-07	0.000327994459633
1.16226256862e-10	0.153511793958	0.70243407678	2.82510980962e-07	3.41272351374e-07	0.000340567573318
1.30111171867e-10	0.153511775063	0.702434018196	3.04585205386e-07	3.6793802012e-07	0.000353622655493
1.45654840345e-10	0.153511754693	0.702433955034	3.28384220953e-07	3.96687236461e-07	0.000367178181512
1.63055424054e-10	0.15351173273	0.702433886937	3.54042795663e-07	4.27682800005e-07	0.000381253334941
1.82534757947e-10	0.153511709052	0.702433813519	3.81706227686e-07	4.61100230658e-07	0.0003958680347
2.04341178243e-10	0.153511683523	0.702433734364	4.11531168138e-07	4.97128762932e-07	0.000411042963253
2.28752688369e-10	0.153511656	0.702433649025	4.43686508139e-07	5.35972416952e-07	0.000426799595874
2.56080503091e-10	0.153511626327	0.702433557017	4.78354335186e-07	5.77851154303e-07	0.000443160231037
2.86673016054e-10	0.153511594334	0.702433457821	5.15730964242e-07	6.23002123115e-07	0.000460148021968
3.2092024128e-10	0.153511559842	0.702433350873	5.56028049397e-07	6.71681001191e-07	0.00047778700941
3.5925878526e-10	0.153511522655	0.70243323557	5.99473782379e-07	7.241634436e-07	0.00049610215564
4.02177413017e-10	0.153511482562	0.702433111256	6.46314184709e-07	7.80746643949e-07	0.000515119379792
4.50223279109e-10	0.153511439337	0.70243297723	6.96814500819e-07	8.41751016888e-07	0.000534865594532
5.04008902979e-10	0.153511392734	0.702432832732	7.51260700012e-07	9.07522012505e-07	0.000555368744141
5.64219977598e-10	0.153511342489	0.702432676942	8.09961095774e-07	9.78432072822e-07	0.000576657844053
6.31624110932e-10	0.153511288319	0.702432508981	8.73248091606e-07	1.05488274016e-06	0.000598763021913
7.07080611657e-10	0.153511229917	0.702432327895	9.4148006326e-07	1.13730693113e-06	0.000621715560207
7.91551443892e-10	0.153511166951	0.70243213266	1.01504338803e-06	1.22617138839e-06	0.00064554794052
8.86113490559e-10	0.153511099065	0.702431922171	1.09435463261e-06	1.32197932254e-06	0.000670293889499
9.91972281733e-10	0.153511025874	0.702431695235	1.17986291185e-06	1.42527326271e-06	0.00069598842657
1.11047736294e-09	0.153510946966	0.702431450567	1.27205243183e-06	1.53663812748e-06	0.000722667913485
1.24313949937e-09	0.153510861891	0.702431186781	1.37144523164e-06	1.65670453735e-06	0.000750370105769
1.39164993518e-09	0.153510770169	0.702430902385	1.47860413931e-06	1.78615238543e-06	0.000779134206139
1.55790195356e-09	0.153510671281	0.702430595768	1.59413595873e-06	1.92571468736e-06	0.00080900091996
1.74401501224e-09	0.153510564666	0.702430265193	1.71869490553e-06	2.07618173122e-06	0.000840012512841
1.95236176212e-09	0.15351044972	0.702429908788	1.85298631139e-06	2.23840555266e-06	0.00087221287042
2.18559829342e-09	0.153510325794	0.702429524536	1.99777061778e-06	2.41330475932e-06	0.000905647560457
2.44669799491e-09	0.153510192184	0.70242911026	2.15386768164e-06	2.60186973151e-06	0.000940363897285
2.73898945773e-09	0.153510048135	0.702428663615	2.32216141754e-06	2.80516822987e-06	0.000976411008748
3.06619890688e-09	0.15350989283	0.702428182072	2.50360480236e-06	3.02435144147e-06	0.00101383990569
3.43249770134e-09	0.153509725391	0.702427662903	2.69922527107e-06	3.26066049662e-06	0.00105270355411
3.84255550803e-09	0.15350954487	0.702427103169	2.91013053396e-06	3.51543349689e-06	0.00109305695008
4.30159982748e-09	0.153509350243	0.702426499701	3.1375148483e-06	3.79011309011e-06	0.00113495719753
4.8154826297e-09	0.15350914041	0.702425849082	3.38266577995e-06	4.08625463867e-06	0.00117846358899
5.3907549496e-09	0.153508914182	0.702425147627	3.64697149318e-06	4.40553502491e-06	0.00122363768949
6.0347503925e-09	0.153508670277	0.702424391364	3.93192860984e-06	4.74976214446e-06	0.00127054342357
6.75567861399e-09	0.153508407316	0.702423576012	4.23915068256e-06	5.12088514162e-06	0.00131924716572
7.56272996529e-09	0.153508123809	0.702422696954	4.5703773297e-06	5.5210054436e-06	0.00136981783418
8.46619263763e-09	0.15350781815	0.702421749212	4.92748408383e-06	5.95238865645e-06	0.00142232698844
9.47758379836e-09	0.15350748861	0.70242072742	5.3124930095e-06	6.41747739103e-06	0.00147684893037
1.06097963896e-08	0.153507133322	0.702419625792	5.72758415023e-06	6.91890508954e-06	0.00153346080928
1.18772634599e-08	0.153506750275	0.702418438092	6.1751078696e-06	7.45951093253e-06	0.00159224273096
1.32961421228e-08	0.1535063373	0.702417157594	6.65759815613e-06	8.04235590966e-06	0.00165327787091
1.48845194855e-08	0.153505892058	0.702415777048	7.17778696721e-06	8.67074014612e-06	0.00171665259191
1.6662643171e-08	0.15350541203	0.702414288637	7.73861969322e-06	9.34822158091e-06	0.00178245656603
1.86531793716e-08	0.153504894497	0.702412683935	8.34327182927e-06	1.00786361043e-05	0.00185078290136
2.08815017184e-08	0.153504336529	0.702410953857	8.99516694868e-06	1.08661192675e-05	0.00192172827353
2.33760146479e-08	0.153503734968	0.702409088606	9.69799607998e-06	1.17151296871e-05	0.00199539306233
2.61685153845e-08	0.153503086407	0.702407077623	1.04557385967e-05	1.26304742765e-05	0.00207188149342
2.92945991463e-08	0.153502387176	0.702404909523	1.12726847384e-05	1.36173354474e-05	0.00215130178555
3.27941127374e-08	0.153501633315	0.70240257203	1.21534598894e-05	1.46813004343e-05	0.00223376630339
3.67116622989e-08	0.153500820558	0.702400051913	1.3103050753e-05	1.58283929073e-05	0.00231939171612
4.10971816861e-08	0.153499944303	0.702397334905	1.41268335695e-05	1.70651070533e-05	0.00240829916211
4.60065687051e-08	0.153498999591	0.702394405623	1.52306045351e-05	1.83984443158e-05	0.00250061441987
5.15023973086e-08	0.153497981073	0.702391247487	1.64206125966e-05	1.98359530015e-05	0.00259646808553
5.76547148152e-08	0.153496882986	0.702387842618	1.77035948041e-05	2.13857709772e-05	0.00269599575699
6.45419342959e-08	0.153495699112	0.702384171743	1.90868144228e-05	2.30566716978e-05	0.0027993382252
7.22518334844e-08	0.153494422753	0.702380214084	2.05781020183e-05	2.48581138244e-05	0.00290664167257
8.08826729173e-08	0.153493046685	0.702375947239	2.21858997472e-05	2.68002947117e-05	0.00301805787907
9.05444475274e-08	0.153491563118	0.702371347059	2.39193091019e-05	2.88942080671e-05	0.00313374443599
1.01360287607e-07	0.15348996366	0.702366387506	2.57881423803e-05	3.11517061049e-05	0.00325386496792
1.13468026953e-07	0.153488239257	0.702361040512	2.7802978168e-05	3.35855665451e-05	0.00337858936313
1.27021958134e-07	0.153486380152	0.702355275817	2.99752211473e-05	3.62095648358e-05	0.00350809401259
1.42194797176e-07	0.153484375828	0.702349060799	3.23171665683e-05	3.90385520016e-05	0.00364256205816
1.59179882645e-07	0.153482214942	0.702342360287	3.48420697451e-05	4.20885385581e-05	0.00378218365002
1.78193637054e-07	0.153479885271	0.702335136369	3.75642209681e-05	4.53767849619e-05	0.00392715621392
1.9947832185e-07	0.153477373636	0.702327348169	4.04990262521e-05	4.89218991052e-05	0.00407768472844
2.23305120962e-07	0.153474665829	0.702318951625	4.36630943745e-05	5.27439413985e-05	0.00423398201271
2.49977592046e-07	0.153471746535	0.702309899236	4.70743306921e-05	5.68645380339e-05	0.00439626902494
2.79835529211e-07	0.153468599244	0.702300139792	5.07520382612e-05	6.13070030582e-05	0.00456477517216
3.13259286208e-07	0.153465206159	0.702289618089	5.47170268283e-05	6.60964699429e-05	0.00473973863155
3.50674614894e-07	0.153461548093	0.702278274619	5.89917303016e-05	7.12600333821e-05	0.00492140668377
3.92558080284e-07	0.153457604365	0.702266045229	6.36003333595e-05	7.6826902112e-05	0.00511003605879
4.39443120758e-07	0.153453352681	0.702252860763	6.85689079035e-05	8.28285636013e-05	0.0053058932945
4.91926830158e-07	0.153448769011	0.702238646675	7.3925560117e-05	8.92989615309e-05	0.00550925510875
5.50677547562e-07	0.15344382745	0.702223322605	7.970058895e-05	9.62746870479e-05	0.00572040878511
6.16443350716e-07	0.153438500076	0.702206801928	8.59266569108e-05	0.000103795184856	0.00593965257285
6.9006156043e-07	0.153432756793	0.702188991269	9.26389741157e-05	0.000111902975285	0.0061672961018
7.7246937597e-07	0.153426565158	0.702169789977	9.98754966163e-05	0.00012064389356	0.00640366081228
8.64715775618e-07	0.153419890207	0.70214908956	0.000107677140106	0.000130067347609	0.00664908040087
9.67974832457e-07	0.153412694252	0.702126773073	0.000116088010184	0.000140226595807	0.0069039012824
1.08356061308e-06	0.153404936672	0.702102714468	0.000125155650456	0.000151179046196	0.00716848306872
1.21294384677e-06	0.153396573688	0.702076777883	0.000134931309829	0.000162986578824	0.0074431990648
1.35777057458e-06	0.153387558118	0.702048816883	0.000145470230476	0.000175715892958	0.00772843678262
1.51988301273e-06	0.153377839109	0.702018673639	0.000156831958053	0.000189438881069	0.00802459847352
1.70134289171e-06	0.153367361862	0.701986178048	0.000169080675862	0.000204233031622	0.00833210167947
1.90445756371e-06	0.153356067319	0.701951146783	0.000182285564776	0.000220181862859	0.00865137980381
2.1318092048e-06	0.153343891841	0.701913382267	0.000196521190911	0.000237375389905	0.00898288270209
2.38628747665e-06	0.153330766849	0.701872671577	0.000211867923109	0.000255910627731	0.00932707729345
2.6711260551e-06	0.153316618451	0.701828785256	0.000228412382529	0.000275892132648	0.00968444819319
2.98994348034e-06	0.153301367025	0.701781476039	0.000246247926735	0.000297432585234	0.010055498367
3.34678883612e-06	0.153284926787	0.701730477481	0.000265475170899	0.00032065341779	0.0104407498076
3.74619282455e-06	0.153267205313	0.701675502482	0.000286202548888	0.000345685489627	0.0108407442335
4.19322486833e-06	0.153248103034	0.701616241697	0.000308546917228	0.000372669813739	0.0112560438118
4.69355694518e-06	0.153227512687	0.701552361832	0.000332634205136	0.000401758338657	0.0116872319042
5.25353494036e-06	0.153205318733	0.701483503805	0.000358600114026	0.000433114789528	0.0121349138372
5.88025839328e-06	0.15318139672	0.701409280776	0.000386590870167	0.000466915572752	0.0125997176966
6.58166961419e-06	0.153155612612	0.701329276021	0.000416764034384	0.000503350748792	0.0130822951474
7.36665325827e-06	0.153127822056	0.701243040657	0.000449289372973	0.00054262507809	0.0135833222785
8.24514756747e-06	0.153097869608	0.701150091195	0.000484349794306	0.000584959145312	0.0141035004726
9.22826862741e-06	0.153065587892	0.701049906906	0.000522142355848	0.00063059056752	0.0146435573023
1.03284491379e-05	0.153030796705	0.700941927002	0.000562879346672	0.000679775292186	0.0152042474508
1.15595933631e-05	0.152993302053	0.700825547606	0.000606789450833	0.000732788991339	0.0157863536594
1.29372501129e-05	0.152952895118	0.700700118506	0.000654118997345	0.000789928558508	0.0163906876991
1.4478805811e-05	0.152909351161	0.700564939665	0.000705133302823	0.000851513715515	0.0170180913685
1.62036999321e-05	0.152862428335	0.700419257491	0.000760118113235	0.000917888736552	0.0176694375152
1.81336653374e-05	0.15281186642	0.700262260836	0.000819381151587	0.000989424297396	0.0183456310823
2.0292996313e-05	0.152757385478	0.700093076706	0.000883253778736	0.00106651945801	0.0190476101773
2.2708847414e-05	0.152698684404	0.699910765685	0.000952092774928	0.00114960378716	0.0197763471632
2.54115665493e-05	0.15263543939	0.699714317022	0.00102628225006	0.00123913963815	0.0205328497706
2.84350660991e-05	0.15256730228	0.699502643396	0.00110623569104	0.00133562458504	0.021318162229
3.1817236253e-05	0.152493898823	0.699274575317	0.0011923981551	0.00143959402917	0.0221333664146
3.56004051844e-05	0.152414826805	0.699028855149	0.00128524861806	0.00155162398619	0.0229795830137
3.98318511428e-05	0.152329654075	0.69876413074	0.00138530248735	0.00167233406385	0.0238579726977
4.45643720492e-05	0.15223791644	0.698478948639	0.00149311428936	0.00180239064148	0.0247697373069
4.98569187251e-05	0.152139115433	0.698171746872	0.00160928054162	0.00194251026171	0.0257161210394
5.57752984712e-05	0.152032715957	0.697840847265	0.00173444282	0.0020934632457	0.0266984116408
6.23929563381e-05	0.151918143784	0.697484447293	0.00186929103176	0.00225607754247	0.0277179415893
6.97918420986e-05	0.151794782925	0.697100611443	0.00201456690518	0.0024312428234	0.028776089271
7.80633716405e-05	0.151661972856	0.696687262057	0.00217106770662	0.00261991483216	0.0298742801379
8.73094922402e-05	0.151519005603	0.696242169674	0.00233965019574	0.00282312000023	0.0310139878429
9.76438619546e-05	0.151365122687	0.695762942817	0.00252123482941	0.00304196033711	0.0321967353413
0.000109193154171	0.151199511933	0.695247017261	0.00271681022449	0.00327761860363	0.0334240959505
0.000122098499172	0.151021304142	0.694691644745	0.00292743788899	0.00353136377513	0.0346976943571
0.000136517081381	0.15082956957	0.69409554209	0.00315425723035	0.00380455696721	0.0360192075591
0.000152623942785	0.150623313893	0.693458526117	0.00339849031514	0.00409865913671	0.0373903625144
0.000170613749955	0.150401476298	0.692773065318	0.00366144692657	0.00441523323384	0.0388129344569
0.000190703081214	0.150162923649	0.692035585019	0.00394453281966	0.00475595399391	0.0402887610734
0.000213132707047	0.149906447447	0.691242264315	0.00424925453405	0.00512261418783	0.0418197350224
0.000238170147002	0.149630759946	0.690389021917	0.0045772258594	0.00551713184976	0.0434078043005
0.000266112467373	0.149334490267	0.689471501653	0.00493017459202	0.00594155776687	0.045054972435
0.000297289336271	0.149016180537	0.688485057702	0.00530994957419	0.00639808320769	0.0467632984782
0.000332066352505	0.14867428211	0.687424739659	0.00571852800304	0.0068890478578	0.0485348967756
0.000370848664137	0.148307151919	0.68628527755	0.00615802298975	0.00741694792251	0.0503719364772
0.000414084891527	0.147913049036	0.685061066952	0.00663069134375	0.0079844443459	0.0522766407616
0.000462271368111	0.147490131503	0.683746154385	0.00713894154797	0.00859437108334	0.0542512857344
0.0005159567098	0.147036453532	0.68233422319	0.00768534188312	0.00924974335095	0.0562981989665
0.000575746720795	0.146549963183	0.680818580145	0.00827262864796	0.00995376575981	0.0584197576277
0.000642309702581	0.146028500228	0.679195864026	0.00890371441141	0.0107098412894	0.0606183861756
0.000716382750657	0.145469790971	0.677468788679	0.00958169288053	0.0115215925098	0.0628965413536
0.000798775384124	0.144871462946	0.675616772293	0.0103098400841	0.012392835062	0.0652566877434
0.000890377994666	0.144231028856	0.673631575694	0.0110916438804	0.01332760844	0.0677013678202
0.000992167653648	0.143545895149	0.671504540456	0.0119307995958	0.0143301762844	0.0702331559155
0.00110521487491	0.142813365529	0.669226587224	0.0128312169007	0.0154050307923	0.072854652863
0.00123069057306	0.142030646121	0.666788217735	0.0137970259889	0.0165568957483	0.0755684798814
0.00136987350192	0.14119485078	0.664189287828	0.0148325828686	0.0177907325572	0.0783772716385
0.00152415936391	0.140303002106	0.661429100806	0.0159424586151	0.0191117741877	0.0812836267927
0.00169506057696	0.139352077233	0.658479444827	0.0171314405069	0.0205254288374	0.0842901002659
0.00188422043635	0.138338981324	0.655329340034	0.0184045759163	0.0220373449566	0.0873993063356
0.00209341722692	0.137260580539	0.651967475462	0.0197671447177	0.0236533863514	0.0906138341973
0.00232457369792	0.136113707557	0.64840971183	0.0212246566436	0.0253796593545	0.0939362360525
0.00257975633421	0.134895215762	0.64463049429	0.0227827847116	0.0272224659035	0.0973688752025
0.00286117759769	0.133602000335	0.640606425691	0.0244474435393	0.0291882126707	0.100914118087
0.00317120667378	0.132231000428	0.636332640334	0.0262247741638	0.0312834728347	0.104574306308
0.00351237885449	0.130779211735	0.631833514267	0.028121085087	0.0335150569008	0.108351641702
0.00388735996848	0.129243856447	0.627055953825	0.0301427429976	0.0358896823653	0.112247998232
0.00429897800217	0.127622275381	0.622002967658	0.0322963671538	0.0384141454993	0.116265346875
0.0047502228061	0.125911982866	0.616695282239	0.0345886375261	0.0410954053973	0.120405405401
0.00524418337377	0.124110890819	0.611077297518	0.0370261889884	0.043940079108	0.124669502604
0.00578410808094	0.122217103588	0.60519457276	0.0396158395457	0.0469548669372	0.129059046115
0.00637332694967	0.120229202057	0.598999147143	0.0423641585416	0.0501461742935	0.133574820368
0.00701526421701	0.118146156092	0.592518026026	0.0452777904362	0.0535200842364	0.138217619583
0.00771341359856	0.11596741915	0.585724554712	0.0483630659862	0.0570824751685	0.142987673783
0.00847128451378	0.113693018121	0.578646525233	0.0516261927725	0.0608385681326	0.147885045768
0.00929238187083	0.111323595456	0.57124315982	0.0550728934789	0.0647931374214	0.152909163054
0.0101801993726	0.108860342376	0.563581527603	0.0587087148209	0.0689503903822	0.158059376827
0.0111380449702	0.106305409977	0.555606507381	0.0625383013341	0.0733133268028	0.163334015259
0.0121692025351	0.103661381599	0.547348989842	0.0665660506785	0.0778846801982	0.168731427372
0.0132766891786	0.100931790606	0.53884184462	0.0707955014225	0.0826657654573	0.1742492271
0.0144632217589	0.0981210701419	0.530062847248	0.0752291693473	0.0876566255848	0.179884218851
0.0157313133746	0.0952342029218	0.521030783176	0.0798688780685	0.0928566844019	0.185632933384
0.0170830467699	0.092277084753	0.511787500559	0.0847153817685	0.0982637008326	0.191491241261
0.0185200103346	0.0892565103724	0.502351189732	0.0897680373853	0.103873855371	0.197454077397
0.020043273217	0.0861800384221	0.492728858026	0.0950249040838	0.109681794705	0.203515681303
0.0216533699146	0.083055856365	0.482947881345	0.100482785754	0.115680740053	0.209669737654
0.0233502497603	0.0798927281256	0.473037045285	0.106136976966	0.121862568262	0.215909157198
0.0251331370417	0.0767000587813	0.463026771351	0.111981185235	0.128217246911	0.222226068794
0.027000519236	0.0734877441908	0.452948662329	0.118007450957	0.134733043505	0.228611803499
0.0289501153253	0.070266055694	0.442835171903	0.124206096177	0.141396572428	0.235056892089
0.0309788487006	0.0670455232342	0.432719287743	0.130565695811	0.148192832763	0.24155107063
0.0330828315306	0.0638368107193	0.422634203772	0.137073072399	0.155105272765	0.248083293847
0.0352573617071	0.0606505865355	0.412612991717	0.143713316654	0.162115881751	0.254641757047
0.0374969331948	0.0574973923874	0.402688275146	0.150469835665	0.169205309414	0.261213927331
0.039795260352	0.0543875136939	0.392891913404	0.157324430209	0.176353012095	0.267786584921
0.0421453164229	0.0513308548008	0.383254672602	0.164257402122	0.183537424496	0.274345875483
0.0445393860281	0.0483368221388	0.373805873889	0.17124769258	0.190736154007	0.280877374803
0.0469691758244	0.0454141692504	0.364573256688	0.178273055325	0.197926424658	0.28736616751
0.0494258433297	0.0425709613763	0.355582789963	0.185310252028	0.205085046128	0.293796933705
0.0519000573393	0.0398145279497	0.34685833309	0.192335271251	0.212188508014	0.30015405206
0.0543821306634	0.0371513662237	0.338421433613	0.199323580363	0.219213394859	0.306421724211
0.0568621311193	0.0345870952242	0.330291097226	0.206250401744	0.226136642176	0.312584113615
0.0593300005646	0.0321264262921	0.322483529213	0.213091010403	0.232935791258	0.318625501826
0.0617756801441	0.0297731498632	0.315011833402	0.219821049585	0.239589236791	0.324530462389
0.0641892396177	0.0275301377558	0.307885632892	0.226416860173	0.246076460719	0.330284051932
0.066561008333	0.02539935991	0.301110564712	0.232855819213	0.252378245127	0.335872017368
0.0688817107512	0.0233819096485	0.29468754321	0.239116682785	0.258476884095	0.341281017494
0.0711429101757	0.0214777925437	0.28861060894	0.245179944063	0.264357887543	0.346498856302
0.0733365970977	0.0196864085039	0.282867848392	0.25102812933	0.270007506662	0.351514690244
0.0754555930217	0.0180063772497	0.277494599923	0.256646115673	0.275414237388	0.356319282683
0.0774933160915	0.0164358585762	0.272523497194	0.262020386627	0.280568154705	0.360904347335
0.0794436877072	0.0149727114686	0.267852148935	0.267139307591	0.285460081665	0.365262786521
0.0813030880807	0.0136131899374	0.263428585604	0.271995740178	0.290088567351	0.369390912948
0.0830684381221	0.012353471032	0.259470832516	0.276585686131	0.29445155864	0.373287315359
0.0847360553707	0.0111905043618	0.255739069988	0.280903881179	0.298544806231	0.376949152714
0.0863059177017	0.0101191088296	0.252285609102	0.284951683432	0.302375163626	0.380378883304
0.0877770391803	0.00913519904405	0.24917502271	0.288731456972	0.305943265041	0.383579535799
0.0891504837143	0.00823380182314	0.246248973804	0.292246852353	0.309257775865	0.38655498372
0.0904273220133	0.00741037840657	0.243634859076	0.295505402026	0.312323075027	0.389312195659
0.0916106386291	0.00665958608769	0.24126009851	0.298514609081	0.315152543406	0.391857942687
0.0927024458038	0.0059771696187	0.238913723127	0.301284038573	0.317751799581	0.394200606883
0.0937076141668	0.00535753174935	0.237116467698	0.30382670906	0.320136183034	0.396351408327
0.0946289140157	0.00479675158932	0.235314537101	0.306150645368	0.32231514486	0.398317241816
0.0954707939855	0.00429021180614	0.233509569881	0.308270331027	0.324299405997	0.400110425437
0.0962386464659	0.00383307204596	0.232210837684	0.310200035275	0.32610382868	0.401743066887
0.0969367228437	0.00342145599192	0.231014124004	0.311949734274	0.327741512065	0.403223596993
0.0975695407002	0.00305155785866	0.229815073598	0.313532788015	0.329223138447	0.404563294786
0.0981418985535	0.00271962675986	0.228614514283	0.314962844171	0.330560054898	0.405773684088
0.098658517791	0.00242214643333	0.227472521246	0.316252844192	0.331763586631	0.406865692014
0.0991245640746	0.00215550981865	0.22693180766	0.317414680258	0.332847922831	0.407849354081
0.099543612814	0.00191714689839	0.226389781489	0.318456922273	0.333822701683	0.408731885235
0.099919793468	0.00170427583592	0.225846705903	0.319390837787	0.334697359463	0.409522790512
0.10025699626	0.00151434570698	0.225302822704	0.320226837893	0.335480854458	0.410230857671
0.100558859321	0.00134502581382	0.224758353062	0.320974501457	0.336181616342	0.410864175913
0.100828763309	0.00119419368816	0.224213498451	0.321642607832	0.336807516981	0.411430162234
0.101069832028	0.0010599222565	0.223668441729	0.32223917577	0.337365858655	0.411935593357
