0.0	1.5977603282	5.09430171697	0.0	0.0	0.0
2.13389611303e-17	1.59776032802	5.09430171643	2.69323684481e-11	2.13390416444e-11	1e-06
2.38882129098e-17	1.59776032801	5.0943017164	2.85504505463e-11	2.30063745827e-11	1.03833333333e-06
2.67420101915e-17	1.59776032799	5.09430171636	3.02949632872e-11	2.48039366817e-11	1.07813611111e-06
2.9936735401e-17	1.59776032798	5.09430171632	3.21757854694e-11	2.67420530157e-11	1.11946466203e-06
3.35131173779e-17	1.59776032797	5.09430171628	3.42035677825e-11	2.88316037703e-11	1.16237747407e-06
3.75167506189e-17	1.59776032795	5.09430171624	3.63897931198e-11	3.10843573094e-11	1.20693527724e-06
4.19986765519e-17	1.59776032794	5.09430171619	3.8746841603e-11	3.35131922202e-11	1.25320112954e-06
4.70160342517e-17	1.59776032792	5.09430171614	4.12880606883e-11	3.61317642459e-11	1.30124050617e-06
5.26327888933e-17	1.5977603279	5.09430171609	4.40278407504e-11	3.8954950375e-11	1.35112139223e-06
5.89205472298e-17	1.59776032788	5.09430171603	4.69816965718e-11	4.19987378191e-11	1.40291437893e-06
6.59594704908e-17	1.59776032786	5.09430171596	5.01663551999e-11	4.5280335035e-11	1.45669276346e-06
7.38392963401e-17	1.59776032784	5.09430171589	5.35998506683e-11	4.88183937695e-11	1.51253265272e-06
8.26604829212e-17	1.59776032781	5.09430171582	5.73016261201e-11	5.26327870148e-11	1.57051307107e-06
9.25354895757e-17	1.59776032779	5.09430171574	6.12926439099e-11	5.67453861645e-11	1.63071607212e-06
1.03590210562e-16	1.59776032776	5.09430171565	6.5595504309e-11	6.11791728351e-11	1.69322685488e-06
1.15965580055e-16	1.59776032773	5.09430171556	7.02345734864e-11	6.59594601117e-11	1.75813388432e-06
1.29819368882e-16	1.59776032769	5.09430171546	7.52361214883e-11	7.11133374359e-11	1.82552901654e-06
1.45328195908e-16	1.59776032766	5.09430171535	8.06284710006e-11	7.66697816287e-11	1.89550762884e-06
1.62689779713e-16	1.59776032762	5.09430171523	8.64421577334e-11	8.26605450686e-11	1.9681687546e-06
1.82125459259e-16	1.59776032758	5.09430171511	9.27101033386e-11	8.91192675133e-11	2.04361522352e-06
2.03883015692e-16	1.59776032753	5.09430171497	9.94678018379e-11	9.60826973447e-11	2.12195380708e-06
2.28239831249e-16	1.59776032748	5.09430171483	1.06753520618e-10	1.0359024748e-10	2.20329536968e-06
2.55506425545e-16	1.59776032743	5.09430171467	1.1460851713e-10	1.1168432844e-10	2.2877550255e-06
2.86030414311e-16	1.59776032737	5.0943017145	1.23077272521e-10	1.20410903456e-10	2.37545230147e-06
3.20200941077e-16	1.59776032731	5.09430171432	1.32207743525e-10	1.29819377453e-10	2.46651130635e-06
3.58453638272e-16	1.59776032725	5.09430171412	1.42051634025e-10	1.39962930115e-10	2.56106090641e-06
4.01276181007e-16	1.59776032717	5.0943017139	1.52664687847e-10	1.50899182016e-10	2.6592349078e-06
4.49214504333e-16	1.5977603271	5.09430171367	1.64107004421e-10	1.62689861556e-10	2.76117224592e-06
5.0287976325e-16	1.59776032702	5.09430171343	1.76443379114e-10	1.75401804161e-10	2.86701718199e-06
5.62956124182e-16	1.59776032693	5.09430171316	1.8974367015e-10	1.89106952284e-10	2.97691950728e-06
6.30209487262e-16	1.59776032683	5.09430171287	2.04083194203e-10	2.03883021535e-10	3.09103475503e-06
7.05497250625e-16	1.59776032673	5.09430171256	2.195431529e-10	2.19813722731e-10	3.20952442061e-06
7.89779241186e-16	1.59776032662	5.09430171223	2.36211092647e-10	2.36989094959e-10	3.33255619004e-06
8.84129951253e-16	1.5977603265	5.09430171187	2.54181400385e-10	2.55506504777e-10	3.46030417729e-06
9.89752236998e-16	1.59776032637	5.09430171148	2.73555838084e-10	2.7547075724e-10	3.59294917071e-06
1.1079926534e-15	1.59776032623	5.09430171106	2.94444118998e-10	2.96994984073e-10	3.73067888887e-06
1.24035862116e-15	1.59776032608	5.09430171061	3.16964528948e-10	3.20200976742e-10	3.87368824623e-06
1.3885376445e-15	1.59776032591	5.09430171012	3.41244596151e-10	3.45220185652e-10	4.02217962895e-06
1.55441882476e-15	1.59776032574	5.09430170959	3.6742181338e-10	3.72194386284e-10	4.17636318133e-06
1.74011694413e-15	1.59776032555	5.09430170903	3.95644416561e-10	4.01276234302e-10	4.33645710321e-06
1.94799942652e-15	1.59776032535	5.09430170841	4.26072224196e-10	4.32630375781e-10	4.50268795875e-06
2.18071651936e-15	1.59776032513	5.09430170776	4.58877542386e-10	4.66434446405e-10	4.67529099708e-06
2.441235081e-15	1.59776032489	5.09430170705	4.94246140559e-10	5.02879737599e-10	4.85451048521e-06
2.73287640447e-15	1.59776032463	5.09430170628	5.32378303444e-10	5.42172861867e-10	5.04060005369e-06
3.05935856001e-15	1.59776032436	5.09430170546	5.73489965239e-10	5.84536085859e-10	5.23382305563e-06
3.42484379581e-15	1.59776032406	5.09430170457	6.17813932402e-10	6.30209550814e-10	5.43445293929e-06
3.83399160166e-15	1.59776032374	5.09430170361	6.6560120198e-10	6.79451605628e-10	5.64277363514e-06
4.2920181117e-15	1.5977603234	5.09430170257	7.17122382955e-10	7.32541360367e-10	5.85907995765e-06
4.80476260378e-15	1.59776032303	5.09430170146	7.7266922864e-10	7.89779241382e-10	6.0836780225e-06
5.37876194309e-15	1.59776032262	5.09430170025	8.3255628882e-10	8.51489544814e-10	6.31688567981e-06
6.02133391921e-15	1.59776032219	5.09430169896	8.97122690974e-10	9.18021657848e-10	6.55903296396e-06
6.74067053896e-15	1.59776032173	5.09430169756	9.66734060685e-10	9.89752279154e-10	6.81046256064e-06
7.54594246449e-15	1.59776032122	5.09430169605	1.04178459209e-09	1.06708763933e-09	7.07153029182e-06
8.44741592797e-15	1.59776032068	5.09430169443	1.12269928014e-09	1.15046572136e-09	7.34260561934e-06
9.45658361351e-15	1.5977603201	5.09430169268	1.20993632722e-09	1.24035859207e-09	7.6240721677e-06
1.05863111749e-14	1.59776031947	5.09430169079	1.30398973788e-09	1.33727539974e-09	7.91632826703e-06
1.18510012567e-14	1.59776031879	5.09430168875	1.40539211624e-09	1.44176492759e-09	8.21978751679e-06
1.32667771107e-14	1.59776031806	5.09430168656	1.51471768207e-09	1.55441881347e-09	8.53487937106e-06
1.48516881474e-14	1.59776031727	5.09430168419	1.63258552241e-09	1.67587510255e-09	8.86204974635e-06
1.66259400439e-14	1.59776031642	5.09430168164	1.75966309736e-09	1.80682146695e-09	9.20176165262e-06
1.86121523419e-14	1.5977603155	5.09430167889	1.89667001977e-09	1.94799942464e-09	9.55449584855e-06
2.08356468186e-14	1.59776031452	5.09430167592	2.04438213021e-09	2.10020855821e-09	9.92075152191e-06
2.33247703089e-14	1.59776031345	5.09430167272	2.20363589045e-09	2.26431062276e-09	1.0301046996e-05
2.61112560927e-14	1.5977603123	5.09430166928	2.37533312009e-09	2.441235097e-09	1.06959204631e-05
2.9230628455e-14	1.59776031106	5.09430166556	2.56044610342e-09	2.63198373514e-09	1.11059307463e-05
3.27226555778e-14	1.59776030973	5.09430166155	2.76002309526e-09	2.83763667313e-09	1.15316580903e-05
3.66318565352e-14	1.59776030829	5.09430165723	2.97519425695e-09	3.05935853492e-09	1.19737049823e-05
4.1008068857e-14	1.59776030673	5.09430165257	3.20717805626e-09	3.2984049827e-09	1.24326970049e-05
4.59070838969e-14	1.59776030506	5.09430164755	3.45728816728e-09	3.55612948933e-09	1.29092837216e-05
5.13913581031e-14	1.59776030326	5.09430164214	3.72694090948e-09	3.83399155397e-09	1.34041395955e-05
5.75308092621e-14	1.59776030131	5.0943016363	4.01766326802e-09	4.13356480667e-09	1.39179649444e-05
6.44037078648e-14	1.59776029921	5.09430163001	4.33110154074e-09	4.45654544613e-09	1.44514869313e-05
7.20976749592e-14	1.59776029695	5.09430162322	4.66903066078e-09	4.80476256471e-09	1.50054605941e-05
8.07107992117e-14	1.59776029451	5.09430161591	5.03336424764e-09	5.18018802945e-09	1.55806699136e-05
9.03528874171e-14	1.59776029188	5.09430160802	5.42616544361e-09	5.58494780634e-09	1.61779289233e-05
1.01146864401e-13	1.59776028905	5.09430159952	5.84965859688e-09	6.02133383969e-09	1.67980828613e-05
1.13230340162e-13	1.59776028599	5.09430159035	6.30624185752e-09	6.49181748584e-09	1.74420093664e-05
1.26757364227e-13	1.5977602827	5.09430158047	6.79850075773e-09	6.99906283583e-09	1.81106197203e-05
1.41900389597e-13	1.59776027915	5.09430156981	7.32922285311e-09	7.54594236953e-09	1.88048601372e-05
1.58852471311e-13	1.59776027532	5.09430155832	7.90141350801e-09	8.13555294286e-09	1.95257131027e-05
1.77829727662e-13	1.59776027119	5.09430154594	8.51831291422e-09	8.77123332932e-09	2.02741987644e-05
1.99074095436e-13	1.59776026674	5.09430153258	9.18341443949e-09	9.45658342683e-09	2.10513763757e-05
2.22856414314e-13	1.59776026194	5.09430151818	9.90048440972e-09	1.01954840197e-08	2.18583457944e-05
2.49479879744e-13	1.59776025677	5.09430150266	1.06735834368e-08	1.09921195381e-08	2.26962490398e-05
2.79283908311e-13	1.59776025119	5.09430148592	1.1507089413e-08	1.185100104e-08	2.35662719084e-05
3.12648464882e-13	1.59776024518	5.09430146788	1.24057223021e-08	1.27769920788e-08	2.44696456522e-05
3.49998906689e-13	1.59776023869	5.09430144843	1.33745708673e-08	1.37753364594e-08	2.54076487214e-05
3.91811406117e-13	1.5977602317	5.09430142746	1.4419121488e-08	1.48516876589e-08	2.63816085733e-05
4.38619021311e-13	1.59776022417	5.09430140484	1.55452892278e-08	1.60121408011e-08	2.73929035508e-05
4.91018492018e-13	1.59776021604	5.09430138047	1.67594513303e-08	1.72632671842e-08	2.84429648338e-05
5.49677847279e-13	1.59776020728	5.09430135418	1.80684833319e-08	1.86121516954e-08	2.95332784635e-05
6.15344921984e-13	1.59776019784	5.09430132584	1.94797979968e-08	2.00664327791e-08	3.06653874465e-05
6.8885689084e-13	1.59776018765	5.09430129529	2.10013872934e-08	2.16343456243e-08	3.18408939374e-05
7.71150941324e-13	1.59776017668	5.09430126236	2.26418676513e-08	2.33247692382e-08	3.30614615072e-05
8.63276221667e-13	1.59776016484	5.09430122684	2.44105287542e-08	2.5147275851e-08	3.43288174967e-05
9.664072162e-13	1.59776015208	5.09430118856	2.63173861453e-08	2.71121860939e-08	3.56447554617e-05
1.08185871858e-12	1.59776013832	5.09430114728	2.83732379433e-08	2.92306267307e-08	3.70111377107e-05
1.21110259379e-12	1.59776012349	5.09430110277	3.05897259892e-08	3.15145940515e-08	3.84298979407e-05
1.35578654261e-12	1.5977601075	5.09430105479	3.29794017722e-08	3.39770215964e-08	3.99030439737e-05
1.51775510773e-12	1.59776009025	5.09430100306	3.55557975054e-08	3.66318537629e-08	4.1432660598e-05
1.69907318944e-12	1.59776007167	5.09430094729	3.83335027559e-08	3.94941240767e-08	4.3020912519e-05
1.9020523705e-12	1.59776005163	5.09430088716	4.13282470625e-08	4.25800410119e-08	4.4670047422e-05
2.12928038602e-12	1.59776003002	5.09430082233	4.45569890078e-08	4.59070794731e-08	4.63823991538e-05
2.38365411379e-12	1.59776000672	5.09430075244	4.80380122519e-08	4.94940797164e-08	4.81603910251e-05
2.66841650597e-12	1.59775998161	5.09430067708	5.17910290676e-08	5.33613541523e-08	5.00065392399e-05
2.98719793262e-12	1.59775995453	5.09430059584	5.58372919673e-08	5.75308022541e-08	5.19234564568e-05
3.34406246444e-12	1.59775992534	5.09430050825	6.01997140505e-08	6.20260346803e-08	5.39138554859e-05
3.7435596846e-12	1.59775989386	5.09430041382	6.4902998756e-08	6.68725070563e-08	5.59805531282e-05
4.19078269027e-12	1.59775985993	5.094300312	6.99737797515e-08	7.20976638591e-08	5.81264741622e-05
4.69143302318e-12	1.59775982334	5.09430020223	7.54407717538e-08	7.77310938479e-08	6.03546554822e-05
5.25189335722e-12	1.5977597839	5.09430008389	8.1334933134e-08	8.38046980412e-08	6.26682503969e-05
5.87930886946e-12	1.59775974137	5.09429995629	8.76896412271e-08	9.03528697936e-08	6.50705330912e-05
6.58167833222e-12	1.59775969552	5.09429981873	9.45408813401e-08	9.74126899732e-08	6.75649032605e-05
7.36795608732e-12	1.59775964609	5.09429967042	1.01927450529e-07	1.05024136793e-07	7.01548909211e-05
8.24816620267e-12	1.5977595928	5.09429951052	1.09891177295e-07	1.13230312184e-07	7.28441614066e-05
9.2335302664e-12	1.59775953534	5.09429933813	1.18477158453e-07	1.22077685823e-07	7.56365205541e-05
1.03366104479e-11	1.59775947339	5.09429915226	1.27734014501e-07	1.31616358475e-07	7.85359200911e-05
1.15714696496e-11	1.5977594066	5.09429895188	1.37714164947e-07	1.41900345322e-07	8.15464632271e-05
1.29538507907e-11	1.5977593346	5.09429873583	1.48474125148e-07	1.52987882383e-07	8.46724104608e-05
1.45013775098e-11	1.59775925697	5.09429850291	1.60074826343e-07	1.64941755804e-07	8.79181856093e-05
1.62337788431e-11	1.59775917327	5.09429825179	1.7258196069e-07	1.77829657684e-07	9.12883820685e-05
1.81731407443e-11	1.59775908303	5.09429798104	1.86066353265e-07	1.917245691e-07	9.47877693136e-05
2.03441876524e-11	1.59775898574	5.09429768914	2.00604363127e-07	2.06705173883e-07	9.84212996487e-05
2.27745976954e-11	1.59775888085	5.09429737443	2.16278315718e-07	2.22856303595e-07	0.000102194115215
2.54953555509e-11	1.59775876776	5.09429703513	2.3317696905e-07	2.40269418474e-07	0.000106111555268
2.85411474595e-11	1.59775864584	5.09429666932	2.51396016322e-07	2.59043124683e-07	0.000110179163734
3.19508034293e-11	1.59775851439	5.09429627493	2.71038627799e-07	2.79283733522e-07	0.000114402697053
3.57677922662e-11	1.59775837267	5.09429584972	2.92216035043e-07	3.01105862506e-07	0.000118788132328
4.00407757437e-11	1.59775821988	5.09429539128	3.15048160781e-07	3.24633085165e-07	0.000123341675783
4.48242289749e-11	1.59775805514	5.09429489703	3.39664297997e-07	3.49998630592e-07	0.000128069771544
5.01791348962e-11	1.59775787754	5.09429436416	3.66203842079e-07	3.7734613761e-07	0.000132979110759
5.61737617171e-11	1.59775768606	5.09429378965	3.94817080177e-07	4.06830468448e-07	0.000138076641069
6.28845332455e-11	1.59775747962	5.09429317025	4.25666042229e-07	4.38618585578e-07	0.000143369576436
7.03970031855e-11	1.59775725704	5.09429250245	4.58925418491e-07	4.72890496956e-07	0.000148865407356
7.88069458271e-11	1.59775701708	5.09429178247	4.94783548753e-07	5.09840276074e-07	0.000154571911454
8.82215770336e-11	1.59775675836	5.09429100624	5.33443488844e-07	5.49677159736e-07	0.000160497164495
9.87609210902e-11	1.59775647943	5.09429016936	5.75124160475e-07	5.92626734087e-07	0.000166649551811
1.1055934084e-10	1.59775617871	5.09428926708	6.20061590911e-07	6.38932211133e-07	0.000173037780164
1.23767250615e-10	1.59775585449	5.09428829431	6.68510249519e-07	6.88855806494e-07	0.00017967089007
1.38553033795e-10	1.59775550494	5.09428724553	7.20744488735e-07	7.42680223971e-07	0.000186558268592
1.55105189443e-10	1.59775512807	5.0942861148	7.77060097615e-07	8.00710256449e-07	0.000193709662622
1.73634735382e-10	1.59775472176	5.09428489572	8.37775976784e-07	8.63274511925e-07	0.000201135192674
1.94377898347e-10	1.5977542837	5.09428358139	9.0323594424e-07	9.30727273749e-07	0.000208845367207
2.175991255e-10	1.59775381141	5.09428216436	9.73810682255e-07	1.00345050752e-06	0.000216851097493
2.43594455716e-10	1.59775330222	5.09428063661	1.04989983639e-06	1.08185602353e-06	0.000225163713056
2.7269529359e-10	1.59775275324	5.09427898949	1.13193427852e-06	1.16638780834e-06	0.000233794977706
3.05272634302e-10	1.59775216137	5.09427721367	1.22037854666e-06	1.25752453953e-06	0.000242757106185
3.41741793172e-10	1.59775152325	5.0942752991	1.31573347542e-06	1.3557822957e-06	0.000252062781449
3.82567700214e-10	1.59775083527	5.09427323493	1.41853903198e-06	1.46171747862e-06	0.000261725172616
4.28270827171e-10	1.59775009354	5.09427100947	1.52937737366e-06	1.5759299642e-06	0.000271757953598
4.79433822587e-10	1.59774929385	5.09426861013	1.64887614435e-06	1.6990664988e-06	0.00028217532245
5.36708939494e-10	1.59774843168	5.09426602332	1.77771202851e-06	1.8318243616e-06	0.000292992021461
6.00826350389e-10	1.59774750214	5.09426323438	1.91661458281e-06	1.97495531216e-06	0.000304223358011
6.72603455506e-10	1.59774649997	5.09426022754	2.06637036719e-06	2.12926984813e-06	0.000315885226228
7.52955303019e-10	1.5977454195	5.09425698575	2.22782739861e-06	2.29564179313e-06	0.000327994129481
8.42906253996e-10	1.59774425461	5.09425349067	2.40189995278e-06	2.47501324553e-06	0.000340567203725
9.43603040806e-10	1.5977429987	5.0942497225	2.58957374107e-06	2.66839991185e-06	0.000353622241746
1.05632938541e-09	1.59774164466	5.0942456599	2.79191149179e-06	2.87689685846e-06	0.000367177718338
1.18252236387e-09	1.59774018482	5.09424127988	3.01005896763e-06	3.1016847108e-06	0.000381252816434
1.32379072562e-09	1.59773861091	5.09423655762	3.24525145306e-06	3.34403633895e-06	0.00039586745425
1.48193540108e-09	1.59773691403	5.0942314664	3.49882074866e-06	3.60532406373e-06	0.00041104231346
1.65897245886e-09	1.59773508457	5.09422597738	3.77220271186e-06	3.8870274266e-06	0.000426798868454
1.85715880525e-09	1.59773311217	5.09422005948	4.06694538667e-06	4.19074156636e-06	0.000443159416716
2.07902095347e-09	1.59773098565	5.09421367919	4.38471776865e-06	4.51818624974e-06	0.000460147110365
2.32738722937e-09	1.59772869298	5.09420680039	4.72731925448e-06	4.87121560842e-06	0.000477785988904
2.60542382394e-09	1.59772622118	5.09419938412	5.09668982974e-06	5.25182863523e-06	0.00049610101322
2.91667515221e-09	1.59772355625	5.0941913884	5.49492105256e-06	5.66218050174e-06	0.000515118100894
3.26510903263e-09	1.5977206831	5.09418276795	5.92426789521e-06	6.1045947581e-06	0.000534864162852
3.65516726292e-09	1.59771758546	5.09417347396	6.38716151066e-06	6.58157648715e-06	0.000555367141427
4.09182223656e-09	1.5977142458	5.09416345381	6.8862229964e-06	7.09582648512e-06	0.000576656049873
4.58064032158e-09	1.5977106452	5.09415265076	7.42427823331e-06	7.65025655016e-06	0.000598761013395
5.12785280897e-09	1.59770676329	5.09414100365	8.00437388354e-06	8.24800596471e-06	0.000621713311745
5.74043533485e-09	1.59770257807	5.09412844654	8.62979463796e-06	8.89245926483e-06	0.000645545423449
6.42619678808e-09	1.59769806586	5.09411490833	9.30408181057e-06	9.58726539702e-06	0.000670291071731
7.193878836e-09	1.59769320111	5.09410031237	1.00310533853e-05	1.03363583718e-05	0.000695985272183
8.0532673363e-09	1.59768795628	5.09408457602	1.08148256281e-05	1.11439795287e-05	0.000722664382266
9.01531705386e-09	1.59768230167	5.0940676102	1.16598363872e-05	1.20147015402e-05	0.000750366152702
1.00922912714e-08	1.59767620527	5.09404931885	1.25708702128e-05	1.29534542901e-05	0.000779129780829
1.12979180721e-08	1.59766963257	5.09402959842	1.35530854376e-05	1.39655527708e-05	0.000808995965992
1.26475652837e-08	1.59766254635	5.09400833727	1.46120433733e-05	1.50567271601e-05	0.000840006967061
1.41584363137e-08	1.59765490651	5.09398541504	1.57537397851e-05	1.62331552438e-05	0.000872206662132
1.58497893666e-08	1.5976466698	5.09396070196	1.69846388248e-05	1.75014973702e-05	0.000905640610516
1.77431828369e-08	1.59763778959	5.09393405815	1.83117096124e-05	1.88689341319e-05	0.000940356117094
1.98627499999e-08	1.59762821561	5.09390533278	1.97424656738e-05	2.0343206988e-05	0.000976402299127
2.22355064978e-08	1.59761789367	5.09387436326	2.12850074564e-05	2.1932662056e-05	0.00101383015561
2.48916945348e-08	1.59760676535	5.09384097429	2.2948068164e-05	2.36462973209e-05	0.00105269263928
2.78651681605e-08	1.59759476766	5.09380497688	2.4741063168e-05	2.54938135251e-05	0.00109304473136
3.11938245449e-08	1.5975818327	5.0937661673	2.66741432756e-05	2.74856690305e-05	0.00113494351916
3.49200867316e-08	1.59756788726	5.09372432589	2.87582521539e-05	2.96331389562e-05	0.00117844827661
3.90914440093e-08	1.59755285242	5.09367921587	3.10051882346e-05	3.19483789299e-05	0.00122362054791
4.37610567753e-08	1.5975366431	5.09363058195	3.34276714482e-05	3.44444938075e-05	0.00127052423428
4.898843358e-08	1.59751916758	5.09357814892	3.60394151644e-05	3.71356117518e-05	0.00131922568411
5.48401889624e-08	1.59750032697	5.09352162009	3.88552037424e-05	4.00369640817e-05	0.00136979378642
6.13908917064e-08	1.59748001467	5.09346067561	4.18909761297e-05	4.31649713458e-05	0.00142230006801
6.87240142979e-08	1.59745811577	5.09339497066	4.51639159792e-05	4.65373360996e-05	0.00147681879411
7.69329956444e-08	1.59743450637	5.09332413352	4.86925487916e-05	5.017314291e-05	0.00153342707307
8.61224305534e-08	1.59740905293	5.09324776347	5.24968466298e-05	5.40929661446e-05	0.00159220496478
9.64094010729e-08	1.59738161146	5.09316542852	5.65983409935e-05	5.83189861542e-05	0.00165323559339
1.07924966591e-07	1.59735202677	5.09307666298	6.10202444887e-05	6.28751144946e-05	0.00171660526419
1.20815831601e-07	1.59732013154	5.09298096483	6.57875819748e-05	6.77871288914e-05	0.00178240358487
1.35246212286e-07	1.59728574542	5.09287779289	7.09273319257e-05	7.30828187003e-05	0.00185072359149
1.51399925588e-07	1.59724867398	5.0927665638	7.64685787958e-05	7.87921416753e-05	0.00192166187905
1.69482727232e-07	1.59720870765	5.0926466487	8.24426772477e-05	8.494739292e-05	0.00199531873703
1.89724928323e-07	1.59716562051	5.09251736971	8.88834291571e-05	9.15833869622e-05	0.00207179829005
2.12384323651e-07	1.59711916903	5.09237799611	9.58272743877e-05	9.87376539638e-05	0.00215120864375
2.37749468732e-07	1.59706909072	5.09222774025	0.000103313496401	0.000106450651158	0.00223366203616
2.66143347065e-07	1.59701510263	5.09206575311	0.000111384443848	0.000114765990684	0.00231927499472
2.97927473908e-07	1.59695689977	5.09189111952	0.000120085769378	0.000123730685085	0.00240816849914
3.33506488439e-07	1.59689415342	5.09170285306	0.000129466686997	0.000133395411819	0.00250046815032
3.73333292228e-07	1.59682650924	5.09149989052	0.000139580249404	0.000143814798249	0.00259630434559
4.17914798832e-07	1.59675358535	5.09128108592	0.000150483646839	0.00015504772868	0.00269581246033
4.67818366936e-07	1.59667497014	5.09104520413	0.000162238529119	0.000167157675124	0.00279913303638
5.23678998039e-07	1.59659021999	5.09079091393	0.000174911352619	0.000180213053613	0.00290641197738
5.86207389163e-07	1.5964988568	5.09051678062	0.000188573754135	0.000194287608002	0.00301780075117
6.56198941767e-07	1.59640036532	5.09022125797	0.000203302953679	0.000209460823356	0.00313345659975
7.34543839867e-07	1.59629419025	5.08990267963	0.000219182188424	0.000225818371167	0.00325354275672
8.22238323668e-07	1.59617973322	5.08955924984	0.00023630118019	0.00024345258881	0.00337822867271
9.20397299767e-07	1.5960563494	5.08918903346	0.000254756639014	0.000262462995822	0.00350769024887
1.03026844549e-06	1.59592334394	5.08878994521	0.000274652805575	0.000282956849795	0.0036421100788
1.15324798335e-06	1.59577996814	5.08835973815	0.000296102035402	0.00030504974483	0.00378167769906
1.29089832201e-06	1.5956254153	5.08789599122	0.000319225428067	0.000328866255768	0.00392658984862
1.44496778313e-06	1.59545881627	5.08739609586	0.000344153504736	0.000354540631592	0.0040770507374
1.61741265875e-06	1.59527923467	5.08685724167	0.000371026937754	0.00038221754167	0.00423327232426
1.81042187229e-06	1.59508566173	5.08627640094	0.000399997336168	0.000412052878747	0.00439547460463
2.02644454779e-06	1.59487701078	5.08565031203	0.000431228091388	0.000444214622853	0.00456388590804
2.2682208269e-06	1.59465211131	5.08497546152	0.000464895287498	0.000478883770628	0.00473874320581
2.53881631229e-06	1.59440970255	5.08424806506	0.000501188681012	0.000516255334794	0.00492029242917
2.84166055941e-06	1.5941484267	5.08346404675	0.000540312755258	0.000556539418906	0.00510878879793
3.18059008651e-06	1.59386682149	5.08261901703	0.000582487854894	0.000599962372763	0.00530449716013
3.55989642633e-06	1.59356331233	5.08170824898	0.000627951406464	0.000646768034291	0.00550769234264
3.98437980193e-06	1.59323620386	5.08072665281	0.000676959231281	0.000697219064011	0.00571865951308
4.45940907465e-06	1.59288367084	5.07966874863	0.000729786957387	0.00075159837863	0.0059376945532
4.99098868498e-06	1.59250374842	5.0785286371	0.000786731537746	0.000810210690671	0.00616510444379
5.58583338698e-06	1.59209432176	5.07729996815	0.000848112882327	0.000873384161463	0.00640120766138
6.2514516659e-06	1.59165311483	5.07597590733	0.000914275612214	0.000941472175247	0.00664633458667
6.99623882616e-06	1.59117767848	5.0745490999	0.000985590944387	0.00101485524257	0.00690082792493
7.82958084497e-06	1.5906653777	5.07301163237	0.00106245871638	0.00109394304158	0.00716504313822
8.7619702052e-06	1.59011337794	5.07135499139	0.00114530956056	0.0011791766063	0.00743934888946
9.80513505154e-06	1.58951863054	5.06957001988	0.00123460723831	0.00127103067125	0.00772412749832
1.09721831573e-05	1.58887785722	5.06764687007	0.00133085114511	0.00137001618258	0.00801977540866
1.22777623453e-05	1.58818753347	5.06557495362	0.00143457899793	0.00147668298567	0.00832670366734
1.37382391776e-05	1.58744387092	5.06334288828	0.00154636971711	0.00159162270031	0.00864533841414
1.5371897916e-05	1.58664279854	5.06093844125	0.00166684651549	0.00171547179417	0.0089761213823
1.71991619565e-05	1.58577994269	5.05834846886	0.00179668020808	0.00184891486618	0.00931951040916
1.92428401622e-05	1.58485060594	5.05555885257	0.00193659275624	0.00199268815135	0.00967597995635
2.15284007578e-05	1.58384974463	5.05255443107	0.00208736106089	0.00214758325873	0.0100460216386
2.40842757003e-05	1.58277194509	5.0493189284	0.00224982101986	0.00231445115461	0.0104301447606
2.69421987216e-05	1.58161139854	5.04583487787	0.00242487186487	0.00249420640249	0.0108288768599
3.01375805262e-05	1.58036187466	5.04208354191	0.00261348079426	0.00268783167167	0.0112427642563
3.37099249401e-05	1.57901669367	5.03804482747	0.00281668791767	0.00289638252562	0.0116723726038
3.77032901369e-05	1.57756869716	5.03369719724	0.00303561152952	0.00312099250075	0.0121182874457
4.21667996334e-05	1.57601021733	5.02901905556	0.00327145372778	0.00336287850366	0.0125811147698
4.71552087829e-05	1.57433304484	5.02398731829	0.00352550632533	0.00362334663901	0.0130614814221
5.27295245954e-05	1.5725283967	5.01857277906	0.00379915719301	0.00390379783973	0.0135600356453
5.89577004378e-05	1.5705868802	5.01274717445	0.00409389722342	0.00420573447788	0.0140774480179
6.59153953154e-05	1.56849845792	5.00648029156	0.00441132736549	0.00453076694974	0.0146144117271
7.36868120681e-05	1.56625241108	4.9997398557	0.00475316621152	0.0048806206501	0.0151716430833
8.23656195324e-05	1.56383730208	4.99249141517	0.00512125802045	0.00525714326676	0.0157498820151
9.20559656029e-05	1.56124093645	4.9846982239	0.00551758118847	0.00566231238718	0.0163498925405
0.000102873588394	1.55845032456	4.97632112271	0.00594425717482	0.00609824340366	0.0169724632099
0.000114947032889	1.55545164326	4.9673184201	0.00640355988801	0.00656719769742	0.0176184075137
0.000128418980805	1.55223019801	4.95764625853	0.00689792553372	0.00707159108749	0.0182885642498
0.000143447714472	1.54877038354	4.94726618724	0.00742996288072	0.00761400324442	0.018983797776
0.000160208655636	1.54505565658	4.93611976478	0.00800246312848	0.0081971848406	0.0197049971507
0.00017889611482	1.5410684934	4.92415405866	0.00861841285294	0.00882406762992	0.0204530786685
0.000199725133705	1.53679036323	4.91131305323	0.00928100475262	0.00949777320704	0.021228984824
0.000222933485739	1.53220170198	4.89753756176	0.00999364962138	0.0102216219499	0.0220336843551
0.000248783831087	1.52728189052	4.88276867765	0.0107599886551	0.0109991419636	0.0228681721929
0.000277566053578	1.52200923588	4.86694855258	0.0115839054921	0.0118340792482	0.0237334686988
0.000309599618572	1.51636097885	4.84999772031	0.0124695381949	0.0127304017543	0.0246306186454
0.000345236286305	1.51031327706	4.83184381236	0.0134212950989	0.0136923099233	0.0255606939309
0.000384862845338	1.50384122381	4.81241421337	0.0144438661277	0.0147242430091	0.0265247912532
0.000428904087076	1.49691886461	4.79164375503	0.0155422349983	0.0158308880181	0.0275240307917
0.000477825603845	1.48951926675	4.76943470701	0.0167216892692	0.0170171769339	0.0285595531672
0.00053213713854	1.4816145396	4.74570195043	0.0179878388978	0.0182882949641	0.0296325242859
0.000592395885807	1.47317590638	4.72038214154	0.01934662457	0.0196496860226	0.0307441309578
0.000659209322135	1.46417385576	4.69336187537	0.0208043213825	0.0211070406074	0.0318955737964
0.000733238900841	1.45457819745	4.66455990812	0.0223675614541	0.0226663004482	0.0330880763437
0.000815203301095	1.44435822279	4.63388893366	0.0240433322817	0.0243336571811	0.0343228749978
0.000905881011843	1.4334829294	4.60124249507	0.0258389843132	0.026115525181	0.0356012179574
0.00100611414095	1.42192113911	4.56654610865	0.0277622412989	0.0280185511492	0.0369243670691
0.00111681002211	1.40964185214	4.52968697292	0.0298211900405	0.0300495701735	0.0382935864802
0.00123894482116	1.39661439074	4.49058831553	0.0320242944097	0.0322156115639	0.0397101500072
0.00137356404839	1.38280884646	4.44915318058	0.0343803763766	0.0345238397874	0.0411753279436
0.00152178510468	1.36819631384	4.40528707133	0.0368986168675	0.0369815497537	0.0426903894612
0.00168479732589	1.35274932172	4.35893010127	0.0395885454041	0.0395961093033	0.0442565996507
0.00186386086275	1.33644234041	4.30998730496	0.0424600040617	0.0423749011003	0.0458752044573
0.00206030703944	1.31925209192	4.25838968825	0.045523147955	0.0453252953496	0.04754743992
0.00227553514811	1.30115811423	4.20407787472	0.0487884066631	0.0484545715807	0.0492745212799
0.00251100855594	1.28214329228	4.14700215946	0.0522664479162	0.0517698443995	0.0510576373855
0.00276824975407	1.26219438336	4.0871248066	0.055968135307	0.0552779894318	0.0528979454026
0.00304883357338	1.24130257233	4.02441766617	0.0599044786276	0.0589855552023	0.0547965652717
0.00335437902594	1.21946400811	3.95887134279	0.0640865805311	0.0628986714353	0.0567545759201
0.00368653890269	1.1966803672	3.89048917115	0.0685255688606	0.0670229435282	0.0587730081866
0.00404698802975	1.17295936042	3.81929240706	0.0732325285065	0.0713633460922	0.0608528413004
0.00443740972008	1.14831520882	3.74532073031	0.0782184227357	0.0759241119081	0.062994997988
0.00485948155215	1.12276901516	3.6686332826	0.0834940091423	0.0807086347261	0.0652003404382
0.00531485698232	1.09634919179	3.58934117681	0.0890697500332	0.0857193207689	0.0674696672144
0.00580514420054	1.06909189003	3.50752054369	0.0949556672577	0.0909574488405	0.0698036908042
0.00633189463655	1.04104072625	3.42332624634	0.101161321672	0.0964231478806	0.0722030683016
0.00689657291608	1.01224732771	3.33688871963	0.107695620985	0.102115163502	0.0746683649246
0.00750054595771	0.982770765433	3.24841862991	0.114566785855	0.10803087786	0.0772000821459
0.00814505261176	0.952677794332	3.15808993704	0.121782133247	0.114166116765	0.0797986167848
0.00883119049498	0.922042091705	3.0661277342	0.129348074321	0.120515124833	0.0824643016567
0.00955989476463	0.890943863954	2.97277583036	0.137269946537	0.127070501986	0.085197383972
0.0103319206015	0.859469155829	2.87829449247	0.14555190648	0.133823164443	0.0879980258191
0.0111478277639	0.827709018541	2.78295773002	0.154196829069	0.140762328011	0.0908663054064
0.012007967748	0.795758548557	2.68705040276	0.163206215325	0.147875516605	0.0938022190502
0.0129124739026	0.763715818614	2.59086500558	0.172580110139	0.155148596928	0.0968056836499
0.013861254858	0.731680723603	2.49469823808	0.182317031771	0.162565840825	0.0998765395167
0.0148539914684	0.699753769573	2.39884745876	0.192413914484	0.170110015355	0.103014553359
0.0158901419064	0.668034728054	2.30363313971	0.202866066067	0.177762561168	0.106219421174
0.0169689387112	0.636621635799	2.20933197745	0.213667033149	0.185503706337	0.109490737308
0.0180893956584	0.605609504392	2.11622377285	0.22480872696	0.193312544021	0.112828039602
0.0192503371332	0.575088833683	2.02460563348	0.236281375027	0.20116749745	0.116230793858
0.0204503751513	0.545145417902	1.9347022343	0.248073379567	0.209046156501	0.119698345226
0.0216879730001	0.515858309018	1.84678290489	0.26017161843	0.216925951068	0.123229995973
0.0229614068986	0.48730029557	1.76104242051	0.272561144542	0.224783896115	0.126824898118
0.0242688455376	0.459535996627	1.67767917356	0.285225528327	0.23259742065	0.130482129494
0.0256083174857	0.432622414051	1.5968832676	0.298146763494	0.240344067339	0.134200635678
0.0269777439252	0.406608393545	1.51877003746	0.311305211858	0.248002001555	0.137979178415
0.0283749879778	0.381533888012	1.44348380397	0.324680027341	0.255550388769	0.141816415958
0.029797813147	0.357431005178	1.37112019345	0.338248836531	0.262969188308	0.145710764064
0.0312439395242	0.334323463783	1.3017266801	0.351987990193	0.270239748241	0.149660415939
0.0327110665823	0.312226736501	1.23537973161	0.365872867634	0.277344947615	0.153663372889
0.0341968159121	0.291149421034	1.17209479333	0.37987749079	0.284268916306	0.157717271858
0.0356988145332	0.271092664517	1.11184932977	0.393974976401	0.290997794732	0.161819449548
0.0372146844702	0.252050931858	1.05468472214	0.408137834144	0.297519501921	0.165966961917
0.0387419470862	0.234013791128	1.00051106238	0.422337157706	0.303823398899	0.170156273975
0.0402782096287	0.216964367282	0.949314550057	0.436544031502	0.309901443418	0.17438359921
0.0418209453703	0.200882336183	0.901012162798	0.450728557161	0.315746628291	0.178644537304
0.0433677093774	0.185742417983	0.855549933549	0.464860697657	0.321354797788	0.182934248926
0.0449158987741	0.171517100517	0.812804164548	0.478909835532	0.326722553154	0.187247246399
0.046462998607	0.158175089034	0.772754277657	0.492845806154	0.331849132303	0.191577641558
0.0480063119676	0.145684107906	0.735236032994	0.506637385364	0.336734882308	0.195918599571
0.0495431431052	0.134009697897	0.700155189764	0.520254542596	0.341381480359	0.200262982106
0.0510707425125	0.123116303088	0.667425697227	0.533667501199	0.345792114718	0.20460300458
0.0525863214057	0.112967614405	0.636950936189	0.546846721082	0.349971678836	0.208930173285
0.0540869494286	0.10352749568	0.608596159969	0.559763197145	0.353925559054	0.213235337419
0.0555696654817	0.0947596268367	0.582252638333	0.572389361237	0.357659952735	0.217508969334
0.0570314474732	0.0866280818934	0.557807849738	0.584698852596	0.361181677909	0.22174108593
0.0584692934454	0.0790972507657	0.535205563475	0.596666844185	0.364498556557	0.225921367608
0.0598800920414	0.0721327889792	0.514301783708	0.608269206661	0.367618794963	0.23003887731
0.0612607123876	0.0657012949971	0.494965963435	0.61948447821	0.370550014231	0.234082795856
0.06260807583	0.0597703252593	0.477145169102	0.630293910973	0.373299599258	0.238042528802
0.0639193574134	0.0543079596979	0.460746169706	0.640680258405	0.37587727721	0.241907332093
0.0651914409275	0.0492850041439	0.445652907325	0.650628681097	0.378289261552	0.245666731353
0.066421813474	0.0446718580154	0.431760092691	0.660127688659	0.380544988426	0.249310991718
0.0676079113182	0.0404411254524	0.419092874122	0.669168844437	0.382651280857	0.25283113927
0.0687471943909	0.0365674408779	0.407463571252	0.677744608621	0.384614681896	0.256218239805
0.0698378268996	0.0330252884446	0.396816613232	0.685852677581	0.386443029174	0.259465224427
0.0708781681309	0.0297908934657	0.387096156989	0.69349327272	0.388143160768	0.262565972551
0.0718668646858	0.0268419516322	0.378243519051	0.700669270048	0.389721303994	0.265515485099
0.0728029375866	0.0241573927995	0.370193863837	0.707386294947	0.391183446293	0.268310037882
0.0736857955752	0.0217173483837	0.362872294155	0.713652766214	0.392535155064	0.270947307164
0.0745155092842	0.0195024331234	0.35618603672	0.719479933423	0.393783545255	0.273426477157
0.0752924259418	0.0174947233009	0.350102777976	0.724881727551	0.394934096811	0.275748261358
0.0760172053856	0.0156775774204	0.344752987783	0.72987366859	0.395991865715	0.277914499992
0.0766905566093	0.0140361392284	0.339776776326	0.734470660808	0.396961464476	0.279927217601
0.0773143963309	0.0125544365247	0.335357654936	0.738693353602	0.397850159106	0.28179142838
0.0778899391584	0.0112198176772	0.331362408516	0.742560211827	0.398660275911	0.283511680798
0.0784196468586	0.0100182811892	0.327781708321	0.746091898504	0.399400457411	0.285093966449
0.0789052236874	0.0089388599355	0.324461198308	0.749308827708	0.400072331759	0.286544620304
0.0793494943774	0.00796933462803	0.321719949204	0.752232911624	0.400683583093	0.287871084419
0.0797543755162	0.00710050356642	0.31898704932	0.754882518227	0.401237171626	0.289079579253
0.0801224850014	0.00632255379336	0.316670965246	0.757280444755	0.401736183301	0.29017870524
0.080456650342	0.00562607342849	0.314784104969	0.759445326412	0.402188461966	0.291175480486
0.0807589639457	0.00500383022487	0.312900529873	0.76139487432	0.40259633443	0.292076766999
0.0810318926976	0.0044483837771	0.311020983409	0.76314871572	0.402962448271	0.292890562472
0.0812778809582	0.00395283956155	0.309579359047	0.764725012664	0.403290111824	0.293624408306
0.0814994014035	0.00351066766007	0.308572904987	0.766138528888	0.40358569402	0.294284442013
0.0816983144604	0.00311687979063	0.307566803106	0.767403130608	0.403851372076	0.294876526623
0.0818766636675	0.00276639647015	0.306561347071	0.768533667501	0.404089398671	0.295407115524
0.0820363613919	0.00245462970354	0.305556806193	0.769543671151	0.404302030383	0.295882156227
0.082179185756	0.00217744330965	0.304553426217	0.770445440918	0.404491477063	0.296307108512
0.0823067807389	0.00193111500532	0.303551430353	0.77125013026	0.404659865198	0.29668696675
0.0824206701262	0.00171227875234	0.302732408192	0.771967832104	0.404809298732	0.297026285135
