0.0	0.103446396984	0.527116716323	0.0	0.0	0.0
2.2079813381e-18	0.103446396982	0.527116716319	2.39795810761e-12	2.20801155137e-12	1e-06
2.47175708243e-18	0.103446396982	0.527116716319	2.53500600549e-12	2.3805402094e-12	1.03833333333e-06
2.76704470692e-18	0.103446396982	0.527116716318	2.68276229314e-12	2.56650256602e-12	1.07813611111e-06
3.09760876767e-18	0.103446396982	0.527116716318	2.84206368249e-12	2.76711986657e-12	1.11946466204e-06
3.46766355222e-18	0.103446396982	0.527116716318	3.01381226291e-12	2.98328028946e-12	1.16237747408e-06
3.88192680654e-18	0.103446396982	0.527116716317	3.19898060949e-12	3.21642712463e-12	1.20693527725e-06
4.34567988053e-18	0.103446396982	0.527116716317	3.39861729057e-12	3.4676705951e-12	1.25320112955e-06
4.86483505878e-18	0.103446396981	0.527116716317	3.61385280555e-12	3.73867603541e-12	1.30124050618e-06
5.44601093493e-18	0.103446396981	0.527116716316	3.84590598664e-12	4.03077571319e-12	1.35112139225e-06
6.09661679072e-18	0.103446396981	0.527116716316	4.09609090087e-12	4.34574598527e-12	1.40291437895e-06
6.82494705518e-18	0.103446396981	0.527116716316	4.36582429135e-12	4.6852521862e-12	1.45669276348e-06
7.64028704853e-18	0.103446396981	0.527116716315	4.65663360001e-12	5.05129271741e-12	1.51253265274e-06
8.55303135863e-18	0.103446396981	0.527116716315	4.97016561712e-12	5.44608802497e-12	1.5705130711e-06
9.57481635927e-18	0.10344639698	0.527116716314	5.30819580675e-12	5.871525488e-12	1.63071607216e-06
1.07186685597e-17	0.10344639698	0.527116716313	5.67263836084e-12	6.33038066407e-12	1.69322685492e-06
1.19991706766e-17	0.10344639698	0.527116716313	6.06555703882e-12	6.82498502153e-12	1.75813388436e-06
1.34326475462e-17	0.10344639698	0.527116716312	6.48917685429e-12	7.35822514025e-12	1.82552901659e-06
1.50373742455e-17	0.103446396979	0.527116716311	6.94589667473e-12	7.9332096447e-12	1.89550762889e-06
1.68338090776e-17	0.103446396979	0.52711671631	7.4383028058e-12	8.55304715934e-12	1.96816875467e-06
1.88448543898e-17	0.103446396979	0.52711671631	7.96918363703e-12	9.22140142015e-12	2.04361522359e-06
2.10961485506e-17	0.103446396978	0.527116716309	8.54154543189e-12	9.94182514081e-12	2.12195380716e-06
2.36163928074e-17	0.103446396978	0.527116716308	9.15862935153e-12	1.07186481911e-11	2.20329536977e-06
2.64377171925e-17	0.103446396977	0.527116716306	9.82392980889e-12	1.15562004409e-11	2.28775502561e-06
2.95960901418e-17	0.103446396977	0.527116716305	1.05412142567e-11	1.24591448268e-11	2.37545230159e-06
3.31317770481e-17	0.103446396977	0.527116716304	1.13145445218e-11	1.34326993971e-11	2.46651130648e-06
3.70898535957e-17	0.103446396976	0.527116716303	1.21482998065e-11	1.44823042445e-11	2.56106090656e-06
4.15207804202e-17	0.103446396975	0.527116716301	1.30472014867e-11	1.56138435512e-11	2.65923490797e-06
4.64810464204e-17	0.103446396975	0.527116716299	1.40163398484e-11	1.68338676329e-11	2.76117224611e-06
5.20338889218e-17	0.103446396974	0.527116716298	1.50612029129e-11	1.81491488501e-11	2.86701718221e-06
5.82500998759e-17	0.103446396973	0.527116716296	1.61877075138e-11	1.95672367194e-11	2.97691950752e-06
6.52089283708e-17	0.103446396973	0.527116716294	1.74022328034e-11	2.10961248466e-11	3.0910347553e-06
7.29990909598e-17	0.103446396972	0.527116716292	1.8711656376e-11	2.27445839935e-11	3.20952442092e-06
8.17199026897e-17	0.103446396971	0.527116716289	2.01233932143e-11	2.45217179889e-11	3.33255619038e-06
9.14825432454e-17	0.10344639697	0.527116716287	2.16454376791e-11	2.64377408847e-11	3.46030417767e-06
1.02411474356e-16	0.103446396969	0.527116716284	2.32864087792e-11	2.85035328665e-11	3.59294917114e-06
1.14646026527e-16	0.103446396968	0.527116716281	2.50555989796e-11	3.07306402538e-11	3.73067888936e-06
1.28342175338e-16	0.103446396967	0.527116716278	2.6963026822e-11	3.31318306113e-11	3.87368824677e-06
1.43674529939e-16	0.103446396965	0.527116716275	2.90194936582e-11	3.57205376376e-11	4.02217962956e-06
1.60838559099e-16	0.103446396964	0.527116716271	3.12366448156e-11	3.85116383213e-11	4.17636318201e-06
1.80053083202e-16	0.103446396962	0.527116716267	3.36270355421e-11	4.1520786807e-11	4.33645710397e-06
2.01563063932e-16	0.103446396961	0.527116716263	3.62042021041e-11	4.47650805293e-11	4.50268795961e-06
2.2564272724e-16	0.103446396959	0.527116716258	3.89827384388e-11	4.82628381681e-11	4.67529099804e-06
2.52599059387e-16	0.103446396957	0.527116716253	4.19783787972e-11	5.20339327154e-11	4.85451048628e-06
2.82775720642e-16	0.103446396955	0.527116716248	4.52080868434e-11	5.60996804535e-11	5.0406000549e-06
3.16557426534e-16	0.103446396953	0.527116716242	4.86901517164e-11	6.04830629988e-11	5.23382305698e-06
3.54374852502e-16	0.103446396951	0.527116716236	5.2444291597e-11	6.52089493471e-11	5.43445294081e-06
3.96710124482e-16	0.103446396948	0.527116716229	5.64917653684e-11	7.03040958733e-11	5.64277363684e-06
4.44102965418e-16	0.103446396945	0.527116716222	6.0855493e-11	7.57973683761e-11	5.85907995955e-06
4.97157576078e-16	0.103446396942	0.527116716214	6.55601853386e-11	8.17199641223e-11	6.08367802463e-06
5.56550337866e-16	0.103446396939	0.527116716206	7.06324840403e-11	8.81051898027e-11	6.3168856822e-06
6.23038435866e-16	0.103446396936	0.527116716196	7.61011124368e-11	9.49893497103e-11	6.55903296664e-06
6.97469512019e-16	0.103446396932	0.527116716187	8.19970381891e-11	1.02411523695e-10	6.81046256364e-06
7.80792471524e-16	0.103446396928	0.527116716176	8.83536486508e-11	1.10413567166e-10	7.07153029518e-06
8.74069580221e-16	0.103446396924	0.527116716165	9.52069399336e-11	1.19040777221e-10	7.3426056231e-06
9.78490007177e-16	0.103446396919	0.527116716152	1.02595720745e-10	1.28342225719e-10	7.62407217191e-06
1.09538498514e-15	0.103446396914	0.527116716139	1.10561832155e-10	1.38370315187e-10	7.91632827175e-06
1.22624478213e-15	0.103446396909	0.527116716125	1.1915038453e-10	1.49182111087e-10	8.21978752207e-06
1.37273770052e-15	0.103446396903	0.52711671611	1.28410012988e-10	1.60838564663e-10	8.53487937698e-06
1.53673134589e-15	0.103446396896	0.527116716093	1.38393152803e-10	1.73405845208e-10	8.86204975298e-06
1.72031643666e-15	0.10344639689	0.527116716075	1.49156336339e-10	1.86955118018e-10	9.20176166005e-06
1.92583345824e-15	0.103446396882	0.527116716056	1.60760513179e-10	2.01563099504e-10	9.55449585687e-06
2.15590250131e-15	0.103446396874	0.527116716035	1.73271395269e-10	2.17312390258e-10	9.92075153122e-06
2.41345666482e-15	0.103446396866	0.527116716013	1.86759829031e-10	2.34292363233e-10	1.03010470064e-05
2.70177944939e-15	0.103446396857	0.527116715989	2.01302196551e-10	2.52599052722e-10	1.06959204748e-05
3.02454661793e-15	0.103446396847	0.527116715963	2.16980848114e-10	2.72336153554e-10	1.11059307594e-05
3.38587305712e-15	0.103446396836	0.527116715935	2.33884568536e-10	2.93615465188e-10	1.15316581049e-05
3.79036523719e-15	0.103446396825	0.527116715904	2.52109079933e-10	3.16557446822e-10	1.19737049987e-05
4.24317993876e-15	0.103446396812	0.527116715872	2.71757583774e-10	3.41291994549e-10	1.24326970233e-05
4.75008999551e-15	0.103446396799	0.527116715837	2.92941345293e-10	3.67959218515e-10	1.29092837421e-05
5.31755789076e-15	0.103446396785	0.527116715799	3.15780323552e-10	3.9671010905e-10	1.34041396185e-05
5.95281814618e-15	0.103446396769	0.527116715758	3.40403850751e-10	4.27707535872e-10	1.39179649701e-05
6.66396955315e-15	0.103446396752	0.527116715714	3.66951364602e-10	4.61126914218e-10	1.44514869601e-05
7.46007842239e-15	0.103446396734	0.527116715666	3.9557319794e-10	4.97157648135e-10	1.50054606264e-05
8.35129416837e-15	0.103446396715	0.527116715615	4.26431430023e-10	5.36003574571e-10	1.55806699497e-05
9.34897870195e-15	0.103446396694	0.52711671556	4.5970080435e-10	5.77884739727e-10	1.61779289638e-05
1.04658512808e-14	0.103446396671	0.5271167155	4.95569718198e-10	6.23038509285e-10	1.67980829066e-05
1.17161506643e-14	0.103446396647	0.527116715436	5.34241289475e-10	6.71720234539e-10	1.74420094171e-05
1.31158166406e-14	0.10344639662	0.527116715367	5.75934506931e-10	7.24205916933e-10	1.81106197771e-05
1.4682693239e-14	0.103446396592	0.527116715292	6.20885470247e-10	7.80792541123e-10	1.88048602008e-05
1.64367562199e-14	0.103446396562	0.527116715212	6.69348727014e-10	8.41800628495e-10	1.95257131739e-05
1.84003677411e-14	0.103446396529	0.527116715125	7.21598714179e-10	9.07575569429e-10	2.02741988441e-05
2.05985614478e-14	0.103446396493	0.527116715032	7.77931312128e-10	9.78490065792e-10	2.10513764649e-05
2.30593616214e-14	0.103446396455	0.527116714931	8.38665520188e-10	1.05494546321e-09	2.18583458943e-05
2.58141404544e-14	0.103446396414	0.527116714822	9.04145263051e-10	1.13737474864e-09	2.26962491516e-05
2.88980180076e-14	0.103446396369	0.527116714705	9.74741338347e-10	1.22624477089e-09	2.35662720336e-05
3.2350309948e-14	0.103446396321	0.527116714579	1.05085351639e-09	1.32205879402e-09	2.44696457924e-05
3.62150287753e-14	0.103446396269	0.527116714443	1.132912804e-09	1.42535938404e-09	2.54076488783e-05
4.05414449276e-14	0.103446396213	0.527116714296	1.22138388517e-09	1.53673140643e-09	2.63816087489e-05
4.5384714919e-14	0.103446396153	0.527116714137	1.31676775252e-09	1.65680557887e-09	2.73929037475e-05
5.08065845178e-14	0.103446396089	0.527116713967	1.41960454426e-09	1.78626191297e-09	2.84429650539e-05
5.68761759294e-14	0.103446396019	0.527116713783	1.53047660291e-09	1.92583348897e-09	2.953327871e-05
6.36708690202e-14	0.103446395943	0.527116713584	1.65001177297e-09	2.07631056361e-09	3.06653877224e-05
7.12772878154e-14	0.103446395862	0.52711671337	1.77888695626e-09	2.2385454551e-09	3.18408942463e-05
7.97924048502e-14	0.103446395774	0.52711671314	1.91783194508e-09	2.41345665092e-09	3.3061461853e-05
8.93247774503e-14	0.10344639568	0.527116712891	2.06763355484e-09	2.60203480307e-09	3.43288178838e-05
9.99959317052e-14	0.103446395578	0.527116712623	2.22914007968e-09	2.805347613e-09	3.56447558951e-05
1.11941911777e-13	0.103446395468	0.527116712334	2.4032660961e-09	3.02454660401e-09	3.70111381959e-05
1.25315014297e-13	0.10344639535	0.527116712023	2.59099764207e-09	3.2608728944e-09	3.84298984838e-05
1.40285729962e-13	0.103446395222	0.527116711687	2.79339780074e-09	3.51566485798e-09	3.99030445817e-05
1.5704491708e-13	0.103446395085	0.527116711325	3.01161272041e-09	3.79036522953e-09	4.14326612786e-05
1.75806234781e-13	0.103446394936	0.527116710934	3.24687810495e-09	4.08652954249e-09	4.30209132809e-05
1.9680886691e-13	0.103446394776	0.527116710513	3.50052621133e-09	4.40583512175e-09	4.4670048275e-05
2.20320571328e-13	0.103446394604	0.527116710059	3.77399339389e-09	4.75008996545e-09	4.63824001087e-05
2.46641093495e-13	0.103446394418	0.52711670957	4.06882823809e-09	5.12124351412e-09	4.81603920941e-05
2.76105987859e-13	0.103446394218	0.527116709042	4.38670032983e-09	5.5213975309e-09	5.00065404366e-05
3.09090895764e-13	0.103446394001	0.527116708474	4.72940970994e-09	5.95281809188e-09	5.19234577965e-05
3.46016334416e-13	0.103446393768	0.52711670786	5.09889706743e-09	6.41794813172e-09	5.39138569856e-05
3.87353057961e-13	0.103446393517	0.527116707199	5.49725472919e-09	6.91942154338e-09	5.59805548072e-05
4.33628059027e-13	0.103446393246	0.527116706486	5.92673850837e-09	7.4600782772e-09	5.81264760417e-05
4.85431287231e-13	0.103446392954	0.527116705718	6.38978047854e-09	8.04297977301e-09	6.03546575863e-05
5.43423170311e-13	0.10344639264	0.527116704889	6.88900274606e-09	8.67142694569e-09	6.26682527523e-05
6.08343033775e-13	0.1034463923	0.527116703996	7.42723229839e-09	9.34897850388e-09	6.50705357281e-05
6.8101852639e-13	0.103446391934	0.527116703033	8.00751701281e-09	1.00794712671e-08	6.75649062124e-05
7.6237617169e-13	0.10344639154	0.527116701995	8.6331429158e-09	1.08670420369e-08	7.01548942257e-05
8.5345318001e-13	0.103446391115	0.527116700875	9.30765279113e-09	1.1716150357e-08	7.28441651059e-05
9.5541067165e-13	0.103446390656	0.527116699668	1.00348662418e-08	1.26316047136e-08	7.56365246954e-05
1.06954847973e-12	0.103446390162	0.527116698367	1.08189013199e-08	1.36185891819e-08	7.85359247271e-05
1.19732172146e-12	0.103446389629	0.527116696964	1.16641978456e-08	1.46826927348e-08	8.1546468417e-05
1.3403593491e-12	0.103446389054	0.527116695452	1.25755425495e-08	1.58299412182e-08	8.46724162708e-05
1.5004849171e-12	0.103446388434	0.527116693821	1.35580961787e-08	1.70668312123e-08	8.79181921133e-05
1.67973983018e-12	0.103446387766	0.527116692063	1.46174227207e-08	1.84003670023e-08	9.12883893496e-05
1.88040936871e-12	0.103446387046	0.527116690167	1.57595209113e-08	1.98380999911e-08	9.47877774645e-05
2.10505182323e-12	0.10344638627	0.527116688124	1.69908582039e-08	2.13881718869e-08	9.84213087734e-05
2.35653110952e-12	0.103446385433	0.52711668592	1.83184073934e-08	2.30593603335e-08	0.00010219412543
2.63805327995e-12	0.10344638453	0.527116683545	1.97496861016e-08	2.48611289814e-08	0.000106111566704
2.95320739675e-12	0.103446383557	0.527116680984	2.12927993477e-08	2.68036807781e-08	0.000110179176535
3.30601128808e-12	0.103446382508	0.527116678223	2.29564854452e-08	2.88980160332e-08	0.000114402711384
3.70096277037e-12	0.103446381377	0.527116675246	2.47501654852e-08	3.11559943685e-08	0.000118788148371
4.14309698996e-12	0.103446380158	0.527116672036	2.66839966856e-08	3.35904024414e-08	0.000123341693743
4.63805061495e-12	0.103446378843	0.527116668576	2.87689299094e-08	3.62150256657e-08	0.000128069791649
5.19213369574e-12	0.103446377426	0.527116664845	3.1016771677e-08	3.90447265928e-08	0.000132979133266
5.81241011035e-12	0.103446375897	0.527116660823	3.34402510234e-08	4.20955292889e-08	0.000138076666264
6.5067876201e-12	0.10344637425	0.527116656487	3.60530915802e-08	4.53847099288e-08	0.000143369604642
7.28411868376e-12	0.103446372474	0.527116651812	3.88700892895e-08	4.89308941625e-08	0.000148865438931
8.15431331532e-12	0.103446370559	0.527116646771	4.19071961895e-08	5.27541634746e-08	0.000154571946801
9.1284654244e-12	0.103446368494	0.527116641337	4.51816107472e-08	5.68761679823e-08	0.000160497204065
1.02189942497e-11	0.103446366268	0.527116635478	4.87118752498e-08	6.13202498924e-08	0.000166649596108
1.14398026888e-11	0.103446363868	0.527116629161	5.25179808049e-08	6.61115749514e-08	0.000173037829753
1.28064545426e-11	0.10344636128	0.52711662235	5.66214805454e-08	7.12772753308e-08	0.000179670945583
1.43363729345e-11	0.103446358491	0.527116615008	6.10456116801e-08	7.68466032818e-08	0.000186558330737
1.6049062433e-11	0.103446355483	0.527116607092	6.581542708e-08	8.28510967801e-08	0.000193709732191
1.79663577108e-11	0.10344635224	0.527116598557	7.09579371473e-08	8.93247577163e-08	0.000201135270555
2.01127019089e-11	0.103446348744	0.527116589355	7.6502262768e-08	9.63042451854e-08	0.000208845454392
2.25154582558e-11	0.103446344975	0.527116579434	8.24798002168e-08	1.03829082321e-07	0.000216851195093
2.52052589144e-11	0.103446340911	0.527116568739	8.89243989466e-08	1.11941880668e-07	0.000225163822315
2.82163955025e-11	0.10344633653	0.527116557207	9.58725532689e-08	1.20688581218e-07	0.000233795100018
3.15872562676e-11	0.103446331806	0.527116544774	1.03363609012e-07	1.30118714303e-07	0.00024275724311
3.53608154875e-11	0.103446326714	0.52711653137	1.11439986328e-07	1.40285681043e-07	0.000252062934731
3.95851813378e-11	0.103446321223	0.527116516919	1.20147419904e-07	1.51247054209e-07	0.00026172534421
4.43142092085e-11	0.103446315304	0.527116501338	1.29535217948e-07	1.63064905856e-07	0.000271758145691
4.96081882907e-11	0.103446308921	0.527116484541	1.39656541408e-07	1.75806157588e-07	0.000282175537492
5.55346101854e-11	0.103446302041	0.52711646643	1.50568705008e-07	1.89542960261e-07	0.000292992262193
6.21690293336e-11	0.103446294622	0.527116446904	1.62333501803e-07	2.04353102202e-07	0.000304223627501
6.95960262355e-11	0.103446286624	0.527116425853	1.75017553103e-07	2.20320449749e-07	0.000315885527913
7.79102857411e-11	0.103446278001	0.527116403157	1.88692685721e-07	2.37535422197e-07	0.000327994467207
8.72178041557e-11	0.103446268704	0.527116378688	2.03436338716e-07	2.56095503944e-07	0.000340567581797
9.76372405516e-11	0.103446258681	0.527116352306	2.19332001903e-07	2.76105796264e-07	0.000353622664984
1.09301429512e-10	0.103446247875	0.527116323864	2.3646968863e-07	2.9767961272e-07	0.000367178192138
1.22359074591e-10	0.103446236224	0.527116293199	2.54946445502e-07	3.20939120639e-07	0.000381253346836
1.36976644083e-10	0.103446223663	0.527116260137	2.7486690192e-07	3.46016032781e-07	0.000395868048016
1.53340493264e-10	0.10344621012	0.527116224493	2.96343862564e-07	3.73052353729e-07	0.00041104297816
1.7165924016e-10	0.10344619552	0.527116186063	3.19498946172e-07	4.02201183352e-07	0.000426799612562
1.92166425139e-10	0.103446179778	0.527116144631	3.44463274223e-07	4.33627584101e-07	0.000443160249718
2.1512348822e-10	0.103446162806	0.527116099962	3.71378213435e-07	4.67509515916e-07	0.000460148042881
2.40823102057e-10	0.103446144509	0.527116051802	4.00396176272e-07	5.04038843516e-07	0.000477787032822
2.69592903096e-10	0.103446124781	0.527115999879	4.31681484001e-07	5.43422422739e-07	0.000496102181848
3.01799668457e-10	0.103446103513	0.527115943899	4.65411297179e-07	5.85883272807e-07	0.000515119409131
3.37853991805e-10	0.103446080582	0.527115883545	5.01776618847e-07	6.31661837853e-07	0.000534865627376
3.78215517798e-10	0.10344605586	0.527115818475	5.409833761e-07	6.81017349801e-07	0.000555368780909
4.23398801858e-10	0.103446029206	0.527115748321	5.83253586165e-07	7.34229295394e-07	0.000576657885213
4.73979869961e-10	0.103446000469	0.527115672685	6.2882661359e-07	7.91598998776e-07	0.000598763067991
5.30603562058e-10	0.103445969487	0.52711559114	6.77960525654e-07	8.53451328646e-07	0.000621715611789
5.93991752758e-10	0.103445936085	0.527115503222	7.30933553682e-07	9.20136536524e-07	0.000645547998265
6.64952554054e-10	0.103445900072	0.527115408436	7.88045668528e-07	9.92032241327e-07	0.000670293954142
7.44390617411e-10	0.103445861245	0.527115306243	8.4962027916e-07	1.06954556682e-06	0.000695988498935
8.33318666539e-10	0.103445819385	0.527115196065	9.16006063948e-07	1.15311544694e-06	0.000722667994495
9.32870407872e-10	0.103445774254	0.527115077279	9.87578945035e-07	1.2432151117e-06	0.000750370196457
1.04431498332e-09	0.103445725597	0.527114949211	1.06474421696e-06	1.34035476652e-06	0.000779134307661
1.16907314951e-09	0.103445673137	0.527114811136	1.14793884158e-06	1.44508448114e-06	0.00080900103361
1.30873538985e-09	0.103445616579	0.527114662273	1.23763392233e-06	1.55799730431e-06	0.000840012640068
1.46508219007e-09	0.103445555602	0.527114501779	1.33433737173e-06	1.67973262201e-06	0.000872213012847
1.64010673603e-09	0.10344548986	0.527114328744	1.43859678733e-06	1.81097977742e-06	0.000905647719898
1.83604032271e-09	0.103445418981	0.527114142189	1.55100255234e-06	1.95248197464e-06	0.000940364075773
2.05538079867e-09	0.103445342565	0.527113941057	1.67219117851e-06	2.10504048629e-06	0.000976411208559
2.30092440819e-09	0.103445260177	0.52711372421	1.80284891013e-06	2.26951919096e-06	0.00101384012937
2.57580143723e-09	0.103445171353	0.527113490419	1.94371560965e-06	2.44684946406e-06	0.00105270380451
2.88351611734e-09	0.103445075588	0.527113238362	2.09558894675e-06	2.63803545139e-06	0.0010930572304
3.22799129629e-09	0.10344497234	0.52711296661	2.25932891482e-06	2.84415975487e-06	0.00113495751133
3.61361844469e-09	0.103444861025	0.527112673624	2.43586270009e-06	3.06638956187e-06	0.00117846394028
4.04531363594e-09	0.103444741013	0.527112357746	2.62618993133e-06	3.30598325331e-06	0.00122363808275
4.52858021301e-09	0.103444611624	0.527112017188	2.83138833942e-06	3.56429752894e-06	0.00127054386381
5.06957894076e-09	0.103444472125	0.52711165002	3.05261985926e-06	3.84279508799e-06	0.00131924765854
5.6752065377e-09	0.103444321726	0.527111254163	3.29113720811e-06	4.14305291041e-06	0.00136981838588
6.35318358822e-09	0.103444159577	0.527110827376	3.54829097797e-06	4.46677118509e-06	0.00142232760605
7.11215295544e-09	0.103443984758	0.527110367243	3.82553728183e-06	4.81578293504e-06	0.00147684962176
7.96178994885e-09	0.10344379628	0.527109871158	4.12444599722e-06	5.19206439468e-06	0.00153346158326
8.91292565065e-09	0.103443593075	0.527109336312	4.44670965362e-06	5.59774619763e-06	0.0015922435974
9.97768497214e-09	0.103443373994	0.527108759676	4.79415301405e-06	6.03512543815e-06	0.00165327884086
1.11696411994e-08	0.103443137795	0.527108137986	5.16874340495e-06	6.50667867472e-06	0.00171665367773
1.25039889973e-08	0.103442883142	0.527107467721	5.57260185292e-06	7.01507594914e-06	0.00178245778156
1.3997738076e-08	0.103442608592	0.527106745086	6.00801509109e-06	7.56319590058e-06	0.0018507842621
1.56699299877e-08	0.103442312592	0.52710596599	6.47744850322e-06	8.15414205932e-06	0.00192172979682
1.75418808148e-08	0.103441993464	0.527105126021	6.98356007856e-06	8.79126041389e-06	0.00199539476759
1.96374528414e-08	0.103441649403	0.527104220424	7.5292154564e-06	9.47815834915e-06	0.00207188340238
2.19833586692e-08	0.10344127846	0.52710324407	8.1175041454e-06	1.02187250631e-05	0.00215130392256
2.46095016507e-08	0.103440878536	0.527102191433	8.75175700928e-06	1.10171535781e-05	0.00223376869568
2.75493569753e-08	0.103440447366	0.527101056551	9.43556511772e-06	1.18779644704e-05	0.00231939439418
3.08403982629e-08	0.10343998251	0.527099833001	1.01728000689e-05	1.2806031452e-05	0.00240830216007
3.45245750957e-08	0.103439481335	0.527098513854	1.09676358987e-05	1.38066089497e-05	0.00250061777596
3.86488475695e-08	0.103438941004	0.527097091642	1.18245726998e-05	1.48853618366e-05	0.00259647184251
4.32657846712e-08	0.10343835846	0.527095558313	1.27484620846e-05	1.60483974849e-05	0.00269599996276
4.84342340981e-08	0.103437730403	0.527093905187	1.37445346355e-05	1.73023003183e-05	0.00279934293335
5.4220072047e-08	0.10343705328	0.527092122905	1.48184294971e-05	1.86541690631e-05	0.00290664694312
6.06970425156e-08	0.103436323257	0.527090201377	1.59762262776e-05	2.01116569041e-05	0.00301806377918
6.79476967971e-08	0.103435536202	0.527088129726	1.722447944e-05	2.16830147746e-05	0.00313375104086
7.6064445122e-08	0.103434687661	0.527085896224	1.85702553749e-05	2.33771380217e-05	0.00325387236173
8.5150733827e-08	0.10343377283	0.527083488228	2.00211723668e-05	2.52036167139e-05	0.0033785976401
9.53223630243e-08	0.103432786533	0.527080892108	2.15854436767e-05	2.71727898704e-05	0.0035081032782
1.0670896153e-07	0.103431723187	0.527078093169	2.32719239845e-05	2.92958039192e-05	0.00364257243049
1.19455637804e-07	0.103430576775	0.527075075567	2.50901594531e-05	3.15846757135e-05	0.00378219526123
1.33724827895e-07	0.103429340811	0.527071822225	2.70504416954e-05	3.40523604599e-05	0.00392716921197
1.49698363872e-07	0.103428008299	0.527068314729	2.91638659475e-05	3.67128249406e-05	0.00407769927895
1.67579789026e-07	0.103426571702	0.527064533228	3.1442393776e-05	3.95811264421e-05	0.00423399830106
1.87596949265e-07	0.103425022891	0.527060456322	3.38989206707e-05	4.2673497831e-05	0.00439628725867
2.10004893601e-07	0.103423353103	0.527056060939	3.65473489034e-05	4.60074392581e-05	0.00456479558356
2.35089120554e-07	0.103421552894	0.527051322209	3.94026660603e-05	4.96018170016e-05	0.00473976148065
2.63169211699e-07	0.10341961208	0.527046213318	4.2481029689e-05	5.3476970006e-05	0.00492143226164
2.94602898431e-07	0.103417519684	0.52704070536	4.57998585351e-05	5.76548247112e-05	0.00511006469122
3.29790613545e-07	0.103415263874	0.527034767173	4.93779308775e-05	6.2159018816e-05	0.00530592534619
3.6918058534e-07	0.103412831892	0.527028365164	5.32354905138e-05	6.70150346663e-05	0.00550929098792
4.13274538787e-07	0.103410209989	0.527021463118	5.73943609875e-05	7.22503430137e-05	0.00572044894866
4.62634075993e-07	0.10340738334	0.527014021995	6.18780686942e-05	7.78945579458e-05	0.00593969753224
5.17887816735e-07	0.103404335969	0.527005999711	6.67119755539e-05	8.3979603852e-05	0.00616734642948
5.79739389409e-07	0.10340105065	0.526997350897	7.19234219875e-05	9.05398953524e-05	0.006403717149
6.48976373465e-07	0.103397508819	0.526988026647	7.75418809935e-05	9.76125311907e-05	0.0066491434638
7.26480306318e-07	0.103393690462	0.526977974243	8.35991241791e-05	0.000105237503166	0.00690397187425
8.13237881148e-07	0.10338957401	0.526967136855	9.01294006675e-05	0.00011345792126	0.00716856208793
9.10353476871e-07	0.103385136211	0.526955453223	9.71696298716e-05	0.000122320256206	0.00744328751692
1.01906317831e-06	0.103380352005	0.526942857316	0.000104759609198	0.000131874600837	0.00772853579309
1.14075046321e-06	0.103375194381	0.526929277954	0.00011294223783	0.000142174951654	0.00802470930192
1.27696375349e-06	0.103369634226	0.526914638414	0.000121763757813	0.000153279512151	0.00833222573549
1.42943605157e-06	0.103363640165	0.526898855999	0.000131274013779	0.000165251019582	0.00865151866511
1.60010690827e-06	0.103357178381	0.52688184157	0.000141526732723	0.000178157096929	0.00898303813425
1.79114699805e-06	0.103350212431	0.526863499051	0.000152579825353	0.000192070632012	0.00932725127237
2.00498560938e-06	0.103342703039	0.526843724891	0.000164495710681	0.000207070185784	0.00968464293002
2.24434139436e-06	0.103334607882	0.52682240748	0.000177341665582	0.000223240432043	0.0100557163361
2.51225676183e-06	0.103325881349	0.526799426532	0.000191190201244	0.000240672630906	0.0104409937778
2.81213634291e-06	0.103316474295	0.526774652409	0.000206119468517	0.000259465138623	0.0108410173031
3.14779000809e-06	0.103306333763	0.526747945398	0.000222213694351	0.000279723956434	0.0112563494475
3.52348097066e-06	0.103295402693	0.526719154937	0.000239563651645	0.000301563321405	0.011687573985
3.94397957315e-06	0.103283619607	0.526688118772	0.000258267165026	0.000325106342387	0.0121352967029
4.41462342265e-06	0.103270918274	0.526654662062	0.00027842965521	0.000350485684424	0.0126001462028
4.94138461776e-06	0.103257227338	0.526618596404	0.000300164724838	0.000377844305235	0.0130827747262
5.53094489515e-06	0.103242469936	0.526579718791	0.000323594788836	0.000407336247579	0.0135838590066
6.19077961912e-06	0.103226563269	0.526537810494	0.000348851752588	0.000439127491619	0.0141041011478
6.92925164287e-06	0.10320941816	0.526492635852	0.000376077741418	0.000473396871662	0.0146442295282
7.75571618738e-06	0.103190938559	0.526443940975	0.000405425885124	0.000510337061939	0.0152049997322
8.6806380142e-06	0.103171021031	0.526391452349	0.000437061161555	0.000550155636417	0.015787195508
9.71572231239e-06	0.103149554192	0.526334875342	0.000471161303473	0.000593076207929	0.0163916297523
1.08740608797e-05	0.103126418113	0.526273892587	0.000507917773224	0.000639339652268	0.0170191455215
1.21702953553e-05	0.103101483675	0.526208162261	0.000547536810042	0.000689205423239	0.0176706170688
1.36207994559e-05	0.103074611883	0.526137316219	0.000590240555067	0.000742952965005	0.0183469509073
1.52438823857e-05	0.103045653126	0.52606095801	0.000636268259522	0.000800883228475	0.0190490868984
1.70600158248e-05	0.103014446389	0.52597866073	0.000685877581758	0.00086332029884	0.0197779993638
1.9092087168e-05	0.102980818405	0.525889964734	0.000739345979246	0.00093061314176	0.0205346982212
2.13656819719e-05	0.102944582756	0.525794375173	0.000796972201904	0.00100313747613	0.0213202301416
2.39093988872e-05	0.1029055389	0.52569135936	0.00085907789349	0.00108129778175	0.0221356797263
2.67552007006e-05	0.102863471143	0.525580343944	0.00092600930814	0.0011655294505	0.0229821707026
2.9938805493e-05	0.10281814754	0.52546071189	0.000998139149454	0.00125630109038	0.0238608671338
3.35001223361e-05	0.102769318715	0.525331799239	0.00107586853986	0.00135411699157	0.0247729746437
3.74837364059e-05	0.102716716617	0.525192891655	0.00115962912836	0.0014595197646	0.0257197416482
4.19394488805e-05	0.102660053183	0.525043220727	0.00124988534487	0.00157309316074	0.0267024605941
4.69228775306e-05	0.102599018929	0.524881960018	0.00134713681001	0.00169546508494	0.0277224691975
5.24961244826e-05	0.102533281447	0.524708220861	0.00145192090897	0.00182731081216	0.0287811516781
5.8728518261e-05	0.102462483813	0.524521047863	0.00156481553857	0.00196935641782	0.0298799399826
6.56974378784e-05	0.1023862429	0.52431941413	0.00168644203676	0.00212238243329	0.0310203149907
7.34892274558e-05	0.102304147606	0.524102216178	0.00181746830362	0.00228722773721	0.0322038076959
8.2200210604e-05	0.102215756968	0.52386826853	0.00195861212309	0.00246479369346	0.0334320003514
9.19378145936e-05	0.102120598193	0.523616297979	0.00211064469446	0.00265604854581	0.0347065275717
0.000102821815165	0.102018164577	0.523344937511	0.00227439438218	0.00286203207931	0.0360290773781
0.000114985713691	0.101907913339	0.523052719873	0.00245075069225	0.00308386055711	0.0374013921753
0.000128578259273	0.101789263344	0.522738070776	0.00264066848271	0.00332273194067	0.0388252696445
0.000143765129242	0.101661592746	0.522399301732	0.00284517241483	0.00357993139989	0.0403025635369
0.000160730782407	0.101524236532	0.522034602513	0.00306536165028	0.0038568371176	0.0418351843494
0.000179680500226	0.101376483993	0.521642033236	0.00330241479824	0.00415492639087	0.0434250998622
0.000200842631878	0.10121757612	0.521219516074	0.00355759511438	0.00447578202857	0.0450743355163
0.00022447105988	0.101046702943	0.520764826601	0.00383225595111	0.00482109904128	0.0467849746053
0.000250847903491	0.100863000825	0.520275584779	0.00412784645607	0.00519269161534	0.0485591582547
0.000280286477482	0.100665549738	0.519749245616	0.00444591751175	0.00559250035797	0.0503990851579
0.00031313452402	0.100453370536	0.519183089516	0.00478812790563	0.00602259979433	0.0523070110358
0.000349777735216	0.100225422264	0.518574212352	0.00515625071488	0.00648520609032	0.0542852477835
0.000390643583294	0.099980599531	0.517919515323	0.00555217988418	0.006982684967	0.0563361622634
0.000436205474278	0.0997177299909	0.51721569464	0.00597793696838	0.00751755976235	0.0584621747027
0.000486987239363	0.0994355719851	0.516459231123	0.00643567800413	0.00809251958557	0.0606657566467
0.000543567975658	0.0991328123968	0.5156463798	0.00692770046554	0.00871042749599	0.0629494284174
0.000606587346071	0.0988080643588	0.51477793986	0.00745645024881	0.00937433020614	0.0653157560229
0.000676752493324	0.0984598603098	0.513865872013	0.0080245239334	0.0100874895057	0.0677673251926
0.000754839711544	0.0980866694463	0.512886570992	0.00863466247337	0.0108533333059	0.0703066841798
0.00084170482251	0.0976868764646	0.511835403046	0.00928979483654	0.0116755037999	0.0729365011519
0.000938288474059	0.0972587894979	0.510707465854	0.0099930245544	0.0125578555624	0.0756594692911
0.00104562304558	0.0968006409887	0.509497580985	0.0107476354846	0.0135044615721	0.0784782998552
0.00116483981392	0.0963105894681	0.508200287546	0.0115570969619	0.0145196182594	0.0813957142675
0.00129717632158	0.0957867223924	0.506809837323	0.0124250681667	0.0156078493312	0.0844144351573
0.00144398387066	0.0952270601976	0.505320191733	0.0133554015167	0.0167739080891	0.0875371762746
0.00160673504485	0.0946295617436	0.503725020958	0.014352144863	0.018022777922	0.0907666311984
0.00178703113709	0.0939921313327	0.50201770568	0.0154195422464	0.0193596706162	0.0941054607641
0.00198660933352	0.0933126274906	0.500191341847	0.0165620329451	0.0207900220862	0.0975562791387
0.00220734947325	0.0925888737071	0.498238748966	0.0177842485164	0.022319485088	0.101121638476
0.00245128017035	0.0918186713311	0.496152482432	0.0190910075118	0.0239539184394	0.104804012096
0.0027205840484	0.0909998148105	0.493924850462	0.0204873075213	0.0256993722323	0.108605776147
0.00301760179983	0.0901301094562	0.491547936185	0.0219783141803	0.027562068486	0.112529189708
0.00334483474378	0.0892073918883	0.489013625501	0.0235693467586	0.0295483766645	0.116576373343
0.00370494551712	0.0882295532943	0.486313641288	0.0252658599384	0.0316647834577	0.120749286097
0.00410075649704	0.0871945655858	0.483439584543	0.0270734213868	0.0339178562149	0.125049700986
0.00453524552049	0.0861005104891	0.48038298302	0.0289976847354	0.0363141994273	0.129479179062
0.00501153843984	0.0849456115338	0.477135347841	0.0310443576	0.0388604036736	0.134039042147
0.0055328982911	0.0837282683299	0.473689574935	0.033219164307	0.0415629884779	0.13873034441
0.00610271254699	0.0824470894229	0.470040370535	0.0355277972516	0.0444283573588	0.143553829814
0.00672446514779	0.0811009478411	0.466175547432	0.0379758593467	0.0474626643896	0.14850988506
0.00740171964265	0.0796890045736	0.46208728737	0.0405688421644	0.0506717693856	0.153598578428
0.00813808642028	0.0782107578902	0.457768166311	0.0433120472101	0.0540611345733	0.15881958952
0.00893718678408	0.0766660863149	0.453211262429	0.0462105197261	0.0576357207375	0.164172179165
0.0098026111675	0.0750552911326	0.448410271448	0.0492689770706	0.0613998748471	0.16965516023
0.0107378714735	0.0733791373773	0.443359628216	0.0524917321883	0.0653572099455	0.17526686991
0.0117463477096	0.0716388921076	0.438054633017	0.0558826129021	0.069510478461	0.181005144096
0.0128312226349	0.0698363680289	0.432476056276	0.0594448779987	0.0738613990976	0.186867294456
0.0139953982738	0.0679739754565	0.426618668087	0.063181252718	0.0784103137995	0.19285029514
0.0152415214707	0.0660546247647	0.420498318857	0.0670937513979	0.0831566791985	0.198950603037
0.0165718176559	0.0640818823473	0.414115165716	0.0711834309282	0.0880984482197	0.205163886825
0.017988051946	0.0620599186349	0.407470870222	0.0754504420761	0.09323205294	0.211485243911
0.0194914593691	0.0599935007807	0.400568701204	0.0798939528326	0.0985522882051	0.217909201365
0.0210826468613	0.0578880083679	0.393368819142	0.0845120792799	0.104052039571	0.224429723415
0.0227614339997	0.0557494945301	0.385868712092	0.0893023172426	0.109721309254	0.231040944953
0.0245272460552	0.0535841697792	0.378129923033	0.094261153148	0.115549817495	0.237736666751
0.0263786008442	0.0513988970951	0.37016330715	0.0993833081338	0.121524939768	0.24450937316
0.028313227571	0.0492009066846	0.361981559576	0.104662303164	0.127632143728	0.251351096586
0.0303278006416	0.0469979525527	0.35346983404	0.110090451148	0.133853778389	0.258253460169
0.0324183063458	0.0447978038446	0.34470984022	0.115660743562	0.140169610094	0.265210149393
0.0345803721709	0.0426080019906	0.335784965777	0.121364225338	0.146560439891	0.272213483794
0.0368085834906	0.0404363862891	0.326715585863	0.127189952245	0.153004814887	0.279254363265
0.0390965389837	0.0382908904427	0.317356378357	0.133125993036	0.159478677486	0.286323517752
0.0414368155957	0.0361794462238	0.307765832564	0.139162408581	0.165952833625	0.293415120518
0.0438229085428	0.0341085299278	0.298106408376	0.145288148399	0.172404517384	0.300522899276
0.0462470871607	0.0320849023412	0.288403838325	0.151489138993	0.178808681373	0.307637744681
0.0487008293419	0.030115090492	0.278573408489	0.157750802257	0.185138216386	0.314750642052
0.0511759870199	0.028204501919	0.268734072756	0.164060544546	0.191367241709	0.321855436258
0.0536642504239	0.0263579768126	0.25893440678	0.170403777192	0.197471726104	0.328944120123
0.0561580523813	0.024579167331	0.249756651416	0.176765401269	0.203432372037	0.33600839335
0.0586578377024	0.022866137307	0.242138798254	0.183117729068	0.209277442943	0.343025295557
0.0611456575144	0.0212278976843	0.234542141446	0.189409284537	0.214975542991	0.3499445861
0.0636122851279	0.0196661719686	0.226981737905	0.195626126395	0.220504842124	0.356757558624
0.0660487923742	0.018182099485	0.219472400127	0.20175482311	0.225845132925	0.363455929447
0.0684477771032	0.0167756339338	0.212280904473	0.207782629796	0.230982884588	0.370031894621
0.0708009024775	0.0154470214539	0.205235471617	0.213690931698	0.235906375588	0.376470703717
0.0730998948626	0.0141960951591	0.198304157679	0.219466695906	0.240600109334	0.382763206805
0.0753382239285	0.0130216076931	0.191516363959	0.225099110582	0.245054575679	0.388902190322
0.0775091768266	0.0119223170996	0.184823610555	0.230577865389	0.249259460052	0.394880438462
0.0796077719593	0.0108961048631	0.178322144553	0.235895431231	0.253209531746	0.400693222056
0.0816289050238	0.00994095865048	0.171935289774	0.24104301233	0.256900432622	0.406333808314
0.0835687326425	0.00905433666594	0.165700328008	0.246015380808	0.260329979951	0.411798784123
0.0854245607792	0.00823332799787	0.159635323819	0.250807695548	0.26350041246	0.417084567829
0.0871937484438	0.00747515120418	0.153698679794	0.255415900865	0.266413479331	0.422187852594
0.0888750704378	0.00677661194775	0.14794730068	0.259838450105	0.269074280478	0.427107579234
0.0904677725525	0.00613454497329	0.142349300941	0.264073415931	0.271490012726	0.43184174558
0.0919716823138	0.00554576974432	0.136891003409	0.268120886484	0.27366812068	0.436390129519
0.0933877252383	0.00500692580603	0.131630375672	0.271982394889	0.275618762654	0.440753735457
0.0947169173564	0.00451486714379	0.126518344852	0.275658785244	0.277352770191	0.444932415493
0.0959609645168	0.00406643026385	0.121550664003	0.279153112887	0.278881221319	0.448928221738
0.0971222772681	0.00365844861232	0.116771604314	0.282469278461	0.280216695112	0.452743942983
0.098203359624	0.00328796298277	0.11214535729	0.285610595011	0.281372233928	0.456381491234
0.099207073388	0.00295211451662	0.107662619821	0.288581866515	0.282360357625	0.459844355336
0.100136669332	0.0026481338928	0.103350070344	0.291388566105	0.283193926061	0.463136729327
0.100995738162	0.0023733508133	0.0992120449508	0.29403580615	0.283886931967	0.466262338303
0.101787578267	0.00212537641264	0.095211234096	0.296528789646	0.284451671548	0.469224994364
0.102515829039	0.00190188983109	0.0913463041462	0.298873869421	0.284900119781	0.472029910855
0.103184402447	0.0017006543837	0.0877291805203	0.301077494277	0.285244682806	0.47468249614
0.103797173038	0.00151959796673	0.084308637575	0.303143465471	0.285499754244	0.477185022244
0.104357243779	0.00135700117178	0.0810042517632	0.305076771653	0.285675278886	0.479541247806
0.104868178858	0.00121112866276	0.0778140913322	0.306884332912	0.285780607797	0.481757417249
0.105333453259	0.00108038242411	0.074736018787	0.308572935452	0.285824488754	0.48383978651
0.105754669084	0.000963775229525	0.0711483929157	0.310149187292	0.285808629465	0.485794584561
0.106137015048	0.000859421750311	0.0676961972771	0.311632797166	0.285734531787	0.487644651101
0.106483732856	0.000766070577358	0.0644006835855	0.313028917018	0.285610580318	0.489395043992
0.106797747146	0.000682617184379	0.0612561699319	0.31434198164	0.285444473152	0.491050021017
0.107081803792	0.000608057637679	0.0582569905187	0.315576304392	0.285243164463	0.492613780738
0.107338470998	0.000541481350358	0.0553975249594	0.316736064539	0.285012903831	0.494090448589
0.107570142306	0.000482063986948	0.0526722232858	0.317825297602	0.284759278516	0.495484064762
0.107779041161	0.000429060601351	0.0500756270443	0.318847888387	0.284487257472	0.496798573819
0.107967226701	0.000381799068707	0.0476023868536	0.319807566312	0.28420123607	0.498037815953
0.108136600494	0.000339673853334	0.0452472767797	0.320707902745	0.283905080708	0.499205519779
0.108288913957	0.000302140139536	0.0430052058694	0.321552310036	0.283602172597	0.500305296573
0.108425776247	0.000268708339741	0.0408712271603	0.322344041992	0.283295450227	0.501340635834
0.108548662428	0.00023893898452	0.0388405444665	0.32308619556	0.28298745008	0.50231490207
0.108658921752	0.000212437991306	0.0369085172153	0.323781713491	0.282680345312	0.503231332687
0.108757785932	0.000188852302773	0.0350706635892	0.324433387812	0.2823759822	0.504093036887
0.108846377293	0.000167865881428	0.0333226622031	0.32504386393	0.282075914238	0.50490299544
0.108925716709	0.000149196043895	0.0316603525278	0.325615645229	0.281781433813	0.505664061252
0.108996731277	0.000132590116305	0.0300797342467	0.326151098042	0.281493601483	0.506378960616
0.109060261655	0.000117822390981	0.0285769657169	0.326652456866	0.281213272862	0.507050295053
0.109117069051	0.000104691364019	0.0271483616819	0.32712182977	0.280941123217	0.507680543661
0.109167841826	9.3017233327e-05	0.0257903903718	0.327561203872	0.280677669839	0.508272065885
0.109213201703	8.26396370314e-05	0.0244996701064	0.327972450859	0.280423292324	0.508827104633
0.109253709574	7.34156127505e-05	0.0232729655039	0.328357332475	0.280178250874	0.509347789678
0.109289870914	6.52177591076e-05	0.0221071833842	0.328717505945	0.279942702742	0.509836141279
0.109321826286	5.80033240949e-05	0.0204460653129	0.329054528916	0.279715638556	0.510294073957
0.109350133972	5.16372193111e-05	0.0187305158411	0.3293787578	0.279488678416	0.510735523272
0.109375436924	4.59683877381e-05	0.0171585081815	0.329693946503	0.279260313269	0.511165526185
0.109398050164	4.09209513779e-05	0.0157139739123	0.330000336309	0.279031411861	0.511584353306
0.109418252816	3.64279600396e-05	0.0143858922866	0.330298242866	0.278802640745	0.511992379066
0.109436304876	3.24275384164e-05	0.0131698245606	0.330587999842	0.278574578514	0.512390005508
0.109452433415	2.88658299665e-05	0.0120563623774	0.330869822922	0.27834780529	0.512777475458
0.109466844543	2.56942331446e-05	0.0110422377054	0.331143922959	0.278122831043	0.51315502712
0.109479718525	2.2870379427e-05	0.0101146902691	0.33141037081	0.277900214633	0.513522707433
0.109491216552	2.0356553252e-05	0.00926494691166	0.331669335408	0.277680349329	0.513880699867
0.109501484619	1.81187778431e-05	0.00848649956517	0.331921022481	0.27746353761	0.514229240806
0.109510655509	1.61263257049e-05	0.00777862334827	0.332165632626	0.277250040131	0.514568561825
0.109518845534	1.43523704753e-05	0.00713175628487	0.332403194837	0.277040231422	0.514898658143
0.109526156886	1.27734161841e-05	0.00653862876872	0.332633836721	0.276834338054	0.515219663096
0.109532683216	1.1368053559e-05	0.00599478492838	0.332857757084	0.276632485096	0.515531811087
0.109538508306	1.01172129212e-05	0.00549629737941	0.333075149339	0.276434768417	0.515835331342
0.109543708138	9.00368653329e-06	0.00504132387363	0.333286195339	0.27624126802	0.516130439202
0.1095483483	8.01265482491e-06	0.00462398535427	0.333490988006	0.276052116821	0.516417227546
0.109552488677	7.13065398707e-06	0.00424117286851	0.333689710865	0.275867337128	0.516695917826
0.109556182797	6.34569794738e-06	0.00389003360799	0.333882542243	0.27568693431	0.516966726336
0.109559478494	5.64711658429e-06	0.00356794991986	0.334069655398	0.275510899034	0.517229864282
0.109562417976	5.02552470872e-06	0.00327072442815	0.334251218637	0.275339207465	0.517485537873
0.109565039517	4.4724488433e-06	0.00299749502705	0.334427495913	0.275171726446	0.517734090149
0.109567377906	3.98022158721e-06	0.00274708069361	0.334598687545	0.275008374335	0.517975776767
0.109569462903	3.54229401432e-06	0.00251464409242	0.334764939366	0.274849106771	0.518210778303
0.109571321394	3.15277270204e-06	0.00230024839726	0.334926587574	0.27469367909	0.518439546451
0.10957297901	2.80607378066e-06	0.00210412578637	0.335083881097	0.27454192942	0.518662411929
0.10957445713	2.49754218224e-06	0.00192276236631	0.335236936637	0.274393813659	0.518879519866
0.109575772939	2.22343070755e-06	0.00175175821974	0.335386022186	0.274249122209	0.519091231513
0.109576946615	1.97939814016e-06	0.00159595905905	0.335531709176	0.274107351854	0.519298341788
0.109577993463	1.76214475539e-06	0.00145401343491	0.3356740747	0.273968477275	0.519500945517
0.109578926194	1.56892981546e-06	0.0013184293699	0.335813194136	0.273832466099	0.519699135796
0.10957975553	1.39744135495e-06	0.00119111701285	0.335949802764	0.273698619331	0.519893947957
0.109580495533	1.24469504146e-06	0.00107609686538	0.336084489224	0.273566395622	0.520086212318
0.109581155809	1.10864285596e-06	0.00097218232646	0.336217280393	0.273435800452	0.520275959535
0.10958173756	9.88974587529e-07	0.000826267135621	0.336348202788	0.273306811689	0.520463219964
0.109582236455	8.86516130703e-07	0.000671124145155	0.336485607465	0.273171064383	0.520659948609
0.109582684425	7.94676001328e-07	0.000545116022891	0.336637223586	0.273020935636	0.520877258642
0.109583086743	7.12353793128e-07	0.000442771023733	0.336804517181	0.272854977022	0.52111732497
0.109583448133	6.38563125367e-07	0.00035964505815	0.336989104679	0.272671587888	0.521382557065
0.109583772831	5.72419830003e-07	0.000292128690235	0.337192768159	0.2724690003	0.521675625296
0.109584065617	5.12932222561e-07	0.000242431300744	0.337417472097	0.272245265708	0.521999490447
0.109584338886	4.57575583416e-07	0.000215900882032	0.337660046694	0.2720035949	0.522349726695
0.109584587272	4.07420491343e-07	0.000196301218919	0.337903032479	0.271761429632	0.522701197716
0.109584809143	3.62762046015e-07	0.000178480475398	0.338141001325	0.271524192843	0.523046035545
0.109585007315	3.22997971308e-07	0.000162277232855	0.338374056372	0.271291790899	0.523384352667
0.10958518431	2.8759196717e-07	0.000147544714811	0.338602298666	0.271064131247	0.523716260158
0.109585342298	2.5608255154e-07	0.000133998098394	0.338825827193	0.270841122216	0.524041867684
0.109585483377	2.28028401158e-07	0.000121677580077	0.339044999241	0.270622413552	0.524361663643
0.109585609365	2.0304721376e-07	0.000110489695421	0.339259933403	0.270407892765	0.524675791248
0.109585721871	1.80802439393e-07	0.000100330341345	0.339470711319	0.270197483601	0.524984341152
0.109585822332	1.60994379902e-07	9.11049807118e-05	0.339677413067	0.269991110784	0.525287402921
0.109585912033	1.43356154681e-07	8.27277636127e-05	0.339880117197	0.269788700056	0.525585065032
0.109585992122	1.27650107917e-07	7.51207293397e-05	0.340078900758	0.269590178197	0.525877414874
0.109586063722	1.1364572712e-07	6.84077497317e-05	0.340273839325	0.269395473364	0.526164538751
0.109586127644	1.01175494762e-07	6.23064956804e-05	0.340464432726	0.269205088429	0.526445674136
0.109586184696	9.00734308639e-08	5.67493195313e-05	0.340650738113	0.26901896893	0.52672087854
0.109586235614	8.01894504374e-08	5.16877132479e-05	0.340832851663	0.26883702113	0.526990268233
0.109586281054	7.13902551983e-08	4.70667339619e-05	0.341010867412	0.268659153164	0.527253957586
0.109586321581	6.3560888245e-08	4.28169998298e-05	0.341184917779	0.268485234488	0.527512119176
0.109586357748	5.65900721157e-08	3.89509276994e-05	0.341355268472	0.268315001215	0.527765125161
0.109586390022	5.03836724149e-08	3.54338868422e-05	0.341521997915	0.268148376464	0.528013071459
0.10958641882	4.48578743486e-08	3.22343717655e-05	0.341685182878	0.267985284843	0.528256052494
0.109586444516	3.99380516367e-08	2.93237202523e-05	0.341844898513	0.267825652427	0.528494161202
0.109586467438	3.55586229089e-08	2.66643644529e-05	0.342001218389	0.267669406729	0.528727489051
0.109586487889	3.16595370699e-08	2.42449930268e-05	0.342154284045	0.267516407201	0.528956230003
0.109586506135	2.81879543528e-08	2.20451153978e-05	0.342304170992	0.267366579208	0.529180480478
0.109586522413	2.50970077331e-08	2.00448211872e-05	0.342450945081	0.267219857675	0.529400323236
0.109586536934	2.23449675296e-08	1.82260057796e-05	0.342594670808	0.267076178799	0.529615839729
0.109586549889	1.98946783606e-08	1.65722065849e-05	0.342735411337	0.266935480035	0.529827110113
0.109586561444	1.77130577965e-08	1.50684541441e-05	0.342873228532	0.266797700069	0.530034213259
0.109586571751	1.57706499514e-08	1.37011367321e-05	0.343008182978	0.266662778809	0.530237226764
0.109586580945	1.40412279928e-08	1.24578772353e-05	0.343140334011	0.266530657356	0.530436226967
0.109586589146	1.25014402122e-08	1.13274211919e-05	0.343269739744	0.266401277989	0.530631288961
0.109586596474	1.11277378483e-08	1.03502099103e-05	0.343396457088	0.266274584193	0.530822486602
0.109586603015	9.9037050885e-09	9.46864552413e-06	0.343519904661	0.266151157625	0.531008929824
0.109586608846	8.81430025735e-09	8.66215688096e-06	0.343640007382	0.266031073618	0.531190491262
0.109586614045	7.84471783114e-09	7.924351506e-06	0.343756855707	0.265914241966	0.531367294057
0.109586618679	6.98178025968e-09	7.24938110172e-06	0.343870537654	0.265800574873	0.531539458495
0.109586622809	6.21375899152e-09	6.63189523666e-06	0.343981138869	0.265689986889	0.531707102052
0.109586626491	5.53021517085e-09	6.06699897408e-06	0.344088742692	0.265582394855	0.531870339455
0.109586629772	4.92185784434e-09	5.55021410528e-06	0.344193430214	0.265477717834	0.532029282726
0.109586632697	4.38041775399e-09	5.07744368116e-06	0.34429528034	0.265375877061	0.532184041243
0.109586635303	3.89853500298e-09	4.64493956152e-06	0.344394369848	0.265276795885	0.532334721783
0.109586637626	3.46965907017e-09	4.24927272548e-06	0.344490773446	0.26518039971	0.532481428583
0.109586639696	3.08795981596e-09	3.88730610812e-06	0.344584563823	0.265086615943	0.532624263381
0.109586641541	2.74824827155e-09	3.55616974854e-06	0.344675811711	0.264995373943	0.532763325477
0.109586643185	2.44590613647e-09	3.25323805273e-06	0.344764585931	0.264906604968	0.532898711774
0.109586644649	2.17682302694e-09	2.97610899134e-06	0.344850953446	0.264820242124	0.533030516833
0.109586645954	1.93734062345e-09	2.72258506776e-06	0.344934979413	0.264736220317	0.533158832919
0.109586647117	1.72420295897e-09	2.49065590593e-06	0.345016727229	0.264654476207	0.533283750052
0.109586648153	1.53451217288e-09	2.27848232002e-06	0.345096258579	0.264574948157	0.533405356052
0.109586649076	1.36568912984e-09	2.08438174004e-06	0.345173633482	0.264497576193	0.533523736588
0.109586649899	1.21543836868e-09	1.90681487781e-06	0.345248910336	0.264422301957	0.533638975223
0.109586650631	1.08173448815e-09	1.74311909187e-06	0.345322145961	0.264349068662	0.533751153461
0.109586651284	9.62801716049e-10	1.59248124239e-06	0.345393448031	0.264277768667	0.533860431103
0.109586651865	8.5694443699e-10	1.45486033441e-06	0.34546291543	0.264208303115	0.533966954965
0.109586652383	7.62725225661e-10	1.32913165167e-06	0.345530595315	0.264140624876	0.534070792921
0.109586652844	6.78864664066e-10	1.21426764632e-06	0.34559653363	0.264074688026	0.534172011245
0.109586653255	6.04223974448e-10	1.10932954552e-06	0.345660775144	0.264010447817	0.534270674651
0.109586653621	5.37789560869e-10	1.0134596828e-06	0.345723363474	0.263947860649	0.534366846321
0.109586653947	4.78659249691e-10	9.25874491813e-07	0.345784341121	0.263886884037	0.534460587944
0.109586654237	4.26030042284e-10	8.45858105147e-07	0.345843749494	0.263827476585	0.534551959741
0.109586654496	3.79187213792e-10	7.72756506067e-07	0.345901628941	0.263769597959	0.534641020502
0.109586654726	3.37494610013e-10	7.05972185332e-07	0.345958018772	0.263713208859	0.534727827616
0.109586654932	3.00386010749e-10	6.44959259541e-07	0.346012957291	0.263658270991	0.534812437097
0.109586655115	2.67357442418e-10	5.89219011139e-07	0.346066481816	0.263604747045	0.534894903621
0.109586655277	2.3796033561e-10	5.38295813655e-07	0.34611862871	0.263552600667	0.534975280552
0.109586655422	2.11795434716e-10	4.91773408913e-07	0.3461694334	0.263501796437	0.53505361997
0.109586655552	1.88507376994e-10	4.49271505828e-07	0.346218930405	0.263452299841	0.5351299727
0.109586655667	1.67779867488e-10	4.1044267299e-07	0.346267153357	0.263404077253	0.535204388345
0.109586655769	1.49331384309e-10	3.74969499691e-07	0.346314135025	0.263357095909	0.535276915303
0.10958665586	1.32911355999e-10	3.42562002187e-07	0.346359907336	0.263311323887	0.535347600805
0.109586655942	1.18296759081e-10	3.12955254028e-07	0.346404501396	0.263266730084	0.535416490935
0.109586656014	1.05289089623e-10	2.85907221097e-07	0.346447947515	0.263223284195	0.535483630657
0.109586656079	9.37116676914e-11	2.61196783679e-07	0.346490275221	0.263180956693	0.535549063843
0.109586656136	8.34072381256e-11	2.38621929403e-07	0.346531513285	0.26313971881	0.535612833293
0.109586656187	7.42302345349e-11	2.18523034639e-07	0.34657168974	0.263099542516	0.535674980765
0.109586656233	6.60515120381e-11	2.00441682932e-07	0.346610734972	0.263060497428	0.535735396997
0.109586656273	5.87738925316e-11	1.83856369496e-07	0.346648612838	0.263022619691	0.535794024451
0.10958665631	5.22981000881e-11	1.68643321459e-07	0.346685358217	0.262985874426	0.535850915549
0.109586656342	4.6535795558e-11	1.54689005235e-07	0.346721004949	0.262950227795	0.535906121207
0.10958665637	4.14088728127e-11	1.41803927119e-07	0.346755585864	0.262915646971	0.535959690881
0.109586656396	3.68516633943e-11	1.29765004613e-07	0.3467891534	0.262882079516	0.536011704508
0.109586656419	3.27959785217e-11	1.18748127664e-07	0.346821798565	0.262849434423	0.536062301934
0.109586656439	2.91866269356e-11	1.08666533934e-07	0.346853546689	0.262817686362	0.536111521352
0.109586656457	2.59744907502e-11	9.94408259392e-08	0.34688442241	0.262786810698	0.536159399943
0.109586656473	2.31158571601e-11	9.09983459356e-08	0.346914449688	0.26275678347	0.536205973905
0.109586656487	2.0571823678e-11	8.32726038556e-08	0.346943651827	0.262727581376	0.536251278475
0.1095866565	1.83077688167e-11	7.62027537949e-08	0.34697205149	0.262699181753	0.536295347957
0.109586656511	1.62928810104e-11	6.97331149313e-08	0.34699967072	0.262671562559	0.536338215741
0.109586656521	1.44997393722e-11	6.3812733105e-08	0.347026530953	0.262644702358	0.536379914333
0.10958665653	1.29039405809e-11	5.83949796075e-08	0.347052653037	0.262618580302	0.536420475371
0.109586656538	1.14816486677e-11	5.3617052179e-08	0.347078057251	0.262593176114	0.536459929653
0.109586656545	1.02155710478e-11	4.9254886412e-08	0.347102675917	0.26256855747	0.536498171383
0.109586656552	9.08910002867e-12	4.52476047296e-08	0.347126520007	0.262544713399	0.53653521691
0.109586656557	8.08684207142e-12	4.15663368681e-08	0.347149613883	0.262521619542	0.536571103421
0.109586656562	7.19510092136e-12	3.81845610487e-08	0.347171981139	0.262499252301	0.536605866967
0.109586656567	6.40169047521e-12	3.50779129531e-08	0.34719364463	0.262477588824	0.536639542487
0.109586656571	5.69576827917e-12	3.22240102359e-08	0.347214626491	0.262456606976	0.536672163845
0.109586656574	5.06768738361e-12	2.9602291309e-08	0.347234948162	0.262436285316	0.536703763865
0.109586656577	4.50869487298e-12	2.72164262318e-08	0.347254630408	0.26241660308	0.536734374359
0.10958665658	4.01123204879e-12	2.50303952685e-08	0.347273676831	0.262397556666	0.536764000468
0.109586656583	3.56865527835e-12	2.30199420128e-08	0.347292101815	0.262379131689	0.536792664138
0.109586656585	3.17490902317e-12	2.11709649496e-08	0.347309925632	0.262361307879	0.536820396492
0.109586656587	2.82460582735e-12	1.94704950668e-08	0.347327167891	0.262344065627	0.536847227659
0.109586656589	2.51295261362e-12	1.79066049097e-08	0.347343847561	0.262327385963	0.536873186798
0.10958665659	2.23568511015e-12	1.64683249378e-08	0.347359982994	0.262311250535	0.536898302136
0.109586656592	1.98900951122e-12	1.51455665986e-08	0.347375591943	0.26229564159	0.536922600991
0.109586656593	1.76952572898e-12	1.3938770943e-08	0.347390691582	0.262280541955	0.536946109806
0.109586656594	1.57414360263e-12	1.28376303874e-08	0.347405288137	0.262265945402	0.536968837996
0.109586656595	1.40033425197e-12	1.18234761777e-08	0.347419386874	0.262251846669	0.536990793492
0.109586656596	1.2457158039e-12	1.08894369094e-08	0.347433004765	0.26223822878	0.537012002477
0.109586656596	1.10816936383e-12	1.00291839535e-08	0.347446158208	0.26222507534	0.537032490252
0.109586656597	9.85809981597e-13	9.23688858582e-09	0.347458863039	0.262212370512	0.537052281266
0.109586656598	8.7696082277e-13	8.5071825009e-09	0.347471134554	0.262200098998	0.537071399143
0.109586656598	7.80130191464e-13	7.83512144515e-09	0.347482987531	0.262188246023	0.537089866714
0.109586656599	6.9398924633e-13	7.21709484179e-09	0.347494436241	0.262176797314	0.537107706038
0.109586656599	6.17295948075e-13	6.65836570794e-09	0.347505492996	0.262165740561	0.537124936131
0.1095866566	5.49077981359e-13	6.14289115283e-09	0.347516153195	0.262155080364	0.537141549666
0.1095866566	4.88398757233e-13	5.66732266914e-09	0.347526431057	0.262144802502	0.537157568652
0.1095866566	4.34425184856e-13	5.22857096085e-09	0.347536340295	0.262134893265	0.537173014319
0.109586656601	3.86416234705e-13	4.82378587844e-09	0.347545894126	0.262125339435	0.53718790714
0.109586656601	3.43712765528e-13	4.45033790731e-09	0.347555105296	0.262116128266	0.537202266861
0.109586656601	3.05728475415e-13	4.10580108882e-09	0.347563986092	0.26210724747	0.537216112525
0.109586656601	2.71941852776e-13	3.78793726347e-09	0.347572548363	0.2620986852	0.537229462499
0.109586656601	2.41887639695e-13	3.49563627409e-09	0.347580803532	0.262090430032	0.537242334494
0.109586656602	2.15149088557e-13	3.22671648897e-09	0.347588760392	0.262082473172	0.537254742133
0.109586656602	1.91366222232e-13	2.97848445479e-09	0.347596427554	0.262074806011	0.537266698755
0.109586656602	1.70212322561e-13	2.74934871352e-09	0.347603815562	0.262067418003	0.537278220725
0.109586656602	1.51396785908e-13	2.5378402306e-09	0.347610934579	0.262060298986	0.53728932382
0.109586656602	1.34661131232e-13	2.34260297787e-09	0.347617794398	0.262053439167	0.537300023244
0.109586656602	1.19775449406e-13	2.16238524083e-09	0.347624404456	0.26204682911	0.53731033365
0.109586656602	1.06535245002e-13	1.99603159452e-09	0.347630773844	0.262040459722	0.537320269162
0.109586656602	9.4758627155e-14	1.84247549662e-09	0.347636911325	0.262034322241	0.537329843392
0.109586656602	8.42838109404e-14	1.70073245023e-09	0.347642825342	0.262028408225	0.53733906946
0.109586656602	7.49668949294e-14	1.56989369269e-09	0.347648524029	0.262022709538	0.537347960011
0.109586656602	6.66798844013e-14	1.44912036971e-09	0.347654015226	0.26201721834	0.53735652723
0.109586656602	5.93089330597e-14	1.33763815771e-09	0.347659306488	0.262011927078	0.537364782863
0.109586656602	5.27527791015e-14	1.23473229983e-09	0.347664405094	0.262006828473	0.537372738228
0.109586656602	4.69207926215e-14	1.14041592096e-09	0.347669318057	0.26200191551	0.537380404234
0.109586656603	4.17217101232e-14	1.05772523226e-09	0.347674049286	0.261997184281	0.537387786948
0.109586656603	3.70987110802e-14	9.81030322189e-10	0.347678585174	0.261992648394	0.537394865102
0.109586656603	3.29879631862e-14	9.09896452444e-10	0.347682933783	0.261988299784	0.537401651248
0.109586656603	2.93327069277e-14	8.43920405714e-10	0.347687102847	0.26198413072	0.537408157424
0.109586656603	2.60824719103e-14	7.82728200327e-10	0.347691099778	0.261980133789	0.53741439517
0.109586656603	2.31923800165e-14	7.25972970564e-10	0.347694931682	0.261976301885	0.537420375553
0.109586656603	2.06225257717e-14	6.73333000648e-10	0.347698605373	0.261972628194	0.537426109183
0.109586656603	1.8337425366e-14	6.24509901278e-10	0.347702127383	0.261969106185	0.537431606235
0.109586656603	1.63055267251e-14	5.79226918356e-10	0.347705503973	0.261965729595	0.537436876463
0.109586656603	1.4498773864e-14	5.37227364338e-10	0.347708741148	0.261962492419	0.53744192922
0.109586656603	1.28922195121e-14	4.98273163313e-10	0.347711844665	0.261959388903	0.537446773474
0.109586656603	1.14636806585e-14	4.62143501564e-10	0.34771482004	0.261956413528	0.537451417825
0.109586656603	1.01923133819e-14	4.29471671732e-10	0.347717672565	0.261953561003	0.537455870516
0.109586656603	9.06170304184e-15	3.99209446901e-10	0.347720401676	0.261950831892	0.537460130655
0.109586656603	8.05650828633e-15	3.71079601275e-10	0.347723011988	0.261948221579	0.537464205436
0.109586656603	7.16281717009e-15	3.44931881664e-10	0.347725508675	0.261945724893	0.537468102919
0.109586656603	6.36826094441e-15	3.20626621956e-10	0.34772789668	0.261943336888	0.537471830816
0.109586656603	5.66184287808e-15	2.98033997155e-10	0.347730180735	0.261941052833	0.537475396502
0.109586656603	5.03378606615e-15	2.77033329976e-10	0.347732365365	0.261938868203	0.537478807033
0.109586656603	4.47539812027e-15	2.57512446291e-10	0.347734454898	0.26193677867	0.537482069157
0.109586656603	3.97895086822e-15	2.39367075997e-10	0.347736453472	0.261934780095	0.53748518933
0.109586656603	3.53757339758e-15	2.22500296091e-10	0.347738365048	0.26193286852	0.537488173726
0.109586656603	3.14515696354e-15	2.06822012986e-10	0.347740193412	0.261931040155	0.537491028252
0.109586656603	2.79627044476e-15	1.9224848131e-10	0.347741942187	0.261929291381	0.537493758557
0.109586656603	2.48608516836e-15	1.78701888102e-10	0.347743614837	0.261927618731	0.537496370045
0.109586656603	2.21030803381e-15	1.66109911257e-10	0.347745214674	0.261926018894	0.537498867885
0.109586656603	1.9651223132e-15	1.54405207035e-10	0.347746744869	0.261924488699	0.53750125702
0.109586656603	1.74713457136e-15	1.43525255618e-10	0.347748208453	0.261923025115	0.537503542179
0.109586656603	1.55332779758e-15	1.33411942475e-10	0.347749608324	0.261921625244	0.537505727887
0.109586656603	1.38101965006e-15	1.24011247961e-10	0.347750947257	0.261920286311	0.53750781847
0.109586656603	1.22782533224e-15	1.15272958788e-10	0.347752227905	0.261919005663	0.537509818068
0.109586656603	1.09162458699e-15	1.0715039982e-10	0.347753452804	0.261917780764	0.537511730639
0.109586656603	9.70532352089e-16	9.96001847694e-11	0.347754624381	0.261916609187	0.53751355997
0.109586656603	8.62872670722e-16	9.25819844634e-11	0.347755744958	0.26191548861	0.537515309683
0.109586656603	7.67155496052e-16	8.60583114291e-11	0.347756816754	0.261914416814	0.537516983242
0.109586656603	6.8205606873e-16	7.99943196644e-11	0.347757841893	0.261913391675	0.537518583962
0.109586656603	6.06396582005e-16	7.43576185141e-11	0.347758822406	0.261912411162	0.537520115011
0.109586656603	5.39129880666e-16	6.91180996613e-11	0.347759760236	0.261911473332	0.537521579423
0.109586656603	4.793249682e-16	6.42477763084e-11	0.34776065724	0.261910576328	0.537522980096
0.109586656603	4.261541216e-16	5.97206336908e-11	0.347761515196	0.261909718371	0.537524319804
0.109586656603	3.78881433821e-16	5.55125007827e-11	0.347762335804	0.261908897764	0.537525601201
0.109586656603	3.36852628034e-16	5.16008962678e-11	0.347763120689	0.261908112879	0.537526826824
0.109586656603	2.99486015878e-16	4.79649165551e-11	0.347763871407	0.261907362161	0.5375279991
0.109586656603	2.66264427821e-16	4.45851402503e-11	0.347764589444	0.261906644124	0.53752912035
0.109586656603	2.36728062992e-16	4.14435144455e-11	0.347765276223	0.261905957345	0.537530192796
0.109586656603	2.10468125396e-16	3.85232582929e-11	0.347765933105	0.261905300463	0.537531218561
0.109586656603	1.87121166052e-16	3.5808773372e-11	0.347766561391	0.261904672177	0.537532199678
0.109586656603	1.66364052739e-16	3.32855603732e-11	0.347767162327	0.261904071241	0.537533138088
0.109586656603	1.4790949774e-16	3.09401416513e-11	0.347767737103	0.261903496465	0.537534035651
0.109586656603	1.31502081682e-16	2.87599892369e-11	0.347768286857	0.261902946711	0.537534894145
0.109586656603	1.1691471844e-16	2.67334579192e-11	0.347768812679	0.261902420889	0.537535715271
0.109586656603	1.03945512186e-16	2.4849723045e-11	0.347769315611	0.261901917957	0.537536500654
0.109586656603	9.2414963072e-17	2.30987226996e-11	0.347769796649	0.261901436919	0.53753725185
0.109586656603	8.21634828856e-17	2.14711039623e-11	0.347770256746	0.261900976822	0.537537970347
0.109586656603	7.30491862889e-17	1.99581729488e-11	0.347770696814	0.261900536754	0.537538657569
0.109586656603	6.4945927068e-17	1.85518483736e-11	0.347771117725	0.261900115843	0.537539314877
0.109586656603	5.77415518324e-17	1.72446207554e-11	0.347771520313	0.261899713255	0.537539943572
0.109586656603	5.13363487953e-17	1.6029505496e-11	0.347771905375	0.261899328193	0.5375405449
0.109586656603	4.56416670882e-17	1.49000113585e-11	0.347772273674	0.261898959894	0.537541120053
0.109586656603	4.05786895062e-17	1.38501051981e-11	0.34777262594	0.261898607628	0.53754167017
0.109586656603	3.60773419259e-17	1.28741789845e-11	0.347772962871	0.261898270697	0.537542196339
0.109586656603	3.20753234488e-17	1.19670198464e-11	0.347773285134	0.261897948434	0.537542699605
0.109586656603	2.85172441294e-17	1.11237822281e-11	0.347773593369	0.261897640199	0.537543180963
0.109586656603	2.53538583535e-17	1.03399620071e-11	0.347773888185	0.261897345383	0.537543641367
0.109586656603	2.25413832568e-17	9.61137243584e-12	0.347774170167	0.261897063401	0.53754408173
0.109586656603	2.00408927499e-17	8.93412177817e-12	0.347774439873	0.261896793695	0.537544502923
0.109586656603	1.78177787634e-17	8.30459252238e-12	0.347774697839	0.261896535729	0.537544905782
0.109586656603	1.58412722562e-17	7.71942205829e-12	0.347774944574	0.261896288994	0.537545291104
0.109586656603	1.4084017357e-17	7.17548471614e-12	0.347775180569	0.261896052999	0.537545659652
0.109586656603	1.25216927467e-17	6.66987507109e-12	0.34777540629	0.261895827278	0.537546012157
0.109586656603	1.11326750394e-17	6.19989242401e-12	0.347775622185	0.261895611383	0.537546349317
0.109586656603	9.89773950407e-18	5.76302638106e-12	0.347775828681	0.261895404887	0.5375466718
0.109586656603	8.79979393776e-18	5.35694389669e-12	0.347776026188	0.26189520738	0.537546980245
0.109586656603	7.82364225562e-18	4.97947535536e-12	0.347776215096	0.261895018471	0.537547275263
0.109586656603	6.95577400211e-18	4.62860452348e-12	0.347776395782	0.261894837786	0.537547557438
0.109586656603	6.18417742021e-18	4.30245723782e-12	0.347776568601	0.261894664967	0.53754782733
0.109586656603	5.49817320279e-18	3.9992913948e-12	0.347776733897	0.261894499671	0.537548085473
0.109586656603	4.88826668555e-18	3.71748764513e-12	0.347776891997	0.261894341571	0.537548332379
0.109586656603	4.34601643615e-18	3.45554074419e-12	0.347777043215	0.261894190353	0.537548568536
0.109586656603	3.86391742044e-18	3.21205151181e-12	0.347777187849	0.261894045719	0.537548794413
0.109586656603	3.435297129e-18	2.98571935869e-12	0.347777326188	0.26189390738	0.537549010457
0.109586656603	3.05422322618e-18	2.77533533931e-12	0.347777458504	0.261893775064	0.537549217097
0.109586656603	2.7154214435e-18	2.57977569447e-12	0.347777585059	0.261893648508	0.537549414741
0.109586656603	2.41420258107e-18	2.39799584876e-12	0.347777706106	0.261893527462	0.537549603781
0.109586656603	2.14639760664e-18	2.229024831e-12	0.347777821883	0.261893411685	0.537549784591
0.109586656603	1.90829995398e-18	2.07196008789e-12	0.34777793262	0.261893300948	0.537549957531
0.109586656603	1.6966142221e-18	1.92596266303e-12	0.347778038536	0.261893195032	0.537550122942
0.109586656603	1.50841056482e-18	1.79025273609e-12	0.347778139842	0.261893093726	0.537550281153
0.109586656603	1.34108413795e-18	1.66410544718e-12	0.347778236737	0.261892996831	0.537550432476
0.109586656603	1.19231905641e-18	1.54684692274e-12	0.347778329414	0.261892904154	0.537550577212
0.109586656603	1.06005632997e-18	1.43785083061e-12	0.347778418057	0.261892815511	0.537550715647
0.109586656603	9.42465369932e-19	1.33653497205e-12	0.34777850284	0.261892730728	0.537550848056
0.109586656603	8.37918652804e-19	1.24235817197e-12	0.347778583933	0.261892649635	0.537550974701
0.109586656603	7.44969194516e-19	1.15481738831e-12	0.347778661496	0.261892572072	0.537551095832
0.109586656603	6.62330523372e-19	1.07344502499e-12	0.347778735682	0.261892497886	0.53755121169
0.109586656603	5.88858874598e-19	9.97806434335e-13	0.347778806638	0.26189242693	0.537551322505
0.109586656603	5.23537360018e-19	9.27497595389e-13	0.347778874506	0.261892359062	0.537551428496
0.109586656603	4.65461893774e-19	8.62142955861e-13	0.347778939419	0.261892294149	0.537551529873
0.109586656603	4.13828679288e-19	8.01393426132e-13	0.347779001506	0.261892232062	0.537551626836
0.109586656603	3.67923084282e-19	7.44924514607e-13	0.347779060891	0.261892172677	0.537551719578
0.109586656603	3.27109749882e-19	6.92434594456e-13	0.34777911769	0.261892115878	0.537551808284
0.109586656603	2.90823796898e-19	6.43643292489e-13	0.347779172017	0.261892061551	0.537551893127
0.109586656603	2.58563007596e-19	5.9828999155e-13	0.347779223978	0.26189200959	0.537551974277
0.109586656603	2.29880874677e-19	5.56132444607e-13	0.347779273678	0.26189195989	0.537552051895
0.109586656603	2.04380421307e-19	5.16945466914e-13	0.347779321214	0.261891912354	0.537552126133
0.109586656603	1.81708707301e-19	4.80519736233e-13	0.34777936668	0.261891866888	0.53755219714
0.109586656603	1.61551943508e-19	4.46660685794e-13	0.347779410167	0.261891823401	0.537552265055
0.109586656603	1.43631149076e-19	4.15187458651e-13	0.347779451762	0.261891781806	0.537552330014
0.109586656603	1.27698290212e-19	3.85931941647e-13	0.347779491545	0.261891742023	0.537552392146
0.109586656603	1.13532847256e-19	3.5873786744e-13	0.347779529596	0.261891703971	0.537552451572
0.109586656603	1.00938762564e-19	3.33459979812e-13	0.347779565991	0.261891667576	0.537552508411
0.109586656603	8.97417269653e-20	3.09963257783e-13	0.347779600802	0.261891632766	0.537552562776
0.109586656603	7.9786767225e-20	2.8812219441e-13	0.347779634097	0.261891599471	0.537552614775
0.109586656603	7.0936101131e-20	2.67820126387e-13	0.347779665943	0.261891567625	0.53755266451
0.109586656603	6.30672305101e-20	2.48948610898e-13	0.347779696403	0.261891537165	0.537552712079
0.109586656603	5.60712457859e-20	2.31406846376e-13	0.347779725536	0.261891508032	0.537552757578
0.109586656603	4.98513186103e-20	2.15101134068e-13	0.347779753401	0.261891480167	0.537552801096
0.109586656603	4.43213617045e-20	1.99944377553e-13	0.347779780053	0.261891453515	0.53755284272
0.109586656603	3.94048373639e-20	1.85855617517e-13	0.347779805545	0.261891428023	0.537552882532
0.109586656603	3.50336981205e-20	1.72759600705e-13	0.347779829927	0.261891403641	0.53755292061
0.109586656603	3.11474449613e-20	1.60586374013e-13	0.347779853248	0.26189138032	0.537552957031
0.109586656603	2.76922899716e-20	1.49270914065e-13	0.347779875553	0.261891358015	0.537552991866
0.109586656603	2.46204118655e-20	1.38752779718e-13	0.347779896888	0.26189133668	0.537553025185
0.109586656603	2.18892941238e-20	1.28975788717e-13	0.347779917294	0.261891316274	0.537553057054
0.109586656603	1.94611365418e-20	1.19887717597e-13	0.347779936811	0.261891296757	0.537553087535
0.109586656603	1.73023320531e-20	1.11440022735e-13	0.347779955479	0.261891278089	0.537553116689
0.109586656603	1.53830015896e-20	1.03587581055e-13	0.347779973334	0.261891260234	0.537553144574
0.109586656603	1.36765805377e-20	9.62884490051e-14	0.347779990411	0.261891243156	0.537553171245
0.109586656603	1.21594510698e-20	8.95036385182e-14	0.347780006746	0.261891226822	0.537553196755
0.109586656603	1.08106152602e-20	8.31969087573e-14	0.347780022369	0.261891211199	0.537553221154
0.109586656603	9.61140446168e-21	7.73345725372e-14	0.347780037312	0.261891196256	0.537553244492
0.109586656603	8.5452209216e-21	7.18853163855e-14	0.347780051605	0.261891181963	0.537553266813
0.109586656603	7.59730805915e-21	6.68200332831e-14	0.347780065275	0.261891168293	0.537553288163
0.109586656603	6.75454622629e-21	6.21116671893e-14	0.34778007835	0.261891155218	0.537553308583
0.109586656603	6.00527112433e-21	5.77350685239e-14	0.347780090856	0.261891142711	0.537553328114
0.109586656603	5.33911236185e-21	5.36668601132e-14	0.347780102818	0.26189113075	0.537553346795
0.109586656603	4.74684992812e-21	4.98853114375e-14	0.347780114259	0.261891119309	0.537553364663
0.109586656603	4.22028657714e-21	4.63702234785e-14	0.347780125202	0.261891108366	0.537553381753
0.109586656603	3.75213437516e-21	4.31028205131e-14	0.347780135668	0.2618910979	0.537553398099
0.109586656603	3.33591383163e-21	4.00656498191e-14	0.347780145679	0.261891087889	0.537553413733
0.109586656603	2.96586421939e-21	3.72424884522e-14	0.347780155254	0.261891078314	0.537553428687
0.109586656603	2.63686384303e-21	3.46182565913e-14	0.347780164412	0.261891069156	0.53755344299
0.109586656603	2.34435915165e-21	3.21789369905e-14	0.347780173172	0.261891060396	0.53755345667
0.109586656603	2.08430171525e-21	2.99115001066e-14	0.34778018155	0.261891052018	0.537553469754
0.109586656603	1.85309219211e-21	2.78038345017e-14	0.347780189564	0.261891044004	0.537553482269
0.109586656603	1.64753051189e-21	2.58446821511e-14	0.347780197228	0.26189103634	0.53755349424
0.109586656603	1.46477158488e-21	2.40235783083e-14	0.347780204559	0.261891029009	0.537553505689
0.109586656603	1.30228592433e-21	2.23307956083e-14	0.347780211571	0.261891021997	0.537553516639
0.109586656603	1.15782463693e-21	2.07572921092e-14	0.347780218278	0.26189101529	0.537553527113
0.109586656603	1.02938829688e-21	1.92946629948e-14	0.347780224692	0.261891008876	0.537553537131
0.109586656603	9.15199272659e-22	1.79350956919e-14	0.347780230827	0.26189100274	0.537553546713
0.109586656603	8.1367712357e-22	1.66713281382e-14	0.347780236696	0.261890996872	0.537553555878
0.109586656603	7.23416725861e-22	1.54966099231e-14	0.347780242309	0.261890991259	0.537553564644
0.109586656603	6.43168824628e-22	1.44046663289e-14	0.347780247677	0.261890985891	0.537553573028
0.109586656603	5.71822743569e-22	1.33896647759e-14	0.347780252812	0.261890980756	0.537553581047
0.109586656603	5.08391012602e-22	1.24461836674e-14	0.347780257723	0.261890975845	0.537553588717
0.109586656603	4.5199570072e-22	1.15691834311e-14	0.34778026242	0.261890971148	0.537553596053
0.109586656603	4.01856264932e-22	1.07539795998e-14	0.347780266913	0.261890966655	0.53755360307
0.109586656603	3.57278747103e-22	9.99621778961e-15	0.347780271211	0.261890962357	0.537553609781
0.109586656603	3.17646169188e-22	9.29185044146e-15	0.347780275321	0.261890958247	0.5375536162
0.109586656603	2.82409993903e-22	8.63711520086e-15	0.347780279252	0.261890954316	0.53755362234
0.109586656603	2.5108253266e-22	8.02851482156e-15	0.347780283012	0.261890950555	0.537553628213
0.109586656603	2.23230195683e-22	7.46279848512e-15	0.347780286609	0.261890946959	0.537553633829
0.109586656603	1.98467490881e-22	6.93694443676e-15	0.347780290049	0.261890943519	0.537553639202
0.109586656603	1.76451688415e-22	6.44814384475e-15	0.347780293339	0.261890940229	0.53755364434
0.109586656603	1.56878077131e-22	5.99378579717e-15	0.347780296486	0.261890937082	0.537553649255
