0.0	0.149412432296	0.727623620821	1.0	0.0	0.0
3.04786233982e-12	0.149412402901	0.727623527866	1.00000003352	3.04786243613e-08	0.0001
3.80398802423e-12	0.149412399462	0.727623516992	1.00000003744	3.53311595265e-08	0.000107666666012
4.74769632834e-12	0.149412395475	0.727623504386	1.00000004198	4.09562722504e-08	0.000115921109668
5.92552347546e-12	0.149412390855	0.727623489774	1.00000004725	4.74769651035e-08	0.000124808393888
7.39555057231e-12	0.149412385498	0.727623472835	1.00000005336	5.5035824422e-08	0.000134377036412
9.23026770618e-12	0.149412379288	0.727623453199	1.00000006044	6.37981376993e-08	0.000144679274664
1.15201485772e-11	0.14941237209	0.727623430437	1.00000006865	7.39555082436e-08	0.000155771350925
1.43781119374e-11	0.149412363746	0.727623404051	1.00000007816	8.57300442636e-08	0.000167713819374
1.79450898383e-11	0.149412354074	0.727623373464	1.00000008919	9.93792164164e-08	0.000180571876659
2.2396977267e-11	0.149412342861	0.727623338007	1.00000010197	1.1520148729e-07	0.000194415717819
2.79533058692e-11	0.149412329863	0.727623296905	1.00000011679	1.33542837829e-07	0.000209320919484
3.4888069474e-11	0.149412314796	0.727623249259	1.00000013397	1.54804332924e-07	0.000225368852461
4.35432352454e-11	0.14941229733	0.727623194028	1.00000015389	1.79450891474e-07	0.000242647125947
5.43456067136e-11	0.149412277083	0.727623130003	1.00000017697	2.08021451979e-07	0.000261250065792
6.78278702266e-11	0.149412253613	0.727623055784	1.00000020373	2.41140757944e-07	0.000281279229432
8.46548626478e-11	0.149412226406	0.727622969749	1.00000023476	2.7953301842e-07	0.000302843960292
1.0565635559e-10	0.149412194868	0.727622870017	1.00000027072	3.24037743664e-07	0.000326061984699
1.31867972806e-10	0.149412158308	0.727622754406	1.0000003124	3.75628103079e-07	0.00035106005454
1.64582258408e-10	0.149412115927	0.727622620389	1.00000036073	4.35432203652e-07	0.000377974639192
2.05412414113e-10	0.149412066799	0.727622465034	1.00000041674	5.04757758606e-07	0.000406952670496
2.56371848421e-10	0.149412009849	0.727622284945	1.00000048168	5.85120681156e-07	0.000438152344826
3.19973460292e-10	0.149411943832	0.727622076185	1.00000055695	6.78278232262e-07	0.00047174398665
3.99353552989e-10	0.149411867305	0.727621834187	1.00000064421	7.86267444663e-07	0.00050791097827
4.98426488158e-10	0.149411778594	0.727621553662	1.00000074535	9.11449664448e-07	0.000546850760837
6.22077705998e-10	0.149411675759	0.727621228473	1.00000086261	1.05656218353e-06	0.000588775912074
7.76404629008e-10	0.149411556552	0.727620851511	1.00000099853	1.22477809233e-06	0.000633915306611
9.69017327725e-10	0.149411418365	0.727620414534	1.00000115609	1.41977566055e-06	0.000682515365227
1.20941377342e-09	0.149411258179	0.727619907985	1.00000133874	1.64581876327e-06	0.000734841399836
1.50944818002e-09	0.149411072489	0.727619320789	1.00000155046	1.90785011031e-06	0.000791179061528
1.88391552705e-09	0.149410857236	0.727618640105	1.0000017959	2.21159931692e-06	0.000851835899553
2.35128108298e-09	0.149410607712	0.727617851052	1.00000208041	2.56370817755e-06	0.000917143039749
2.9345908967e-09	0.149410318463	0.727616936374	1.00000241021	2.97187588237e-06	0.000987456991538
3.6626081458e-09	0.149409983163	0.727615876072	1.00000279253	3.44502734733e-06	0.00106316159332
4.57123136327e-09	0.149409594481	0.727614646962	1.00000323571	3.99350834033e-06	0.00114467010684
5.70526445837e-09	0.149409143919	0.727613222169	1.00000374945	4.62931166316e-06	0.00123242747195
7.12062578588e-09	0.149408621625	0.72761157054	1.00000434498	5.36633933461e-06	0.00132691273391
8.88710515535e-09	0.14940801618	0.727609655964	1.00000503533	6.2207065005e-06	0.00142864165652
1.10918046733e-08	0.149407314346	0.727607436577	1.00000583558	7.21109370844e-06	0.00153816953515
1.38434330049e-08	0.149406500779	0.727604863857	1.00000676323	8.35915524401e-06	0.0016560942249
1.72776646871e-08	0.149405557692	0.727601881553	1.00000783858	9.68999243922e-06	0.00178305940036
2.15638285863e-08	0.149404464468	0.727598424463	1.00000908512	1.12327022904e-05	0.00191975806443
2.69132550553e-08	0.149403197207	0.727594417008	1.00001053012	1.30210133552e-05	0.00206693632519
3.35896930193e-08	0.149401728205	0.727589771576	1.00001220516	1.50940228044e-05	0.00222539746102
4.19223101175e-08	0.149400025352	0.727584386612	1.00001414686	1.74970507e-05	0.002396006296
5.23219161563e-08	0.149398051426	0.727578144402	1.00001639768	2.02826301268e-05	0.00257969390865
6.53012087135e-08	0.149395763282	0.727570908496	1.00001900683	2.35116547485e-05	0.00277746269939
8.15000375524e-08	0.149393110912	0.727562520731	1.00002203133	2.725470878e-05	0.00299039184348
1.01716931233e-07	0.149390036351	0.72755279778	1.0000255373	3.159360832e-05	0.00321964315826
1.26948437021e-07	0.149386472416	0.727541527151	1.00002960138	3.66231875611e-05	0.00346646741554
1.58438208882e-07	0.149382341237	0.727528462544	1.0000343124	4.2453368687e-05	0.00373221113221
1.97738256797e-07	0.149377552563	0.72751331849	1.0000397733	4.9211560383e-05	0.00401832387403
2.46785366957e-07	0.149372001793	0.727495764115	1.00004610344	5.7045436956e-05	0.00432636611048
3.0799644578e-07	0.149365567702	0.72747541594	1.00005344114	6.61261582301e-05	0.0046580176604
3.8438746688e-07	0.1493581098	0.72745182952	1.00006194671	7.66520998117e-05	0.00501508677106
4.79721854033e-07	0.14934946528	0.727424489778	1.00007180597	8.88531741998e-05	0.00539951987563
5.98695570236e-07	0.149339445482	0.727392799793	1.00008323427	0.000102995835765	0.00581341207685
7.47167972044e-07	0.149327831799	0.727356067836	1.00009648119	0.000119388877066	0.00625901840695
9.32449714871e-07	0.149314370939	0.727313492343	1.00011183598	0.000138390140598	0.0067387659167
1.16366176443e-06	0.149298769448	0.727264144541	1.0001296338	0.000160414289198	0.00725526664863
1.45218301259e-06	0.149280687367	0.727206948325	1.00015026308	0.000185941800222	0.00781133155168
1.81220827379e-06	0.149259730906	0.727140656993	1.00017417386	0.000215529373779	0.00840998539638
2.26144374893e-06	0.149235443972	0.727063826334	1.0002018876	0.000249821973997	0.00905448275079
2.82197363184e-06	0.149207298388	0.726974783515	1.00023400844	0.000289566755089	0.00974832507825
3.52133969691e-06	0.149174682592	0.726871591138	1.00027123623	0.000335629161221	0.0104952790175
4.39388581133e-06	0.14913688861	0.72675200572	1.00031438164	0.000389011531457	0.0112993959042
5.4824318048e-06	0.149093097029	0.72661342977	1.00036438358	0.000450874588713	0.0121650325895
6.84035654266e-06	0.149042359691	0.726452856525	1.00042232932	0.000522562245211	0.0130968736071
8.53418903239e-06	0.148983579788	0.726266806243	1.00048947774	0.000605630216728	0.0140999547293
1.06468297241e-05	0.148915488972	0.726051252861	1.00056728616	0.000701879004162	0.0151796879455
1.32815527624e-05	0.148836621109	0.725801539644	1.00065744122	0.000813391873647	0.0163418878762
1.65669748901e-05	0.14874528219	0.725512282296	1.00076189447	0.000942578545298	0.0175927996178
2.06632192384e-05	0.148639515946	0.725177257835	1.00088290333	0.00109222538481	0.0189391279817
2.57695537951e-05	0.14851706462	0.724789277382	1.00102307815	0.00126555298008	0.0203880680577
3.21338464799e-05	0.148375324343	0.724340040827	1.00118543614	0.00146628207414	0.0219473369821
4.00642531877e-05	0.148211294543	0.723819971201	1.00137346322	0.00169870891242	0.0236252067289
4.99436435877e-05	0.14802152081	0.723218026472	1.00159118469	0.00196779114007	0.0254305376684
6.22473735066e-05	0.147802030665	0.722521486434	1.00184324581	0.00227924544669	0.0273728125379
7.75651336227e-05	0.147548261771	0.721715712373	1.00213500339	0.00263965818843	0.0294621703508
9.66277424683e-05	0.147254982219	0.720783877375	1.00247262973	0.00305661020512	0.0317094396191
0.000120339906623	0.146916202789	0.719706665487	1.00286322979	0.00353881697184	0.0341261700832
0.000149820139583	0.146525081334	0.718461938549	1.00331497306	0.00409628504918	0.0367246619182
0.000186449206981	0.14607381998	0.717024370486	1.0038372407	0.00474048548714	0.0395179911188
0.000231928638581	0.145553556421	0.715365050287	1.00444078907	0.00548454434365	0.0425200294419
0.000288350998816	0.14495425153	0.713451056967	1.00513792962	0.00634344973623	0.0457454569084
0.00035828370971	0.144264576691	0.711245012647	1.00594272491	0.0073342737757	0.0492097644233
0.000444868367606	0.143471804811	0.708710795932	1.00687119957	0.0084764088428	0.0529292435705
0.000551937729109	0.142561708655	0.705805958652	1.00794155571	0.00979182667079	0.0569209266276
0.00068414777518	0.141518502326	0.702468160512	1.00917440382	0.0113052715523	0.0612025456353
0.000847133551845	0.140324779911	0.698638055026	1.01059301418	0.0130445211058	0.0657925304514
0.0010476803416	0.138961529939	0.694249853842	1.01222353033	0.0150405770108	0.0707098576222
0.00129391161054	0.137408211223	0.689231185891	1.01409517333	0.0173278138461	0.0759739098941
0.00159548809802	0.135642921184	0.683503164651	1.01624040791	0.0199440504851	0.0816042925678
0.00196380959575	0.133642683848	0.676980741669	1.01869504837	0.0229305086726	0.0876206001833
0.00241220633724	0.131383887351	0.669573437905	1.02149827597	0.0263316151498	0.094042127328
0.00295610118976	0.128842901351	0.6611865554	1.02469253428	0.0301945953062	0.10088751831
0.00361315248945	0.125996775418	0.65187756158	1.02832326574	0.0345691485312	0.108174352253
0.00440332630799	0.122824152257	0.641552521791	1.03243760472	0.0395074438041	0.115916919831
0.00534850135922	0.119307394101	0.629990240064	1.03708434735	0.0450595515497	0.124127328164
0.00647248587863	0.115433022542	0.617103609015	1.04231363581	0.0512740679533	0.132816216019
0.00780049697166	0.111193648544	0.602997215676	1.04817493923	0.0581957411174	0.1419907475
0.00935972015869	0.106586389893	0.588444573107	1.0547138719	0.0658736182883	0.151651198954
0.0111744682761	0.101624404895	0.572470749587	1.06196255452	0.0743336751654	0.161779724428
0.0132682181141	0.0963280219656	0.555052106548	1.06995461967	0.083590582327	0.172366369396
0.0156607533604	0.0907303577241	0.536096823058	1.07871376268	0.0936393748121	0.183394674641
0.0183669428099	0.0848766074105	0.515738372829	1.08825260997	0.104454174336	0.194843306422
0.0213943268511	0.0788251022936	0.493949751515	1.09856748186	0.11598247901	0.206682422213
0.0247412468855	0.0726460042021	0.47085646313	1.1096396414	0.128139031402	0.218878134775
0.0283969685456	0.0664167626715	0.446604024589	1.12143222609	0.140814123496	0.231390894638
0.0323386616863	0.0602223340011	0.421351775634	1.13389047983	0.153859809021	0.244177235623
0.0365349505659	0.054146029826	0.395415497153	1.14694345359	0.16711191175	0.257191964899
0.0409434229789	0.0482699270802	0.369092895934	1.16050275412	0.180378286304	0.270386296291
0.0455210304509	0.0426602903259	0.343781029913	1.17446698298	0.193491858583	0.283710413216
0.0502110052663	0.0373816543026	0.318915340822	1.18868427153	0.206273122712	0.297073653845
0.054963291674	0.0324726797877	0.296063794896	1.20302373853	0.218580671408	0.310410638651
0.0597048195466	0.027977846246	0.273649105036	1.21729128595	0.230230264853	0.323597208375
0.0643601775337	0.0239248352064	0.250492246973	1.23136724332	0.240987007097	0.336579336988
0.0688886488332	0.0203035719591	0.229082598706	1.24521157408	0.250727494844	0.349377153177
0.0732831944019	0.0170781568564	0.212333501549	1.25868476214	0.2595819034	0.361908304477
0.077454099995	0.0142634193252	0.196196207591	1.2714828044	0.267461562941	0.373916370951
0.0813698279478	0.0118263901115	0.182322496596	1.2835479468	0.274352966819	0.38536221455
0.0850041470601	0.00973340534647	0.169859018939	1.29474609317	0.280343892342	0.396120136981
0.0883147816168	0.00796075830951	0.157887237954	1.30500705795	0.285400680352	0.406112593378
0.0912892235598	0.00647278084541	0.1465329183	1.31433980337	0.289548221169	0.4153328351
0.0939278977454	0.00523364698868	0.135877397565	1.32276358298	0.292851610237	0.423780343848
0.0962370928793	0.00421080744783	0.125775041004	1.33030720137	0.295384204151	0.431461179939
0.0982336101331	0.00337275141964	0.116238969208	1.33702022682	0.297234707418	0.438401297228
0.0999411755707	0.00269041795722	0.107591159456	1.34295963791	0.298503058168	0.444634728037
0.101389048124	0.00213722692621	0.0997601983017	1.34817178785	0.299311962013	0.450185176079
0.102601054946	0.00169246782751	0.0924040866632	1.35270824625	0.29974737172	0.455083394402
0.103606351081	0.00133663306374	0.0855142164934	1.35663942234	0.299889333806	0.459383543861
0.104433332325	0.00105315969842	0.0790776890688	1.36003303684	0.299809127197	0.463140743099
0.105108999225	0.000828047771868	0.0733214702849	1.362952843	0.299569403858	0.466409487574
0.105663511209	0.000647896637332	0.0694391797568	1.3654493646	0.299252459582	0.469232677651
0.106109322492	0.000506173525181	0.0657404081119	1.36752717625	0.298913038859	0.471603284972
0.106465654785	0.000394957021342	0.0622213944092	1.3692522412	0.298568053127	0.473586527489
0.106748578175	0.000308006830996	0.0582819448925	1.37068149152	0.298228293566	0.475240491443
0.106963942174	0.000242661093023	0.0506137797504	1.37187610148	0.297859177394	0.476630821534
0.107135640714	0.000191152253903	0.0438038390876	1.3729625388	0.297428199674	0.477901976816
0.107272320948	0.00015058289562	0.0377724255168	1.37395343447	0.296957072324	0.479067319136
0.107381047661	0.000118631133297	0.0324774554483	1.37486020123	0.296462262356	0.48013901382
0.107467504003	9.3460615157e-05	0.0278591934685	1.37569219978	0.295956707299	0.481127018518
0.107536223739	7.36285140924e-05	0.0238588859299	1.37645722862	0.29545030386	0.48203962038
0.107590814882	5.80026851366e-05	0.0204098622906	1.37716167143	0.294950680545	0.482883575589
0.107634159922	4.56908258567e-05	0.0174466240717	1.37781094158	0.294463564068	0.483664610541
0.107668557038	3.59904551218e-05	0.0149063401073	1.37840969765	0.293993136917	0.484387658602
0.107695833768	2.83494740924e-05	0.0127243574558	1.37896205511	0.293542283787	0.485057098049
0.107717458286	2.23295525049e-05	0.0108547381616	1.37947202867	0.293112588926	0.485677276267
0.107734557293	1.75970490263e-05	0.00922143184185	1.37994311796	0.292704836561	0.486251997537
0.107748108768	1.38666779708e-05	0.0078335518156	1.380380294	0.292317752567	0.486786942981
0.107758732943	1.09567981062e-05	0.00640645402611	1.38078597143	0.291951271115	0.487284740945
0.107767011715	8.69997295377e-06	0.00513301850398	1.38117799697	0.291589735056	0.487767081025
0.1077736163	6.90787756361e-06	0.00411264028822	1.38156653412	0.291225479623	0.488246400331
0.107778901609	5.48039332654e-06	0.00335597698214	1.38195160862	0.290859802913	0.48872271039
0.107783174906	4.33156652409e-06	0.00278400035601	1.38232603579	0.290501031711	0.489187066627
0.107786567847	3.42348346219e-06	0.00230946638486	1.38268283551	0.290156641407	0.489630686079
0.107789261181	2.70571760111e-06	0.00191578533816	1.3830228316	0.289826479911	0.490054441116
0.107791398697	2.13839795557e-06	0.00158918902344	1.38334681032	0.289510294056	0.490459172134
0.107793094746	1.69000170427e-06	0.00131825172847	1.38365552196	0.289207756581	0.490845688322
0.107794440239	1.3356077082e-06	0.00109349225415	1.38394968231	0.288918487297	0.49121476844
0.107795507429	1.05551493605e-06	0.000907043388951	1.38422997408	0.288642069641	0.491567161616
0.10779635373	8.34149709084e-07	0.000752377448185	1.38449704842	0.288378063556	0.491903588146
0.10779702225	6.59850209716e-07	0.000610086595369	1.38475152624	0.288126006462	0.492224740308
0.107797516041	5.31490291633e-07	0.000428804679873	1.38499979315	0.287879525669	0.492538614129
0.107797921475	4.26434218715e-07	0.000462006706423	1.38528422452	0.287596559209	0.492898891566
0.1077981233	3.74267948725e-07	0.000184693151426	1.38549615628	0.287385356154	0.493167811999
0.107798425451	2.96475681106e-07	0.000150683930098	1.38596051545	0.28692208659	0.493758462924
0.107798666086	2.34873025621e-07	0.000122824518444	1.38641142631	0.286472041638	0.494333888542
0.107798858974	1.85767841643e-07	0.000102020623607	1.38684971477	0.286034445809	0.494894990778
0.107799012956	1.4677735904e-07	8.36485445131e-05	1.38726712817	0.285617584195	0.495431011794
0.107799132946	1.16548846467e-07	6.70970290448e-05	1.3876694156	0.285215725917	0.495949132796
0.107799229137	9.24365903826e-08	5.46799285923e-05	1.38806766399	0.284817820926	0.496463531639
0.107799307174	7.29719101147e-08	4.57670062841e-05	1.38845527995	0.284430483026	0.496965617082
0.107799369091	5.76018473447e-08	3.83213931703e-05	1.38882092905	0.284065054147	0.497440537729
0.107799418193	4.54676886232e-08	3.20914941965e-05	1.38916569814	0.283720459391	0.497889489524
0.107799457122	3.58886497598e-08	2.68732803543e-05	1.38949072121	0.283395574316	0.49831375521
0.107799487953	2.83326714749e-08	2.24137967397e-05	1.38979713045	0.283089274201	0.498714639248
0.107799511977	2.24668691328e-08	1.81280009366e-05	1.39008719446	0.282799295095	0.499094959954
0.107799531436	1.77333207177e-08	1.51783844836e-05	1.39037159715	0.282514961083	0.499468636021
0.10779954685	1.39966867883e-08	1.27103910687e-05	1.39063973721	0.282246875354	0.49982165255
0.107799559031	1.10538511677e-08	1.04913373762e-05	1.39089250202	0.281994153422	0.500155057881
0.107799568567	8.7569791504e-09	8.60490935558e-06	1.39113436568	0.281752323289	0.500474659034
0.107799576252	6.91173942398e-09	7.20392336111e-06	1.39136799333	0.281518722629	0.500783912167
0.107799582337	5.45491551136e-09	6.03377377497e-06	1.39158827616	0.281298461149	0.50107598361
0.107799587152	4.30521321561e-09	5.05231814801e-06	1.39179586561	0.281090888569	0.501351654952
0.107799590963	3.39781512608e-09	4.2315366746e-06	1.39199154788	0.280895219642	0.501611896815
0.107799593977	2.68185964457e-09	3.53181815552e-06	1.39217595945	0.280710818615	0.501857490311
0.107799596328	2.12446779641e-09	2.87521615722e-06	1.39235036443	0.280536421848	0.502090062193
0.107799598222	1.6765663876e-09	2.40852541607e-06	1.39252007817	0.280366714718	0.502316663253
0.10779959972	1.32308411151e-09	2.01757202218e-06	1.3926799754	0.280206822723	0.502530415016
0.107799600905	1.04411962867e-09	1.69008714276e-06	1.39283062288	0.280056179368	0.50273203079
0.107799601841	8.23964057677e-10	1.41577138958e-06	1.3929725531	0.279914252407	0.502922183713
0.107799602582	6.50224004142e-10	1.18597276183e-06	1.39310626726	0.279780540832	0.503101510129
0.107799603167	5.13093650898e-10	9.93847583164e-07	1.39323224024	0.279654569888	0.503270615677
0.10779960363	4.04872554066e-10	8.32914177099e-07	1.3933508694	0.279535942329	0.503430005884
0.107799603996	3.19475070159e-10	6.98048137417e-07	1.39346257033	0.279424242671	0.503580214225
0.107799604284	2.52086154523e-10	5.85051549925e-07	1.39356774545	0.279319068562	0.50372175972
0.107799604505	2.00724412647e-10	4.54545012853e-07	1.3936667688	0.279220045975	0.503855126111
0.107799604687	1.58373706302e-10	3.81147332535e-07	1.39376825277	0.279118562639	0.503991907224
0.107799604831	1.24956842502e-10	3.1962818705e-07	1.39386374876	0.279023067143	0.504120710901
0.107799604945	9.85896461895e-11	2.68046334509e-07	1.39395360114	0.278933215161	0.504241985154
0.107799605034	7.7785603226e-11	2.24802303871e-07	1.39403813963	0.278848676975	0.504356160435
0.107799605105	6.13659866093e-11	1.88648358569e-07	1.39411767293	0.278769143926	0.504463640683
0.107799605161	4.84121420815e-11	1.58308372764e-07	1.39419244541	0.278694371643	0.504564744614
0.107799605205	3.82125161745e-11	1.3121756217e-07	1.3942627418	0.278624075397	0.504659846961
0.10779960524	3.02341522316e-11	1.08356743723e-07	1.39432968524	0.278557132079	0.504750458934
0.107799605268	2.38478487461e-11	9.10409189688e-08	1.39439382775	0.278492989667	0.504837321599
0.107799605289	1.88104434449e-11	7.64920244557e-08	1.3944540463	0.278432771187	0.504918907753
0.107799605307	1.48370434323e-11	6.42679701425e-08	1.39451058079	0.278376236758	0.50499553556
0.10779960532	1.17026348751e-11	5.40284311718e-08	1.39456365646	0.278323161142	0.505067504275
0.107799605331	9.22865620273e-12	4.54654026411e-08	1.39461345485	0.278273362782	0.505135054738
0.10779960534	7.27766411397e-12	3.82594569899e-08	1.3946601232	0.278226694465	0.505198381866
0.107799605346	5.73910744641e-12	3.21955386742e-08	1.39470385813	0.278182959561	0.505257748241
0.107799605352	4.52564237425e-12	2.7115164715e-08	1.39474484393	0.278141973775	0.5053134003
0.107799605356	3.56777657985e-12	2.28698961162e-08	1.39478322012	0.278103597598	0.505365524182
0.107799605359	2.81263932706e-12	1.9289252757e-08	1.39481909051	0.27806772722	0.505414257938
0.107799605362	2.21732565761e-12	1.62691899861e-08	1.39485261865	0.27803419909	0.505459821157
0.107799605364	1.74794740285e-12	1.37335249332e-08	1.39488395742	0.278002860324	0.50550241932
0.107799605365	1.37746091797e-12	1.16158746104e-08	1.39491322401	0.277973593747	0.505542209692
0.107799605367	1.08549890602e-12	9.82474377763e-09	1.39494049243	0.277946325329	0.505579291131
0.107799605368	8.55418679196e-13	8.30978931647e-09	1.39496589907	0.277920918689	0.505613847515
0.107799605368	6.74089048663e-13	7.03219826097e-09	1.39498957102	0.277897246749	0.505646050309
0.107799605369	5.30981469119e-13	5.9669290982e-09	1.39501161434	0.277875203429	0.505676042622
0.107799605369	4.18254675861e-13	5.06302647968e-09	1.39503207807	0.277854739697	0.505703890103
0.10779960537	3.29459199214e-13	4.29604777825e-09	1.39505107538	0.277835742388	0.505729745811
0.10779960537	2.59514667716e-13	3.6452525217e-09	1.39506871133	0.277818106442	0.505753751923
0.10779960537	2.04899136851e-13	3.03689640395e-09	1.39508508345	0.277801734321	0.505776040509
0.107799605371	1.61552181346e-13	2.57282279284e-09	1.39510059959	0.277786218178	0.505797166277
0.107799605371	1.27161352385e-13	2.19499945584e-09	1.39511504003	0.27777177774	0.505816829608
0.107799605371	1.00091450499e-13	1.87265877346e-09	1.39512836303	0.27775845474	0.5058349732
0.107799605371	7.87840671748e-14	1.59765350516e-09	1.39514065505	0.277746162721	0.505851714361
0.107799605371	6.2012524849e-14	1.36303271536e-09	1.39515199586	0.277734821912	0.505867161365
0.107799605371	4.88112651372e-14	1.16286612612e-09	1.39516245906	0.277724358715	0.505881414146
0.107799605371	3.83991508966e-14	9.96570444191e-10	1.39517211255	0.277714705222	0.505894564938
0.107799605371	3.02044008084e-14	8.54484709536e-10	1.39518097412	0.277705843656	0.505906637728
0.107799605371	2.37584727453e-14	7.32656472678e-10	1.39518910365	0.277697714127	0.505917713902
0.107799605371	1.86881594783e-14	6.28197645618e-10	1.3951965616	0.277690256169	0.505927875671
0.107799605371	1.46998967305e-14	5.38631876535e-10	1.39520340346	0.27768341431	0.505937198474
0.107799605371	1.1562767622e-14	4.61835854439e-10	1.39520968012	0.277677137656	0.505945751534
0.107799605371	9.09074424534e-15	3.975338861e-10	1.39521543825	0.277671379521	0.505953598369
0.107799605371	7.14656563285e-15	3.42313559687e-10	1.39522069764	0.277666120138	0.505960765826
0.107799605371	5.61817339702e-15	2.94763653204e-10	1.39522549922	0.277661318556	0.505967309639
0.107799605371	4.41664724547e-15	2.53818718885e-10	1.39522988285	0.277656934928	0.505973284048
0.107799605371	3.47208322574e-15	2.18561299581e-10	1.3952338849	0.277652932874	0.505978738581
0.107799605371	2.72952698031e-15	1.88201373675e-10	1.39523753859	0.277649279182	0.505983718461
0.107799605371	2.14520261939e-15	1.62488247132e-10	1.39524087424	0.27764594353	0.50598826498
0.107799605371	1.68562977214e-15	1.40404487783e-10	1.39524391068	0.277642907098	0.505992403756
0.107799605371	1.32451216196e-15	1.21322109771e-10	1.39524667189	0.277640145888	0.505996167474
0.107799605371	1.04075762314e-15	1.04833202665e-10	1.39524918282	0.277637634955	0.505999590114
0.107799605371	8.1779255687e-16	9.05852932378e-11	1.39525146616	0.277635351615	0.506002702579
0.107799605371	6.42593928692e-16	7.82738114434e-11	1.39525354254	0.277633275239	0.506005532973
0.107799605371	5.04897318307e-16	6.77319982681e-11	1.39525543071	0.277631387068	0.506008106854
0.107799605371	3.96566724293e-16	5.8706922483e-11	1.39525714518	0.277629672593	0.50601044399
0.107799605371	3.11479455508e-16	5.08844048729e-11	1.39525869882	0.277628118957	0.506012561901
0.107799605371	2.44648457048e-16	4.41042100097e-11	1.3952601067	0.27762671107	0.506014481147
0.107799605371	1.92156685319e-16	3.82274528896e-11	1.39526138251	0.277625435261	0.506016220361
0.107799605371	1.50927530001e-16	3.3133754162e-11	1.39526253864	0.277624279138	0.506017796429
0.107799605371	1.18544439285e-16	2.8718840653e-11	1.3952635863	0.277623231474	0.506019224655
0.107799605371	9.30758042508e-17	2.49590456715e-11	1.39526453568	0.277622282097	0.5060205189
0.107799605371	7.30789617785e-17	2.16914720002e-11	1.39526539337	0.277621424401	0.506021688169
0.107799605371	5.73783300396e-17	1.8851679718e-11	1.39526616824	0.277620649531	0.506022744529
0.107799605371	4.5050893351e-17	1.63836651037e-11	1.39526686828	0.277619949491	0.506023698882
0.107799605371	3.53719401376e-17	1.4238756216e-11	1.39526750072	0.277619317053	0.506024561078
0.107799605371	2.77724586592e-17	1.23746530558e-11	1.39526807209	0.277618745689	0.506025340015
0.107799605371	2.18042313627e-17	1.07709953518e-11	1.39526858827	0.277618229502	0.506026043734
0.107799605371	1.71120093657e-17	9.39208146111e-12	1.39526905387	0.277617763903	0.506026678486
0.107799605371	1.34295424607e-17	8.18969732795e-12	1.39526947292	0.277617344854	0.506027249781
0.107799605371	1.05395339202e-17	7.14124350532e-12	1.39526985008	0.277616967699	0.506027763962
0.107799605371	8.2714486657e-18	6.22701373123e-12	1.39527018952	0.27761662825	0.506028226738
0.107799605371	6.49145030765e-18	5.42982454476e-12	1.39527049504	0.277616322738	0.506028643249
0.107799605371	5.09450369738e-18	4.73469231812e-12	1.39527077001	0.277616047769	0.50602901812
0.107799605371	3.99785925492e-18	4.13199527819e-12	1.39527101748	0.277615800291	0.506029355514
0.107799605371	3.13704262929e-18	3.60713896666e-12	1.39527124002	0.277615577758	0.5060296589
0.107799605371	2.46157646095e-18	3.14895116874e-12	1.39527144004	0.277615377733	0.5060299316
0.107799605371	1.93155123038e-18	2.74896349772e-12	1.39527161984	0.277615197939	0.506030176719
0.107799605371	1.5156507006e-18	2.39978323885e-12	1.39527178144	0.27761503633	0.506030397045
0.107799605371	1.18930162063e-18	2.09495671565e-12	1.39527192671	0.277614891068	0.506030595088
0.107799605371	9.33221832357e-19	1.82885001163e-12	1.39527205728	0.277614760497	0.506030773099
0.107799605371	7.32280997317e-19	1.5965448428e-12	1.39527217464	0.277614643134	0.506030933105
0.107799605371	5.74606630562e-19	1.39374765666e-12	1.39527228013	0.27761453764	0.506031076928
0.107799605371	4.50882622336e-19	1.21671027755e-12	1.39527237496	0.277614442817	0.506031206205
0.107799605371	3.53798801404e-19	1.06216063178e-12	1.39527246019	0.277614357585	0.506031322405
0.107799605371	2.77619017885e-19	9.27242272101e-13	1.3952725368	0.277614280974	0.506031426853
0.107799605371	2.17842226111e-19	8.09461583971e-13	1.39527260566	0.277614212111	0.506031520736
0.107799605371	1.70936542848e-19	7.0664169773e-13	1.39527266756	0.277614150213	0.506031605124
0.107799605371	1.34130567885e-19	6.16882254951e-13	1.3952727232	0.277614094577	0.506031680976
0.107799605371	1.05249637321e-19	5.38524285355e-13	1.39527277321	0.277614044567	0.506031749157
0.107799605371	8.25565664738e-20	4.74119557335e-13	1.39527281816	0.277613999616	0.506031810441
0.107799605371	6.46304475154e-20	4.21031055928e-13	1.39527285821	0.277613959567	0.506031865041
0.107799605371	5.05967593376e-20	3.73887022572e-13	1.39527289351	0.27761392426	0.506031913176
0.107799605371	3.96103097355e-20	3.3202183874e-13	1.39527292464	0.277613893135	0.50603195561
0.107799605371	3.10094292979e-20	2.94844417007e-13	1.39527295208	0.277613865696	0.506031993019
0.107799605371	2.42761217618e-20	2.61829855617e-13	1.39527297627	0.277613841507	0.506032025998
0.107799605371	1.90048672096e-20	2.32512027497e-13	1.39527299759	0.277613820182	0.506032055071
0.107799605371	1.48781992552e-20	2.06476999099e-13	1.39527301639	0.277613801382	0.506032080702
0.107799605371	1.16475853331e-20	1.83357186156e-13	1.39527303297	0.277613784809	0.506032103297
0.107799605371	9.11845859103e-21	1.62826163829e-13	1.39527304758	0.277613770199	0.506032123216
0.107799605371	7.13849991652e-21	1.4459405797e-13	1.39527306046	0.277613757318	0.506032140776
0.107799605371	5.58846437359e-21	1.28403452447e-13	1.39527307181	0.277613745963	0.506032156257
0.107799605371	4.37499956249e-21	1.14025754728e-13	1.39527308182	0.277613735953	0.506032169904
0.107799605371	3.42502338189e-21	1.01257968425e-13	1.39527309065	0.277613727128	0.506032181936
0.107799605371	2.68100642994e-21	9.01568297995e-14	1.39527309843	0.277613719349	0.506032192542
0.107799605371	2.09574777545e-21	8.09368700439e-14	1.39527310527	0.277613712509	0.506032201867
0.107799605371	1.63824998149e-21	7.26597967609e-14	1.39527311122	0.277613706554	0.506032209986
0.107799605371	1.28062309363e-21	6.52291849265e-14	1.39527311641	0.277613701368	0.506032217056
0.107799605371	1.00106548166e-21	5.85584704959e-14	1.39527312092	0.277613696852	0.506032223212
0.107799605371	7.82534769938e-22	5.25699419633e-14	1.39527312485	0.27761369292	0.506032228573
0.107799605371	6.11708901221e-22	4.71938350503e-14	1.39527312828	0.277613689497	0.506032233241
0.107799605371	4.78173998184e-22	4.23675199766e-14	1.39527313126	0.277613686516	0.506032237305
0.107799605371	3.73789513264e-22	3.80347718455e-14	1.39527313385	0.27761368392	0.506032240844
0.107799605371	2.92191965074e-22	3.41451156431e-14	1.39527313612	0.277613681659	0.506032243926
0.107799605371	2.28407008218e-22	3.06532382227e-14	1.39527313808	0.277613679691	0.506032246609
0.107799605371	1.78546187524e-22	2.7518460422e-14	1.3952731398	0.277613677977	0.506032248946
0.107799605371	1.39569890261e-22	2.47042631652e-14	1.39527314129	0.277613676485	0.50603225098
0.107799605371	1.09102045436e-22	2.21778620286e-14	1.39527314259	0.277613675186	0.506032252752
0.107799605371	8.52852738787e-23	1.99098253138e-14	1.39527314372	0.277613674054	0.506032254294
0.107799605371	6.66113284613e-23	1.79961838763e-14	1.39527314471	0.277613673069	0.506032255637
0.107799605371	5.20155165629e-23	1.62801833301e-14	1.39527314556	0.277613672218	0.506032256798
0.107799605371	4.06179252909e-23	1.47278095773e-14	1.39527314629	0.277613671483	0.5060322578
0.107799605371	3.17177635402e-23	1.33234602177e-14	1.39527314693	0.277613670848	0.506032258665
0.107799605371	2.47677968949e-23	1.20530205958e-14	1.39527314747	0.277613670301	0.506032259411
0.107799605371	1.93407004312e-23	1.0903721939e-14	1.39527314795	0.277613669828	0.506032260056
0.107799605371	1.51027842618e-23	9.86401302259e-15	1.39527314835	0.27761366942	0.506032260612
0.107799605371	1.17934763147e-23	8.92344407278e-15	1.39527314871	0.277613669068	0.506032261092
0.107799605371	9.20930082606e-24	8.07256173893e-15	1.39527314901	0.277613668764	0.506032261506
0.107799605371	7.19136745079e-24	7.30281408121e-15	1.39527314927	0.277613668502	0.506032261864
0.107799605371	5.58392312077e-24	6.95055192408e-15	1.3952731495	0.277613668275	0.506032262173
0.107799605371	4.32177625611e-24	6.70319138006e-15	1.39527314968	0.277613668091	0.506032262425
0.107799605371	3.34491532263e-24	6.46463405616e-15	1.39527314983	0.277613667942	0.506032262627
0.107799605371	2.58885649144e-24	6.23456665793e-15	1.39527314995	0.277613667823	0.506032262789
0.107799605371	2.00369136036e-24	6.01268704064e-15	1.39527315005	0.277613667728	0.506032262919
0.107799605371	1.55079243703e-24	5.7987038125e-15	1.39527315012	0.277613667651	0.506032263024
0.107799605371	1.20026328919e-24	5.59233595192e-15	1.39527315019	0.27761366759	0.506032263108
0.107799605371	9.28965043265e-25	5.39331243849e-15	1.39527315023	0.27761366754	0.506032263175
0.107799605371	7.18988957981e-25	5.20137189704e-15	1.39527315027	0.277613667501	0.506032263229
0.107799605371	5.5647537152e-25	5.01605168134e-15	1.39527315031	0.277613667469	0.506032263272
0.107799605371	4.30704926563e-25	4.83666382125e-15	1.39527315033	0.277613667443	0.506032263307
0.107799605371	3.33360186738e-25	4.66369136642e-15	1.39527315035	0.277613667423	0.506032263335
0.107799605371	2.58016584551e-25	4.49690488424e-15	1.39527315037	0.277613667406	0.506032263357
0.107799605371	1.99701585707e-25	4.33608314724e-15	1.39527315038	0.277613667393	0.506032263375
