0.0	0.869287536024	1.74544749428	1.0	0.0	0.0
7.31131208706e-12	0.869287241866	1.74544712678	1.0000001125	7.31131262035e-08	0.0001
9.12513098755e-12	0.86928720391	1.74544707936	1.00000012702	8.47535466586e-08	0.000107666665537
1.13889291027e-11	0.869287159912	1.74544702439	1.00000014384	9.82472507858e-08	0.000115921108582
1.42143389851e-11	0.869287108908	1.74544696067	1.00000016335	1.13889301675e-07	0.000124808392018
1.77406874001e-11	0.869287049783	1.74544688681	1.00000018596	1.32021739652e-07	0.000134377033537
2.21418658013e-11	0.869286981246	1.74544680118	1.00000021217	1.53041061827e-07	0.000144679270504
2.76349052534e-11	0.869286901796	1.74544670192	1.00000024256	1.77406891679e-07	0.000155771345129
3.44906786478e-11	0.869286809697	1.74544658686	1.00000027778	2.05652029635e-07	0.000167713811498
4.30472579502e-11	0.869286702935	1.74544645348	1.00000031861	2.38394103803e-07	0.000180571866147
5.37265851494e-11	0.869286579175	1.74544629887	1.00000036595	2.76349075193e-07	0.000194415703969
6.70552789703e-11	0.869286435712	1.74544611964	1.00000042081	3.20346893197e-07	0.000209320901418
8.36906033579e-11	0.869286269408	1.74544591187	1.00000048442	3.71349643913e-07	0.00022536882908
1.04452878264e-10	0.869286076626	1.74544567102	1.00000055814	4.30472587565e-07	0.000242647095871
1.30365930944e-10	0.869285853151	1.74544539183	1.00000064361	4.99008544943e-07	0.000261250027296
1.6270758244e-10	0.869285594096	1.74544506818	1.00000074269	5.78456167087e-07	0.000281279180356
2.03072658777e-10	0.869285293798	1.74544469301	1.00000085754	6.70552705028e-07	0.000302843897936
2.53451633946e-10	0.869284945689	1.74544425811	1.00000099067	7.77311996738e-07	0.000326061905685
3.16328782574e-10	0.869284542157	1.74544375397	1.000001145	9.0106850246e-07	0.000351059954646
3.94804682144e-10	0.869284074379	1.74544316956	1.0000013239	1.0445283499e-06	0.000377974513143
4.92749105229e-10	0.869283532126	1.74544249211	1.00000153129	1.21082850629e-06	0.000406952511699
6.1499184069e-10	0.869282903541	1.7454417068	1.00000177169	1.40360537058e-06	0.000438152145046
7.67560852853e-10	0.869282174879	1.74544079647	1.00000205036	1.62707428592e-06	0.000471743735598
9.5797952172e-10	0.869281330208	1.7454397412	1.00000237341	1.88612171029e-06	0.000507910663096
1.19563762018e-09	0.869280351057	1.74543851792	1.00000274788	2.18641206039e-06	0.000546850365493
1.49225431959e-09	0.869279216017	1.74543709988	1.00000318198	2.53451156395e-06	0.000588775416522
1.86245605227e-09	0.869277900269	1.74543545608	1.00000368519	2.93803182965e-06	0.000633914685826
2.32449772165e-09	0.869276375044	1.74543355057	1.00000426851	3.40579627081e-06	0.000682514587967
2.90116281764e-09	0.869274606991	1.74543134169	1.00000494471	3.94803302125e-06	0.000734840427094
3.62088681383e-09	0.869272557453	1.74542878114	1.00000572856	4.57659856116e-06	0.000791177844604
4.5191592291e-09	0.869270181616	1.74542581293	1.00000663721	5.30523693683e-06	0.000851834377651
5.64027347132e-09	0.869267427533	1.74542237216	1.00000769052	6.14988024306e-06	0.000917141136976
7.03951072148e-09	0.869264234988	1.7454183836	1.00000891152	7.12899693062e-06	0.000987454613152
8.78586550628e-09	0.869260534179	1.74541376004	1.00001032692	8.26399554958e-06	0.00106315862106
1.09654472997e-08	0.869256244195	1.74540840039	1.00001196766	9.57969274889e-06	0.00114466639308
1.36857258021e-08	0.869251271242	1.74540218748	1.00001386961	1.11048557528e-05	0.00123242283243
1.70808291075e-08	0.869245506601	1.74539498545	1.00001607436	1.28728311608e-05	0.00132690693863
2.13181558322e-08	0.869238824247	1.74538663687	1.00001863011	1.49222737985e-05	0.00142863441839
2.66066269842e-08	0.869231078098	1.7453769592	1.00002159274	1.72979915295e-05	0.00153816049584
3.32069840893e-08	0.869222098824	1.74536574088	1.00002502703	2.00519244612e-05	0.00165608293717
4.14446408167e-08	0.869211690149	1.74535273668	1.00002900804	2.32442799044e-05	0.001783045306
5.17257210035e-08	0.869199624563	1.74533766232	1.00003362283	2.69448478349e-05	0.00191974046671
6.45570727334e-08	0.869185638361	1.74532018831	1.00003897226	3.12345255251e-05	0.0020669143545
8.05712436461e-08	0.869169425881	1.74529993271	1.00004517327	3.62070845616e-05	0.00222537003205
1.00557646523e-07	0.869150632842	1.74527645282	1.00005236142	4.19712187104e-05	0.00239597205415
1.25501448309e-07	0.869128848613	1.74524923552	1.00006069381	4.86529171867e-05	0.00257965116332
1.56632094951e-07	0.869103597261	1.74521768606	1.00007035257	5.63982149115e-05	0.00277740934059
1.95483857223e-07	0.869074327184	1.74518111511	1.00008154876	6.53763794834e-05	0.00299032523785
2.4397137204e-07	0.869040399096	1.7451387237	1.00009452706	7.5783603994e-05	0.00321956001929
3.04483888271e-07	0.869001072115	1.74508958588	1.00010957103	8.78472856919e-05	0.00346636364162
3.8000284123e-07	0.868955487652	1.74503262848	1.00012700935	0.000101830983048	0.00373208160453
4.74248520003e-07	0.868902650756	1.74496660781	1.00014722295	0.000118040158273	0.00401816220442
5.9186301141e-07	0.868841408516	1.74489008262	1.00017065329	0.000136828829031	0.00432616432677
7.38638371525e-07	0.868770425073	1.74480138276	1.00019781202	0.000158607272385	0.00465776581381
9.21801174585e-07	0.868688152691	1.74469857298	1.00022929204	0.000183850946148	0.00501477244642
1.1503673238e-06	0.868592798312	1.74457941099	1.00026578043	0.000213110818334	0.00539912758033
1.43558440775e-06	0.868482284863	1.7444412989	1.00030807336	0.000247025324691	0.00581292247851
1.79148310852e-06	0.868354206546	1.74428122715	1.00035709331	0.000286334207863	0.00625840738258
2.23556440801e-06	0.868205777172	1.74409570956	1.00041390907	0.000331894530176	0.00673800336664
2.78965583836e-06	0.868033770502	1.74388070841	1.00047975882	0.000384699195945	0.00725431501743
3.4809780721e-06	0.867834451404	1.74363154773	1.00055607687	0.000445898369168	0.00781014398358
4.34347310878e-06	0.867603496458	1.74334281332	1.00064452448	0.000516824229302	0.00840850343552
5.41945761974e-06	0.867335902475	1.74300823735	1.00074702557	0.000599019571995	0.00905263347419
6.76168019005e-06	0.867025881204	1.74262056526	1.00086580789	0.00069427083404	0.00974601752232
8.43587987806e-06	0.866666738268	1.74217140255	1.0010034505	0.000804646202838	0.010492399725
1.0523966454e-05	0.866250734156	1.7416510384	1.00116293866	0.000932539560807	0.0112958033765
1.31279707729e-05	0.865768924875	1.741048243	1.00134772687	0.00108072111471	0.0121605503772
1.63749480289e-05	0.86521097962	1.7403500349	1.00156181159	0.00125239566846	0.0130912817068
2.0423058328e-05	0.864564972595	1.73954141449	1.00180981477	0.00145126961506	0.0140929788773
2.54690994714e-05	0.863817145953	1.73860505923	1.00209707976	0.00168162784706	0.015170986298
3.17578275464e-05	0.862951640647	1.73752097585	1.00242978121	0.001948421913	0.0163310344485
3.95934734795e-05	0.861950191991	1.73626610471	1.00281505094	0.00225737087463	0.0175792637053
4.93539496799e-05	0.860791786753	1.73481387091	1.00326112142	0.00261507644077	0.0189222486057
6.15083417393e-05	0.859452278964	1.73313367721	1.00377748937	0.00302915405716	0.0203670222599
7.66383968595e-05	0.857903962148	1.73119033351	1.00437510132	0.00350838170605	0.0219211005225
9.54648534886e-05	0.856115096676	1.72894341863	1.00506656361	0.00406286819354	0.0235925054211
0.000118879604437	0.854049392463	1.72634657089	1.00586637888	0.00470424265233	0.0253897871984
0.000147984845193	0.851665449428	1.72334670594	1.0067912111	0.0054458668277	0.0273220441499
0.00018414052365	0.84891616133	1.71988316261	1.00786018075	0.00630307139903	0.029398939237
0.000229021565451	0.845748092918	1.71588678174	1.00909519125	0.00729341706055	0.0316307122116
0.000284686482196	0.842100846215	1.71127892799	1.01052128656	0.00843698026615	0.0340281857076
0.000353659049837	0.837906439432	1.70597047209	1.01216703871	0.00975666234281	0.036602763429
0.000439024730917	0.833088731835	1.69986076054	1.01406496191	0.01127851898	0.0393664182049
0.000544543350051	0.827562940238	1.6928366124	1.0162519473	0.0130321047757	0.0423316672812
0.000674779140311	0.821235307681	1.6847713985	1.01876970861	0.0150508244104	0.0455115318065
0.000835249944353	0.814002961896	1.67560449785	1.02166522488	0.0173723072669	0.0489194770511
0.00103261931041	0.805753448713	1.66557041369	1.02499102784	0.0200393247088	0.0525691628942
0.00127480247635	0.796367914968	1.65410315395	1.02880491036	0.0230988212368	0.0564736882197
0.00157122147494	0.785719295188	1.6410252847	1.03317161471	0.0266029677183	0.0606470409328
0.00193297561118	0.773675502342	1.62614599511	1.03816227712	0.03060908612	0.0651030828332
0.00237302006133	0.760102298302	1.60926282658	1.04385437287	0.0351795779417	0.0698553229054
0.00290631467624	0.744867214961	1.59016444717	1.0503314082	0.040381625483	0.074916646652
0.00354991881845	0.727844651018	1.56863468267	1.05768228652	0.0462865948055	0.0802990001569
0.00432300176156	0.708922209604	1.5444579971	1.0660002718	0.0529690605877	0.0860130299339
0.00524673252787	0.688008243778	1.51742656503	1.07538147271	0.0605053680419	0.0920676828458
0.00634400938565	0.665040435344	1.48734898784	1.08592278077	0.0689716482558	0.0984697745127
0.0076389893711	0.639995048611	1.45406056879	1.09771921638	0.0784412139177	0.105223539559
0.00915638573814	0.612896267378	1.4174396519	1.11086067097	0.0889813017623	0.112330182517
0.0109218225129	0.583809323833	1.3794406133	1.12542838356	0.100662531068	0.119787430963
0.0129572526686	0.552896310942	1.33812856604	1.14147047977	0.113528776884	0.12757905158
0.015282415117	0.520364393461	1.2935366929	1.15903352504	0.127606718605	0.135693594477
0.0179123845844	0.486488943482	1.24577532015	1.17814103763	0.142898293818	0.144115025742
0.0208561753687	0.451607611615	1.19558566668	1.19878910762	0.159377288548	0.152822701557
0.0241181592177	0.416090046705	1.14477620942	1.22093492987	0.177014590584	0.161787839126
0.0276878869372	0.380399797399	1.09162173305	1.24447427554	0.195706330029	0.170966229358
0.0315472092099	0.344987440063	1.03651001017	1.26929908886	0.215311753416	0.180323155076
0.0356725564817	0.310275438321	0.982335032279	1.29526726175	0.235686559291	0.189820668805
0.0400233199735	0.27672661433	0.92729297052	1.32214825329	0.256616865178	0.199397211787
0.0445519332414	0.244731339203	0.872205966445	1.34972995736	0.277841433301	0.209007191676
0.0492089649245	0.214597414017	0.818372054671	1.37776910527	0.299116274525	0.218600849549
0.0539310680889	0.186612643578	0.764822274765	1.40598112379	0.320118378707	0.228119172501
0.0586606775616	0.160938566826	0.713163473854	1.43411533774	0.340556736044	0.237518201757
0.0633334925455	0.137696233469	0.66261838542	1.46188489878	0.360112242198	0.24674249124
0.0678971584619	0.116887883342	0.614906859594	1.48905351026	0.378534103817	0.255752220898
0.0722945822546	0.0984930265145	0.569219820573	1.5153526165	0.395562649528	0.264492876351
0.0764859858759	0.0823912121198	0.526575289141	1.54058087047	0.411044507784	0.272926665413
0.0804284415685	0.0684596832167	0.486429485255	1.56453259942	0.424818677614	0.28100706087
0.0840979350558	0.0565099018412	0.449349360504	1.58706710201	0.436848748416	0.288701357821
0.0874725647231	0.0463577484101	0.415237379623	1.6080563871	0.447124963214	0.295972478549
0.0905368495403	0.0378157512973	0.383324863418	1.62741426681	0.455674552978	0.302789482107
0.0932901018182	0.0306798482953	0.353942237474	1.64512468704	0.462599840995	0.309139090729
0.0957337883853	0.0247685550709	0.326793199261	1.6611853709	0.468016378229	0.315007362351
0.097878790996	0.0199057943208	0.301539868768	1.67563474778	0.472082728146	0.320390978768
0.099741623656	0.0159308279831	0.278263924809	1.68854490477	0.474968519784	0.325296776674
0.101341147229	0.0127037575065	0.256451172039	1.69999850853	0.476844102296	0.329734812386
0.102701063559	0.0100978810509	0.236086921535	1.71010886057	0.477877592	0.333727623743
0.103846745341	0.00800354079505	0.217156373186	1.71899242836	0.478232892351	0.337300831101
0.104803506518	0.00632786516156	0.199560196578	1.72676459824	0.478059885401	0.340481983071
0.105596266609	0.00499214813568	0.183297260709	1.73353984159	0.477492253922	0.343300957549
0.106248571773	0.0039307021876	0.168328462037	1.73942542519	0.476647352618	0.345787465169
0.106781989999	0.00308934921976	0.154748971144	1.74452095285	0.475623865883	0.347970726762
0.107215337997	0.00242452806839	0.142399568775	1.74891368973	0.474502627793	0.349877216474
0.107565673549	0.00190008146172	0.131159648422	1.75268682844	0.473347771617	0.351533932466
0.107847520854	0.00148715935419	0.12101304987	1.75591667057	0.472205395789	0.352966937422
0.108073058537	0.00116289981311	0.11173143046	1.75867066472	0.471108441547	0.354200175852
0.108252900589	0.000908537260841	0.103253634912	1.7610131714	0.470077898356	0.355257747168
0.108395723284	0.00070937543569	0.0954213904853	1.76300076538	0.469125742401	0.356161533051
0.108508781403	0.000553632934569	0.0881207042578	1.76468513195	0.468256589004	0.356932238535
0.108598006315	0.000432005173706	0.081206190824	1.7661121957	0.467469863108	0.357588771899
0.10866824784	0.000337113859193	0.0746712685907	1.76732307543	0.466761032033	0.358148486716
0.108722591797	0.00026425929965	0.0663543474409	1.7683524318	0.466118756532	0.358626254963
0.108765413208	0.000207233331611	0.0584932361148	1.76926155169	0.465513732025	0.359049761796
0.108798941941	0.000162847183435	0.0506326432104	1.77007108709	0.464941663471	0.359428134938
0.108825306536	0.000128132204663	0.043479459874	1.77080653303	0.464392492815	0.359772935446
0.108845969218	0.000101058961015	0.0366942947042	1.77148080433	0.463863886159	0.360089962693
0.108862235256	7.98438308333e-05	0.0305643489564	1.7721112221	0.46334790181	0.36038717542
0.10887510463	6.3131521447e-05	0.0252685187508	1.7727093896	0.462840094706	0.360669918199
0.108885309593	4.99343099824e-05	0.0208438681037	1.77328163003	0.462339371993	0.360941087999
0.108893407019	3.9504605179e-05	0.0171693035456	1.77383045343	0.461847192732	0.36120179813
0.108899839283	3.12518184383e-05	0.0141497646024	1.77435767706	0.461364884994	0.361452843241
0.108904952628	2.47158731201e-05	0.0116806855521	1.77486385942	0.460894346995	0.361694424978
0.108909014277	1.95430345842e-05	0.00966004601117	1.77534888632	0.460437585838	0.361926425992
0.108912239196	1.54501694747e-05	0.00799396492477	1.77581270171	0.459996176931	0.362148757466
0.108914797805	1.22138179722e-05	0.00661891892366	1.77625587464	0.459570753348	0.362361632434
0.10891682752	9.65470178438e-06	0.00547792824266	1.77667906181	0.459161625484	0.362565310055
0.108918435636	7.63337989134e-06	0.00452841142968	1.77708331348	0.458768496871	0.362760243679
0.108919710892	6.0351668921e-06	0.00374343998566	1.77746999749	0.458390621488	0.362947045708
0.108920717789	4.77682669373e-06	0.00306653958296	1.7778398736	0.458027691251	0.363126040325
0.108921516375	3.7815141388e-06	0.00251008091632	1.77819728466	0.457675782171	0.363299294031
0.10892214944	2.99455968287e-06	0.00203814508113	1.77854297838	0.457334444777	0.363467141251
0.108922647518	2.37696398657e-06	0.00163427349488	1.77888013988	0.457000706769	0.363631105712
0.108923042723	1.88813557189e-06	0.00129075701623	1.77921391134	0.456669648651	0.363793675267
0.108923353361	1.50483607893e-06	0.000992100854867	1.77954959908	0.45633609135	0.363957433576
0.108923597305	1.20456005506e-06	0.000745127478532	1.77989765173	0.455989709977	0.364127495133
0.108923788915	9.69289436608e-07	0.000531257372292	1.78026854032	0.455620132738	0.364309019415
0.108923940117	7.84121760574e-07	0.000366410064138	1.78068700211	0.455202704664	0.364514206338
0.108924067888	6.28135637919e-07	0.000280535184014	1.78117758598	0.454712993214	0.364755270481
0.108924175055	4.97791698632e-07	0.000228520789374	1.78169079842	0.454200511273	0.365008048692
0.108924260609	3.9413082723e-07	0.000187037630186	1.78219013494	0.453701756894	0.365254578235
0.108924328664	3.11978712783e-07	0.000153341780638	1.78267322714	0.453219126972	0.365493639476
0.108924382777	2.46890505402e-07	0.000125932318155	1.78313970533	0.452753015745	0.365724995832
0.108924425768	1.95360189848e-07	0.00010352672292	1.78358926076	0.452303751384	0.365948440969
0.108924459935	1.54543244789e-07	8.52340558822e-05	1.7840220221	0.451871221011	0.366163986995
0.108924487054	1.22250954041e-07	7.02018981343e-05	1.78443788564	0.451455540524	0.366371532133
0.108924508593	9.6683938433e-08	5.7904313564e-05	1.78483733808	0.451056233253	0.366571271428
0.108924525689	7.64504002047e-08	4.78187738635e-05	1.78522038572	0.450673300681	0.366763162566
0.108924539248	6.04485340946e-08	3.95148570325e-05	1.785587193	0.450306584546	0.366947244355
0.108924550005	4.77886861123e-08	3.26848407482e-05	1.78593820981	0.449955639947	0.367123701472
0.108924558536	3.77762635098e-08	2.70559040907e-05	1.78627373596	0.449620170997	0.367292646074
0.108924565299	2.9857885681e-08	2.24089675989e-05	1.78659417728	0.449299774967	0.367454246369
0.108924570659	2.3596979902e-08	1.85740508051e-05	1.78690000113	0.448993986981	0.367608704392
0.108924574907	1.8647010974e-08	1.54058187107e-05	1.78719162649	0.448702389999	0.367756200511
0.108924578272	1.47342821684e-08	1.27861321215e-05	1.78746949546	0.448424543501	0.36789692932
0.108924580937	1.16418184187e-08	1.06154374717e-05	1.78773406762	0.448159989109	0.368031096779
0.108924583048	9.19753090446e-09	8.81831459185e-06	1.7879858785	0.447908192292	0.368158949796
0.108924584719	7.26595453233e-09	7.32878796803e-06	1.7882253827	0.44766869922	0.368280696559
0.108924586042	5.73963710645e-09	6.0936439782e-06	1.78845306144	0.447441029278	0.368396560917
0.108924587089	4.53368601888e-09	5.06870852727e-06	1.78866938432	0.447224713355	0.368506762838
0.108924587918	3.58091789356e-09	4.21773994429e-06	1.78887482243	0.447019280756	0.36861152494
0.108924588573	2.82822572529e-09	3.51086838124e-06	1.78906983915	0.44682426838	0.368711067703
0.108924589092	2.23363925439e-09	2.92322583043e-06	1.7892548878	0.446639223167	0.3688056081
0.108924589502	1.76394675291e-09	2.43495968828e-06	1.78943042326	0.446463690428	0.36889536544
0.108924589827	1.39300316243e-09	2.02856660475e-06	1.78959685436	0.446297261476	0.368980536892
0.108924590083	1.10001058741e-09	1.69051945241e-06	1.789754626	0.446139491541	0.369061339363
0.108924590286	8.6861188201e-10	1.40907993999e-06	1.78990413486	0.445989984024	0.369137966281
0.108924590447	6.85863413794e-10	1.17475235306e-06	1.79004578054	0.445848339398	0.369210613642
0.108924590573	5.41546584958e-10	9.79595993737e-07	1.79017994158	0.445714179197	0.369279467636
0.108924590674	4.27583986195e-10	8.17031829099e-07	1.79030698283	0.445587138615	0.369344708334
0.108924590753	3.37363117763e-10	6.92829283604e-07	1.79042725307	0.445466868901	0.369406508383
0.108924590817	2.64839034753e-10	6.03210897083e-07	1.79053916375	0.445354958642	0.369464044867
0.108924590866	2.09557579574e-10	4.8039349012e-07	1.7906400763	0.445254046414	0.369515953315
0.108924590904	1.65888078674e-10	3.97222307447e-07	1.79074033925	0.445153783712	0.369567552446
0.108924590935	1.30882078698e-10	3.33084358472e-07	1.79083632976	0.445057793409	0.369616976016
0.10892459096	1.03263012171e-10	2.79298754034e-07	1.79092665087	0.444967472459	0.36966350127
0.108924590979	8.14719236276e-11	2.34197739916e-07	1.79101163831	0.44488248515	0.369707297473
0.108924590994	6.42730991315e-11	1.96530330876e-07	1.7910916068	0.44480251676	0.369748523563
0.108924591006	5.07038099685e-11	1.6493450501e-07	1.79116678766	0.444727335978	0.369787295892
0.108924591016	4.00114987313e-11	1.37419824703e-07	1.79123746007	0.444656663629	0.369823755853
0.108924591023	3.16646541215e-11	1.12845398945e-07	1.79130439722	0.444589726531	0.369858300171
0.108924591029	2.49755844638e-11	9.48138639617e-08	1.79136890762	0.444525216166	0.369891602604
0.108924591034	1.96995139631e-11	7.96634402184e-08	1.79142946879	0.444464655028	0.369922875678
0.108924591037	1.55379731365e-11	6.6933808675e-08	1.79148632236	0.444407801482	0.369952242453
0.10892459104	1.22554020119e-11	5.62523736066e-08	1.7915396952	0.444354428662	0.369979818596
0.108924591043	9.66438664074e-12	4.73374132238e-08	1.79158978713	0.444304336744	0.370005706013
0.108924591044	7.62114424057e-12	3.98352525075e-08	1.79163672897	0.444257394918	0.370029971109
0.108924591046	6.00987266068e-12	3.35220097781e-08	1.79168071873	0.44421340517	0.370052715178
0.108924591047	4.73917896753e-12	2.82190530667e-08	1.79172194198	0.444172181922	0.370074033234
0.108924591048	3.73609969208e-12	2.37994530709e-08	1.7917605587	0.44413356521	0.370094007177
0.108924591049	2.94532429641e-12	2.00720175535e-08	1.7917966559	0.444097468011	0.370112681282
0.108924591049	2.32191942716e-12	1.6928349707e-08	1.79183039792	0.444063725996	0.370130139907
0.10892459105	1.83043934583e-12	1.42809376021e-08	1.79186193838	0.444032185544	0.370146461965
0.10892459105	1.44245558753e-12	1.20787637084e-08	1.79189141245	0.444002711477	0.370161716909
0.10892459105	1.13670824251e-12	1.02161641709e-08	1.79191887414	0.443975249784	0.370175932245
0.10892459105	8.95766994644e-13	8.6407786798e-09	1.79194446083	0.443949663102	0.370189178682
0.108924591051	7.05895847271e-13	7.30832016065e-09	1.79196830049	0.443925823437	0.370201522137
0.108924591051	5.56041422286e-13	6.20092212544e-09	1.7919905124	0.443903611533	0.370213024057
0.108924591051	4.37987980857e-13	5.26187522474e-09	1.7920111338	0.443882990127	0.370223703471
0.108924591051	3.44998203672e-13	4.46503156991e-09	1.79203027607	0.44386384786	0.370233617815
0.108924591051	2.71750966546e-13	3.78885742273e-09	1.79204804528	0.443846078652	0.370242821825
0.108924591051	2.14383302181e-13	3.16714547772e-09	1.7920645399	0.443829584032	0.370251366333
0.108924591051	1.69199675254e-13	2.67095564214e-09	1.79208010691	0.443814017024	0.370259430942
0.108924591051	1.33182062128e-13	2.27848392191e-09	1.79209467551	0.443799448418	0.370266978867
0.108924591051	1.04831459465e-13	1.94368128694e-09	1.79210811827	0.443786005665	0.37027394396
0.108924591051	8.2515823935e-14	1.65807414388e-09	1.79212052216	0.443773601771	0.370280371188
0.108924591051	6.49505125538e-14	1.4144339227e-09	1.79213196747	0.44376215646	0.370286302054
0.108924591051	5.11243358246e-14	1.20659415465e-09	1.79214252827	0.443751595661	0.370291774863
0.108924591051	4.0227064695e-14	1.03322997287e-09	1.79215227291	0.443741851022	0.370296824967
0.108924591051	3.16413848606e-14	8.86071603169e-10	1.79216122703	0.443732896901	0.370301465598
0.108924591051	2.4888138458e-14	7.59872115257e-10	1.79216943982	0.443724684117	0.370305722194
0.108924591051	1.95762342968e-14	6.51646511376e-10	1.79217697264	0.443717151295	0.37030962652
0.108924591051	1.539804977e-14	5.58834911346e-10	1.79218388179	0.443710242145	0.370313207716
0.108924591051	1.21116168412e-14	4.79242010413e-10	1.7921902189	0.443703905032	0.370316492514
0.108924591051	9.52402229155e-15	4.12172597766e-10	1.79219603133	0.443698092597	0.370319505437
0.108924591051	7.48729510079e-15	3.54873931119e-10	1.79220134573	0.443692778206	0.370322260269
0.108924591051	5.88612345992e-15	3.05540649904e-10	1.79220619821	0.443687925718	0.370324775724
0.108924591051	4.62736400681e-15	2.63065456735e-10	1.79221062894	0.443683494989	0.370327072597
0.108924591051	3.63779190509e-15	2.26494981074e-10	1.79221467457	0.443679449362	0.370329169877
0.108924591051	2.85984134619e-15	1.95008382216e-10	1.79221836857	0.443675755367	0.370331084904
0.108924591051	2.24798069558e-15	1.68257353033e-10	1.79222174149	0.443672382443	0.370332833513
0.108924591051	1.76637185925e-15	1.45399110992e-10	1.79222481431	0.443669309621	0.370334426566
0.108924591051	1.38794295699e-15	1.25646212496e-10	1.7922276084	0.443666515533	0.370335875134
0.108924591051	1.09058878008e-15	1.0857679263e-10	1.79223014904	0.443663974896	0.370337192319
0.108924591051	8.56939906055e-16	9.38262967336e-11	1.79223245921	0.44366166472	0.370338390037
0.108924591051	6.73348117014e-16	8.10796949476e-11	1.79223455983	0.4436595641	0.370339479122
0.108924591051	5.29071980418e-16	7.01168059006e-11	1.7922364699	0.443657654028	0.370340469425
0.108924591051	4.15560298091e-16	6.07673828738e-11	1.79223820537	0.443655918565	0.370341369207
0.108924591051	3.26402359577e-16	5.26646149777e-11	1.79223977822	0.443654345717	0.370342184685
0.108924591051	2.56373119503e-16	4.56422735278e-11	1.79224120369	0.443652920247	0.370342923757
0.108924591051	2.01368552262e-16	3.95562945769e-11	1.79224249559	0.443651628346	0.370343593581
0.108924591051	1.58165141008e-16	3.42818235279e-11	1.79224366643	0.443650457498	0.370344200645
0.108924591051	1.24230967227e-16	2.97106538032e-11	1.79224472757	0.443649396361	0.370344750829
0.108924591051	9.75534578696e-17	2.58058315801e-11	1.79224568928	0.443648434654	0.370345249462
0.108924591051	7.65955814062e-17	2.24252538184e-11	1.79224655874	0.443647565193	0.370345700269
0.108924591051	6.01401825437e-17	1.94875329242e-11	1.79224734432	0.443646779611	0.370346107588
0.108924591051	4.72199741538e-17	1.69346546285e-11	1.79224805412	0.443646069814	0.370346475613
0.108924591051	3.70754753868e-17	1.47162045052e-11	1.79224869544	0.443645428494	0.370346808135
0.108924591051	2.91103678749e-17	1.27883724009e-11	1.79224927489	0.443644849042	0.370347108579
0.108924591051	2.28555293932e-17	1.11231939926e-11	1.79224979844	0.443644325491	0.370347380039
0.108924591051	1.79368778758e-17	9.69995002809e-12	1.79225027103	0.443643852897	0.370347625079
0.108924591051	1.40767501911e-17	8.45881398172e-12	1.79225069634	0.443643427589	0.370347845601
0.108924591051	1.10473456793e-17	7.37648468491e-12	1.7922510791	0.443643044835	0.37034804406
0.108924591051	8.66988770667e-18	6.43264240551e-12	1.79225142355	0.443642700378	0.370348222662
0.108924591051	6.80407342136e-18	5.60956736789e-12	1.79225173355	0.443642390385	0.370348383394
0.108924591051	5.33979397762e-18	4.89180708367e-12	1.79225201252	0.44364211141	0.370348528044
0.108924591051	4.19051980518e-18	4.26836509977e-12	1.79225226359	0.443641860347	0.370348658222
0.108924591051	3.28821907794e-18	3.72618923581e-12	1.79225248939	0.443641634542	0.370348775303
0.108924591051	2.58020127375e-18	3.25288155474e-12	1.79225269236	0.443641431576	0.370348880542
0.108924591051	2.02463350635e-18	2.83969429838e-12	1.79225287479	0.443641249139	0.370348975137
0.108924591051	1.58869031887e-18	2.47899086292e-12	1.79225303878	0.443641085155	0.370349060164
0.108924591051	1.24661421106e-18	2.16410465861e-12	1.79225318618	0.443640937757	0.370349136591
0.108924591051	9.78193772083e-19	1.88921589718e-12	1.79225331866	0.443640805267	0.370349205287
0.108924591051	7.67569500376e-19	1.64924402986e-12	1.79225343775	0.443640686179	0.370349267036
0.108924591051	6.02296753429e-19	1.43975384803e-12	1.7922535448	0.443640579135	0.370349322539
0.108924591051	4.7261046248e-19	1.2568735111e-12	1.79225364101	0.443640482919	0.370349372428
0.108924591051	3.7084816831e-19	1.09722298663e-12	1.7922537275	0.443640396434	0.370349417271
0.108924591051	2.90997288572e-19	9.57851579969e-13	1.79225380524	0.443640318697	0.370349457578
0.108924591051	2.28339867218e-19	8.36183399109e-13	1.79225387511	0.443640248822	0.370349493809
0.108924591051	1.79173816257e-19	7.29969746578e-13	1.79225393792	0.443640186015	0.370349526375
0.108924591051	1.40594179574e-19	6.37247558628e-13	1.79225399437	0.443640129561	0.370349555647
0.108924591051	1.10321494889e-19	5.56303123534e-13	1.79225404512	0.443640078817	0.370349581958
0.108924591051	8.65478999537e-20	4.8809277064e-13	1.79225409073	0.443640033205	0.370349605609
0.108924591051	6.77544834347e-20	4.33469190583e-13	1.79225413151	0.443639992422	0.370349626755
0.108924591051	5.30419572581e-20	3.84958659872e-13	1.79225416746	0.443639956471	0.370349645396
0.108924591051	4.15241778674e-20	3.4187705336e-13	1.79225419915	0.44363992478	0.370349661828
0.108924591051	3.25074230328e-20	3.03616807854e-13	1.79225422709	0.443639896844	0.370349676313
0.108924591051	2.54486085957e-20	2.69638353914e-13	1.79225425171	0.443639872219	0.370349689081
0.108924591051	1.99225782214e-20	2.3946250652e-13	1.79225427342	0.443639850512	0.370349700337
0.108924591051	1.55964960044e-20	2.1266370732e-13	1.79225429256	0.443639831376	0.370349710259
0.108924591051	1.22097995816e-20	1.88864023158e-13	1.79225430942	0.443639814508	0.370349719005
0.108924591051	9.55850631931e-21	1.67727816226e-13	1.79225432429	0.443639799639	0.370349726715
0.108924591051	7.48292732683e-21	1.48957010705e-13	1.7922543374	0.443639786532	0.370349733511
0.108924591051	5.85804930685e-21	1.32286889115e-13	1.79225434895	0.443639774978	0.370349739502
0.108924591051	4.58600493498e-21	1.1748235911e-13	1.79225435914	0.443639764793	0.370349744783
0.108924591051	3.59017825634e-21	1.04334638065e-13	1.79225436812	0.443639755814	0.370349749438
0.108924591051	2.81053209987e-21	9.26991435599e-14	1.79225437603	0.4436397479	0.370349753542
0.108924591051	2.19700041462e-21	8.32185871696e-14	1.79225438301	0.443639740927	0.370349757158
0.108924591051	1.71740106401e-21	7.47076292467e-14	1.79225438908	0.443639734855	0.370349760306
0.108924591051	1.34249697606e-21	6.70671067142e-14	1.79225439437	0.443639729567	0.370349763048
0.108924591051	1.04943345362e-21	6.02079981311e-14	1.79225439897	0.443639724963	0.370349765435
0.108924591051	8.20344919023e-22	5.40503864842e-14	1.79225440298	0.443639720954	0.370349767514
0.108924591051	6.41265802609e-22	4.85225280579e-14	1.79225440647	0.443639717464	0.370349769324
0.108924591051	5.01279181388e-22	4.35600165317e-14	1.79225440951	0.443639714424	0.3703497709
0.108924591051	3.91851267604e-22	3.91050325685e-14	1.79225441216	0.443639711777	0.370349772272
0.108924591051	3.06311176659e-22	3.51056701485e-14	1.79225441446	0.443639709472	0.370349773467
0.108924591051	2.39444260319e-22	3.15153318003e-14	1.79225441647	0.443639707466	0.370349774508
0.108924591051	1.87174214191e-22	2.82921856841e-14	1.79225441821	0.443639705718	0.370349775414
0.108924591051	1.46314580294e-22	2.53986781988e-14	1.79225441974	0.443639704197	0.370349776203
