0.0	0.00367237207944	0.145179999011	0.0	0.0	0.0
6.08128557783e-19	0.00367237207936	0.14517999901	5.04509302539e-13	6.08180172889e-13	1e-06
6.80778430413e-19	0.00367237207936	0.14517999901	5.30070632555e-13	6.55697718343e-13	1.03833333333e-06
7.62107395523e-19	0.00367237207936	0.14517999901	5.57629225493e-13	7.06878999778e-13	1.07813611111e-06
8.53152297964e-19	0.00367237207935	0.14517999901	5.87341139711e-13	7.62168106405e-13	1.11946466204e-06
9.55073848905e-19	0.00367237207935	0.145179999009	6.1937462736e-13	8.21676060524e-13	1.16237747408e-06
1.06917142348e-18	0.00367237207934	0.145179999009	6.53911087158e-13	8.85846951348e-13	1.20693527725e-06
1.19689962625e-18	0.00367237207934	0.145179999009	6.91146091617e-13	9.55124868084e-13	1.25320112955e-06
1.33988683559e-18	0.00367237207933	0.145179999009	7.31290494522e-13	1.02973185534e-12	1.30124050618e-06
1.49995596357e-18	0.00367237207932	0.145179999009	7.74571624952e-13	1.11022302462e-12	1.35112139225e-06
1.67914769582e-18	0.00367237207932	0.145179999009	8.21234574598e-13	1.19693144285e-12	1.40291437895e-06
1.87974650781e-18	0.00367237207931	0.145179999009	8.71543585662e-13	1.29041222152e-12	1.45669276348e-06
2.10430978908e-18	0.0036723720793	0.145179999009	9.25783547205e-13	1.39133149446e-12	1.51253265274e-06
2.35570044684e-18	0.00367237207929	0.145179999009	9.8426160841e-13	1.50002232857e-12	1.5705130711e-06
2.63712340458e-18	0.00367237207928	0.145179999009	1.0473089179e-12	1.61715085767e-12	1.63071607215e-06
2.95216646085e-18	0.00367237207927	0.145179999009	1.11528249897e-12	1.74349423787e-12	1.69322685492e-06
3.30484602936e-18	0.00367237207926	0.145179999009	1.18856727133e-12	1.87982962529e-12	1.75813388436e-06
3.69965834334e-18	0.00367237207925	0.145179999008	1.2675782308e-12	2.02660110915e-12	1.82552901659e-06
4.14163677696e-18	0.00367237207924	0.145179999008	1.35276279938e-12	2.18502993476e-12	1.89550762889e-06
4.63641601478e-18	0.00367237207922	0.145179999008	1.44460335887e-12	2.35578223595e-12	1.96816875466e-06
5.19030388703e-18	0.00367237207921	0.145179999008	1.54361998252e-12	2.53974619113e-12	2.04361522359e-06
5.81036178674e-18	0.00367237207919	0.145179999008	1.65037338008e-12	2.73825406793e-12	2.12195380716e-06
6.50449469388e-18	0.00367237207918	0.145179999008	1.76546807297e-12	2.95219404477e-12	2.20329536976e-06
7.28155195417e-18	0.00367237207916	0.145179999007	1.88955581758e-12	3.18289838929e-12	2.2877550256e-06
8.15144009744e-18	0.00367237207914	0.145179999007	2.02333929598e-12	3.4315883468e-12	2.37545230158e-06
9.12524913375e-18	0.00367237207912	0.145179999007	2.16757609512e-12	3.69970720725e-12	2.46651130647e-06
1.02153939375e-17	0.00367237207909	0.145179999007	2.32308299682e-12	3.98880928286e-12	2.56106090654e-06
1.14357725217e-17	0.00367237207907	0.145179999006	2.49074060306e-12	4.30044888587e-12	2.65923490796e-06
1.2801943221e-17	0.00367237207904	0.145179999006	2.67149832266e-12	4.63640237312e-12	2.76117224609e-06
1.43313230412e-17	0.00367237207901	0.145179999006	2.86637974751e-12	4.99866814605e-12	2.86701718218e-06
1.60434097048e-17	0.00367237207898	0.145179999005	3.07648844903e-12	5.38924460611e-12	2.97691950749e-06
1.79600302229e-17	0.00367237207895	0.145179999005	3.3030142274e-12	5.81035219934e-12	3.09103475527e-06
2.01056191635e-17	0.00367237207891	0.145179999005	3.54723984915e-12	6.26443341641e-12	3.20952442088e-06
2.25075301617e-17	0.00367237207887	0.145179999004	3.81054831121e-12	6.75381972566e-12	3.33255619034e-06
2.51963846455e-17	0.00367237207883	0.145179999004	4.09443067252e-12	7.28161975156e-12	3.46030417763e-06
2.82064622213e-17	0.00367237207878	0.145179999003	4.40049449755e-12	7.85049802937e-12	3.59294917109e-06
3.15761376975e-17	0.00367237207874	0.145179999002	4.73047295962e-12	8.46389625046e-12	3.7306788893e-06
3.53483703155e-17	0.00367237207868	0.145179999002	5.08623465545e-12	9.12525610622e-12	3.87368824671e-06
3.95712514282e-17	0.00367237207863	0.145179999001	5.46979418668e-12	9.83824133262e-12	4.02217962949e-06
4.42986176057e-17	0.00367237207856	0.145179999001	5.88332356804e-12	1.06069597549e-11	4.17636318193e-06
4.95907369858e-17	0.0036723720785	0.145179999	6.32916452709e-12	1.1435852265e-11	4.33645710389e-06
5.5515077619e-17	0.00367237207843	0.145179998999	6.80984176483e-12	1.23293597552e-11	4.50268795951e-06
6.21471676034e-17	0.00367237207835	0.145179998998	7.32807725263e-12	1.32927002737e-11	4.67529099794e-06
6.95715579762e-17	0.00367237207827	0.145179998997	7.88680564606e-12	1.43313139132e-11	4.85451048616e-06
7.78829006354e-17	0.00367237207818	0.145179998996	8.48919090331e-12	1.54511958781e-11	5.04060005476e-06
8.71871550361e-17	0.00367237207808	0.145179998995	9.13864420194e-12	1.6658452395e-11	5.23382305683e-06
9.76029390438e-17	0.00367237207797	0.145179998994	9.83884325564e-12	1.7960077869e-11	5.43445294063e-06
1.09263041167e-16	0.00367237207786	0.145179998992	1.05937531404e-11	1.93633997721e-11	5.64277363665e-06
1.2231611345e-16	0.00367237207774	0.145179998991	1.14076487477e-11	2.087641171e-11	5.85907995933e-06
1.369285666e-16	0.00367237207761	0.14517999899	1.22851389926e-11	2.25075513777e-11	6.08367802439e-06
1.53286691526e-16	0.00367237207747	0.145179998988	1.32311929128e-11	2.42662556709e-11	6.31688568192e-06
1.71599034318e-16	0.00367237207732	0.145179998986	1.42511678071e-11	2.61622945523e-11	6.55903296633e-06
1.9209905495e-16	0.00367237207715	0.145179998984	1.5350839573e-11	2.82064371851e-11	6.81046256329e-06
2.15048103618e-16	0.00367237207698	0.145179998982	1.65364354142e-11	3.04104519335e-11	7.07153029479e-06
2.40738752626e-16	0.00367237207679	0.14517999898	1.78146691036e-11	3.27865512506e-11	7.34260562266e-06
2.69498526333e-16	0.00367237207658	0.145179998978	1.91927790026e-11	3.53483908798e-11	7.62407217142e-06
3.01694076684e-16	0.00367237207636	0.145179998975	2.06785690496e-11	3.81104037203e-11	7.9163282712e-06
3.37735857573e-16	0.00367237207612	0.145179998973	2.22804529528e-11	4.10881328944e-11	8.21978752146e-06
3.7808335763e-16	0.00367237207587	0.14517999897	2.40075018344e-11	4.42986758367e-11	8.53487937629e-06
4.23250958141e-16	0.00367237207559	0.145179998966	2.58694955992e-11	4.77600181603e-11	8.86204975221e-06
4.73814490775e-16	0.00367237207529	0.145179998963	2.78769783155e-11	5.14916997903e-11	9.20176165918e-06
5.30418578739e-16	0.00367237207497	0.145179998959	3.00413179241e-11	5.55151480311e-11	9.5544958559e-06
5.93784854933e-16	0.00367237207462	0.145179998955	3.23747706127e-11	5.98527893878e-11	9.92075153013e-06
6.64721161885e-16	0.00367237207425	0.145179998951	3.48905502195e-11	6.45294928561e-11	1.03010470052e-05
7.44131850761e-16	0.00367237207384	0.145179998946	3.76029030608e-11	6.95715707218e-11	1.06959204734e-05
8.33029310729e-16	0.00367237207341	0.145179998941	4.05271886047e-11	7.50076667388e-11	1.11059307579e-05
9.32546875688e-16	0.00367237207294	0.145179998936	4.36799664484e-11	8.08684230626e-11	1.15316581032e-05
1.04395327289e-15	0.00367237207243	0.14517999893	4.70790900914e-11	8.71871463838e-11	1.19737049967e-05
1.16866879765e-15	0.00367237207189	0.145179998924	5.07438080365e-11	9.39996969063e-11	1.24326970211e-05
1.3082834204e-15	0.0036723720713	0.145179998917	5.46948727893e-11	1.01344377324e-10	1.29092837397e-05
1.46457705682e-15	0.00367237207066	0.14517999891	5.89546583759e-11	1.09263043046e-10	1.34041396158e-05
1.63954225965e-15	0.00367237206998	0.145179998902	6.35472870414e-11	1.17800436059e-10	1.39179649671e-05
1.83540962124e-15	0.00367237206924	0.145179998894	6.84987658495e-11	1.27004962087e-10	1.44514869567e-05
2.05467621092e-15	0.00367237206845	0.145179998885	7.38371339546e-11	1.36928579567e-10	1.50054606226e-05
2.30013740954e-15	0.00367237206759	0.145179998875	7.95926213815e-11	1.4762768783e-10	1.55806699455e-05
2.57492254719e-15	0.00367237206667	0.145179998864	8.57978202118e-11	1.59162683008e-10	1.6177928959e-05
2.88253479832e-15	0.00367237206567	0.145179998853	9.24878691453e-11	1.71599068259e-10	1.67980829013e-05
3.22689584291e-15	0.0036723720646	0.14517999884	9.97006524831e-11	1.850071207e-10	1.74420094111e-05
3.61239586312e-15	0.00367237206344	0.145179998827	1.07477014659e-10	1.99462890609e-10	1.81106197704e-05
4.04394951274e-15	0.00367237206219	0.145179998813	1.1586099153e-10	2.150480904e-10	1.88048601933e-05
4.52705857299e-15	0.00367237206085	0.145179998797	1.24900059745e-10	2.31851204848e-10	1.95257131655e-05
5.06788209353e-15	0.0036723720594	0.145179998781	1.34645405595e-10	2.49967046999e-10	2.02741988348e-05
5.67331491277e-15	0.00367237205783	0.145179998763	1.45152214866e-10	2.69498534527e-10	2.10513764544e-05
6.35107555867e-15	0.00367237205615	0.145179998744	1.56479985347e-10	2.90556134623e-10	2.18583458826e-05
7.10980465049e-15	0.00367237205433	0.145179998723	1.68692863755e-10	3.1325908524e-10	2.26962491385e-05
7.95917505616e-15	0.00367237205237	0.1451799987	1.81860008979e-10	3.37735839181e-10	2.35662720189e-05
8.91001520944e-15	0.00367237205026	0.145179998676	1.96055983716e-10	3.64125285347e-10	2.44696457759e-05
9.97444715928e-15	0.00367237204798	0.14517999865	2.11361176701e-10	3.92576526688e-10	2.54076488599e-05
1.1166041111e-14	0.00367237204552	0.145179998622	2.27862257933e-10	4.23250989633e-10	2.63816087283e-05
1.24999884301e-14	0.00367237204287	0.145179998591	2.45652669468e-10	4.56322202039e-10	2.73929037244e-05
1.39932953129e-14	0.00367237204002	0.145179998559	2.64833154558e-10	4.9197745853e-10	2.8442965028e-05
1.56649995957e-14	0.00367237203694	0.145179998523	2.85512328142e-10	5.30418597651e-10	2.9533278681e-05
1.75364134631e-14	0.00367237203362	0.145179998485	3.07807291908e-10	5.7186344516e-10	3.06653876899e-05
1.96313951526e-14	0.00367237203004	0.145179998444	3.31844297414e-10	6.16546591179e-10	3.184089421e-05
2.19766531178e-14	0.00367237202619	0.1451799984	3.57759461021e-10	6.64721166557e-10	3.30614618123e-05
2.46020865286e-14	0.00367237202203	0.145179998352	3.85699534696e-10	7.1665995309e-10	3.43288178383e-05
2.7541166449e-14	0.00367237201754	0.145179998301	4.1582273703e-10	7.72656937833e-10	3.56447558441e-05
3.08313625523e-14	0.00367237201271	0.145179998246	4.482996492e-10	8.33029311503e-10	3.70111381388e-05
3.45146208129e-14	0.0036723720075	0.145179998186	4.83314180931e-10	8.98119022789e-10	3.84298984199e-05
3.86378982673e-14	0.00367237200188	0.145179998121	5.21064611938e-10	9.6829455471e-10	3.99030445102e-05
4.32537616575e-14	0.00367237199582	0.145179998052	5.6176471474e-10	1.04395325608e-09	4.14326611986e-05
4.84210575935e-14	0.00367237198929	0.145179997977	6.05644965208e-10	1.12552378402e-09	4.30209131913e-05
5.42056627752e-14	0.00367237198225	0.145179997896	6.52953847699e-10	1.21346776924e-09	4.46700481747e-05
6.06813238393e-14	0.00367237197465	0.145179997809	7.03959262169e-10	1.30828336882e-09	4.63823999964e-05
6.79305975392e-14	0.00367237196647	0.145179997716	7.58950041232e-10	1.41050759762e-09	4.81603919684e-05
7.60459032418e-14	0.00367237195764	0.145179997614	8.18237585756e-10	1.52071921491e-09	5.00065402959e-05
8.51307011613e-14	0.00367237194813	0.145179997505	8.82157628257e-10	1.63954227703e-09	5.19234576389e-05
9.53008113505e-14	0.00367237193787	0.145179997388	9.51072134082e-10	1.76764969016e-09	5.39138568092e-05
1.06685890264e-13	0.00367237192681	0.145179997261	1.02537135114e-09	1.90576698503e-09	5.59805546097e-05
1.19431083718e-13	0.00367237191489	0.145179997124	1.10547601978e-09	2.05467620273e-09	5.81264758206e-05
1.33698877324e-13	0.00367237190203	0.145179996977	1.19183975536e-09	2.21522055763e-09	6.03546573388e-05
1.49671167979e-13	0.00367237188817	0.145179996818	1.28495161698e-09	2.38830932238e-09	6.26682524752e-05
1.67551582828e-13	0.00367237187323	0.145179996647	1.3853388769e-09	2.57492249081e-09	6.50705354179e-05
1.87568075259e-13	0.00367237185712	0.145179996462	1.49357000638e-09	2.77611688422e-09	6.75649058651e-05
2.0997583103e-13	0.00367237183975	0.145179996263	1.61025789479e-09	2.99303181343e-09	7.01548938369e-05
2.35060521576e-13	0.00367237182102	0.145179996048	1.73606332028e-09	3.22689574019e-09	7.28441646707e-05
2.63141945964e-13	0.00367237180083	0.145179995817	1.87169869163e-09	3.47903282749e-09	7.56365242082e-05
2.94578107939e-13	0.00367237177907	0.145179995567	2.01793208244e-09	3.75087082208e-09	7.85359241817e-05
3.29769780036e-13	0.0036723717556	0.145179995298	2.17559158057e-09	4.04394927019e-09	8.15464678064e-05
3.69165612931e-13	0.0036723717303	0.145179995008	2.34556997743e-09	4.35992773315e-09	8.46724155872e-05
4.13267855185e-13	0.00367237170302	0.145179994696	2.52882982365e-09	4.70059555735e-09	8.79181913482e-05
4.62638756299e-13	0.00367237167361	0.145179994359	2.72640887977e-09	5.06788175521e-09	9.1288388493e-05
5.17907734697e-13	0.0036723716419	0.145179993995	2.93942599288e-09	5.4638663295e-09	9.47877765056e-05
5.79779402037e-13	0.00367237160771	0.145179993603	3.16908743237e-09	5.89079148654e-09	9.84213076999e-05
6.49042546139e-13	0.00367237157086	0.145179993181	3.41669372079e-09	6.35107506993e-09	0.000102194124228
7.26580187057e-13	0.00367237153112	0.145179992725	3.68364699839e-09	6.84732321706e-09	0.000106111565358
8.13380834489e-13	0.00367237148828	0.145179992234	3.97145896312e-09	7.38234645738e-09	0.000110179175029
9.10551090057e-13	0.00367237144209	0.145179991705	4.28175943106e-09	7.95917425627e-09	0.000114402709698
1.0193297551e-12	0.00367237139229	0.145179991134	4.61630556568e-09	8.5810730007e-09	0.000118788146484
1.14110362388e-12	0.0036723713386	0.145179990518	4.97699182825e-09	9.25156465093e-09	0.00012334169163
1.27742516343e-12	0.00367237128072	0.145179989855	5.36586070572e-09	9.97444583638e-09	0.000128069789283
1.43003230566e-12	0.00367237121831	0.14517998914	5.7851142769e-09	1.07538101711e-08	0.000132979130618
1.60087060377e-12	0.00367237115103	0.145179988368	6.23712668227e-09	1.15940709021e-08	0.0001380766633
1.79211803562e-12	0.00367237107849	0.145179987537	6.72445756822e-09	1.24999863341e-08	0.000143369601323
2.00621277029e-12	0.00367237100028	0.14517998664	7.24986658168e-09	1.34766864739e-08	0.000148865435216
2.24588425165e-12	0.00367237091596	0.145179985674	7.81632899738e-09	1.45297021191e-08	0.000154571942642
2.51418799533e-12	0.00367237082505	0.145179984632	8.42705256613e-09	1.56649962768e-08	0.00016049719941
2.81454454279e-12	0.00367237072704	0.145179983508	9.08549567949e-09	1.68889979147e-08	0.000166649590896
3.15078306885e-12	0.00367237062137	0.145179982297	9.79538695387e-09	1.82086381543e-08	0.000173037823919
3.52719019887e-12	0.00367237050745	0.145179980991	1.05607463447e-08	1.96313899058e-08	0.000179670939052
3.94856465786e-12	0.00367237038462	0.145179979583	1.13859079105e-08	2.11653099452e-08	0.000186558323425
4.42027844809e-12	0.0036723702522	0.145179978065	1.22755443556e-08	2.28190844342e-08	0.000193709724006
4.94834533537e-12	0.00367237010942	0.145179976429	1.32346934904e-08	2.46020783244e-08	0.000201135261392
5.53949751687e-12	0.0036723699555	0.145179974664	1.42687867592e-08	2.6524388315e-08	0.000208845444134
6.20127144808e-12	0.00367236978954	0.145179972762	1.53836799971e-08	2.85969000296e-08	0.000216851183609
6.94210392297e-12	0.00367236961062	0.145179970711	1.65856865904e-08	3.08313496331e-08	0.00022516380946
7.77143963229e-12	0.00367236941772	0.1451799685	1.78816132268e-08	3.32403902234e-08	0.000233795085627
8.69985157121e-12	0.00367236920974	0.145179966116	1.92787984408e-08	3.58376637734e-08	0.000242757226999
9.73917583132e-12	0.00367236898552	0.145179963545	2.07851541693e-08	3.86378779586e-08	0.000252062916697
1.09026624955e-11	0.00367236874378	0.145179960774	2.24092105545e-08	4.16568896455e-08	0.000261725324021
1.22051445589e-11	0.00367236848314	0.145179957787	2.41601642485e-08	4.4911794931e-08	0.00027175812309
1.36632270308e-11	0.00367236820214	0.145179954566	2.60479304905e-08	4.84210256204e-08	0.00028217551219
1.52954986259e-11	0.00367236789919	0.145179951093	2.80831992541e-08	5.2204453477e-08	0.000292992233869
1.71227687463e-11	0.00367236757256	0.145179947349	3.02774957818e-08	5.62835031322e-08	0.000304223595793
1.91683327732e-11	0.00367236722042	0.145179943312	3.26432458485e-08	6.0681273432e-08	0.000315885492418
2.14582690521e-11	0.00367236684075	0.14517993896	3.5193846125e-08	6.54226677774e-08	0.000327994427471
2.40217713566e-11	0.00367236643142	0.145179934268	3.79437400393e-08	7.05345355665e-08	0.000340567537314
2.68915210685e-11	0.00367236599011	0.14517992921	4.09084995643e-08	7.60458238504e-08	0.000353622615187
3.01041038216e-11	0.00367236551432	0.145179923756	4.41049133976e-08	8.19877419793e-08	0.000367178136392
3.37004759172e-11	0.00367236500135	0.145179917875	4.75510820292e-08	8.8393937239e-08	0.00038125328443
3.77264864598e-11	0.0036723644483	0.145179911536	5.1266520239e-08	9.53006864751e-08	0.000395867978155
4.22334618691e-11	0.00367236385203	0.145179904701	5.52722676011e-08	1.02747100596e-07	0.000411042899953
4.72788602178e-11	0.00367236320918	0.145179897332	5.95910076234e-08	1.10775346948e-07	0.000426799525012
5.29270037404e-11	0.0036723625161	0.145179889387	6.42471961956e-08	1.19430887127e-07	0.000443160151709
5.9249898847e-11	0.00367236176886	0.145179880822	6.92672000725e-08	1.28762735214e-07	0.000460147933163
6.63281540991e-11	0.00367236096323	0.145179871587	7.46794461784e-08	1.38823734887e-07	0.000477786909996
7.42520078486e-11	0.00367236009466	0.145179861631	8.05145825762e-08	1.49670858732e-07	0.000496102044349
8.31224786393e-11	0.00367235915822	0.145179850896	8.68056520136e-08	1.61365530878e-07	0.000515119255206
9.30526530384e-11	0.00367235814861	0.145179839323	9.35882790286e-08	1.73973974824e-07	0.000534865455062
1.04169127313e-10	0.00367235706011	0.145179826846	1.00900871674e-07	1.87567588585e-07	0.000555368588009
1.16613621331e-10	0.00367235588657	0.145179813394	1.08784839003e-07	2.02223348695e-07	0.000576657669268
1.30544785259e-10	0.00367235462133	0.145179798891	1.17284825545e-07	2.18024245973e-07	0.000598762826248
1.46140222095e-10	0.00367235325723	0.145179783254	1.26448964104e-07	2.35059756029e-07	0.000621715341167
1.63598751798e-10	0.00367235178654	0.145179766396	1.36329148308e-07	2.53426345411e-07	0.000645547695313
1.83142945911e-10	0.00367235020094	0.14517974822	1.46981326446e-07	2.73228018053e-07	0.000670293614998
2.05021964948e-10	0.00367234849145	0.145179728624	1.58465818272e-07	2.94576903914e-07	0.000695988119275
2.29514734749e-10	0.00367234664839	0.145179707498	1.70847656553e-07	3.17593894237e-07	0.000722667569479
2.56933502264e-10	0.00367234466132	0.14517968472	1.84196955303e-07	3.42409325888e-07	0.000750369720667
2.87627816112e-10	0.00367234251899	0.145179660163	1.98589306784e-07	3.69163719425e-07	0.000779133775031
3.21988982646e-10	0.00367234020926	0.145179633687	2.14106209529e-07	3.98008574449e-07	0.00080900043735
3.60455054325e-10	0.00367233771907	0.145179605142	2.30835529796e-07	4.29107228026e-07	0.000840011972575
4.03516413978e-10	0.00367233503431	0.145179574366	2.48871999078e-07	4.62635778705e-07	0.000872212265613
4.51722026137e-10	0.00367233213977	0.145179541187	2.68317750479e-07	4.98784084273e-07	0.000905646883396
5.05686435131e-10	0.00367232901907	0.145179505414	2.89282896989e-07	5.37756836536e-07	0.000940363139339
5.66097599126e-10	0.00367232565454	0.145179466847	3.1188615494e-07	5.79774720048e-07	0.000976410160254
6.33725659962e-10	0.00367232202711	0.145179425266	3.36255516161e-07	6.25075661643e-07	0.00101383895583
7.09432760584e-10	0.00367231811626	0.145179380436	3.62528972644e-07	6.73916177558e-07	0.00105270249078
7.9418403516e-10	0.00367231389984	0.145179332103	3.90855297815e-07	7.26572825907e-07	0.00109305575972
8.89059911995e-10	0.00367230935398	0.145179279994	4.21394888838e-07	7.83343772174e-07	0.00113495586496
9.95269886005e-10	0.00367230445292	0.145179223813	4.54320674712e-07	8.44550477161e-07	0.00117846209723
1.11416793629e-09	0.00367229916893	0.145179163243	4.89819095298e-07	9.10539517483e-07	0.00122363601951
1.24726978531e-09	0.00367229347208	0.14517909794	5.28091156826e-07	9.81684546843e-07	0.00127054155409
1.39627221955e-09	0.00367228733011	0.145179027534	5.69353569838e-07	1.05838841172e-06	0.0013192450729
1.56307471795e-09	0.00367228070825	0.145178951627	6.13839976013e-07	1.14108543191e-06	0.00136981549135
1.74980366372e-09	0.00367227356901	0.14517886979	6.61802270809e-07	1.23024385896e-06	0.00142232436572
1.95883944794e-09	0.00367226587195	0.145178781558	7.13512029409e-07	1.32636852701e-06	0.00147684599433
2.19284681051e-09	0.00367225757351	0.145178686432	7.69262044026e-07	1.43000371001e-06	0.00153345752249
2.45480880475e-09	0.00367224862669	0.145178583874	8.29367981264e-07	1.54173620296e-06	0.00159223905151
2.74806481876e-09	0.00367223898083	0.145178473302	8.94170168907e-07	1.66219864283e-06	0.00165327375191
3.07635313759e-09	0.00367222858133	0.145178354091	9.64035522233e-07	1.79207308949e-06	0.00171664798083
3.44385858863e-09	0.0036722173693	0.145178225565	1.03935962074e-06	1.9320948861e-06	0.0017824514041
3.85526587727e-09	0.00367220528126	0.145178086998	1.12056894705e-06	2.0830568201e-06	0.00185077712276
4.31581929191e-09	0.00367219224878	0.145177937603	1.20812330054e-06	2.24581361058e-06	0.0019217218046
4.83138953918e-09	0.00367217819806	0.145177776536	1.30251839953e-06	2.42128674444e-06	0.00199538582059
5.40854856038e-09	0.00367216304957	0.145177602885	1.40428868651e-06	2.61046969106e-06	0.00207187338655
6.05465328198e-09	0.00367214671753	0.145177415665	1.51401035237e-06	2.81443352351e-06	0.00215129271021
6.77793936689e-09	0.0036721291095	0.145177213818	1.63230459674e-06	3.03433297854e-06	0.00223375614388
7.58762615996e-09	0.00367211012579	0.1451769962	1.7598411427e-06	3.27141298989e-06	0.00231938034292
8.49403416425e-09	0.00367208965892	0.145176761579	1.89734202588e-06	3.52701573043e-06	0.00240828643022
9.50871654338e-09	0.00367206759304	0.145176508627	2.04558567919e-06	3.80258820526e-06	0.00250060016699
1.0644606324e-08	0.00367204380324	0.145176235912	2.20541133622e-06	4.09969043562e-06	0.00259645212995
1.19161811721e-08	0.00367201815486	0.145175941889	2.37772377832e-06	4.42000428212e-06	0.00269597789531
1.33396478399e-08	0.00367199050271	0.145175624894	2.56349845182e-06	4.76534295617e-06	0.00279931822971
1.49331486307e-08	0.00367196069028	0.145175283132	2.76378698455e-06	5.13766127265e-06	0.00290661928837
1.6716992508e-08	0.00367192854882	0.145174914669	2.97972313242e-06	5.5390667025e-06	0.00301803282079
1.87139137892e-08	0.00367189389643	0.145174517419	3.21252918986e-06	5.97183128637e-06	0.00313371638418
2.09493617145e-08	0.00367185653697	0.145174089132	3.46352289988e-06	6.43840447795e-06	0.00325383356497
2.34518245711e-08	0.00367181625903	0.145173627384	3.7341249029e-06	6.94142698681e-06	0.00337855420871
2.62531924968e-08	0.00367177283466	0.145173129562	4.02586676599e-06	7.48374570095e-06	0.00350805465856
2.93891635719e-08	0.00367172601814	0.145172592847	4.34039963786e-06	8.06842977143e-06	0.00364251800283
3.28996983604e-08	0.00367167554455	0.145172014201	4.67950357803e-06	8.69878794952e-06	0.00378213433177
3.68295286767e-08	0.00367162112831	0.145171390348	5.04509761259e-06	9.37838727383e-06	0.00392710100404
4.12287270383e-08	0.00367156246154	0.145170717759	5.43925057302e-06	1.0111073212e-05	0.00407762292312
4.61533440355e-08	0.00367149921234	0.145169992625	5.86419277865e-06	1.09009913696e-05	0.00423391282407
5.16661217093e-08	0.00367143102291	0.145169210843	6.32232862832e-06	1.17526108882e-05	0.00439619157099
5.78372919884e-08	0.00367135750754	0.145168367988	6.81625017162e-06	1.26707496623e-05	0.00456468846555
6.47454703146e-08	0.00367127825041	0.145167459291	7.34875173553e-06	1.36606015172e-05	0.00473964156698
7.24786557862e-08	0.0036711928033	0.145166479608	7.92284568816e-06	1.47277654977e-05	0.00492129802392
8.11353504954e-08	0.003671100683	0.145165423397	8.54177942751e-06	1.58782774322e-05	0.00510991441852
9.0825812241e-08	0.00367100136863	0.145164284681	9.20905368976e-06	1.71186439474e-05	0.00530575712326
1.01673456477e-07	0.0036708942987	0.145163057017	9.92844227916e-06	1.84558791218e-05	0.00550910267074
1.13816425237e-07	0.00367077886796	0.145161733459	1.07040133289e-05	1.98975439815e-05	0.0057202381372
1.27409342887e-07	0.00367065442395	0.14516030652	1.15401522109e-05	2.14517890569e-05	0.00593946153984
1.42625280883e-07	0.00367052026342	0.145158768127	1.24415862216e-05	2.31274002373e-05	0.00616708224865
1.59657956372e-07	0.00367037562828	0.14515710958	1.34134111799e-05	2.49338481714e-05	0.00640342141311
1.78724192362e-07	0.00367021970141	0.145155321497	1.44611200843e-05	2.68813414916e-05	0.00664881240422
2.00066670523e-07	0.00367005160208	0.145153393767	1.55906339863e-05	2.89808841495e-05	0.00690360127235
2.23957011273e-07	0.00366987038096	0.145151315488	1.68083352513e-05	3.12443371792e-05	0.00716814722137
2.50699219955e-07	0.00366967501485	0.14514907491	1.81211033864e-05	3.36844852244e-05	0.00744282309953
2.80633542439e-07	0.00366946440093	0.145146659366	1.95363536348e-05	3.6315108193e-05	0.00772801590758
3.14140778593e-07	0.00366923735063	0.145144055202	2.10620785427e-05	3.91510584254e-05	0.00802412732458
3.51647107758e-07	0.00366899258292	0.145141247699	2.27068927289e-05	4.22083437989e-05	0.00833157425187
3.93629486716e-07	0.00366872871725	0.145138220992	2.44800810957e-05	4.550421721e-05	0.0086507893757
4.40621687712e-07	0.00366844426579	0.14513495798	2.63916507442e-05	4.90572729201e-05	0.00898222174887
4.93221052009e-07	0.00366813762519	0.14513144023	2.8452386871e-05	5.28875502774e-05	0.00932633739197
5.52096043264e-07	0.00366780706762	0.145127647873	3.06739129465e-05	5.70166453663e-05	0.00968361991447
6.17994694822e-07	0.00366745073126	0.145123559494	3.30687554954e-05	6.14678311777e-05	0.0100545711562
6.91754055991e-07	0.0036670666099	0.145119152012	3.56504138214e-05	6.62661869298e-05	0.0104397118494
7.74310754539e-07	0.00366665254188	0.145114400548	3.84334350463e-05	7.14387372186e-05	0.0108395823021
8.66712806231e-07	0.00366620619817	0.145109278292	4.14334948538e-05	7.70146017209e-05	0.0112547431022
9.70132817344e-07	0.00366572506953	0.145103756347	4.46674843613e-05	8.30251562214e-05	0.0116857758438
1.08588274289e-06	0.00366520645266	0.145097803571	4.81536035663e-05	8.95042057908e-05	0.0121332838749
1.21543038195e-06	0.00366464743546	0.145091386402	5.19114618499e-05	9.64881709925e-05	0.0125978930668
1.36041781238e-06	0.00366404488102	0.145084468675	5.59621860464e-05	0.000104016288057	0.0130802526057
1.52268199001e-06	0.00366339541056	0.145077011416	6.03285366263e-05	0.000112130824021	0.0135810358059
1.70427776332e-06	0.00366269538501	0.145068972629	6.50350325723e-05	0.00012087730789	0.0141009409448
1.90750358265e-06	0.00366194088527	0.145060307063	7.01080855659e-05	0.000130304778953	0.014640692119
2.13493021478e-06	0.00366112769107	0.145050965961	7.55761441396e-05	0.000140466053441	0.0152010401213
2.38943280817e-06	0.00366025125821	0.145040896791	8.14698484919e-05	0.000151418010795	0.0157827633387
2.67422669301e-06	0.00365930669421	0.145030042959	8.78221966999e-05	0.000163221900874	0.0163866686688
2.99290734241e-06	0.00365828873219	0.145018343494	9.46687231084e-05	0.000175943673518	0.0170135924558
3.3494949684e-06	0.00365719170286	0.145005732719	0.000102047689719	0.000189654331942	0.0176644014428
3.74848427777e-06	0.00365600950458	0.144992139886	0.000110000291441	0.000204430311521	0.0183399937411
4.19489996999e-06	0.00365473557127	0.144977488797	0.000118570876119	0.000220353885594	0.0190412998123
4.69435862201e-06	0.0036533628381	0.144961697383	0.000127807180282	0.000237513599982	0.0197692834627
5.25313767324e-06	0.00365188370483	0.144944677266	0.000137760581619	0.000256004737997	0.0205249428477
5.87825229942e-06	0.0036502899966	0.144926333276	0.000148486369202	0.000275929817768	0.0213093114809
6.57754104611e-06	0.00364857292218	0.144906562945	0.000160044032558	0.000297399123766	0.0221234592478
7.35976118218e-06	0.00364672302932	0.144885255953	0.000172497570663	0.000320531274483	0.0229684934168
8.23469483098e-06	0.00364473015731	0.144862293544	0.000185915822032	0.00034545382821	0.0238455596456
9.2132670426e-06	0.0036425833864	0.144837547894	0.00020037281705	0.000372303928933	0.0247558429754
1.03076770845e-05	0.00364027098404	0.144810881437	0.000215948153727	0.000401228994325	0.0257005688084
1.1531544351e-05	0.00363778034785	0.144782146143	0.000232727398062	0.000432387447821	0.0266810038609
1.29000704231e-05	0.0036350979451	0.144751182746	0.000250802510206	0.000465949496706	0.0276984570844
1.4430218951e-05	0.00363220924866	0.144717819921	0.000270272297558	0.000502097958057	0.0287542805452
1.61409151809e-05	0.00362909866929	0.144681873399	0.000291242895937	0.000541029134275	0.029849870253
1.80532671029e-05	0.00362574948419	0.144643145032	0.000313828279861	0.00058295373976	0.0309866669266
2.01908103625e-05	0.00362214376182	0.144601421786	0.00033815080291	0.000628097880055	0.0321661566842
2.25797792466e-05	0.00361826228284	0.144556474677	0.000364341769011	0.000676704084507	0.0333898716432
2.52494062281e-05	0.00361408445735	0.144508057634	0.000392542035331	0.000729032393087	0.034659390414
2.82322527286e-05	0.00360958823835	0.144455906293	0.000422902647248	0.000785361497578	0.035976338469
3.15645739303e-05	0.00360475003165	0.144399736712	0.000455585505641	0.000845989936738	0.0373423883672
3.52867206356e-05	0.00359954460232	0.144339244018	0.000490764066406	0.000911237344363	0.0387592598114
3.9443581326e-05	0.00359394497805	0.144274100965	0.000528624071711	0.000981445748303	0.040228719513
4.40850677091e-05	0.00358792234972	0.144203956419	0.000569364312087	0.00105698091752	0.0417525808369
4.92666471499e-05	0.00358144596964	0.14412843375	0.000613197417832	0.00113823375302	0.0433327031956
5.50499254568e-05	0.00357448304815	0.144047129154	0.000660350677607	0.00122562171713	0.0449709911589
6.15032835096e-05	0.00356699864925	0.143959609872	0.000711066881292	0.00131959029391	0.0466693932418
6.87025711777e-05	0.0035589555862	0.143865412343	0.000765605183266	0.00142061447151	0.0484299003294
7.67318618473e-05	0.00355031431832	0.143764040261	0.000824241981235	0.00152920023522	0.0502545436953
8.56842706454e-05	0.00354103285015	0.143654962557	0.000887271804481	0.00164588605713	0.0521453925629
9.56628390894e-05	0.00353106663475	0.143537611306	0.000955008204014	0.00177124436565	0.0541045511584
0.000106781488368	0.003520368483	0.143411379557	0.00102778463551	0.00190588297453	0.0561341551968
0.000119166042753	0.00350888848101	0.143275619115	0.00110595532404	0.00205044644746	0.0582363677402
0.000132955323699	0.00349657391834	0.14312963825	0.00118989609761	0.00220561736998	0.0604133743604
0.000148302313972	0.00348336922991	0.142972699386	0.00128000517412	0.00237211749548	0.0626673775358
0.000165375389621	0.00346921595505	0.142804016757	0.00137670388381	0.00255070872728	0.0650005902077
0.000184359615693	0.00345405271747	0.142622754057	0.00148043730647	0.00274219389237	0.0674152284143
0.000205458099278	0.00343781523047	0.142428022121	0.00159167479945	0.00294741725663	0.0699135029212
0.000228893390626	0.0034204363324	0.142218876641	0.00171091038906	0.00316726472407	0.0724976097603
0.000254908919749	0.00340184605753	0.141994315976	0.00183866299459	0.00340266365574	0.075169719588
0.000283770451938	0.00338197174839	0.141753279071	0.00197547644992	0.00365458223603	0.0779319657732
0.000315767540998	0.00336073821607	0.141494643552	0.00212191928383	0.00392402830635	0.0807864311228
0.000351214953716	0.00333806795524	0.141217224034	0.00227858421607	0.00421204757808	0.0837351331576
0.000390454033002	0.00331388142158	0.140919770704	0.00244608732171	0.00451972112897	0.0867800078511
0.000433853960363	0.00328809737914	0.140600968256	0.00262506681266	0.0048481620794	0.0899228917546
0.000481812870876	0.00326063332589	0.140259435237	0.00281618138103	0.00519851133871	0.0931655024367
0.000534758765667	0.00323140600538	0.139893723902	0.00302010804605	0.00557193230585	0.096509417182
0.00059315015821	0.00320033201276	0.139502320667	0.00323753944313	0.00596960440519	0.0999560499085
0.000657476381707	0.00316732850267	0.139083647257	0.00346918049261	0.00639271533713	0.103506626286
0.000728257480451	0.00313231400359	0.138636114982	0.00371574438481	0.00684245196991	0.107162157065
0.000806044287073	0.00309520901246	0.138160470457	0.00397794780239	0.00731999617938	0.110923408265
0.000891415188652	0.00305593795427	0.137652618824	0.00425650086718	0.00782649825877	0.114790806723
0.000984976040636	0.00301442946168	0.137110758806	0.00455210938244	0.00836307254561	0.118764535952
0.00108735680077	0.00297061798055	0.136533044477	0.00486546329342	0.0089307798383	0.122844440625
0.00119920780551	0.00292444517891	0.135917593017	0.00519722843157	0.00953060983997	0.127029992451
0.00132119499461	0.00287586146461	0.135262494014	0.00554803731713	0.01016346182	0.131320255262
0.00145399397965	0.00282482759919	0.134565820437	0.00591847902899	0.0108301235573	0.135713849705
0.00159828286492	0.00277131638957	0.133825641384	0.00630908817757	0.0115312486915	0.140208918029
0.0017547337488	0.00271531443314	0.133040036669	0.00672033304804	0.0122673326822	0.144803089507
0.00192400286202	0.00265682388546	0.132207113327	0.007152603018	0.0130386876582	0.149493447179
0.00210671933624	0.00259586421256	0.131325024041	0.0076061953951	0.0138454165346	0.154276496642
0.00230347264295	0.00253247388295	0.130391987476	0.00808130186566	0.0146873868732	0.159148137728
0.00251479879923	0.00246671194787	0.129406310428	0.00857799479356	0.0155642050701	0.16410363999
0.00274116550239	0.00239865945223	0.12836641168	0.00909621365827	0.0164751915573	0.169137622967
0.00298295642883	0.00232842061407	0.127270847334	0.00963575196983	0.0174193578086	0.174244042266
0.00324045501136	0.00225612370714	0.126118337351	0.0101962450433	0.0183953860271	0.179416182507
0.00351382809037	0.00218192158098	0.124907792936	0.0107771590545	0.0194016124642	0.184646658184
0.00380310991322	0.00210599175451	0.123638344338	0.0113777818258	0.0204360153605	0.189927423447
0.00410817545657	0.00202853896797	0.122299739713	0.0119972152435	0.0214961466377	0.195249791711
0.00442875942302	0.00194978628675	0.120900394334	0.012634419113	0.022579261697	0.200604882663
0.00476441647719	0.00186998083213	0.119440821039	0.0132881202628	0.023682256279	0.205982877009
0.00511451912286	0.00178938971195	0.117921321211	0.0139568544321	0.0248016827042	0.211373418077
0.0054782535586	0.00170829706618	0.116342542662	0.0146389749278	0.0259337777458	0.216765699228
0.00585461843733	0.00162700083423	0.114705496458	0.0153326626189	0.0270744960086	0.222148539451
0.00624242808068	0.00154580901503	0.113011569333	0.016035940026	0.0282195521088	0.227510469716
0.00664032048162	0.00146503549536	0.111262531023	0.0167466894648	0.0293644712138	0.232839829113
0.00704676199283	0.0013849971293	0.109447419484	0.0174626750439	0.0305046102382	0.23812486941
0.00746003049382	0.00130601603164	0.10755937841	0.0181816493168	0.0316349899802	0.24335449199
0.00787839441626	0.00122838555616	0.105623623828	0.0189013661746	0.032751067377	0.248518218391
0.00829997112403	0.0011523971878	0.103643556221	0.0196194022631	0.0338482617335	0.253604758697
0.00872281242583	0.00107832478824	0.101622903909	0.0203333329082	0.0349221419348	0.258603193186
0.00914493692919	0.00100642051627	0.0995656913011	0.021040764731	0.0359684970038	0.263503085107
0.00956435119623	0.000936913309461	0.0974587590163	0.021739367961	0.0369833519364	0.268294587997
0.00997901980147	0.000870016638231	0.0952882246438	0.022427025269	0.0379626575015	0.272969384473
0.0103871778675	0.000805882005369	0.0930953384136	0.0231018780467	0.0389034328276	0.277520868533
0.0107870584136	0.000744645924573	0.0908850945657	0.0237619560808	0.039802980016	0.281941488843
0.0111770215603	0.000686412019889	0.0886625432416	0.02440545984	0.0406590753548	0.286224595086
0.0115555632228	0.000631253363042	0.0864119809146	0.0250307784472	0.0414699310693	0.290364483613
0.0119213033583	0.000579218061061	0.0841369514047	0.0256366453773	0.0422339458485	0.294357393809
0.0122731990775	0.000530302855414	0.0818658793301	0.0262220193114	0.0429505623062	0.298200658185
0.0126103183086	0.000484488261928	0.0796036471178	0.0267859020522	0.0436195577396	0.301891450186
0.0129319182633	0.000441729974007	0.0773441424163	0.0273275096598	0.0442411345863	0.305427904255
0.0132373974253	0.000401967964065	0.0750751588344	0.0278463392228	0.044815648952	0.308809563222
0.0135264879875	0.000365104106672	0.0728298856291	0.0283422042	0.0453442298605	0.312037618488
0.0137990260047	0.000331033907866	0.0706122567087	0.0288149046697	0.045828263017	0.315112759452
0.0140549127071	0.000299651742964	0.0682628612392	0.0292644182782	0.0462690639337	0.318036445702
0.0142939382054	0.000270874175367	0.0657938365465	0.0296918984182	0.0466662670154	0.320817553157
0.0145169672464	0.000244499229155	0.063379978742	0.0300986052363	0.0470229413611	0.323465429713
0.0147241669738	0.000220417368024	0.0605609409692	0.0304847686702	0.0473406427264	0.325982403122
0.0149147657036	0.000198635703941	0.0571622912122	0.0308535260878	0.0476147519883	0.328389787345
0.0150910685277	0.000178822223318	0.0535610940673	0.0312094612239	0.0478494017314	0.330718506955
0.0152528595122	0.000160941749676	0.0496717161651	0.0315548348202	0.0480424230058	0.332984390593
0.0154021739881	0.000144718196458	0.0459960461433	0.0318930088096	0.0481979098112	0.33521062245
0.0155398078306	0.000130019730022	0.0425398597105	0.0322240680833	0.0483189899449	0.337398764139
0.0156664619633	0.000116728244977	0.0392906070555	0.0325480558955	0.0484084562253	0.339549906274
0.0157827737641	0.000104735753253	0.0361624734821	0.032865107643	0.0484687451874	0.341665584083
0.0158895627533	9.3919679231e-05	0.033190078831	0.0331760913945	0.0485020918125	0.343752135716
0.0159874292474	8.41842078948e-05	0.0303738978875	0.0334816278866	0.0485102115491	0.345814233244
0.0160770544454	7.54293448335e-05	0.0277156364286	0.0337823973024	0.0484949687635	0.347856948635
0.0161591105298	6.75600268601e-05	0.0252207544573	0.0340790870021	0.048458141479	0.34988542122
0.0162342472879	6.04872467662e-05	0.0229166710897	0.0343723222336	0.048401451798	0.351904398315
0.0163030188195	5.41344809814e-05	0.020804094748	0.0346623435439	0.0483266641862	0.35391598749
0.0163659452744	4.84313077822e-05	0.0188791748307	0.0349492423715	0.0482355516137	0.355921220742
0.016423513229	4.3313101901e-05	0.0171335746698	0.0352329697953	0.0481298918819	0.357920081034
0.0164761655034	3.87216732829e-05	0.0155558356268	0.0355133624336	0.0480114139586	0.359911651205
0.0165243072073	3.46044552023e-05	0.0141367631512	0.0357901765999	0.0478817860668	0.361894329339
0.0165682955905	3.09150920819e-05	0.0128584374944	0.0360630420974	0.0477426342972	0.363865471111
0.0166084681729	2.76108261977e-05	0.0117064303165	0.0363316403376	0.0475954530262	0.365822656235
0.016645142097	2.46524367604e-05	0.0106672676931	0.0365956702902	0.0474416383518	0.367763454892
0.0166786059893	2.20047465848e-05	0.00972884903253	0.0368548570329	0.0472824567985	0.36968549978
0.0167091237702	1.9636134706e-05	0.00888230025681	0.0371089575178	0.0471190529149	0.371586541716
0.016736933306	1.75184585396e-05	0.00811659622979	0.0373577105553	0.0469524971723	0.373464084584
0.0167622575595	1.5626038274e-05	0.00742199207449	0.0376009277259	0.0467837297261	0.375316078621
0.0167853092316	1.39352027854e-05	0.00679092497256	0.0378384948242	0.0466135736269	0.377140959854
0.0168062799991	1.24249670023e-05	0.00621708616091	0.0380703320023	0.0464427443148	0.378937369038
0.0168253456317	1.10765141756e-05	0.00569534730868	0.0382963832062	0.0462718765562	0.380704084618
0.0168426660044	9.87306706208e-06	0.00521909947022	0.0385165965392	0.0461015453948	0.38243987908
0.0168583933591	8.79920616417e-06	0.00478389259289	0.0387310061173	0.0459322091543	0.384144177515
0.0168726663936	7.8411901921e-06	0.00438582127009	0.0389396685059	0.0457642568649	0.385816577916
0.0168856118352	6.98674945213e-06	0.00402139773702	0.0391426598822	0.0455980166144	0.387456838506
0.0168973460869	6.2248884208e-06	0.00368698980913	0.0393400754376	0.0454337617248	0.389064881777
0.0169079772078	5.54568196083e-06	0.00337988362469	0.0395320543681	0.0452716921268	0.390641008789
0.016917603538	4.94029619809e-06	0.0030976617362	0.0397187498409	0.0451119612143	0.392185665536
0.0169263150306	4.40083837522e-06	0.00283748196723	0.0399003281233	0.0449546811461	0.393699441315
0.0169341957886	3.92014534473e-06	0.00259758176701	0.0400770093031	0.0447998897738	0.39518341706
0.0169413217897	3.49187540764e-06	0.00237625161616	0.0402490155984	0.044647596512	0.396638743521
0.0169477614486	3.1104247601e-06	0.00217192712752	0.0404165803963	0.0444977754017	0.398066719321
0.0169535779652	2.77074601593e-06	0.00198264256301	0.0405799528293	0.0443503674716	0.399468833581
0.0169588301319	2.46826904654e-06	0.0018069557177	0.0407394407113	0.0442052403697	0.400847142611
0.0169635719256	2.19889632247e-06	0.00164405950529	0.0408953871039	0.0440622109914	0.402204082089
0.016967850912	1.95906414966e-06	0.00149287520674	0.04104812876	0.0439210830278	0.403542111262
0.0169717101059	1.74560934376e-06	0.00135241586305	0.0411980353732	0.043781613106	0.404864057478
0.0169751895895	1.55565855419e-06	0.00122173818278	0.0413455188935	0.0436435060934	0.406173207901
0.0169783258515	1.38664763693e-06	0.00109998018627	0.0414910445591	0.0435064024804	0.407473419978
0.0169811519911	1.23629406325e-06	0.000986150465691	0.0416351455403	0.0433698644813	0.408769268724
0.016983698728	1.10252927363e-06	0.000879939978704	0.0417784735062	0.0432333283371	0.410066526048
0.0169859932226	9.83548450046e-07	0.000780859661314	0.0419217385461	0.0430961613934	0.411371648034
0.0169880598073	8.77759271764e-07	0.000688089709602	0.0420657707704	0.0429576026103	0.412692362646
0.0169899213925	7.83700710734e-07	0.000601330637328	0.042211645789	0.0428166409212	0.414038874774
0.0169915986588	7.00077326218e-07	0.000520391128572	0.0423606772752	0.0426720206146	0.415423885289
0.0169931089096	6.25807736367e-07	0.00044516310868	0.0425144999678	0.0425221554299	0.416863469218
0.0169944667202	5.59982527527e-07	0.000374344336238	0.0426752145618	0.0423649855011	0.418378592793
0.0169956878095	5.01672993109e-07	0.000308196909027	0.0428461823507	0.0421971928681	0.420002925521
0.0169967852766	4.50113278898e-07	0.000248246112333	0.0430321380411	0.0420140788345	0.421784546495
0.0169977994301	4.03322992332e-07	0.000207430764936	0.0432391385251	0.0418096919552	0.423786317045
0.0169987501624	3.60328232941e-07	0.000181739191822	0.0434610140713	0.0415902536763	0.425953943275
0.0169996301579	3.21362735574e-07	0.000163111605737	0.0436872302751	0.0413662807781	0.428187804352
0.0170004365201	2.86412091341e-07	0.000147753491967	0.0439120370328	0.041143517926	0.430431980853
0.0170011725201	2.55181708918e-07	0.000134265267187	0.0441332482867	0.0409241616615	0.432664240113
0.0170018425024	2.27342926196e-07	0.000122066409621	0.0443501702685	0.0407089188334	0.434876693058
0.0170024516758	2.02548953146e-07	0.000110890365236	0.0445627720149	0.0404978354231	0.437068007742
0.017003005411	1.80466186939e-07	0.000100646346691	0.044771306232	0.0402906738709	0.43923979931
0.0170035087434	1.60793144791e-07	9.13073685943e-05	0.0449760421692	0.0400871789743	0.441393957597
0.017003966188	1.43265157784e-07	8.28230681836e-05	0.0451771413149	0.0398872017674	0.443531327968
0.0170043818766	1.27646387206e-07	7.51357775574e-05	0.045374696429	0.0396906608641	0.44565207493
0.017004759578	1.13727017011e-07	6.81825262673e-05	0.0455687449479	0.0394975291299	0.447755791831
0.0170051026977	1.01321433271e-07	6.18987934854e-05	0.045759285956	0.0393078167363	0.449841658588
0.0170054143291	9.02647742758e-08	5.6228595492e-05	0.0459462966617	0.0391215548314	0.451908604925
0.017005697248	8.04117359934e-08	5.11041842205e-05	0.0461297216472	0.0389388062964	0.45395517903
0.0170059540178	7.16317068319e-08	4.6469686324e-05	0.0463095304164	0.038759608468	0.455980182436
0.0170061869908	6.38078203776e-08	4.22749131247e-05	0.0464857013238	0.0385839892243	0.457982500472
0.0170063983079	5.68360899247e-08	3.8475101492e-05	0.0466582218414	0.0384119667312	0.45996111083
0.0170065899144	5.06240836835e-08	3.50315463074e-05	0.0468270889266	0.0382435491233	0.461915093445
0.0170067635839	4.50894505338e-08	3.1909618257e-05	0.0469923039492	0.0380787396436	0.463843576727
0.0170069209303	4.01588912069e-08	2.90747668244e-05	0.0471538722307	0.037917537143	0.465745735191
0.0170070634412	3.57665822739e-08	2.64989949274e-05	0.0473118220201	0.0377599171901	0.467621018499
0.0170071924769	3.18537431809e-08	2.41572303718e-05	0.0474661881606	0.0376058484093	0.469468967186
0.0170073092703	2.83682045012e-08	2.2027325842e-05	0.0476170110708	0.0374552935072	0.471289204096
0.0170074149464	2.52634362809e-08	2.0090098526e-05	0.0477643350825	0.0373082109855	0.473081417243
0.0170075105263	2.24980724505e-08	1.83261923222e-05	0.04790820263	0.037164560967	0.474845290567
0.0170075969471	2.00350535543e-08	1.67195636614e-05	0.0480486695046	0.0370242899914	0.476580692553
0.0170076750632	1.78413209191e-08	1.52557201271e-05	0.0481857936998	0.0368873421774	0.478287543376
0.0170077456493	1.58874933979e-08	1.39217207977e-05	0.0483196348863	0.0367536597594	0.479965809436
0.0170078094107	1.414738786e-08	1.27060039018e-05	0.0484502532359	0.0366231842893	0.481615489284
0.0170078669876	1.25977006481e-08	1.1597452646e-05	0.0485777075525	0.0364958585196	0.483236590019
0.0170079189644	1.12176094549e-08	1.05864473566e-05	0.0487020618252	0.0363716198735	0.484829210887
0.0170079658721	9.98856027966e-09	9.66425598375e-06	0.0488233800611	0.0362504056201	0.486393478629
0.0170080081925	8.89404413867e-09	8.82304169083e-06	0.0489417260856	0.0361321530857	0.487929544764
0.0170080463625	7.9193585761e-09	8.05563513647e-06	0.049057162432	0.0360168007764	0.489437570789
0.0170080807789	7.05140864742e-09	7.35536822672e-06	0.0491697507944	0.035904287937	0.490917733423
0.0170081118023	6.27851105942e-09	6.7163096626e-06	0.049279554151	0.0357945524379	0.492370252241
0.0170081397595	5.59026173385e-09	6.13306082423e-06	0.0493866346025	0.0356875329442	0.493795361096
0.0170081649467	4.97739854803e-09	5.60076752623e-06	0.0494910533378	0.0355831689573	0.495193307052
0.017008187632	4.4316760592e-09	5.11492897516e-06	0.0495928695647	0.0354814018916	0.496564335299
0.0170082080584	3.94574765769e-09	4.67143248571e-06	0.0496921419264	0.035382173665	0.497908707341
0.0170082264462	3.51306291854e-09	4.26656388348e-06	0.049788928756	0.0352854264512	0.499226703968
0.0170082429948	3.12779163808e-09	3.89693987738e-06	0.0498832872611	0.0351911034986	0.500518613637
0.0170082578842	2.78474147703e-09	3.55953618036e-06	0.0499752735512	0.0350991491084	0.501784732116
0.0170082712775	2.47929298673e-09	3.25148642735e-06	0.0500649411203	0.0350095101563	0.503025340715
0.017008283322	2.20732775455e-09	2.9702208946e-06	0.0501523436616	0.0349221332824	0.504240744283
0.0170082941512	1.96517508352e-09	2.71339895277e-06	0.0502375338871	0.0348369660747	0.50543125442
0.0170083038853	1.74956915363e-09	2.47889888734e-06	0.050320563335	0.0347539572652	0.506597186098
0.0170083126331	1.55760191885e-09	2.26479968636e-06	0.0504014820643	0.0346730570374	0.507738852623
0.0170083204926	1.38668561837e-09	2.06928907396e-06	0.0504803381103	0.0345942175745	0.508856557074
0.0170083275526	1.23451247551e-09	1.89074594861e-06	0.0505571796553	0.0345173908906	0.509950622319
0.017008333893	1.09902729557e-09	1.72769077873e-06	0.0506320537934	0.0344425300684	0.511021373029
0.017008339586	9.78400943708e-10	1.5787965729e-06	0.050705006543	0.0343695892483	0.512069135201
0.0170083446966	8.71005944931e-10	1.4428235795e-06	0.0507760818863	0.0342985245906	0.513094221626
0.0170083492833	7.75392640134e-10	1.31863435481e-06	0.0508453230974	0.0342292929495	0.514096950245
0.0170083533992	6.90268218714e-10	1.20520188128e-06	0.050912773098	0.0341618515185	0.515077648815
0.0170083570917	6.14482537946e-10	1.10159019023e-06	0.0509784738094	0.0340961584797	0.516036645036
0.0170083604039	5.47011466217e-10	1.00697189619e-06	0.0510424661862	0.0340321729716	0.51697426645
0.0170083633743	4.86944701316e-10	9.20539186081e-07	0.0511047885715	0.0339698567342	0.517890815653
0.0170083660376	4.33469942733e-10	8.41580037251e-07	0.0511654800945	0.0339091707132	0.518786619544
0.0170083684252	3.85863514727e-10	7.6944387593e-07	0.0512245789928	0.0338500767382	0.519662004351
0.0170083705652	3.43481738282e-10	7.03548654551e-07	0.0512821226173	0.0337925375187	0.520517295207
0.017008372483	3.05751962072e-10	6.43352961239e-07	0.051338146613	0.0337365174636	0.521352803401
0.0170083742014	2.72164350552e-10	5.88351171247e-07	0.051392685735	0.0336819818664	0.522168837919
0.0170083757408	2.42263944805e-10	5.38091652916e-07	0.0514457749053	0.0336288958484	0.522965720869
0.0170083771196	2.15646066597e-10	4.92163219664e-07	0.0514974482401	0.0335772253326	0.523743772591
0.0170083783544	1.91950467515e-10	4.50206166094e-07	0.0515477390356	0.0335269370577	0.524503311003
0.01700837946	1.70857161685e-10	4.11860334751e-07	0.0515966780896	0.0334780002571	0.52524462571
0.0170083804498	1.52080385486e-10	3.76812402771e-07	0.0516442973126	0.0334303830485	0.525968032153
0.0170083813358	1.35365598564e-10	3.44776079319e-07	0.0516906279095	0.0333840542521	0.526673843886
0.0170083821288	1.2048645416e-10	3.15498673395e-07	0.0517357003844	0.0333389833863	0.52736237227
0.0170083828384	1.07241738344e-10	2.88738391684e-07	0.0517795434421	0.0332951417665	0.528033909253
0.0170083834733	9.54521867904e-11	2.6427283047e-07	0.0518221855794	0.033252500914	0.52868875127
0.0170083840413	8.49577339526e-11	2.41902901124e-07	0.051863655394	0.0332110322472	0.529327203756
0.0170083845493	7.56161766891e-11	2.21450494825e-07	0.0519039808447	0.0331707078219	0.52994956953
0.0170083850037	6.73009962222e-11	2.02753998536e-07	0.0519431887557	0.0331315008268	0.530556140795
0.0170083854099	5.98997045589e-11	1.85655199732e-07	0.0519813046034	0.0330933857972	0.531147195437
0.0170083857732	5.33117809014e-11	1.70015894517e-07	0.0520183546328	0.0330563364982	0.531723029518
0.0170083860979	4.74478341399e-11	1.55710381913e-07	0.0520543645188	0.0330203272645	0.532283936367
0.0170083863882	4.22283264469e-11	1.42630764293e-07	0.0520893593263	0.0329853330396	0.532830205672
0.0170083866477	3.75826806736e-11	1.30664485084e-07	0.0521233619009	0.032951330985	0.533362098019
0.0170083868795	3.34477760783e-11	1.19715548356e-07	0.052156396369	0.032918296981	0.533879899274
0.0170083870867	2.97674254062e-11	1.09696285389e-07	0.0521884863482	0.0328862074162	0.534383892502
0.0170083872718	2.6491669885e-11	1.00531942852e-07	0.0522196549529	0.0328550391813	0.53487435782
0.0170083874371	2.35761811755e-11	9.2145003584e-08	0.0522499232652	0.0328247711991	0.535351548033
0.0170083875848	2.09813489942e-11	8.44679277086e-08	0.0522793132397	0.0327953815192	0.535815734122
0.0170083877167	1.8671865327e-11	7.74396930018e-08	0.052307846629	0.0327668483927	0.536267188209
0.0170083878345	1.66163590347e-11	7.10082747235e-08	0.0523355447174	0.0327391505388	0.536706179165
0.0170083879397	1.47869908204e-11	6.51202821786e-08	0.0523624270056	0.0327122684597	0.537132951523
0.0170083880336	1.31589018119e-11	5.97281777644e-08	0.0523885135259	0.032686182126	0.537547761951
0.0170083881175	1.17099130339e-11	5.47894559589e-08	0.0524138243324	0.032660871486	0.537950871081
0.0170083881923	1.04203266849e-11	5.02681576046e-08	0.0524383790504	0.0326363169165	0.538342536199
0.0170083882591	9.27266756096e-12	4.61270032349e-08	0.0524621956096	0.0326125004898	0.538722990818
0.0170083883187	8.25132833355e-12	4.23327393321e-08	0.0524852924294	0.032589403788	0.539092479366
0.0170083883719	7.34238285694e-12	3.88557490422e-08	0.0525076879945	0.0325670083282	0.539451250314
0.0170083884194	6.53346481546e-12	3.56713479269e-08	0.0525294003915	0.0325452960252	0.539799548659
0.0170083884617	5.81361098832e-12	3.27530414477e-08	0.0525504459909	0.0325242505095	0.540137594591
0.0170083884995	5.17301696595e-12	3.00777412463e-08	0.0525708418762	0.0325038546989	0.540465622296
0.0170083885332	4.60294333048e-12	2.76248053204e-08	0.0525906050911	0.0324840915505	0.540783867833
0.0170083885633	4.09562675497e-12	2.53775133553e-08	0.052609752311	0.03246494439	0.541092563718
0.0170083885901	3.64419431504e-12	2.33165954506e-08	0.0526282983343	0.0324463984195	0.541391914451
0.017008388614	3.24248234781e-12	2.14261870003e-08	0.0526462591393	0.0324284376617	0.541682145673
0.0170083886354	2.88500897993e-12	1.96922116834e-08	0.0526636504291	0.0324110464139	0.541963480654
0.0170083886544	2.56690708098e-12	1.81025866841e-08	0.0526804872907	0.0323942095897	0.542236134662
0.0170083886714	2.28386165401e-12	1.66438544366e-08	0.0526967835214	0.0323779133924	0.542500303909
0.0170083886865	2.03199880403e-12	1.53049703733e-08	0.0527125539129	0.0323621430307	0.542756202463
0.0170083887	1.80788207334e-12	1.4076557524e-08	0.0527278129188	0.0323468840512	0.54300404061
0.017008388712	1.60846371796e-12	1.29494078182e-08	0.052742573974	0.0323321230196	0.54324401368
0.0170083887227	1.43102958922e-12	1.19144011516e-08	0.0527568501991	0.0323178468155	0.543476313385
0.0170083887322	1.27314899501e-12	1.09638052606e-08	0.0527706552005	0.0323040418329	0.543701140774
0.0170083887407	1.13266705066e-12	1.00915244904e-08	0.052784002266	0.0322906947841	0.543918693089
0.0170083887483	1.00767732279e-12	9.29028858199e-09	0.0527969031948	0.0322777938701	0.544129144596
0.0170083887551	8.96469218829e-13	8.55403735157e-09	0.0528093705742	0.0322653265039	0.544332683617
0.0170083887611	7.97520863912e-13	7.87765165199e-09	0.0528214168926	0.0322532801974	0.544529498035
0.0170083887665	7.09483486436e-13	7.25648154329e-09	0.0528330539286	0.0322416431719	0.54471976525
0.0170083887712	6.3115957409e-13	6.68540888985e-09	0.0528442927329	0.0322304043769	0.544903651787
0.0170083887755	5.61473173942e-13	6.1602675735e-09	0.0528551450315	0.0322195520867	0.545081336199
0.0170083887793	4.99471705613e-13	5.67785695897e-09	0.0528656222595	0.0322090748661	0.545252993229
0.0170083887827	4.44312947707e-13	5.23421367531e-09	0.052875734553	0.0321989625793	0.545418777215
0.0170083887857	3.95240459964e-13	4.82603608363e-09	0.0528854926878	0.0321892044503	0.545578853807
0.0170083887884	3.51581579657e-13	4.45066189989e-09	0.0528949073777	0.0321797897656	0.545733388431
0.0170083887907	3.12741031228e-13	4.10547000216e-09	0.0529039885607	0.0321707085873	0.545882534533
0.0170083887929	2.78188776193e-13	3.787698359e-09	0.052912745825	0.0321619513271	0.546026440513
0.0170083887948	2.47449670894e-13	3.49514688217e-09	0.0529211892004	0.0321535079555	0.546165262679
0.0170083887965	2.20103102946e-13	3.22612141117e-09	0.0529293283411	0.0321453688181	0.546299151814
0.017008388798	1.95777507376e-13	2.97832469406e-09	0.0529371718004	0.0321375253616	0.54642824117
0.0170083887993	1.74137419739e-13	2.75001914487e-09	0.0529447289475	0.0321299682172	0.546552677973
0.0170083888005	1.54886241995e-13	2.53994109455e-09	0.0529520088956	0.0321226882714	0.546672605774
0.0170083888015	1.37762179282e-13	2.34637891734e-09	0.0529590196657	0.0321156775034	0.546788150623
0.0170083888025	1.22529582962e-13	2.16793550114e-09	0.0529657698072	0.0321089273637	0.546899447734
0.0170083888033	1.08979155567e-13	2.00358752909e-09	0.0529722678111	0.0321024293615	0.5470066318
0.0170083888041	9.69261733604e-14	1.85212678876e-09	0.0529785213333	0.0320961758407	0.547109824156
0.0170083888047	8.62051857359e-14	1.71241014949e-09	0.0529845381117	0.0320901590636	0.547209147867
0.0170083888053	7.66685600828e-14	1.58361902776e-09	0.052990326041	0.0320843711355	0.547304728948
0.0170083888059	6.81860262326e-14	1.46489035523e-09	0.0529958923592	0.0320788048183	0.547396682923
0.0170083888063	6.0641345141e-14	1.35529813011e-09	0.0530012441041	0.0320734530743	0.547485122313
0.0170083888067	5.39304250387e-14	1.25419699964e-09	0.0530063885986	0.0320683085807	0.547570164656
0.0170083888071	4.79614572101e-14	1.16095665384e-09	0.0530113326191	0.0320633645608	0.547651918739
0.0170083888075	4.26527146192e-14	1.07483490265e-09	0.0530160826004	0.0320586145802	0.547730487957
0.0170083888077	3.79308405143e-14	9.95331118783e-10	0.053020645319	0.0320540518621	0.547805981607
0.017008388808	3.37311774638e-14	9.21970126699e-10	0.0530250270608	0.0320496701208	0.547878501097
0.0170083888082	2.99962130525e-14	8.54164141666e-10	0.0530292337418	0.0320454634403	0.54794814193
0.0170083888084	2.66742780148e-14	7.9153232954e-10	0.0530332716174	0.0320414255651	0.548015005427
0.0170083888086	2.37198704714e-14	7.33701998298e-10	0.0530371464655	0.0320375507174	0.548079185191
0.0170083888088	2.10924786494e-14	6.8021352059e-10	0.0530408637517	0.0320338334315	0.548140769829
0.0170083888089	1.8755730332e-14	6.30784262688e-10	0.0530444292347	0.0320302679488	0.548199852964
0.0170083888091	1.66776314695e-14	5.85107528863e-10	0.0530478481763	0.0320268490074	0.548256520141
0.0170083888092	1.48296137991e-14	5.42829849636e-10	0.0530511256536	0.0320235715304	0.548310853983
0.0170083888093	1.318608933e-14	5.03748488298e-10	0.0530542669541	0.0320204302301	0.548362940736
0.0170083888094	1.17245813147e-14	4.67599733101e-10	0.0530572768251	0.0320174203592	0.548412857814
0.0170083888095	1.04249199167e-14	4.34116485576e-10	0.0530601599995	0.032014537185	0.548460682502
0.0170083888095	9.26911714523e-15	4.03159924837e-10	0.0530629213173	0.0320117758674	0.54850649397
0.0170083888096	8.24139795995e-15	3.74493461461e-10	0.0530655650223	0.0320091321625	0.5485503616
0.0170083888097	7.32750308267e-15	3.47920709014e-10	0.053068095547	0.0320066016379	0.548592357992
0.0170083888097	6.51479567954e-15	3.23354301313e-10	0.0530705173095	0.0320041798755	0.548632555597
0.0170083888098	5.79220457092e-15	3.00574399646e-10	0.0530728340628	0.0320018631222	0.548671015904
0.0170083888098	5.14965410906e-15	2.79457725681e-10	0.0530750499686	0.0319996472165	0.548707807258
0.0170083888098	4.57829861764e-15	2.59911160165e-10	0.0530771689298	0.0319975282554	0.54874299378
0.0170083888099	4.07030197873e-15	2.4177059235e-10	0.0530791944748	0.0319955027105	0.548776633431
0.0170083888099	3.61859083193e-15	2.24959269512e-10	0.0530811303947	0.0319935667906	0.548808788599
0.0170083888099	3.21697286517e-15	2.09372967551e-10	0.0530829800948	0.0319917170906	0.548839515314
0.0170083888099	2.85988883003e-15	1.94896185247e-10	0.0530847469216	0.0319899502639	0.548868868677
0.01700838881	2.54237939807e-15	1.81487173553e-10	0.0530864343073	0.0319882628782	0.548896905267
0.01700838881	2.26011119852e-15	1.690319848e-10	0.0530880451914	0.0319866519941	0.548923673513
0.01700838881	2.00913917365e-15	1.57465227978e-10	0.0530895827514	0.0319851144342	0.548949225839
0.01700838881	1.78600389807e-15	1.46739128397e-10	0.0530910499798	0.0319836472058	0.548973611634
0.01700838881	1.58763561269e-15	1.36763919793e-10	0.0530924495993	0.0319822475862	0.548996875835
0.01700838881	1.41126622462e-15	1.27508169864e-10	0.0530937845154	0.0319809126702	0.549019066445
0.01700838881	1.25448142904e-15	1.18906163758e-10	0.0530950572759	0.0319796399097	0.549040225554
0.0170083888101	1.11509313872e-15	1.10904241024e-10	0.0530962704877	0.0319784266979	0.549060396261
0.0170083888101	9.91171326735e-16	1.03479247435e-10	0.0530974267085	0.0319772704772	0.549079620865
0.0170083888101	8.81015315869e-16	9.65649641208e-11	0.0530985281823	0.0319761690034	0.549097936481
0.0170083888101	7.83083034676e-16	9.01409722757e-11	0.0530995773466	0.0319751198391	0.549115383453
0.0170083888101	6.96031771863e-16	8.41645656941e-11	0.0531005763479	0.0319741208378	0.549131997309
0.0170083888101	6.18645689497e-16	7.85983411583e-11	0.0531015273492	0.0319731698365	0.549147813867
0.0170083888101	5.49851930433e-16	7.34275469224e-11	0.0531024324787	0.031972264707	0.549162868385
0.0170083888101	4.88704645412e-16	6.86058703488e-11	0.0531032936105	0.0319714035752	0.549177191903
0.0170083888101	4.34346574303e-16	6.41227432268e-11	0.0531041127707	0.0319705844151	0.549190818008
0.0170083888101	3.86032964797e-16	5.99452423625e-11	0.0531048917189	0.0319698054668	0.549203775868
0.0170083888101	3.43085775585e-16	5.60519047086e-11	0.0531056322694	0.0319690649163	0.549216095563
0.0170083888101	3.04911531105e-16	5.24289092209e-11	0.0531063361483	0.0319683610374	0.549227805724
0.0170083888101	2.70981899769e-16	4.90457833762e-11	0.0531070049375	0.0319676922482	0.54923893259
0.0170083888101	2.40821456763e-16	4.58998788808e-11	0.0531076403056	0.0319670568801	0.549249503849
0.0170083888101	2.14017262066e-16	4.29616495177e-11	0.053108243658	0.0319664535278	0.549259542818
0.0170083888101	1.90191836899e-16	4.02234617604e-11	0.0531088165275	0.0319658806582	0.549269074946
0.0170083888101	1.69017554719e-16	3.76691932011e-11	0.0531093602795	0.0319653369063	0.549278122895
0.0170083888101	1.50197597613e-16	3.52837471495e-11	0.0531098762613	0.0319648209245	0.549286709037
0.0170083888101	1.33470787616e-16	3.30610692589e-11	0.0531103657894	0.0319643313964	0.549294855236
0.0170083888101	1.18605633463e-16	3.09814638863e-11	0.053110830047	0.0319638671387	0.549302581142
0.0170083888101	1.05393189463e-16	2.90451364136e-11	0.0531112702912	0.0319634268946	0.549309907636
0.0170083888101	9.36523649126e-17	2.72328594106e-11	0.0531116875732	0.0319630096125	0.549316852184
0.0170083888101	8.3217352069e-17	2.55421762064e-11	0.0531120830459	0.0319626141399	0.549323433941
0.0170083888101	7.39447215865e-17	2.39613672287e-11	0.0531124577145	0.0319622394712	0.549329669611
0.0170083888101	6.57037526653e-17	2.24838395567e-11	0.0531128125992	0.0319618845865	0.549335576148
0.0170083888101	5.83805739123e-17	2.11035642235e-11	0.0531131486553	0.0319615485305	0.549341169432
0.0170083888101	5.18727356977e-17	1.98111603611e-11	0.0531134667854	0.0319612304003	0.549346464467
0.0170083888101	4.60894418717e-17	1.86048154152e-11	0.0531137678931	0.0319609292926	0.549351476273
0.0170083888101	4.09505720549e-17	1.74733344697e-11	0.0531140527777	0.031960644408	0.54935621814
0.0170083888101	3.63836748352e-17	1.64179915838e-11	0.0531143222893	0.0319603748965	0.549360704202
0.0170083888101	3.23260180217e-17	1.54274734671e-11	0.0531145771365	0.0319601200493	0.549364946244
0.0170083888101	2.87201077196e-17	1.45024218733e-11	0.0531148180999	0.0319598790859	0.549368957246
0.0170083888101	2.55163621998e-17	1.36345769104e-11	0.0531150458399	0.0319596513458	0.549372748191
0.0170083888101	2.26694082164e-17	1.28229041549e-11	0.0531152610543	0.0319594361315	0.549376330684
0.0170083888101	2.01400212595e-17	1.2061800234e-11	0.0531154643593	0.0319592328265	0.549379714977
0.0170083888101	1.78924109894e-17	1.13489788612e-11	0.0531156563774	0.0319590408083	0.549382911425
0.0170083888101	1.58955512417e-17	1.06808385965e-11	0.0531158376812	0.0319588595046	0.549385929549
0.0170083888101	1.41212126109e-17	1.00542782041e-11	0.0531160088265	0.0319586883592	0.5493887786
0.0170083888101	1.25448139826e-17	9.46715653219e-12	0.0531161703428	0.031958526843	0.549391467383
0.0170083888101	1.11441780259e-17	8.91593048511e-12	0.0531163227269	0.0319583744589	0.549394004168
0.0170083888101	9.899789513e-18	8.39950041185e-12	0.0531164664666	0.0319582307192	0.549396397069
0.0170083888101	8.79421617399e-18	7.91412782694e-12	0.0531166020068	0.031958095179	0.549398653487
0.0170083888101	7.81197772386e-18	7.45943455174e-12	0.0531167297947	0.0319579673911	0.549400780867
0.0170083888101	6.9393611109e-18	7.03167420916e-12	0.0531168502291	0.0319578469566	0.549402785844
0.0170083888101	6.16409829942e-18	6.63094578709e-12	0.0531169637189	0.0319577334669	0.549404675221
0.0170083888101	5.47539322465e-18	6.25363214391e-12	0.0531170706219	0.0319576265638	0.549406454954
0.0170083888101	4.86353318051e-18	5.90011429652e-12	0.0531171713102	0.0319575258755	0.549408131235
0.0170083888101	4.32001126625e-18	5.56700697431e-12	0.0531172661057	0.03195743108	0.54940970942
0.0170083888101	3.83714520277e-18	5.25483377729e-12	0.0531173553457	0.0319573418401	0.549411195124
0.0170083888101	3.40822615641e-18	4.96050417327e-12	0.0531174393199	0.0319572578659	0.549412593168
0.0170083888101	3.02718419373e-18	4.68456867285e-12	0.0531175183329	0.0319571788528	0.549413908624
0.0170083888101	2.68872356114e-18	4.42427983578e-12	0.0531175926461	0.0319571045397	0.549415145839
0.0170083888101	2.38805326818e-18	4.18013283528e-12	0.0531176625337	0.0319570346521	0.54941630938
0.0170083888101	2.12098902569e-18	3.94975046855e-12	0.0531177282315	0.0319569689543	0.54941740317
0.0170083888101	1.88375329183e-18	3.73351631524e-12	0.0531177899856	0.0319569072002	0.549418431306
0.0170083888101	1.67303681695e-18	3.52943273267e-12	0.0531178480089	0.0319568491769	0.549419397333
0.0170083888101	1.48586443462e-18	3.3377305385e-12	0.0531179025216	0.0319567946642	0.549420304915
0.0170083888101	1.31961634183e-18	3.1567923726e-12	0.0531179537163	0.0319567434695	0.549421157258
0.0170083888101	1.17195198483e-18	2.98666972678e-12	0.053118001789	0.0319566953968	0.549421957626
0.0170083888101	1.04079527062e-18	2.82611805038e-12	0.0531180469142	0.0319566502715	0.549422708923
0.0170083888101	9.24307028222e-19	2.67499598914e-12	0.0531180892661	0.0319566079197	0.549423414047
0.0170083888101	8.20840353942e-19	2.53241706505e-12	0.0531181290026	0.0319565681832	0.549424075631
0.0170083888101	7.28951778186e-19	2.39803938169e-12	0.0531181662779	0.0319565309079	0.549424696238
0.0170083888101	6.47333635944e-19	2.27131691383e-12	0.0531182012353	0.0319564959505	0.549425278255
0.0170083888101	5.74851699095e-19	2.15170466378e-12	0.0531182340107	0.0319564631751	0.549425823944
0.0170083888101	5.10472189906e-19	2.03898477692e-12	0.0531182647342	0.0319564324516	0.549426335472
0.0170083888101	4.5330158777e-19	1.9324089721e-12	0.0531182935251	0.0319564036607	0.549426814824
0.0170083888101	4.02522695152e-19	1.83206431758e-12	0.0531183205016	0.0319563766842	0.549427263968
0.0170083888101	3.57431721189e-19	1.73700898047e-12	0.0531183457682	0.0319563514176	0.549427684644
0.0170083888101	3.17382567054e-19	1.64760981875e-12	0.0531183694322	0.0319563277535	0.549428078638
0.0170083888101	2.81820799071e-19	1.56281178641e-12	0.0531183915849	0.0319563056009	0.549428447469
0.0170083888101	2.50237140638e-19	1.48303710621e-12	0.0531184123228	0.031956284863	0.549428792745
0.0170083888101	2.22192071358e-19	1.40739305906e-12	0.053118431727	0.0319562654588	0.549429115818
0.0170083888101	1.97287020212e-19	1.33607480473e-12	0.0531184498826	0.0319562473031	0.549429418101
0.0170083888101	1.75170955342e-19	1.26854394151e-12	0.0531184668637	0.0319562303221	0.54942970083
0.0170083888101	1.55533333017e-19	1.2047215855e-12	0.0531184827438	0.0319562144419	0.549429965228
0.0170083888101	1.38093691e-19	1.14438754178e-12	0.0531184975907	0.0319561995951	0.549430212423
0.0170083888101	1.22609201246e-19	1.08721182391e-12	0.0531185114678	0.031956185718	0.549430443471
0.0170083888101	1.0885795491e-19	1.03326721019e-12	0.0531185244368	0.031956172749	0.549430659401
0.0170083888101	9.66489805616e-20	9.81999186053e-13	0.0531185365524	0.0319561606334	0.549430861122
0.0170083888101	8.5806726329e-20	9.33726809928e-13	0.0531185478708	0.031956149315	0.549431049569
0.0170083888101	7.61807389515e-20	8.87831307207e-13	0.0531185584389	0.0319561387469	0.549431225526
0.0170083888101	6.76335711369e-20	8.44485736109e-13	0.0531185683065	0.0319561288792	0.549431389819
0.0170083888101	6.00444521085e-20	8.03369632832e-13	0.0531185775167	0.0319561196691	0.549431543166
0.0170083888101	5.33066829281e-20	7.64407593797e-13	0.0531185861119	0.0319561110739	0.549431686274
0.0170083888101	4.73237261853e-20	7.27546432062e-13	0.0531185941315	0.0319561030543	0.549431819798
0.0170083888101	4.20122449168e-20	6.92487069914e-13	0.0531186016118	0.031956095574	0.549431944343
0.0170083888101	3.72957936707e-20	6.59417156953e-13	0.0531186085887	0.0319560885971	0.549432060506
0.0170083888101	3.31088287646e-20	6.27926506423e-13	0.0531186150929	0.0319560820929	0.5494321688
0.0170083888101	2.93914367546e-20	5.98151309877e-13	0.0531186211565	0.0319560760292	0.549432269759
0.0170083888101	2.60910453533e-20	5.69865439168e-13	0.0531186268073	0.0319560703785	0.549432363843
0.0170083888101	2.31611760879e-20	5.43009527916e-13	0.0531186320725	0.0319560651132	0.549432451507
0.0170083888101	2.05597553399e-20	5.17585165156e-13	0.0531186369777	0.0319560602081	0.549432533177
0.0170083888101	1.82505213671e-20	4.93351201546e-13	0.0531186415457	0.03195605564	0.549432609235
0.0170083888101	1.62002093391e-20	4.70469106275e-13	0.0531186457999	0.0319560513858	0.549432680066
0.0170083888101	1.43801901121e-20	4.48661288325e-13	0.0531186497599	0.0319560474259	0.549432745998
0.0170083888101	1.27645707323e-20	4.27974000964e-13	0.0531186534458	0.03195604374	0.549432807368
0.0170083888101	1.13301820351e-20	4.08336205677e-13	0.0531186568757	0.0319560403101	0.549432864475
0.0170083888101	1.00569727797e-20	3.89611768769e-13	0.0531186600666	0.0319560371191	0.549432917604
0.0170083888101	8.92656994283e-21	3.7191669291e-13	0.0531186630351	0.0319560341507	0.549432967028
0.0170083888101	7.92322427678e-21	3.55025277749e-13	0.0531186657953	0.0319560313905	0.549433012985
0.0170083888101	7.03258937496e-21	3.38999657039e-13	0.0531186683618	0.031956028824	0.549433055716
0.0170083888101	6.24193526877e-21	3.23762054241e-13	0.0531186707475	0.0319560264383	0.549433095438
0.0170083888101	5.54016739078e-21	3.09222116611e-13	0.0531186729646	0.0319560242212	0.549433132353
0.0170083888101	4.91715113566e-21	2.95467810343e-13	0.053118675025	0.0319560221608	0.549433166658
0.0170083888101	4.36419580341e-21	2.82325300294e-13	0.0531186769388	0.031956020247	0.549433198523
0.0170083888101	3.87339362406e-21	2.69841421783e-13	0.0531186787165	0.0319560184693	0.549433228121
0.0170083888101	3.4377078925e-21	2.57965233936e-13	0.0531186803672	0.0319560168185	0.549433255605
0.0170083888101	3.05102881238e-21	2.46611737621e-13	0.0531186818997	0.031956015286	0.549433281121
0.0170083888101	2.70776172223e-21	2.35872847339e-13	0.0531186833225	0.0319560138633	0.54943330481
0.0170083888101	2.40311446219e-21	2.25602185129e-13	0.0531186846427	0.0319560125431	0.549433326791
0.0170083888101	2.13273370206e-21	2.1582256756e-13	0.0531186858677	0.0319560113181	0.549433347187
0.0170083888101	1.89272415463e-21	2.06526065109e-13	0.0531186870041	0.0319560101817	0.549433366108
0.0170083888101	1.67972434669e-21	1.97630007124e-13	0.053118688058	0.0319560091278	0.549433383655
0.0170083888101	1.4906649404e-21	1.89190879961e-13	0.0531186890354	0.0319560081504	0.549433399929
0.0170083888101	1.32287077244e-21	1.81130114091e-13	0.0531186899415	0.0319560072443	0.549433415016
0.0170083888101	1.17396225288e-21	1.73425644807e-13	0.0531186907814	0.0319560064044	0.549433429
0.0170083888101	1.04178528153e-21	1.66117753621e-13	0.0531186915599	0.0319560056259	0.549433441961
0.0170083888101	9.24490178362e-22	1.59117805769e-13	0.0531186922811	0.0319560049047	0.549433453969
0.0170083888101	8.20397358453e-22	1.52448708977e-13	0.0531186929493	0.0319560042365	0.549433465094
0.0170083888101	7.28006156727e-22	1.46096054391e-13	0.0531186935681	0.0319560036177	0.549433475398
0.0170083888101	6.46019832556e-22	1.40008119784e-13	0.0531186941412	0.0319560030446	0.549433484939
0.0170083888101	5.73255891361e-22	1.34224496362e-13	0.0531186946718	0.031956002514	0.549433493774
0.0170083888101	5.0868163135e-22	1.28693982268e-13	0.053118695163	0.0319560020228	0.549433501952
0.0170083888101	4.51381162158e-22	1.23393419346e-13	0.0531186956175	0.0319560015683	0.54943350952
0.0170083888101	4.00523223417e-22	1.18366804043e-13	0.0531186960382	0.0319560011476	0.549433516524
0.0170083888101	3.55395541342e-22	1.1354495542e-13	0.0531186964273	0.0319560007585	0.549433523003
0.0170083888101	3.15351613796e-22	1.08933810069e-13	0.0531186967873	0.0319560003985	0.549433528996
0.0170083888101	2.79811842156e-22	1.04547047918e-13	0.0531186971202	0.0319560000656	0.549433534539
0.0170083888101	2.48277362721e-22	1.0033694058e-13	0.053118697428	0.0319559997578	0.549433539664
0.0170083888101	2.2029573085e-22	9.63184009939e-14	0.0531186977125	0.0319559994733	0.549433544402
0.0170083888101	1.95462702161e-22	9.24845276953e-14	0.0531186979756	0.0319559992102	0.549433548781
0.0170083888101	1.73428998309e-22	8.88032585108e-14	0.0531186982186	0.0319559989672	0.549433552828
0.0170083888101	1.53877307151e-22	8.5294780365e-14	0.0531186984432	0.0319559987426	0.549433556567
0.0170083888101	1.36527204715e-22	8.19393797453e-14	0.0531186986507	0.0319559985351	0.549433560022
0.0170083888101	1.21133375488e-22	7.87159768063e-14	0.0531186988423	0.0319559983435	0.549433563212
0.0170083888101	1.07473297104e-22	7.56473563864e-14	0.0531186990192	0.0319559981665	0.549433566158
0.0170083888101	9.53524857177e-23	7.2706624464e-14	0.0531186991826	0.0319559980032	0.549433568879
0.0170083888101	8.45986563832e-23	6.9880211198e-14	0.0531186993334	0.0319559978523	0.54943357139
0.0170083888101	7.50559144317e-23	6.71915463292e-14	0.0531186994727	0.0319559977131	0.549433573708
0.0170083888101	6.65891112031e-23	6.46106971546e-14	0.0531186996011	0.0319559975847	0.549433575847
0.0170083888101	5.90774193376e-23	6.21289792364e-14	0.0531186997196	0.0319559974661	0.54943357782
0.0170083888101	5.24117316972e-23	5.97690200998e-14	0.053118699829	0.0319559973568	0.549433579641
0.0170083888101	4.64979381786e-23	5.75009280568e-14	0.0531186999298	0.0319559972559	0.54943358132
0.0170083888101	4.12514180468e-23	5.53189047075e-14	0.0531187000228	0.0319559971629	0.549433582868
0.0170083888101	3.65958843463e-23	5.32438068484e-14	0.0531187001086	0.0319559970772	0.549433584296
0.0170083888101	3.24656675394e-23	5.12479465099e-14	0.0531187001876	0.0319559969981	0.549433585612
0.0170083888101	2.88015875988e-23	4.93269016046e-14	0.0531187002605	0.0319559969253	0.549433586825
0.0170083888101	2.55503597821e-23	4.74990314604e-14	0.0531187003276	0.0319559968581	0.549433587943
0.0170083888101	2.26660606206e-23	4.57404291951e-14	0.0531187003895	0.0319559967963	0.549433588973
0.0170083888101	2.01073608524e-23	4.40469373505e-14	0.0531187004465	0.0319559967393	0.549433589922
0.0170083888101	1.78370805204e-23	4.2433957342e-14	0.053118700499	0.0319559966868	0.549433590796
0.0170083888101	1.58230344989e-23	4.08824058007e-14	0.0531187005473	0.0319559966385	0.549433591601
0.0170083888101	1.40364013306e-23	3.93875850553e-14	0.0531187005918	0.031955996594	0.549433592342
0.0170083888101	1.24512648603e-23	3.79616974099e-14	0.0531187006328	0.031955996553	0.549433593024
0.0170083888101	1.10450192778e-23	3.65911004331e-14	0.0531187006705	0.0319559965153	0.549433593652
0.0170083888101	9.79759504067e-24	3.52699884951e-14	0.0531187007052	0.0319559964805	0.54943359423
0.0170083888101	8.69094645601e-24	3.40072392911e-14	0.0531187007372	0.0319559964486	0.549433594762
0.0170083888101	7.70916112448e-24	3.27949926791e-14	0.0531187007666	0.0319559964192	0.549433595251
0.0170083888101	6.8382845923e-24	3.16259586851e-14	0.0531187007936	0.0319559963922	0.549433595701
0.0170083888101	6.06575836827e-24	3.05056715728e-14	0.0531187008185	0.0319559963673	0.549433596115
0.0170083888101	5.38037115954e-24	2.9432177362e-14	0.0531187008413	0.0319559963444	0.549433596496
0.0170083888101	4.77242779165e-24	2.83964593993e-14	0.0531187008624	0.0319559963234	0.549433596846
0.0170083888101	4.23316619602e-24	2.74007239015e-14	0.0531187008817	0.0319559963041	0.549433597168
0.0170083888101	3.75473737987e-24	2.64489772828e-14	0.0531187008995	0.0319559962863	0.549433597464
0.0170083888101	3.33038017854e-24	2.55302889741e-14	0.0531187009158	0.03195599627	0.549433597736
0.0170083888101	2.95398306467e-24	2.46436667674e-14	0.0531187009308	0.031955996255	0.549433597985
0.0170083888101	2.62004896364e-24	2.37988792166e-14	0.0531187009446	0.0319559962412	0.549433598215
0.0170083888101	2.32386456577e-24	2.2983051074e-14	0.0531187009572	0.0319559962286	0.549433598426
0.0170083888101	2.06116244198e-24	2.21951896079e-14	0.0531187009689	0.0319559962169	0.549433598619
0.0170083888101	1.82812986956e-24	2.14415362793e-14	0.0531187009795	0.0319559962062	0.549433598797
0.0170083888101	1.62142047112e-24	2.07162294812e-14	0.0531187009893	0.0319559961964	0.54943359896
0.0170083888101	1.43808401576e-24	2.00154577698e-14	0.0531187009983	0.0319559961874	0.54943359911
0.0170083888101	1.27547303832e-24	1.93417466922e-14	0.0531187010066	0.0319559961792	0.549433599248
0.0170083888101	1.1312201619e-24	1.86962012046e-14	0.0531187010142	0.0319559961716	0.549433599374
0.0170083888101	1.00328193246e-24	1.8072201288e-14	0.0531187010211	0.0319559961646	0.54943359949
0.0170083888101	8.89813203384e-25	1.74690278425e-14	0.0531187010275	0.0319559961582	0.549433599596
0.0170083888101	7.8915537455e-25	1.68936562056e-14	0.0531187010334	0.0319559961524	0.549433599694
0.0170083888101	6.99883353251e-25	1.63374198054e-14	0.0531187010388	0.031955996147	0.549433599783
0.0170083888101	6.20710095824e-25	1.57994979092e-14	0.0531187010437	0.0319559961421	0.549433599865
0.0170083888101	5.50489720144e-25	1.5283128933e-14	0.0531187010482	0.0319559961376	0.54943359994
0.0170083888101	4.88202160918e-25	1.4786773993e-14	0.0531187010523	0.0319559961334	0.549433600009
0.0170083888101	4.32962399121e-25	1.43065393271e-14	0.0531187010561	0.0319559961296	0.549433600073
0.0170083888101	3.8397279318e-25	1.38422218778e-14	0.0531187010596	0.0319559961262	0.549433600131
0.0170083888101	3.40516629729e-25	1.33988482508e-14	0.0531187010628	0.031955996123	0.549433600184
0.0170083888101	3.01978622395e-25	1.29696761137e-14	0.0531187010657	0.03195599612	0.549433600232
0.0170083888101	2.67802158315e-25	1.25542505852e-14	0.0531187010684	0.0319559961174	0.549433600277
0.0170083888101	2.37492398272e-25	1.21550300909e-14	0.0531187010709	0.0319559961149	0.549433600318
0.0170083888101	2.10608078133e-25	1.1771109111e-14	0.0531187010731	0.0319559961127	0.549433600355
0.0170083888101	1.86767083484e-25	1.13993144127e-14	0.0531187010752	0.0319559961106	0.549433600389
0.0170083888101	1.65624907565e-25	1.10392629833e-14	0.0531187010771	0.0319559961087	0.549433600421
0.0170083888101	1.46872341384e-25	1.06951213119e-14	0.0531187010788	0.031955996107	0.54943360045
0.0170083888101	1.30242528366e-25	1.03620557527e-14	0.0531187010804	0.0319559961054	0.549433600476
0.0170083888101	1.15495647686e-25	1.00393624617e-14	0.0531187010818	0.031955996104	0.5494336005
0.0170083888101	1.02418216751e-25	9.72800348947e-15	0.0531187010831	0.0319559961026	0.549433600522
0.0170083888101	9.08191756712e-26	9.42935194435e-15	0.0531187010843	0.0319559961014	0.549433600542
0.0170083888101	8.05337461561e-26	9.13986905809e-15	0.0531187010854	0.0319559961003	0.549433600561
0.0170083888101	7.14131594126e-26	8.85927335113e-15	0.0531187010865	0.0319559960993	0.549433600577
0.0170083888101	6.33249272546e-26	8.58962623908e-15	0.0531187010874	0.0319559960984	0.549433600593
0.0170083888101	5.61516656172e-26	8.32970173182e-15	0.0531187010882	0.0319559960975	0.549433600607
0.0170083888101	4.97909699748e-26	8.07764261329e-15	0.053118701089	0.0319559960968	0.54943360062
0.0170083888101	4.41507952396e-26	7.83321087463e-15	0.0531187010897	0.0319559960961	0.549433600632
0.0170083888101	3.91486969288e-26	7.59908977202e-15	0.0531187010904	0.0319559960954	0.549433600642
0.0170083888101	3.47130608033e-26	7.37246780538e-15	0.053118701091	0.0319559960948	0.549433600652
0.0170083888101	3.07799923079e-26	7.15260421604e-15	0.0531187010915	0.0319559960943	0.549433600661
0.0170083888101	2.72925375898e-26	6.93943914471e-15	0.053118701092	0.0319559960938	0.54943360067
0.0170083888101	2.4199546409e-26	6.73551612047e-15	0.0531187010924	0.0319559960933	0.549433600677
0.0170083888101	2.14570757473e-26	6.53758559778e-15	0.0531187010929	0.0319559960929	0.549433600684
0.0170083888101	1.90254020404e-26	6.34547148041e-15	0.0531187010932	0.0319559960925	0.54943360069
0.0170083888101	1.68692737486e-26	6.15951719104e-15	0.0531187010936	0.0319559960922	0.549433600696
0.0170083888101	1.49571026859e-26	5.98118496672e-15	0.0531187010939	0.0319559960919	0.549433600701
0.0170083888101	1.32616806207e-26	5.80801587146e-15	0.0531187010942	0.0319559960916	0.549433600706
0.0170083888101	1.17584385545e-26	5.63986042077e-15	0.0531187010945	0.0319559960913	0.54943360071
0.0170083888101	1.04255660944e-26	5.47722898121e-15	0.0531187010947	0.0319559960911	0.549433600714
0.0170083888101	9.2435450836e-27	5.32101794252e-15	0.0531187010949	0.0319559960909	0.549433600718
0.0170083888101	8.19553825077e-27	5.16926205601e-15	0.0531187010951	0.0319559960907	0.549433600721
0.0170083888101	7.26635144983e-27	5.02183426035e-15	0.0531187010953	0.0319559960905	0.549433600724
0.0170083888101	6.44249573029e-27	4.87923762379e-15	0.0531187010955	0.0319559960903	0.549433600727
0.0170083888101	5.71190466669e-27	4.74217964883e-15	0.0531187010956	0.0319559960902	0.54943360073
0.0170083888101	5.06416399594e-27	4.60897163773e-15	0.0531187010957	0.03195599609	0.549433600732
0.0170083888101	4.48987832856e-27	4.47950544485e-15	0.0531187010959	0.0319559960899	0.549433600734
