0.0	0.507473581293	1.9584242996	0.0	0.0	0.0
8.2034285227e-18	0.507473581269	1.95842429952	9.68293146377e-12	8.20343792889e-12	1e-06
9.18344833868e-18	0.507473581268	1.95842429952	1.02525644311e-11	8.8444807033e-12	1.03833333333e-06
1.02805458908e-17	0.507473581266	1.95842429952	1.08667063032e-11	9.53548351381e-12	1.07813611111e-06
1.15087078311e-17	0.507473581264	1.95842429951	1.15288348328e-11	1.02805541856e-11	1.11946466203e-06
1.28835917226e-17	0.507473581263	1.95842429951	1.22426995109e-11	1.10838005439e-11	1.16237747408e-06
1.44227256535e-17	0.507473581261	1.9584242995	1.30123427987e-11	1.19498855254e-11	1.20693527725e-06
1.61457316993e-17	0.507473581259	1.95842429949	1.384212302e-11	1.28835830891e-11	1.25320112954e-06
1.807457608e-17	0.507473581257	1.95842429949	1.47367390408e-11	1.38903333278e-11	1.30124050618e-06
2.02338492028e-17	0.507473581254	1.95842429948	1.57012568785e-11	1.49755763343e-11	1.35112139224e-06
2.26510791594e-17	0.507473581252	1.95842429947	1.6741138389e-11	1.61457514023e-11	1.40291437895e-06
2.53570826758e-17	0.507473581249	1.95842429946	1.78622721968e-11	1.74072978251e-11	1.45669276347e-06
2.83863579878e-17	0.507473581246	1.95842429945	1.90710070404e-11	1.87674320525e-11	1.51253265274e-06
3.17775246511e-17	0.507473581243	1.95842429944	2.03741877241e-11	2.02339256457e-11	1.57051307109e-06
3.55738158936e-17	0.507473581239	1.95842429943	2.17791938784e-11	2.18148832327e-11	1.63071607214e-06
3.98236297865e-17	0.507473581235	1.95842429942	2.32939817497e-11	2.35194086423e-11	1.69322685491e-06
4.45811462596e-17	0.507473581231	1.95842429941	2.49271292544e-11	2.53571608149e-11	1.75813388434e-06
4.99070178304e-17	0.507473581227	1.95842429939	2.66878845539e-11	2.73384648245e-11	1.82552901657e-06
5.58691428482e-17	0.507473581222	1.95842429938	2.85862184252e-11	2.94745339238e-11	1.89550762887e-06
6.25435311163e-17	0.507473581217	1.95842429936	3.06328807228e-11	3.17775805659e-11	1.96816875464e-06
7.0015272923e-17	0.507473581212	1.95842429935	3.2839461253e-11	3.4260483338e-11	2.04361522357e-06
7.83796238393e-17	0.507473581206	1.95842429933	3.52184554047e-11	3.69374530948e-11	2.12195380713e-06
8.77432191108e-17	0.5074735812	1.95842429931	3.77833349077e-11	3.98236998917e-11	2.20329536974e-06
9.82254331266e-17	0.507473581193	1.95842429929	4.05486241206e-11	4.29353219626e-11	2.28775502557e-06
1.09959901297e-16	0.507473581186	1.95842429927	4.35299822786e-11	4.62900828758e-11	2.37545230155e-06
1.23096223741e-16	0.507473581178	1.95842429924	4.67442921688e-11	4.99070784674e-11	2.46651130643e-06
1.37801872506e-16	0.507473581169	1.95842429921	5.02097557337e-11	5.38066258187e-11	2.56106090651e-06
1.5426432663e-16	0.50747358116	1.95842429919	5.39459971447e-11	5.80108183678e-11	2.65923490791e-06
1.72693462272e-16	0.50747358115	1.95842429915	5.79741739297e-11	6.25435259099e-11	2.76117224604e-06
1.93324228375e-16	0.507473581139	1.95842429912	6.23170967835e-11	6.74305056191e-11	2.86701718213e-06
2.16419641976e-16	0.507473581128	1.95842429909	6.69993587398e-11	7.2699180004e-11	2.97691950743e-06
2.42274141358e-16	0.507473581115	1.95842429905	7.20474744365e-11	7.83796361086e-11	3.09103475521e-06
2.71217339768e-16	0.507473581102	1.958424299	7.7490030262e-11	8.45039593784e-11	3.20952442081e-06
3.03618227594e-16	0.507473581087	1.95842429896	8.33578462341e-11	9.11067887716e-11	3.33255619026e-06
3.39889876531e-16	0.507473581072	1.95842429891	8.96841505268e-11	9.82254277818e-11	3.46030417753e-06
3.80494705749e-16	0.507473581055	1.95842429886	9.65047676344e-11	1.05900399549e-10	3.59294917099e-06
4.25950377163e-16	0.507473581037	1.9584242988	1.03858321238e-10	1.14175113795e-10	3.73067888919e-06
4.76836394998e-16	0.507473581017	1.95842429874	1.11786452923e-10	1.23096199885e-10	3.87368824658e-06
5.33801493752e-16	0.507473580996	1.95842429868	1.20334057985e-10	1.32714506034e-10	4.02217962934e-06
5.97571908771e-16	0.507473580973	1.95842429861	1.29549539667e-10	1.43084322148e-10	4.17636318177e-06
6.68960634864e-16	0.507473580949	1.95842429853	1.39485083248e-10	1.54264379025e-10	4.3364571037e-06
7.48877790987e-16	0.507473580922	1.95842429845	1.50196951566e-10	1.66317959377e-10	4.5026879593e-06
8.38342223148e-16	0.507473580894	1.95842429836	1.61745803617e-10	1.79313452943e-10	4.6752909977e-06
9.38494493453e-16	0.507473580863	1.95842429826	1.74197038054e-10	1.93324245464e-10	4.8545104859e-06
1.05061142087e-15	0.50747358083	1.95842429816	1.87621163528e-10	2.08429828908e-10	5.04060005447e-06
1.17612235912e-15	0.507473580795	1.95842429805	2.0209419796e-10	2.24715801472e-10	5.2338230565e-06
1.31662741917e-15	0.507473580756	1.95842429793	2.17698099018e-10	2.42274200643e-10	5.43445294026e-06
1.47391786871e-15	0.507473580715	1.9584242978	2.34521228222e-10	2.61204502404e-10	5.64277363623e-06
1.64999896862e-15	0.50747358067	1.95842429766	2.52658851317e-10	2.81614065321e-10	5.85907995887e-06
1.8471155376e-15	0.507473580622	1.95842429751	2.72213677743e-10	3.03618241567e-10	6.08367802387e-06
2.06778057084e-15	0.50747358057	1.95842429735	2.93296442259e-10	3.27341820209e-10	6.31688568134e-06
2.31480727765e-15	0.507473580514	1.95842429718	3.16026532002e-10	3.52919027211e-10	6.55903296568e-06
2.59134494645e-15	0.507473580453	1.95842429699	3.40532662562e-10	3.80494746676e-10	6.81046256256e-06
2.90091909434e-15	0.507473580388	1.95842429679	3.66953606858e-10	4.10225075962e-10	7.07153029398e-06
3.24747641311e-15	0.507473580318	1.95842429657	3.9543898099e-10	4.42278546924e-10	7.34260562175e-06
3.63543508475e-15	0.507473580242	1.95842429633	4.26150091477e-10	4.76836458979e-10	7.6240721704e-06
4.06974110787e-15	0.50747358016	1.95842429608	4.592608487e-10	5.14094544448e-10	7.91632827006e-06
4.55593135313e-15	0.507473580072	1.9584242958	4.94958751723e-10	5.54263856726e-10	8.21978752018e-06
5.10020415157e-15	0.507473579977	1.95842429551	5.33445950057e-10	5.9757188051e-10	8.53487937486e-06
5.70949831574e-15	0.507473579875	1.95842429519	5.7494038839e-10	6.44263864065e-10	8.8620497506e-06
6.39158160108e-15	0.507473579765	1.95842429485	6.19677040758e-10	6.94604151492e-10	9.20176165738e-06
7.1551497353e-15	0.507473579646	1.95842429448	6.67909241156e-10	7.48877848061e-10	9.55449585388e-06
8.00993727829e-15	0.507473579518	1.95842429408	7.19910118112e-10	8.07392263505e-10	9.92075152788e-06
8.9668417258e-15	0.507473579379	1.95842429365	7.75974141355e-10	8.70478688372e-10	1.03010470027e-05
1.00380624392e-14	0.50747357923	1.95842429319	8.36418789332e-10	9.38494503451e-10	1.06959204706e-05
1.12372561726e-14	0.50747357907	1.95842429269	9.01586347022e-10	1.01182484511e-09	1.11059307547e-05
1.25797111793e-14	0.507473578896	1.95842429215	9.71845844219e-10	1.09088493675e-09	1.15316580997e-05
1.40825421188e-14	0.50747357871	1.95842429157	1.04759514527e-09	1.17612242029e-09	1.19737049928e-05
1.57649082476e-14	0.507473578508	1.95842429094	1.1292632021e-09	1.26802002071e-09	1.24326970167e-05
1.76482576761e-14	0.507473578291	1.95842429026	1.21731248326e-09	1.36709821054e-09	1.29092837348e-05
1.97566008061e-14	0.507473578057	1.95842428954	1.31224159279e-09	1.47391787447e-09	1.34041396103e-05
2.21168164337e-14	0.507473577805	1.95842428875	1.41458809374e-09	1.58908408401e-09	1.39179649609e-05
2.47589944214e-14	0.507473577533	1.95842428791	1.5249315522e-09	1.71324898419e-09	1.44514869498e-05
2.77168193067e-14	0.507473577239	1.95842428699	1.64389681933e-09	1.8471155682e-09	1.50054606148e-05
3.10279997392e-14	0.507473576923	1.95842428601	1.77215756973e-09	1.99144200733e-09	1.55806699367e-05
3.4734749219e-14	0.507473576582	1.95842428495	1.91044011628e-09	2.14704553675e-09	1.61779289492e-05
3.88843242681e-14	0.507473576214	1.95842428381	2.05952752317e-09	2.31480722942e-09	1.67980828903e-05
4.35296268922e-14	0.507473575818	1.95842428257	2.22026404014e-09	2.49567732523e-09	1.74420093989e-05
4.87298790177e-14	0.507473575391	1.95842428125	2.39355988333e-09	2.69067978285e-09	1.81106197567e-05
5.45513774975e-14	0.50747357493	1.95842427981	2.58039638963e-09	2.90091905211e-09	1.88048601779e-05
6.10683393158e-14	0.507473574433	1.95842427827	2.78183157378e-09	3.12758562514e-09	1.95257131483e-05
6.83638477632e-14	0.507473573898	1.9584242766	2.99900611967e-09	3.37196303075e-09	2.02741988155e-05
7.65309116472e-14	0.50747357332	1.95842427481	3.23314983977e-09	3.63543505088e-09	2.10513764329e-05
8.56736510405e-14	0.507473572698	1.95842427287	3.48558863933e-09	3.91949382524e-09	2.18583458584e-05
9.59086246843e-14	0.507473572027	1.95842427078	3.75775202467e-09	4.22574784488e-09	2.26962491114e-05
1.0736631597e-13	0.507473571303	1.95842426853	4.05118119816e-09	4.55593127813e-09	2.35662719886e-05
1.20192796442e-13	0.507473570523	1.95842426611	4.36753778574e-09	4.91191407356e-09	2.4469645742e-05
1.34551588031e-13	0.507473569682	1.95842426349	4.70861324631e-09	5.295711952e-09	2.54076488219e-05
1.50625747761e-13	0.507473568775	1.95842426067	5.0763390164e-09	5.70949828598e-09	2.63816086858e-05
1.68620201495e-13	0.507473567797	1.95842425763	5.47279744745e-09	6.15561620106e-09	2.73929036768e-05
1.88764356499e-13	0.507473566743	1.95842425436	5.90023359776e-09	6.63659212067e-09	2.84429649748e-05
2.11315026093e-13	0.507473565607	1.95842425082	6.36106794571e-09	7.15514964376e-09	2.95332786214e-05
2.36559703713e-13	0.507473564382	1.95842424701	6.85791009643e-09	7.71422519907e-09	3.06653876232e-05
2.64820228099e-13	0.507473563061	1.95842424291	7.39357355945e-09	8.31698469838e-09	3.18408941353e-05
2.96456886341e-13	0.507473561637	1.95842423848	7.97109168093e-09	8.96684152216e-09	3.30614617287e-05
3.31873007101e-13	0.507473560102	1.9584242337	8.59373482088e-09	9.66747572641e-09	3.43288177447e-05
3.71520102556e-13	0.507473558446	1.95842422856	9.26502887252e-09	1.04228545818e-08	3.56447557394e-05
4.15903624627e-13	0.507473556662	1.95842422301	9.98877522855e-09	1.12372558883e-08	3.70111380215e-05
4.65589408868e-13	0.507473554737	1.95842421702	1.07690723077e-08	1.2115291401e-08	3.84298982886e-05
5.21210888176e-13	0.507473552663	1.95842421057	1.16103387632e-08	1.30619331421e-08	3.99030443632e-05
5.83477168284e-13	0.507473550426	1.95842420362	1.25173385045e-08	1.40825417121e-08	4.1432661034e-05
6.53182067984e-13	0.507473548015	1.95842419612	1.34952076743e-08	1.51828967092e-08	4.30209130071e-05
7.31214239345e-13	0.507473545415	1.95842418803	1.45494837335e-08	1.63692291484e-08	4.46700479685e-05
8.18568496932e-13	0.507473542612	1.95842417932	1.56861368186e-08	1.76482569885e-08	4.63823997656e-05
9.16358500471e-13	0.507473539591	1.95842416992	1.69116035492e-08	1.90272231014e-08	4.81603917099e-05
1.02583095264e-12	0.507473536333	1.95842415979	1.8232823477e-08	2.05139362396e-08	5.00065400066e-05
1.14838149298e-12	0.50747353282	1.95842414887	1.96572783834e-08	2.2116815334e-08	5.1923457315e-05
1.2855724906e-12	0.507473529033	1.95842413709	2.11930346468e-08	2.38449372335e-08	5.39138564466e-05
1.43915296247e-12	0.50747352495	1.95842412439	2.28487889206e-08	2.57080877749e-08	5.59805542038e-05
1.61108087117e-12	0.507473520548	1.95842411071	2.4633917381e-08	2.77168176278e-08	5.81264753663e-05
1.80354808657e-12	0.507473515802	1.95842409595	2.65585288216e-08	2.98825018016e-08	6.03546568301e-05
2.01900832942e-12	0.507473510686	1.95842408004	2.86335218974e-08	3.22174040391e-08	6.26682519058e-05
2.26020845328e-12	0.507473505169	1.95842406288	3.08706468417e-08	3.47347465382e-08	6.50705347804e-05
2.53022346347e-12	0.507473499221	1.95842404439	3.32825720048e-08	3.74487843367e-08	6.75649051515e-05
2.83249571964e-12	0.507473492809	1.95842402445	3.58829555921e-08	4.03748863583e-08	7.01548930381e-05
3.17087882154e-12	0.507473485896	1.95842400295	3.86865230072e-08	4.35296226767e-08	7.28441637764e-05
3.54968673766e-12	0.507473478442	1.95842397977	4.1709150239e-08	4.69308576625e-08	7.56365232071e-05
3.97374880298e-12	0.507473470406	1.95842395479	4.49679537634e-08	5.05978519017e-08	7.8535923061e-05
4.44847128696e-12	0.507473461743	1.95842392784	4.84813874702e-08	5.45513707757e-08	8.15464665519e-05
4.97990631678e-12	0.507473452402	1.9584238988	5.22693471633e-08	5.88138020334e-08	8.46724141828e-05
5.5748290344e-12	0.507473442331	1.95842386748	5.63532832258e-08	6.34092831336e-08	8.79181897759e-05
6.24082397118e-12	0.507473431474	1.95842383372	6.07563220887e-08	6.83638371361e-08	9.12883867329e-05
6.98638174116e-12	0.507473419768	1.95842379732	6.55033971908e-08	7.37055204723e-08	9.47877745352e-05
7.82100728576e-12	0.507473407148	1.95842375808	7.06213901705e-08	7.94645820393e-08	9.84213054942e-05
8.75534104986e-12	0.507473393541	1.95842371576	7.61392830904e-08	8.56736341745e-08	0.000102194121759
9.80129463413e-12	0.507473378871	1.95842367015	8.2088322556e-08	9.23678371736e-08	0.000106111562594
1.09722026529e-11	0.507473363056	1.95842362097	8.85021966574e-08	9.95850990197e-08	0.000110179171935
1.22829927336e-11	0.507473346004	1.95842356794	9.54172257373e-08	1.07366289322e-07	0.000114402706233
1.37503758254e-11	0.50747332762	1.95842351077	1.02872568064e-07	1.15755471132e-07	0.000118788142606
1.53930592421e-11	0.507473307799	1.95842344914	1.10910441576e-07	1.24800150737e-07	0.000123341687288
1.72319851572e-11	0.50747328643	1.95842338269	1.19576362951e-07	1.34551545898e-07	0.000128069784424
1.92905975893e-11	0.507473263391	1.95842331105	1.28919405354e-07	1.45064876606e-07	0.000132979125178
2.15951412838e-11	0.507473238552	1.95842323381	1.3899247633e-07	1.56399677506e-07	0.00013807665721
2.41749962995e-11	0.507473211772	1.95842315053	1.49852617404e-07	1.68620134955e-07	0.000143369594505
2.70630525662e-11	0.507473182899	1.95842306075	1.61561327091e-07	1.81795450617e-07	0.000148865427583
3.02961291891e-11	0.507473151771	1.95842296395	1.7418490915e-07	1.96000233263e-07	0.000154571934098
3.39154438446e-11	0.50747311821	1.95842285959	1.87794848041e-07	2.11314921094e-07	0.000160497189845
3.79671382512e-11	0.507473082027	1.95842274708	2.02468213725e-07	2.27826237929e-07	0.000166649580189
4.25028664165e-11	0.507473043017	1.95842262577	2.18288098089e-07	2.45627683256e-07	0.000173037811932
4.75804531573e-11	0.507473000959	1.95842249498	2.35344085474e-07	2.64820062471e-07	0.000179670925633
5.32646312892e-11	0.507472955614	1.95842235398	2.53732759964e-07	2.85512057636e-07	0.000186558308403
5.96278668837e-11	0.507472906727	1.95842220196	2.73558252315e-07	3.0782084232e-07	0.000193709707189
6.6751283113e-11	0.507472854019	1.95842203806	2.9493282962e-07	3.31872746057e-07	0.000201135242566
7.47256944608e-11	0.507472797193	1.95842186135	3.17977531042e-07	3.57803968661e-07	0.000208845423059
8.3652764483e-11	0.507472735927	1.95842167084	3.42822853221e-07	3.85761352375e-07	0.000216851160017
9.36463018778e-11	0.507472669874	1.95842146544	3.6960948924e-07	4.15903213088e-07	0.000225163783049
1.04833711389e-10	0.50747259866	1.95842124399	3.98489125324e-07	4.48400236384e-07	0.000233795056061
1.1735761804e-10	0.507472521882	1.95842100524	4.2962529979e-07	4.83436444867e-07	0.000242757193901
1.31377685395e-10	0.507472439104	1.95842074783	4.63194329108e-07	5.21210239535e-07	0.000252062879644
1.47072651051e-10	0.507472349858	1.95842047031	4.99386306329e-07	5.61935523644e-07	0.000261725282542
1.64642605274e-10	0.50747225364	1.95842017111	5.38406177507e-07	6.05842913831e-07	0.000271758076656
1.84311541864e-10	0.507472149903	1.95841984853	5.80474902241e-07	6.53181046042e-07	0.000282175460209
2.06330213742e-10	0.50747203806	1.95841950074	6.25830704882e-07	7.04217983163e-07	0.000292992175677
2.30979329671e-10	0.507471917479	1.95841912578	6.74730423513e-07	7.5924273355e-07	0.00030422353065
2.5857313287e-10	0.507471787476	1.95841872152	7.27450964315e-07	8.18566887129e-07	0.000315885419492
2.89463407124e-10	0.507471647315	1.95841828567	7.8429086958e-07	8.82526379721e-07	0.000327994345833
3.24043961478e-10	0.507471496202	1.95841781577	8.45572008221e-07	9.51483395361e-07	0.000340567445923
3.62755650672e-10	0.507471333282	1.95841730915	9.11641398383e-07	1.02582841749e-06	0.000353622512879
4.06091995317e-10	0.507471157633	1.95841676295	9.82873172439e-07	1.10598243979e-06	0.000367178021861
4.5460547347e-10	0.507470968259	1.95841617407	1.05967069553e-06	1.19239934975e-06	0.000381253156218
5.08914563787e-10	0.507470764088	1.95841553918	1.14246884962e-06	1.2855684992e-06	0.000395867834626
5.69711630057e-10	0.507470543964	1.95841485468	1.231736496e-06	1.38601747521e-06	0.000411042739277
6.37771747619e-10	0.507470306641	1.95841411669	1.32797913021e-06	1.49431508724e-06	0.000426799345141
7.13962584157e-10	0.507470050774	1.95841332104	1.43174174434e-06	1.61107458787e-06	0.00044315995035
7.99255460858e-10	0.507469774916	1.95841246323	1.54361191305e-06	1.7369571459e-06	0.000460147707748
8.94737734896e-10	0.507469477503	1.95841153839	1.66422312058e-06	1.87267558876e-06	0.000477786657652
1.00162666111e-09	0.507469156851	1.95841054129	1.79425834779e-06	2.01899844026e-06	0.00049610176186
1.12128490952e-09	0.507468811146	1.95840946627	1.93445393939e-06	2.17675427055e-06	0.000515118938969
1.25523793656e-09	0.507468438429	1.95840830727	2.08560377333e-06	2.34683638906e-06	0.000534865101046
1.40519343135e-09	0.50746803659	1.9584070577	2.24856375593e-06	2.53020790134e-06	0.000555368191701
1.57306308493e-09	0.507467603353	1.9584057105	2.42425666817e-06	2.7279071626e-06	0.000576657225616
1.76098695995e-09	0.507467136266	1.95840425803	2.61367739059e-06	2.94105365699e-06	0.000598762329596
1.9713607713e-09	0.507466632683	1.95840269208	2.81789853641e-06	3.17085433572e-06	0.000621714785183
2.20686642562e-09	0.507466089753	1.95840100377	3.03807652472e-06	3.41861045101e-06	0.000645547072908
2.47050620864e-09	0.507465504402	1.95839918355	3.27545812806e-06	3.68572492268e-06	0.000670292918239
2.76564105631e-09	0.507464873315	1.95839722111	3.53138753157e-06	3.97371028189e-06	0.000695987339279
3.09603339732e-09	0.507464192919	1.95839510533	3.80731394356e-06	4.284197234e-06	0.000722666696302
3.46589511311e-09	0.507463459361	1.95839282424	4.10479980055e-06	4.61894389048e-06	0.000750368743178
3.8799412265e-09	0.507462668488	1.95839036493	4.42552961337e-06	4.97984572311e-06	0.000779132680767
4.34345000318e-09	0.507461815822	1.95838771345	4.77131950416e-06	5.36894629391e-06	0.000808999212362
4.86233023194e-09	0.507460896534	1.95838485481	5.14412748841e-06	5.78844882441e-06	0.000840010601247
5.44319654095e-09	0.50745990542	1.95838177281	5.54606456006e-06	6.24072866849e-06	0.000872210730461
6.09345370989e-09	0.507458836868	1.95837845001	5.97940664252e-06	6.72834675801e-06	0.000905645164851
6.82139105211e-09	0.507457684828	1.95837486759	6.4466074731e-06	7.25406410072e-06	0.000940361215492
7.63628806946e-09	0.507456442777	1.95837100527	6.95031249383e-06	7.82085740841e-06	0.00097640800658
8.54853272587e-09	0.507455103683	1.95836684117	7.49337382708e-06	8.43193594665e-06	0.00101383654488
9.56975384657e-09	0.507453659964	1.95836235173	8.0788664209e-06	9.09075969961e-06	0.0010526997918
1.07129693296e-08	0.507452103447	1.95835751153	8.71010545514e-06	9.8010589542e-06	0.00109305273832
1.19927520575e-08	0.507450425318	1.95835229315	9.39066510697e-06	1.05668554122e-05	0.00113495248262
1.3425415623e-08	0.507448616079	1.95834666707	1.01243987817e-05	1.13924849518e-05	0.00117845831083
1.50292222338e-08	0.507446665485	1.95834060141	1.09154609234e-05	1.22826221653e-05	0.00122363178079
1.68246154447e-08	0.507444562493	1.95833406185	1.17683305288e-05	1.32423068133e-05	0.00127053680901
1.88344806807e-08	0.507442295199	1.95832701136	1.26878364966e-05	1.42769723432e-05	0.00131923976096
2.10844368692e-08	0.507439850768	1.95831941003	1.36791849561e-05	1.53924766343e-05	0.00136980954484
2.36031628939e-08	0.507437215361	1.95831121483	1.474798873e-05	1.65951351424e-05	0.00142231770885
2.64227630272e-08	0.50743437406	1.95830237935	1.59002990962e-05	1.78917566302e-05	0.00147683854223
2.95791759934e-08	0.507431310782	1.95829285359	1.71426400292e-05	1.92896816878e-05	0.00153344918017
3.31126328691e-08	0.507428008188	1.95828258363	1.84820451147e-05	2.07968242576e-05	0.00159222971264
3.70681696495e-08	0.507424447583	1.95827151133	1.99260973443e-05	2.2421716399e-05	0.00165326329742
4.14962010028e-08	0.507420608816	1.95825957401	2.14829720167e-05	2.41735565453e-05	0.00171663627748
4.64531625136e-08	0.507416470159	1.95824670412	2.31614829853e-05	2.60622615258e-05	0.0017824383027
5.20022295859e-08	0.50741200819	1.9582328288	2.49711325157e-05	2.8098522643e-05	0.00185076245631
5.82141221501e-08	0.507407197656	1.95821786953	2.69221650313e-05	3.02938661243e-05	0.00192170538616
6.51680054085e-08	0.507402011334	1.95820174165	2.90256250523e-05	3.26607182868e-05	0.00199536744089
7.29524980721e-08	0.507396419877	1.95818435389	3.12934196534e-05	3.52124757811e-05	0.00207185281131
8.16668009068e-08	0.507390391646	1.95816560785	3.37383857917e-05	3.79635813103e-05	0.00215126967719
9.14219599321e-08	0.507383892532	1.95814539745	3.63743628848e-05	4.09296052493e-05	0.0022337303595
1.02342280325e-07	0.507376885765	1.95812360834	3.92162710465e-05	4.41273336233e-05	0.00231935147855
1.14566908991e-07	0.507369331706	1.95810011723	4.22801954211e-05	4.75748629376e-05	0.00240825411799
1.28251605894e-07	0.507361187621	1.95807479122	4.55834770891e-05	5.12917023928e-05	0.00250056399507
1.43570726653e-07	0.507352407444	1.95804748705	4.91448110563e-05	5.52988840579e-05	0.00259641163735
1.60719441545e-07	0.507342941516	1.95801805025	5.29843518753e-05	5.96190816155e-05	0.00269593256598
1.79916219088e-07	0.507332736301	1.95798631433	5.71238274929e-05	6.42767383485e-05	0.00279926748598
2.01405605693e-07	0.507321734091	1.9579520998	6.15866619612e-05	6.92982050792e-05	0.00290656248358
2.25461336632e-07	0.507309872677	1.95791521316	6.63981076993e-05	7.47118888331e-05	0.00301796923108
2.52389817739e-07	0.507297084999	1.95787544584	7.15853880477e-05	8.05484130572e-05	0.00313364519925
2.82534021949e-07	0.507283298772	1.95783257299	7.71778509099e-05	8.68407902846e-05	0.00325375387777
3.16277850012e-07	0.507268436074	1.95778635225	8.32071343421e-05	9.36246082057e-05	0.00337846500389
3.54051010538e-07	0.507252412913	1.95773652235	8.97073450134e-05	0.000100938230181	0.00350795479955
3.9633448111e-07	0.507235138752	1.95768280166	9.67152505316e-05	0.000108823011309	0.00364240621737
4.43666619465e-07	0.507216516004	1.95762488662	0.000104270486707	0.000117323531242	0.00378200919574
4.9665000192e-07	0.507196439481	1.95756245002	0.000112415780901	0.000126487845043	0.00392696092332
5.55959075348e-07	0.507174795809	1.95749513914	0.000121197192711	0.000136367753461	0.0040774661133
6.22348719192e-07	0.507151462788	1.95742257385	0.000130664373308	0.000147019094127	0.00423373728777
6.9666382537e-07	0.50712630871	1.95734434437	0.000140870844884	0.00015850205525	0.00439599507246
7.79850016675e-07	0.507099191627	1.95726000908	0.000151874301728	0.000170881513551	0.00456446850222
8.72965638429e-07	0.507069958551	1.95716909197	0.000163736934613	0.000184227398283	0.00473939533767
9.77195174009e-07	0.507038444607	1.95707108005	0.000176525780267	0.000198615083301	0.00492102239323
1.09386425257e-06	0.507004472109	1.95696542043	0.000190313097841	0.000214125809347	0.005109605877
1.22445643699e-06	0.506967849576	1.95685151726	0.000205176774448	0.000230847138805	0.00530541174279
1.37063200212e-06	0.506928370665	1.95672872841	0.00022120076198	0.000248873445412	0.00550871605469
1.53424893793e-06	0.506885813028	1.9565963619	0.000238475547576	0.000268306441531	0.00571980536458
1.71738643962e-06	0.506839937077	1.95645367207	0.000257098660306	0.000289255745841	0.00593897710286
1.9223711771e-06	0.506790484665	1.95629985541	0.000277175216799	0.000311839494437	0.00616653998282
2.15180667048e-06	0.506737177653	1.95613404615	0.000298818508761	0.000336184998624	0.00640281441907
2.40860613593e-06	0.506679716384	1.95595531145	0.00032215063554	0.000362429452838	0.00664813296029
2.69602920844e-06	0.506617778037	1.95576264628	0.000347303185107	0.00039072069644	0.00690284073666
3.01772299499e-06	0.506551014849	1.95555496785	0.000374417967081	0.000421218033341	0.00716729592239
3.37776796385e-06	0.506479052222	1.95533110972	0.000403647801679	0.000454093113715	0.00744187021367
3.78072923361e-06	0.506401486673	1.95508981535	0.000435157368736	0.000489530882319	0.00772694932221
4.23171389024e-06	0.506317883645	1.95482973128	0.00046912412124	0.000527730598287	0.00802293348487
4.73643503175e-06	0.506227775145	1.95454939974	0.000505739268126	0.000568906931522	0.00833023798952
5.30128331982e-06	0.506130657225	1.95424725072	0.000545208831399	0.000613291141208	0.00864929371737
5.93340690541e-06	0.50602598726	1.95392159351	0.000587754783006	0.000661132342271	0.008980547702
6.64080069332e-06	0.505913181048	1.95357060753	0.000633616267213	0.000712698865999	0.00932446370531
7.43240601842e-06	0.505791609689	1.9531923326	0.000683050914656	0.00076827972141	0.00968152281037
8.31822192563e-06	0.505660596247	1.95278465842	0.000736336254594	0.000828186164354	0.0100522240313
9.309429378e-06	0.50551941217	1.95234531333	0.000793771232328	0.000892753381724	0.0104370849403
1.04185298624e-05	0.50536727347	1.95187185231	0.000855677839182	0.000962342298572	0.0108366423112
1.16595000229e-05	0.505203336624	1.95136164405	0.000922402862864	0.00103734151636	0.0112514527804
1.30479641284e-05	0.505026694199	1.9508118572	0.000994319766511	0.00111816939097	0.0116820935236
1.46013863754e-05	0.504836370185	1.95021944557	0.00107183070518	0.00120527625952	0.0121291629489
1.63392852382e-05	0.504631315	1.94958113245	0.00115536868902	0.00129914682552	0.0125932814057
1.82834723137e-05	0.50441040018	1.94889339374	0.0012453999029	0.00140030271211	0.0130750919081
2.04583183612e-05	0.50417241271	1.94815244002	0.00134242619263	0.00150930519385	0.013575260872
2.28910495139e-05	0.503916048996	1.94735419742	0.00144698772859	0.00162675811744	0.0140944788663
2.56120769429e-05	0.503639908459	1.94649428727	0.00155966585784	0.00175331102242	0.0146334613747
2.865536358e-05	0.50334248673	1.94556800438	0.00168108615648	0.00188966247299	0.0151929495681
3.20588318566e-05	0.503022168439	1.94457029411	0.00181192169414	0.00203656361232	0.0157737110861
3.58648168008e-05	0.502677219576	1.94349572784	0.00195289652326	0.00219482195073	0.0163765408241
4.01205692378e-05	0.502305779426	1.94233847716	0.00210478940583	0.00236530539927	0.0170022617247
4.48788142763e-05	0.501905852047	1.94109228648	0.00226843779068	0.00254894655986	0.0176517255711
5.01983707223e-05	0.501475297316	1.93975044406	0.00244474205457	0.0027467472831	0.0183258137772
5.61448375512e-05	0.501011821505	1.93830575157	0.0026346700204	0.00295978350402	0.019025438174
6.27913576984e-05	0.500512967201	1.93675383212	0.00283926176735	0.00318921055028	0.0197515417846
7.02194553621e-05	0.499976103362	1.93508532463	0.00305963438814	0.00343626855674	0.0205050983319
7.85199576419e-05	0.499398414789	1.9332895447	0.00329698786181	0.00370228756504	0.0212871146489
8.77940340621e-05	0.498776890199	1.931357041	0.00355261089413	0.00398869417161	0.0220986316355
9.81543236027e-05	0.498108311106	1.92927770144	0.00382788682199	0.00429701771736	0.0229407242586
0.000109726181644	0.497389239955	1.92704071363	0.0041243000547	0.00462889694801	0.0238145021931
0.000122649051654	0.49661600799	1.924634524	0.00444344287164	0.00498608698485	0.0247211104142
0.000137077971869	0.495784702906	1.92204679585	0.00478702258216	0.00537046659884	0.025661729733
0.000153185227613	0.494891156384	1.91926436645	0.00515686905111	0.00578404577652	0.0266375772619
0.000171162160136	0.493930931606	1.91627320349	0.00555494258976	0.00622897355987	0.0276499068022
0.000191221143009	0.492899310891	1.91305836124	0.00598334220845	0.0067075461358	0.0287000091384
0.000213597737469	0.491791283585	1.90960413701	0.00644431422206	0.00722221515689	0.0297892122265
0.000238553111197	0.490601531549	1.90590481326	0.00694026117565	0.00777559870106	0.0309188811456
0.000266376374117	0.489324427251	1.90193189146	0.00747374824164	0.0083704845408	0.0320904116508
0.000297387524217	0.487954013667	1.89766639456	0.00804751817341	0.00900984240023	0.0333052424897
0.000331940355751	0.486483999215	1.89308822697	0.00866449852467	0.00969683191178	0.0345648488626
0.000370425650392	0.48490775045	1.88817614013	0.00932781164643	0.0104348111486	0.0358707418183
0.00041327459446	0.483218286693	1.8829077026	0.0100407848267	0.0112273449276	0.0372244674321
0.000460962592667	0.481408271791	1.87727485108	0.0108069605507	0.0120782172598	0.038627605742
0.000514012749989	0.47947002811	1.87124183813	0.011630100347	0.0129914319105	0.0400817579453
0.000573000155253	0.477395528283	1.86477924743	0.0125142051132	0.0139712192518	0.0415885641292
0.000638556241702	0.475176401924	1.85785982137	0.0134635221383	0.0150220455419	0.0431496957395
0.000711373303155	0.47280394687	1.85046989386	0.0144825531937	0.0161486194044	0.0447668508073
0.000792209242416	0.47026914566	1.84257948755	0.0155760552488	0.0173559027409	0.0464417382632
0.000881891255982	0.467562710167	1.83414517739	0.0167490562971	0.0186490848204	0.0481760882248
0.000981321820942	0.464675078427	1.82514250979	0.0180068692491	0.020033605903	0.0499716586165
0.00109148377472	0.461596451372	1.8155564378	0.0193550862032	0.021515166052	0.0518302130828
0.00121344266464	0.458316893225	1.80533008967	0.0207995744643	0.0230996768087	0.0537535061481
0.00134835385198	0.45482631589	1.7944499333	0.0223465078035	0.0247932899062	0.0557433182439
0.00149746619091	0.451114571331	1.78287904796	0.0240023332912	0.0266023917614	0.0578014043324
0.00166212353367	0.447171563491	1.77057882833	0.025773787361	0.0285335348823	0.0599295129639
0.00184377259391	0.442987244791	1.75753874474	0.0276678906262	0.0305935015964	0.0621293788724
0.00204395846418	0.43855185594	1.74370198406	0.0296919117016	0.0327891712438	0.064402683646
0.00226433437124	0.433855866713	1.72905673746	0.0318534004608	0.0351276045772	0.0667511013829
0.00250665342454	0.428890271802	1.7135661458	0.0341601236231	0.0376158884261	0.0691762360205
0.00277277624772	0.423646566432	1.69719569616	0.0366200692058	0.0402612172274	0.0716796416766
0.00306466284005	0.418116987028	1.6799485698	0.0392414233346	0.043070747929	0.0742628153594
0.00338436429729	0.412294744	1.6617716569	0.0420324786138	0.0460515240095	0.0769271294376
0.00373402851332	0.406173969512	1.64265068732	0.0450016814107	0.0492105380774	0.0796739059569
0.0041158829986	0.399750041127	1.62258935996	0.0481575355389	0.0525545607525	0.0825043534462
0.0045322198929	0.39301981547	1.60156566143	0.0515085148074	0.0560900350636	0.085419525778
0.00498538801273	0.385981701875	1.57957667697	0.055063052047	0.0598230449861	0.0884203556832
0.00547777527187	0.378635860644	1.5566204948	0.058829442605	0.0637592265291	0.0915076156788
0.00601178631235	0.370984400404	1.53269451387	0.0628157757417	0.0679036307689	0.0946819108175
0.0065898218129	0.363031508119	1.50781736224	0.0670298651678	0.0722606363689	0.0979436758261
0.00721425242223	0.354783610061	1.48200808834	0.0714791195252	0.0768338586564	0.101293129511
0.00788738691736	0.346249522001	1.45529004534	0.0761704577241	0.0816259919532	0.104730271389
0.00861144564473	0.337440494793	1.42771980691	0.081110210167	0.0866387463735	0.108254871367
0.00938851125548	0.328370455275	1.39931057515	0.086303921187	0.0918726173795	0.111866393046
0.0102205212284	0.319055708143	1.37010894584	0.0917563994772	0.0973269822369	0.115564096758
0.0111092223568	0.309515051019	1.34020199412	0.0974715281361	0.102999930872	0.119346969368
0.0120560980574	0.299770057708	1.30962868777	0.103452009505	0.108887892231	0.123213621558
0.013062404652	0.289844273797	1.27847132847	0.10969946315	0.11498617127	0.127162416956
0.0141290579718	0.279763758165	1.24680629389	0.116214173366	0.121288171545	0.131191367378
0.0152566701388	0.269556295404	1.21474048518	0.122995024318	0.127786022582	0.135298150286
0.0164454526368	0.259251673999	1.18233261583	0.130039277948	0.134469982755	0.139480022907
0.0176952362568	0.248880969005	1.14970253813	0.137342751479	0.141328714822	0.143733978167
0.0190054591767	0.238476221958	1.11694493079	0.14489943783	0.148349589826	0.148056551202
0.0203750934824	0.228070405359	1.08415822778	0.152701594643	0.155518115918	0.15244390316
0.0218026804224	0.217696724253	1.0514411273	0.16073968083	0.162818454653	0.156891806247
0.0232863125635	0.207388295435	1.01889930457	0.169002336116	0.170233399236	0.161395640632
0.024823641779	0.197177711068	0.986645816366	0.177476319763	0.177744598716	0.165950359317
0.0264118692706	0.187096742374	0.954774373493	0.186146445536	0.185332618197	0.170550441333
0.0280477589457	0.177175923433	0.92338105508	0.194995733574	0.192977039938	0.17518995313
0.0297276810805	0.1674440783	0.892559577665	0.204005417505	0.200656902035	0.179862518404
0.0314467073174	0.157932270544	0.859784282496	0.213154993855	0.208343285891	0.184561301526
0.0331937234182	0.148692946028	0.822792042315	0.222446690336	0.215941011913	0.189292248441
0.0349713616624	0.139712055156	0.787542850019	0.231908787231	0.2234477059	0.194075525642
0.0367755021205	0.131012770165	0.754044642606	0.241511231842	0.230847808177	0.198901612325
0.0386017664683	0.122614635634	0.722258930282	0.251222697046	0.238126427247	0.203760463501
0.0404456259304	0.114533254025	0.692158447161	0.26101122661	0.245269812526	0.2086417213
0.0423023542573	0.106780746435	0.663697864468	0.270844255089	0.252265030429	0.213534612952
0.044167048798	0.0993659287196	0.636820341874	0.280688993507	0.259099897665	0.218428041679
0.046034661758	0.0922945073278	0.611457653884	0.29051277493	0.265762992605	0.22331066618
0.0479000084581	0.0855693884927	0.587530921888	0.300283426737	0.272243435541	0.228171005762
0.0497578164968	0.0791908799653	0.564960681017	0.309969664641	0.278530928031	0.232997570907
0.051602745592	0.073157018117	0.543671568721	0.319541351635	0.284615638751	0.237778940984
0.053429459017	0.0674637487102	0.523572385496	0.328969691485	0.290488502204	0.242503820704
0.0552325604766	0.0621054694165	0.504546332529	0.338227711285	0.296140245666	0.247161262268
0.0570067535553	0.0570749541656	0.486482920763	0.347290945531	0.301561844608	0.251741014691
0.0587468380441	0.0523637631891	0.469244563571	0.356137577024	0.306744172645	0.256233616212
0.0604478490944	0.0479622532118	0.452721533541	0.364749116045	0.311678205294	0.260630780589
0.0621050457966	0.0438599886681	0.436776508789	0.373110115874	0.316354917812	0.264925304361
0.0637141401682	0.0400455301193	0.421317880253	0.381208802519	0.320766119175	0.269111450748
0.065271110094	0.0365071779618	0.40618952672	0.389036364065	0.324903468569	0.273184648522
0.0667723953978	0.0332327528531	0.391209735361	0.396588154563	0.328758559983	0.277142199165
0.0682150448541	0.0302095496706	0.376217692834	0.403864167237	0.332323225656	0.280983630036
0.0695963191712	0.0274253346687	0.361016941111	0.410868628538	0.335586842687	0.284710604042
0.0709140563981	0.0248677501665	0.3452779943	0.417610763844	0.338537940591	0.288327458342
0.072166748586	0.0225242930141	0.328595233266	0.424107221207	0.341162229556	0.291842680162
0.0733535939328	0.0203823799846	0.310610134184	0.430383760674	0.343441032372	0.295270084048
0.0744736525502	0.018430881276	0.290398950554	0.43647529902	0.345345205797	0.298629175049
0.0755301486347	0.016653260672	0.274835536372	0.442438851767	0.346851298662	0.301952931384
0.0765472536227	0.0150036628306	0.265826628885	0.448203053872	0.34819372744	0.305201677816
0.0775057450424	0.0135035893973	0.257006585854	0.453644058072	0.349371954879	0.30830231514
0.0784060336065	0.0121417186502	0.248321821931	0.458773308422	0.35039070126	0.311256976779
0.0792491833082	0.0109069672352	0.239829827507	0.463603677157	0.351256587411	0.314068898181
0.0800365082868	0.00978903710834	0.231504625243	0.468147162426	0.351977658927	0.316741085721
0.0807695119341	0.00877839043478	0.223326935396	0.472416414132	0.352561569323	0.319277202157
0.0814501421216	0.00786584016007	0.215297507236	0.476424556729	0.35301737102	0.321681478185
0.0820804117837	0.00704298601413	0.207412097573	0.480184632114	0.353353647665	0.323958384294
0.082662647292	0.00630181738451	0.199692687173	0.483709689963	0.353580028147	0.32611268151
0.0831992164401	0.00563498894318	0.192135912037	0.487012203796	0.353706081334	0.328149054653
0.0836926047326	0.00503565044364	0.184811477213	0.490104477923	0.353741450402	0.330072349628
0.0841454203787	0.00449738197716	0.17773736372	0.492997455378	0.353697094234	0.331886810839
0.084560076754	0.00401449374379	0.170873920869	0.495701476094	0.353582664576	0.333596525996
0.084939035858	0.00358167980163	0.164212766829	0.498227213654	0.353407139278	0.335206014341
0.0852847214726	0.00319407216448	0.157746460496	0.500585095021	0.353178901583	0.336719860201
0.0855994902911	0.00284722519026	0.151466986956	0.502785242259	0.352905674659	0.338142667117
0.0858856288536	0.00253707506024	0.145370116053	0.504837450853	0.352594576631	0.339479033434
0.0861453271448	0.00225992844511	0.139444058864	0.506751108772	0.352252093132	0.340733487637
0.0863806765083	0.00201242829556	0.133685964828	0.508535281167	0.351884030828	0.341910531132
0.086593663582	0.00179152818913	0.128084758262	0.510198581762	0.351495654947	0.343014540658
0.0867861540789	0.0015944799099	0.122637091793	0.51174926758	0.351091543874	0.344049817314
0.0869599065789	0.00141879387857	0.117326955122	0.513195151229	0.350675798201	0.345020514931
0.0871165718574	0.00126221751207	0.112163756191	0.514543746363	0.350251929273	0.345930724579
0.0872576670032	0.00112274129738	0.107121449621	0.515801977836	0.349823030099	0.34678426626
0.0873846266778	0.000998530645857	0.102204855171	0.51697661207	0.349391677655	0.347584967509
0.0874987543487	0.000887959180033	0.0974090106912	0.518073897785	0.348960033332	0.348336408714
0.0876012534143	0.000789565005882	0.092722800401	0.519099717811	0.348529898227	0.349042014508
0.0876932401593	0.00070202735678	0.0881358048238	0.520059669529	0.348102729127	0.349705099074
0.0877757412376	0.000624159698566	0.0836545158219	0.52095906286	0.347679644489	0.350328856061
0.0878496808978	0.000554913437404	0.0792744886788	0.521802766399	0.347261521649	0.350916242998
0.0879159018316	0.000493351032846	0.0749946793614	0.522595361961	0.346848977635	0.351470079795
0.0879751786477	0.000438627627112	0.0708147570561	0.523341136353	0.346442466816	0.351993035788
0.08802821288	0.00038999063598	0.0667298965698	0.524044089652	0.346042255099	0.352487628773
0.0880756578358	0.000346752821554	0.0628488467569	0.524708008049	0.345648497639	0.35295627033
0.0881184362839	0.000308003026379	0.0600234630193	0.525335336782	0.34526416608	0.353400460299
0.0881566743162	0.000273564605677	0.0573235550856	0.525919335436	0.344896866121	0.353815189879
0.0881906773759	0.000243103989553	0.0538880754397	0.526462930803	0.344545551282	0.354202299226
0.0882208345135	0.000216222915967	0.0502195516648	0.526977145765	0.344201532076	0.354569453216
0.0882477950452	0.000192305599332	0.0467995095605	0.527468192727	0.343862351982	0.354920958129
0.0882718440859	0.000171068695487	0.0433998741445	0.527937086641	0.343528677722	0.355257432907
0.0882933155011	0.000152191378357	0.0401969680542	0.528387080688	0.343199198919	0.355581117615
0.0883125041349	0.000135392810126	0.0372296517283	0.528819499292	0.34287429974	0.355892883572
0.0883296493617	0.000120444915415	0.0344807206798	0.529235011614	0.342554698589	0.35619313772
0.0883449659327	0.000107144480581	0.0319342066674	0.529634263483	0.34224099121	0.356482275374
0.0883586059803	9.53453339887e-05	0.0293783346553	0.530017877853	0.341933440444	0.356760680402
0.0883707806787	8.48528175148e-05	0.026999503028	0.530389050799	0.341630058896	0.357030615058
0.0883816564842	7.55135602646e-05	0.0248129538924	0.530748574084	0.341331006833	0.357292607527
0.0883913707372	6.7201072095e-05	0.0228031996615	0.531096805563	0.341036711854	0.357546873885
0.0884000441859	5.98045861213e-05	0.0209226925773	0.531434093003	0.340747515733	0.357793625308
0.0884077789327	5.32305188506e-05	0.0191643649871	0.531761302503	0.340463135487	0.358033455731
0.0884146865137	4.73785164842e-05	0.0175536398454	0.532079323571	0.340183313563	0.358266981529
0.0884208546706	4.21694675803e-05	0.0160765081577	0.532388409794	0.339908293968	0.358494355979
0.0884263605631	3.75340460075e-05	0.0147161949339	0.5326888395	0.339638235373	0.358715752306
0.0884312763989	3.34078468145e-05	0.013470886589	0.532981007429	0.339373150785	0.358931431566
0.0884356650223	2.97349878927e-05	0.0123308758449	0.533265137695	0.339113170529	0.35914153091
0.0884395828678	2.64655164562e-05	0.0112910168424	0.533541448663	0.338858393947	0.359346184719
0.0884430807951	2.35546261784e-05	0.0103418206179	0.533810062281	0.338608984861	0.359545457237
0.0884462026698	2.096375291e-05	0.0094723702426	0.534071106372	0.338365061734	0.359739418069
0.0884489886932	1.86577404789e-05	0.00867597353721	0.534324792222	0.338126638514	0.359928199995
0.0884514749758	1.66051449895e-05	0.00794997562749	0.534571325427	0.337893711568	0.360111932942
0.0884536943229	1.47775375682e-05	0.0072884987701	0.534810799446	0.337666370545	0.360290664412
0.0884556743396	1.3151012439e-05	0.00668203384613	0.535043282307	0.337444701477	0.360464423725
0.088457440702	1.17034573503e-05	0.00612600958365	0.535268976728	0.337228644614	0.360633341806
0.0884590163491	1.0415189552e-05	0.00561623397625	0.535488079677	0.337018130527	0.360797546544
0.0884604219881	9.26851426692e-06	0.00515074342936	0.535700782527	0.336813082778	0.360957162834
0.088461675747	8.24798055062e-06	0.00472419714571	0.535907192107	0.336613495053	0.361112253164
0.0884627938747	7.33978744887e-06	0.00433296205507	0.536107476019	0.33641928972	0.361262926583
0.0884637909778	6.53157303802e-06	0.00397411663867	0.536301815185	0.336230366613	0.361409303195
0.0884646800987	5.81233491859e-06	0.00364498084673	0.536490385262	0.336046622092	0.361551500162
0.0884654728366	5.17231749377e-06	0.0033419134296	0.536673356786	0.335867949588	0.361689631756
0.0884661794012	4.60295494312e-06	0.00306267151321	0.536850959269	0.33569417584	0.361823857779
0.0884668093644	4.09625578096e-06	0.00280675652657	0.537023433684	0.335525112504	0.361954347793
0.0884673709354	3.64537653332e-06	0.00257041004849	0.53719092756	0.335360657156	0.362081201634
0.0884678711672	3.24444541687e-06	0.00235121848842	0.53735370087	0.335200588563	0.362204605176
0.0884683171457	2.88760361597e-06	0.00215071478603	0.537512086337	0.335044612805	0.362324800586
0.0884687147363	2.57000381491e-06	0.00196730617271	0.537666201865	0.334892644093	0.362441867991
0.0884690684634	2.28789596134e-06	0.00179231694066	0.537816162217	0.33474459247	0.362555885691
0.088469383859	2.0367519084e-06	0.00163288734846	0.537962701864	0.334599753634	0.362667404331
0.0884696650671	1.81317319575e-06	0.00148763735905	0.538105898912	0.334458072099	0.362776476565
0.0884699156775	1.61421941378e-06	0.00135174557522	0.538245829386	0.33431949142	0.362883153804
0.0884701382784	1.43775907849e-06	0.00122119999266	0.53838293437	0.334183584669	0.362987766446
0.0884703368307	1.28058748824e-06	0.0011032609939	0.538518109186	0.334049478024	0.36309099316
0.0884705139291	1.14059638253e-06	0.000996711303612	0.538651380916	0.333917158508	0.363192851097
0.0884706710272	1.01658647826e-06	0.000870664009479	0.538782776269	0.333786607369	0.363293357229
0.0884708046344	9.11255587872e-07	0.000707167451336	0.538916835917	0.333653265371	0.363395985659
0.088470924555	8.16841308152e-07	0.000574376945026	0.53906476433	0.333505980802	0.363509330267
0.0884710322059	7.32212220487e-07	0.000466525239951	0.539227992918	0.333343329898	0.363634518864
0.0884711288576	6.56354164682e-07	0.000378928331428	0.539408100096	0.333163741093	0.363772799894
0.0884712156485	5.88358087376e-07	0.000307781996237	0.539606826229	0.332965480165	0.363925555752
0.0884712936185	5.27394403057e-07	0.000250313264995	0.539826090048	0.33274663399	0.36409431768
0.0884713665031	4.70538253714e-07	0.000221187301108	0.540067694746	0.33250541937	0.364280541791
0.0884714330502	4.18759223928e-07	0.000202635179389	0.540311631127	0.332261838784	0.364468847717
0.0884714924288	3.72676939404e-07	0.000185639739721	0.540548619583	0.332025167462	0.364652064694
0.0884715450811	3.31916428012e-07	0.000167771381506	0.540778856	0.331795211973	0.364830321267
0.0884715920204	2.95666594313e-07	0.000151366669569	0.541005759137	0.331568559038	0.365006247998
0.0884716340635	2.63275832826e-07	0.000137941509008	0.541229794415	0.331344747649	0.365180196044
0.0884716717613	2.34301790395e-07	0.000126373607414	0.541448715079	0.331126027541	0.365350408477
0.0884717053627	2.08536138069e-07	0.000115215071258	0.541661392842	0.330913528371	0.365515990413
0.088471735181	1.8572255909e-07	0.000104289980866	0.541869027972	0.330706051585	0.365677859189
0.088471761796	1.65404550561e-07	9.44007445868e-05	0.542073327806	0.330501892959	0.365837333452
0.0884717854533	1.47383286098e-07	8.45218716961e-05	0.542274345755	0.33030100042	0.365994445358
0.088471806614	1.31298140337e-07	7.66801720016e-05	0.542474399575	0.33010105868	0.366151000499
0.0884718256654	1.16847324837e-07	7.02511642902e-05	0.542670853947	0.329904705128	0.36630493023
0.0884718426559	1.03986729374e-07	6.43612399194e-05	0.542861698727	0.329713950185	0.366454646561
0.0884718577819	9.25605824821e-08	5.85892606848e-05	0.54304709311	0.329528635715	0.366600259091
0.0884718712247	8.24259459754e-08	5.3115444582e-05	0.543228382424	0.329347417366	0.366742811613
0.0884718832188	7.34008829106e-08	4.81529819231e-05	0.543406465937	0.32916939712	0.366883001672
0.0884718936406	6.55734390061e-08	4.25142119837e-05	0.54358140019	0.328994517802	0.367020865628
0.0884719032687	5.83558309676e-08	3.89504468462e-05	0.543758402874	0.328817565831	0.367160514324
0.0884719118534	5.19325530247e-08	3.56855217531e-05	0.543930345614	0.328645668273	0.36729632008
0.0884719195075	4.62161643107e-08	3.26945810265e-05	0.544097371937	0.328478682203	0.367428383683
0.0884719263313	4.11289220794e-08	2.9954281305e-05	0.544259620173	0.328316469829	0.367556802611
0.088471932396	3.66154555937e-08	2.71710932905e-05	0.54441722668	0.328158895172	0.367681673542
0.0884719377801	3.26152535166e-08	2.45189199817e-05	0.54457191518	0.328004234929	0.367804353387
0.0884719425838	2.90520484147e-08	2.21256113122e-05	0.544724612115	0.327851563187	0.367925571344
0.088471946902	2.5854359784e-08	2.02689031389e-05	0.54487534307	0.327700854865	0.368045343342
0.0884719507515	2.30082637553e-08	1.85704950311e-05	0.545021778645	0.327554439454	0.368161811508
0.0884719541827	2.04754229883e-08	1.70146206055e-05	0.545164019708	0.327412216351	0.368275046836
0.088471957241	1.82213737039e-08	1.55891229227e-05	0.545302184124	0.327274067934	0.368385134401
0.0884719599653	1.62163874432e-08	1.4241476514e-05	0.545436388103	0.327139878198	0.368492158525
0.0884719623779	1.44433822504e-08	1.28694922603e-05	0.545567132427	0.32700914648	0.368596511131
0.0884719645297	1.28642181967e-08	1.16296741124e-05	0.545695999176	0.326880290968	0.368699449742
0.0884719664522	1.14553077685e-08	1.05915258463e-05	0.545823015263	0.326753284915	0.368800992307
0.0884719681755	1.01941666679e-08	9.70446036013e-06	0.54594721069	0.326629098477	0.368900358966
0.0884719697111	9.07185362906e-09	8.89174645564e-06	0.546067840894	0.32650847628	0.368996948071
0.0884719710794	8.07308029615e-09	8.14719303283e-06	0.546185007139	0.326391317165	0.369090834332
0.0884719722986	7.18425840409e-09	7.46497776346e-06	0.546298807106	0.326277523548	0.369182089994
0.088471973385	6.39327997325e-09	6.84000368909e-06	0.54640933735	0.326166998959	0.369270786787
0.0884719743529	5.6893762972e-09	6.26738909258e-06	0.546516689674	0.326059651671	0.369356992998
0.0884719752151	5.06307813514e-09	5.73646724771e-06	0.546620954533	0.325955391296	0.369440776178
0.0884719759786	4.50910483024e-09	5.19047647865e-06	0.546722332816	0.325854016982	0.369522293036
0.0884719766593	4.01574175827e-09	4.69645011449e-06	0.546822118011	0.325754235324	0.369602580204
0.0884719772667	3.57596415409e-09	4.27309174343e-06	0.546920335116	0.325656021374	0.369681655423
0.0884719778111	3.18222399924e-09	3.91556900594e-06	0.547016463745	0.325559895571	0.369759097019
0.0884719782961	2.83183450947e-09	3.5879567341e-06	0.547109821833	0.32546654	0.369834351978
0.0884719787281	2.52002012785e-09	3.2878333742e-06	0.547200489119	0.325375874955	0.369907480697
0.0884719791129	2.24253594408e-09	3.01283152146e-06	0.547288540795	0.325287825275	0.369978540152
0.0884719794557	1.99560242086e-09	2.76091555178e-06	0.547374051616	0.325202316231	0.370047587207
0.0884719797611	1.77585335769e-09	2.53012250859e-06	0.54745709215	0.325119277278	0.370114675569
0.088471980033	1.58030085041e-09	2.31862051373e-06	0.547537731527	0.32503863931	0.370179857993
0.0884719802753	1.40628081765e-09	2.12479728496e-06	0.547616039094	0.324960332997	0.370243187611
0.088471980491	1.25142247081e-09	1.9471752698e-06	0.5476920822	0.324884291008	0.370304716133
0.0884719806831	1.11365171168e-09	1.78155480932e-06	0.547765926255	0.324810447946	0.370364493879
0.0884719808537	9.91364100767e-10	1.62332545006e-06	0.547837751521	0.324738623563	0.37042266438
0.0884719810057	8.82504059863e-10	1.47914853157e-06	0.547907923407	0.324668452463	0.370479521551
0.0884719811412	7.85597271678e-10	1.34777613058e-06	0.547976479935	0.324599896636	0.370535094436
0.0884719812618	6.99331286229e-10	1.22807113635e-06	0.548043458251	0.324532918943	0.370589411467
0.0884719813693	6.22537750429e-10	1.11899741173e-06	0.548108894651	0.324467483099	0.370642500471
0.0884719814653	5.53983923231e-10	1.02550881633e-06	0.548172824597	0.324403553648	0.370694388683
0.0884719815508	4.9297048234e-10	9.39980837577e-07	0.548234902215	0.324341476471	0.370744793724
0.088471981627	4.38676493081e-10	8.61585483024e-07	0.548295170458	0.324281208621	0.370793748717
0.0884719816948	3.90361979791e-10	7.89727975856e-07	0.548353682017	0.324222697413	0.370841294799
0.0884719817551	3.47368450479e-10	7.23863131157e-07	0.54841048805	0.324165891691	0.370887471975
0.0884719818087	3.09267999407e-10	6.55343026977e-07	0.54846563823	0.324110741788	0.370932319145
0.0884719818561	2.7550746082e-10	5.90059829804e-07	0.548519873777	0.324056506485	0.370976437958
0.0884719818985	2.45431403725e-10	5.31363211335e-07	0.548573534683	0.324002845797	0.371020104361
0.0884719819365	2.18397419989e-10	4.87134381495e-07	0.54862661852	0.323949762156	0.371063315903
0.0884719819704	1.94340979613e-10	4.46598246644e-07	0.548678144993	0.323898235858	0.371105273731
0.0884719820006	1.72933475141e-10	4.09457774941e-07	0.54872815845	0.323848222557	0.371146012727
0.0884719820274	1.53884011685e-10	3.75405857027e-07	0.54877670038	0.323799680765	0.371185565529
0.0884719820513	1.36932252273e-10	3.44225199278e-07	0.548823814048	0.32375256722	0.371223966294
0.0884719820726	1.21847063389e-10	3.15652655324e-07	0.548869535997	0.32370684538	0.371261243775
0.0884719820916	1.08423681966e-10	2.89451672149e-07	0.548913904447	0.323662477028	0.371297428154
0.0884719821085	9.64790486031e-11	2.65425419465e-07	0.548956959437	0.323619422124	0.371332551166
0.0884719821235	8.58502680678e-11	2.43393401749e-07	0.548998739828	0.323577641812	0.371366643641
0.0884719821369	7.63922359222e-11	2.23212278698e-07	0.549039283327	0.323537098381	0.371399735533
0.0884719821488	6.79750937903e-11	2.04742456313e-07	0.549078622546	0.323497759223	0.371431852686
0.0884719821594	6.04853514682e-11	1.87800865258e-07	0.549116785552	0.323459596272	0.371463017284
0.0884719821688	5.38208319655e-11	1.72261063577e-07	0.549153807492	0.32342257438	0.371493257339
0.0884719821772	4.78906151991e-11	1.58007070018e-07	0.549189722466	0.32338665945	0.371522600054
0.0884719821847	4.26138370274e-11	1.44927493769e-07	0.549224563554	0.3233518184	0.371551071843
0.0884719821913	3.79483749369e-11	1.31239265057e-07	0.549258364048	0.32331801794	0.371578699336
0.0884719821972	3.37936912864e-11	1.188438515e-07	0.549291603624	0.323284778394	0.371605874181
0.0884719822025	3.00822156549e-11	1.08628508302e-07	0.549324291586	0.323252090459	0.371632603695
0.0884719822072	2.67664761523e-11	9.97065266643e-08	0.549356126182	0.323220255887	0.371658640774
0.0884719822114	2.38161968743e-11	9.1517308052e-08	0.549386986897	0.323189395194	0.371683886394
0.0884719822151	2.11910981149e-11	8.40006734211e-08	0.549416903509	0.323159478601	0.371708364453
0.0884719822184	1.88553394796e-11	7.71013856915e-08	0.549445904889	0.323130477238	0.371732098136
0.0884719822214	1.67770306429e-11	7.07687439426e-08	0.549474019024	0.323102363118	0.371755109938
0.088471982224	1.49277960209e-11	6.49562109268e-08	0.549501273046	0.323075109109	0.371777421681
0.0884719822263	1.3282387417e-11	5.96210711666e-08	0.549527693259	0.323048688909	0.371799054536
0.0884719822284	1.18181175045e-11	5.47532385856e-08	0.549553305162	0.323023077017	0.371820029042
0.0884719822303	1.05149171047e-11	5.02985640591e-08	0.549578119808	0.32299826238	0.371840353929
0.0884719822319	9.35541955131e-12	4.62063075006e-08	0.549602153688	0.322974228508	0.371860042395
0.0884719822334	8.32377924783e-12	4.24469848935e-08	0.54962543136	0.322950950844	0.371879114267
0.0884719822347	7.40589777953e-12	3.89935107274e-08	0.549647976608	0.322928405602	0.371897588763
0.0884719822358	6.58923127182e-12	3.58210028949e-08	0.549669812471	0.322906569745	0.371915484502
0.0884719822369	5.86261898776e-12	3.2906603457e-08	0.549690961262	0.32288542096	0.371932819534
0.0884719822378	5.21613082344e-12	3.02293139875e-08	0.549711444593	0.322864937633	0.371949611349
0.0884719822386	4.64087968461e-12	2.7785303772e-08	0.549731283397	0.322845098834	0.371965876894
0.0884719822394	4.12882614239e-12	2.55535528136e-08	0.549750487045	0.322825895189	0.371981623655
0.08847198224	3.67326934337e-12	2.35010547437e-08	0.549769064111	0.322807318126	0.37199685847
0.0884719822406	3.26797592219e-12	2.16134125403e-08	0.549787035034	0.322789347207	0.37201159792
0.0884719822411	2.9074002318e-12	1.98773854535e-08	0.549804419585	0.322771962658	0.372025858055
0.0884719822416	2.58660847085e-12	1.82807961473e-08	0.549821236893	0.322755145353	0.372039654405
0.088471982242	2.30121118158e-12	1.68124452975e-08	0.549837505462	0.322738876786	0.372053002004
0.0884719822423	2.04730319446e-12	1.54620330483e-08	0.549853243191	0.322723139058	0.372065915398
0.0884719822426	1.82139799916e-12	1.42248112591e-08	0.5498684674	0.322707914852	0.37207840867
0.0884719822429	1.62028652463e-12	1.31010633243e-08	0.549883189849	0.322693192404	0.372090491348
0.0884719822432	1.44138068523e-12	1.20660888165e-08	0.549897410177	0.322678972077	0.372102163019
0.0884719822434	1.28222869613e-12	1.11128750326e-08	0.549911145505	0.322665236751	0.372113437626
0.0884719822436	1.14064947502e-12	1.02349632208e-08	0.54992441237	0.322651969886	0.372124328639
0.0884719822438	1.01470275461e-12	9.4264048254e-09	0.549937226748	0.32263915551	0.372134849076
0.088471982244	9.02662494666e-13	8.68172118616e-09	0.549949604067	0.322626778191	0.372145011515
0.0884719822441	8.02993229623e-13	7.99586642208e-09	0.549961559233	0.322614823026	0.372154828109
0.0884719822442	7.14329027421e-13	7.364193246e-09	0.549973106641	0.322603275619	0.372164310601
0.0884719822443	6.35406916995e-13	6.79211644144e-09	0.549984260196	0.322592122064	0.372173470335
0.0884719822444	5.6518701244e-13	6.26628358705e-09	0.549995017143	0.322581365117	0.372182304981
0.0884719822445	5.02727151838e-13	5.7811591062e-09	0.55000538828	0.322570993981	0.372190823339
0.0884719822446	4.47169779123e-13	5.33359154888e-09	0.550015387441	0.322560994821	0.37219903671
0.0884719822447	3.97752104468e-13	4.92067342795e-09	0.550025027966	0.322551354296	0.372206955994
0.0884719822447	3.53795632147e-13	4.5397223341e-09	0.550034322717	0.322542059546	0.372214591703
0.0884719822448	3.14696845579e-13	4.1882635126e-09	0.550043284092	0.32253309817	0.372221953973
0.0884719822448	2.79918921712e-13	3.86401378869e-09	0.550051924049	0.322524458214	0.37222905258
0.0884719822449	2.4899760083e-13	3.55550414249e-09	0.550060254114	0.322516128149	0.372235896951
0.0884719822449	2.21616460793e-13	3.24769686355e-09	0.550068306974	0.322508075289	0.372242513906
0.088471982245	1.97246284973e-13	2.96653690536e-09	0.550076153616	0.322500228648	0.372248961742
0.088471982245	1.75484043509e-13	2.7347961433e-09	0.550083799318	0.322492582945	0.372255244772
0.088471982245	1.56063932306e-13	2.53010345162e-09	0.550091177891	0.322485204373	0.372261308574
0.088471982245	1.38792950467e-13	2.34073131995e-09	0.550098270817	0.322478111447	0.372267137899
0.0884719822451	1.23433266607e-13	2.16553307566e-09	0.550105089154	0.32247129311	0.372272741803
0.0884719822451	1.09773368391e-13	2.00344786705e-09	0.55011164353	0.322464738734	0.372278128992
0.0884719822451	9.76251500487e-14	1.85349424046e-09	0.550117944163	0.322458438101	0.372283307837
0.0884719822451	8.68213221766e-14	1.71476419801e-09	0.550124000876	0.322452381388	0.372288286388
0.0884719822451	7.72131081707e-14	1.58641770012e-09	0.550129823111	0.322446559153	0.372293072383
0.0884719822451	6.86681955693e-14	1.46767757937e-09	0.550135419945	0.32244096232	0.372297673263
0.0884719822452	6.10689140993e-14	1.35782483504e-09	0.550140800102	0.322435582162	0.372302096179
0.0884719822452	5.43106153395e-14	1.25619427981e-09	0.550145971972	0.322430410293	0.37230634801
0.0884719822452	4.83002316904e-14	1.16217051218e-09	0.550150943616	0.322425438648	0.372310435367
0.0884719822452	4.29497105923e-14	1.07756681087e-09	0.550155722786	0.322420659478	0.372314364608
0.0884719822452	3.81906285088e-14	9.99432971911e-10	0.550160306212	0.322416076053	0.372318133028
0.0884719822452	3.39588782707e-14	9.2696453347e-10	0.550164700396	0.322411681869	0.372321745962
0.0884719822452	3.01960290634e-14	8.59750708518e-10	0.550168913152	0.322407469113	0.372325209819
0.0884719822452	2.6850124421e-14	7.97410494823e-10	0.55017295197	0.322403430295	0.372328530747
0.0884719822452	2.38749648526e-14	7.39590515415e-10	0.55017682403	0.322399558234	0.372331714639
0.0884719822452	2.12294699552e-14	6.85963015624e-10	0.550180536219	0.322395846046	0.372334767147
0.0884719822452	1.88771112039e-14	6.36224005331e-10	0.550184095136	0.322392287128	0.372337693689
0.0884719822452	1.67854075906e-14	5.90091535914e-10	0.55018750711	0.322388875155	0.372340499461
0.0884719822452	1.49254771459e-14	5.47304102115e-10	0.550190778207	0.322385604057	0.372343189443
0.0884719822452	1.32716381538e-14	5.07619159783e-10	0.550193914244	0.322382468021	0.372345768411
0.0884719822452	1.18010545524e-14	4.70811751079e-10	0.550196920797	0.322379461468	0.372348240945
0.0884719822452	1.04928623601e-14	4.37295319455e-10	0.550199803211	0.322376579053	0.372350611435
0.0884719822452	9.32891078518e-15	4.06481755784e-10	0.550202562536	0.322373819729	0.372352880736
0.0884719822452	8.29407355027e-15	3.77839426575e-10	0.550205201746	0.322371180518	0.372355051293
0.0884719822452	7.37402837405e-15	3.51215340122e-10	0.550207726072	0.322368656193	0.372357127399
0.0884719822452	6.55604169543e-15	3.26467284831e-10	0.550210140514	0.322366241751	0.372359113164
0.0884719822452	5.82879244378e-15	3.03463069649e-10	0.550212449854	0.322363932411	0.372361012517
0.0884719822452	5.18221535735e-15	2.82079818007e-10	0.550214658668	0.322361723597	0.372362829216
0.0884719822452	4.60736168153e-15	2.62203311516e-10	0.550216771332	0.322359610933	0.372364566859
0.0884719822452	4.09627531918e-15	2.43727379897e-10	0.55021879203	0.322357590235	0.372366228883
0.0884719822452	3.64188271887e-15	2.26553333906e-10	0.550220724767	0.322355657498	0.372367818578
0.0884719822452	3.23789497743e-15	2.10589438204e-10	0.55022257337	0.322353808894	0.372369339092
0.0884719822452	2.87872080171e-15	1.95750421379e-10	0.550224341503	0.322352040762	0.372370793433
0.0884719822452	2.55938912409e-15	1.81957024126e-10	0.550226032668	0.322350349597	0.372372184482
0.0884719822452	2.27548022022e-15	1.69135665398e-10	0.550227650215	0.32234873205	0.372373514991
0.0884719822452	2.02306481453e-15	1.57217743781e-10	0.550229197348	0.322347184916	0.372374787595
0.0884719822452	1.79864939929e-15	1.46139600295e-10	0.550230677133	0.322345705132	0.372376004812
0.0884719822452	1.59912799293e-15	1.35842061535e-10	0.5502320925	0.322344289765	0.372377169053
0.0884719822452	1.42173915294e-15	1.26270123609e-10	0.550233446254	0.322342936011	0.372378282622
0.0884719822452	1.26402775718e-15	1.17372658346e-10	0.550234741077	0.322341641188	0.372379347726
0.0884719822452	1.12381102457e-15	1.09102140209e-10	0.550235979535	0.32234040273	0.372380366471
0.0884719822452	9.99148305045e-16	1.01414392439e-10	0.55023716408	0.322339218185	0.372381340877
0.0884719822452	8.88314220646e-16	9.42683511023e-11	0.550238297061	0.322338085204	0.372382272872
0.0884719822452	7.89774785903e-16	8.76258457454e-11	0.55023938072	0.322337001545	0.372383164303
0.0884719822452	7.02166177158e-16	8.14513955197e-11	0.550240417206	0.322335965058	0.372384016933
0.0884719822452	6.24275856936e-16	7.57120196635e-11	0.550241408573	0.322334973692	0.372384832453
0.0884719822452	5.55025792126e-16	7.03770613399e-11	0.550242356783	0.322334025482	0.372385612476
0.0884719822452	4.93457533728e-16	6.54180238877e-11	0.550243263716	0.322333118549	0.372386358548
0.0884719822452	4.38718951659e-16	6.08084186096e-11	0.550244131168	0.322332251096	0.372387072146
0.0884719822452	3.90052440226e-16	5.65236290168e-11	0.550244960859	0.322331421406	0.372387754684
0.0884719822452	3.46784428241e-16	5.25407748497e-11	0.550245754432	0.322330627833	0.372388407513
0.0884719822452	3.08316076431e-16	4.88385661999e-11	0.550246513458	0.322329868806	0.372389031925
0.0884719822452	2.74114965844e-16	4.53972278725e-11	0.550247239443	0.322329142822	0.372389629159
0.0884719822452	2.43707737849e-16	4.21983780918e-11	0.550247933824	0.322328448441	0.372390200396
0.0884719822452	2.16673542691e-16	3.92249303177e-11	0.550248597976	0.322327784288	0.372390746769
0.0884719822452	1.92638214781e-16	3.64610019794e-11	0.550249233217	0.322327149048	0.372391269358
0.0884719822452	1.71269094112e-16	3.3891829641e-11	0.550249840804	0.322326541461	0.3723917692
0.0884719822452	1.52270422119e-16	3.1503690144e-11	0.550250421942	0.322325960323	0.372392247285
0.0884719822452	1.35379248269e-16	2.92838273067e-11	0.550250977781	0.322325404484	0.372392704559
0.0884719822452	1.20361790725e-16	2.7220383788e-11	0.550251509423	0.322324872842	0.372393141928
0.0884719822452	1.07010200712e-16	2.53023377529e-11	0.550252017921	0.322324364344	0.372393560259
0.0884719822452	9.51396858081e-17	2.35194440002e-11	0.550252504283	0.322323877981	0.372393960381
0.0884719822452	8.45859523403e-17	2.18621792383e-11	0.550252969473	0.322323412792	0.372394343085
0.0884719822452	7.52029314933e-17	2.0321691218e-11	0.550253414412	0.322322967853	0.37239470913
0.0884719822452	6.68607576548e-17	1.88897514482e-11	0.550253839981	0.322322542283	0.372395059242
0.0884719822452	5.94439708941e-17	1.75587129069e-11	0.550254247025	0.32232213524	0.372395394113
0.0884719822452	5.28499188841e-17	1.63214653256e-11	0.550254636349	0.322321745916	0.372395714407
0.0884719822452	4.69873372303e-17	1.51713984185e-11	0.550255008724	0.322321373541	0.372396020758
0.0884719822452	4.17750848439e-17	1.41023691461e-11	0.550255364889	0.322321017376	0.372396313774
0.0884719822452	3.71410215076e-17	1.31086673268e-11	0.550255705549	0.322320676715	0.372396594035
0.0884719822452	3.30210094228e-17	1.21849851366e-11	0.55025603138	0.322320350885	0.372396862096
0.0884719822452	2.93580255126e-17	1.13263887582e-11	0.550256343026	0.322320039239	0.372397118488
0.0884719822452	2.61013721956e-17	1.05282920268e-11	0.550256641105	0.32231974116	0.372397363719
0.0884719822452	2.3205975708e-17	9.78643193358e-12	0.550256926208	0.322319456057	0.372397598275
0.0884719822452	2.06317622612e-17	9.09684585547e-12	0.5502571989	0.322319183365	0.37239782262
0.0884719822452	1.83431034012e-17	8.45585038862e-12	0.55025745972	0.322318922545	0.372398037199
0.0884719822452	1.63083228939e-17	7.86002167395e-12	0.550257709187	0.322318673078	0.372398242438
0.0884719822452	1.44992583105e-17	7.30617710877e-12	0.550257947793	0.322318434472	0.372398438742
0.0884719822452	1.2890871246e-17	6.79135834712e-12	0.550258176012	0.322318206253	0.372398626501
0.0884719822452	1.14609007749e-17	6.31281549791e-12	0.550258394297	0.322317987968	0.372398806086
0.0884719822452	1.01895553493e-17	5.86799243649e-12	0.550258603078	0.322317779187	0.372398977854
0.0884719822452	9.05923884421e-18	5.45451352179e-12	0.550258802771	0.322317579494	0.372399142144
0.0884719822452	8.05430709705e-18	5.07016984471e-12	0.550258993771	0.322317388494	0.372399299283
0.0884719822452	7.16085133738e-18	4.71290832762e-12	0.550259176456	0.322317205809	0.372399449581
0.0884719822452	6.36650565859e-18	4.3808206707e-12	0.550259351188	0.322317031077	0.372399593336
0.0884719822452	5.66027588973e-18	4.07213303924e-12	0.550259518313	0.322316863952	0.372399730834
0.0884719822452	5.03238743052e-18	3.78519658874e-12	0.550259678163	0.322316704102	0.372399862346
0.0884719822452	4.47414996586e-18	3.51847865775e-12	0.550259831054	0.32231655121	0.372399988133
0.0884719822452	3.97783718742e-18	3.27055458122e-12	0.55025997729	0.322316404975	0.372400108444
0.0884719822452	3.53657985744e-18	3.04010008072e-12	0.550260117159	0.322316265106	0.372400223517
0.0884719822452	3.14427073498e-18	2.82588419089e-12	0.55026025094	0.322316131325	0.372400333582
0.0884719822452	2.79548004848e-18	2.62676268428e-12	0.550260378896	0.322316003369	0.372400438855
0.0884719822452	2.48538034487e-18	2.44167195952e-12	0.550260501283	0.322315880982	0.372400539545
0.0884719822452	2.20967967508e-18	2.26962336017e-12	0.550260618341	0.322315763924	0.372400635852
0.0884719822452	1.96456219121e-18	2.1096978938e-12	0.550260730304	0.322315651961	0.372400727967
0.0884719822452	1.74663533315e-18	1.96104132329e-12	0.550260837392	0.322315544873	0.372400816071
0.0884719822452	1.55288287376e-18	1.82285960447e-12	0.550260939819	0.322315442446	0.37240090034
0.0884719822452	1.38062316898e-18	1.69441471678e-12	0.550261037786	0.322315344478	0.372400980941
0.0884719822452	1.22747205446e-18	1.57502049104e-12	0.550261131489	0.322315250776	0.372401058033
0.0884719822452	1.09130983445e-18	1.46403918714e-12	0.550261221113	0.322315161152	0.372401131769
0.0884719822452	9.70251948742e-19	1.36087800225e-12	0.550261306835	0.32231507543	0.372401202295
0.0884719822452	8.62622889381e-19	1.26498590442e-12	0.550261388825	0.322314993439	0.372401269751
0.0884719822452	7.66933010712e-19	1.17585068925e-12	0.550261467246	0.322314915018	0.37240133427
0.0884719822452	6.81857911888e-19	1.09299624398e-12	0.550261542254	0.322314840011	0.372401395981
0.0884719822452	6.06220106436e-19	1.01598000433e-12	0.550261613995	0.322314768269	0.372401455005
0.0884719822452	5.38972725214e-19	9.44390590611e-13	0.550261682614	0.322314699651	0.37240151146
0.0884719822452	4.79185027163e-19	8.77845610301e-13	0.550261748246	0.322314634019	0.372401565457
0.0884719822452	4.26029517353e-19	8.15989615554e-13	0.55026181102	0.322314571245	0.372401617104
0.0884719822452	3.78770493995e-19	7.5849220457e-13	0.550261871062	0.322314511203	0.372401666502
0.0884719822452	3.36753865928e-19	7.05046256773e-13	0.55026192849	0.322314453775	0.37240171375
0.0884719822452	2.99398099639e-19	6.55366292335e-13	0.550261983417	0.322314398847	0.372401758941
0.0884719822452	2.66186170522e-19	6.09186947299e-13	0.550262035954	0.322314346311	0.372401802164
0.0884719822452	2.36658406945e-19	5.66261559306e-13	0.550262086204	0.322314296061	0.372401843506
0.0884719822452	2.1040612797e-19	5.26360848615e-13	0.550262134266	0.322314247999	0.372401883049
0.0884719822452	1.87065987729e-19	4.89271677116e-13	0.550262180236	0.322314202029	0.372401920869
0.0884719822452	1.66314945643e-19	4.54795934265e-13	0.550262224204	0.322314158061	0.372401957044
0.0884719822452	1.47865795693e-19	4.22749469052e-13	0.550262266259	0.322314116006	0.372401991644
0.0884719822452	1.31463191327e-19	3.92961106369e-13	0.550262306482	0.322314075782	0.372402024737
0.0884719822452	1.16880111323e-19	3.6527173268e-13	0.550262344955	0.32231403731	0.37240205639
0.0884719822452	1.03914717691e-19	3.39533446124e-13	0.550262381753	0.322314000512	0.372402086665
0.0884719822452	9.2387562123e-20	3.15608766504e-13	0.550262416949	0.322313965316	0.372402115622
0.0884719822452	8.21391023267e-20	2.93369900941e-13	0.550262450612	0.322313931652	0.372402143318
0.0884719822452	7.30274938742e-20	2.72698061272e-13	0.550262482811	0.322313899454	0.372402169809
0.0884719822452	6.49266269952e-20	2.53482829548e-13	0.550262513607	0.322313868658	0.372402195146
0.0884719822452	5.77243811479e-20	2.35621568244e-13	0.550262543063	0.322313839202	0.37240221938
0.0884719822452	5.13210732079e-20	2.19018872019e-13	0.550262571237	0.322313811028	0.37240224256
0.0884719822452	4.56280777985e-20	2.03586058114e-13	0.550262598184	0.322313784081	0.37240226473
0.0884719822452	4.05666006663e-20	1.89240692658e-13	0.550262623958	0.322313758307	0.372402285935
0.0884719822452	3.60665881203e-20	1.75906151309e-13	0.55026264861	0.322313733655	0.372402306218
0.0884719822452	3.20657574454e-20	1.63511207815e-13	0.550262672189	0.322313710076	0.372402325617
0.0884719822452	2.85087349178e-20	1.51989654002e-13	0.550262694741	0.322313687524	0.372402344171
0.0884719822452	2.53462893454e-20	1.41279947879e-13	0.550262716312	0.322313665953	0.372402361918
0.0884719822452	2.25346507021e-20	1.31324883915e-13	0.550262736943	0.322313645322	0.372402378893
0.0884719822452	2.00349043271e-20	1.2207128747e-13	0.550262756676	0.322313625588	0.372402395128
0.0884719822452	1.78124523233e-20	1.1346973077e-13	0.550262775551	0.322313606714	0.372402410657
0.0884719822452	1.58365347038e-20	1.05474268891e-13	0.550262793603	0.322313588661	0.372402425509
0.0884719822452	1.4079803656e-20	9.80421943393e-14	0.55026281087	0.322313571395	0.372402439715
0.0884719822452	1.25179450327e-20	9.11338089386e-14	0.550262827385	0.32231355488	0.372402453303
0.0884719822452	1.11293418307e-20	8.4712211779e-14	0.550262843181	0.322313539083	0.372402466299
0.0884719822452	9.89477499904e-21	7.87431021133e-14	0.55026285829	0.322313523975	0.372402478729
0.0884719822452	8.79715743705e-21	7.31945961413e-14	0.550262872741	0.322313509524	0.372402490618
0.0884719822452	7.82129749892e-21	6.80370567027e-14	0.550262886562	0.322313495702	0.37240250199
0.0884719822452	6.95368873291e-21	6.32429349719e-14	0.550262899782	0.322313482482	0.372402512867
0.0884719822452	6.18232294443e-21	5.87866233066e-14	0.550262912427	0.322313469838	0.37240252327
0.0884719822452	5.4965239949e-21	5.46443186832e-14	0.550262924521	0.322313457744	0.37240253322
0.0884719822452	4.88680004057e-21	5.07938949384e-14	0.550262936088	0.322313446176	0.372402542737
0.0884719822452	4.34471215876e-21	4.7214785084e-14	0.550262947152	0.322313435112	0.37240255184
0.0884719822452	3.86275754729e-21	4.38878714254e-14	0.550262957735	0.32231342453	0.372402560546
0.0884719822452	3.4342656823e-21	4.07953833656e-14	0.550262967856	0.322313414408	0.372402568874
0.0884719822452	3.05330599452e-21	3.79208024839e-14	0.550262977537	0.322313404727	0.372402576839
0.0884719822452	2.7146057868e-21	3.52487743033e-14	0.550262986797	0.322313395468	0.372402584457
0.0884719822452	2.41347725702e-21	3.27650262751e-14	0.550262995653	0.322313386611	0.372402591743
0.0884719822452	2.14575261629e-21	3.04562915426e-14	0.550263004124	0.322313378141	0.372402598713
0.0884719822452	1.9077264044e-21	2.83102380769e-14	0.550263012227	0.322313370038	0.372402605379
0.0884719822452	1.69610420413e-21	2.63154028052e-14	0.550263019976	0.322313362289	0.372402611754
0.0884719822452	1.5079570447e-21	2.44611303819e-14	0.550263027388	0.322313354877	0.372402617853
0.0884719822452	1.34068086314e-21	2.27375162729e-14	0.550263034477	0.322313347787	0.372402623685
0.0884719822452	1.19196046258e-21	2.11353538511e-14	0.550263041258	0.322313341007	0.372402629264
0.0884719822452	1.05973746866e-21	1.96460852196e-14	0.550263047744	0.322313334521	0.3724026346
0.0884719822452	9.42181840435e-22	1.82617554996e-14	0.550263053947	0.322313328318	0.372402639704
0.0884719822452	8.37666541436e-22	1.69749703845e-14	0.55026305988	0.322313322385	0.372402644585
0.0884719822452	7.44745021024e-22	1.57788565044e-14	0.550263065555	0.32231331671	0.372402649254
0.0884719822452	6.62131192841e-22	1.46670248568e-14	0.550263070983	0.322313311282	0.37240265372
0.0884719822452	5.88681634807e-22	1.36335366303e-14	0.550263076175	0.32231330609	0.372402657991
0.0884719822452	5.23379763519e-22	1.26728714823e-14	0.55026308114	0.322313301125	0.372402662077
0.0884719822452	4.65321764159e-22	1.17798980524e-14	0.55026308589	0.322313296375	0.372402665984
0.0884719822452	4.13704081193e-22	1.09498465531e-14	0.550263090432	0.322313291833	0.372402669722
0.0884719822452	3.67812296705e-22	1.01782832921e-14	0.550263094777	0.322313287488	0.372402673296
0.0884719822452	3.27011242449e-22	9.46108699037e-15	0.550263098933	0.322313283332	0.372402676715
0.0884719822452	2.90736208762e-22	8.79442676786e-15	0.550263102908	0.322313279357	0.372402679986
0.0884719822452	2.58485128664e-22	8.17474168144e-15	0.55026310671	0.322313275555	0.372402683114
0.0884719822452	2.2981162897e-22	7.59872170403e-15	0.550263110346	0.322313271919	0.372402686105
0.0884719822452	2.04318852227e-22	7.06329004427e-15	0.550263113824	0.322313268441	0.372402688967
0.0884719822452	1.81653963988e-22	6.56558671191e-15	0.550263117151	0.322313265114	0.372402691704
0.0884719822452	1.61503269379e-22	6.10295324133e-15	0.550263120332	0.322313261933	0.372402694321
