0.0	1.17217258906	1.45179999011	0.0	0.0	0.0
6.08128557779e-18	1.17217258903	1.45179999008	1.21793286715e-11	6.08135763965e-12	1e-06
6.80778430408e-18	1.17217258903	1.45179999008	1.29923834008e-11	6.55653309418e-12	1.03833333333e-06
7.62107395518e-18	1.17217258903	1.45179999008	1.38689670648e-11	7.06878999774e-12	1.07813611111e-06
8.53152297957e-18	1.17217258903	1.45179999008	1.48140435673e-11	7.62112595248e-12	1.11946466204e-06
9.55073848897e-18	1.17217258902	1.45179999008	1.58329646724e-11	8.21653856058e-12	1.16237747408e-06
1.06917142347e-17	1.17217258902	1.45179999008	1.69315003102e-11	8.85858053571e-12	1.20693527725e-06
1.19689962624e-17	1.17217258902	1.45179999007	1.81158712506e-11	9.55080459155e-12	1.25320112955e-06
1.33988683557e-17	1.17217258901	1.45179999007	1.93927843305e-11	1.02969854864e-11	1.30124050618e-06
1.49995596355e-17	1.17217258901	1.45179999007	2.07694704326e-11	1.11015641123e-11	1.35112139225e-06
1.6791476958e-17	1.17217258901	1.45179999007	2.2253725433e-11	1.19689813614e-11	1.40291437895e-06
1.87974650778e-17	1.172172589	1.45179999006	2.3853954347e-11	1.29042332374e-11	1.45669276347e-06
2.10430978904e-17	1.172172589	1.45179999006	2.55792189252e-11	1.39125377883e-11	1.51253265274e-06
2.3557004468e-17	1.17217258899	1.45179999006	2.74392889681e-11	1.49995571517e-11	1.57051307109e-06
2.63712340452e-17	1.17217258899	1.45179999005	2.94446976506e-11	1.61716195987e-11	1.63071607215e-06
2.95216646078e-17	1.17217258898	1.45179999005	3.16068011688e-11	1.7435164423e-11	1.69322685491e-06
3.30484602928e-17	1.17217258897	1.45179999005	3.39378430476e-11	1.87975190965e-11	1.75813388435e-06
3.69965834323e-17	1.17217258897	1.45179999004	3.64510234737e-11	2.02662331357e-11	1.82552901658e-06
4.14163677683e-17	1.17217258896	1.45179999004	3.91605740448e-11	2.18497442357e-11	1.89550762888e-06
4.63641601463e-17	1.17217258895	1.45179999003	4.20818383604e-11	2.35570452028e-11	1.96816875465e-06
5.19030388684e-17	1.17217258895	1.45179999003	4.52313589091e-11	2.53976839553e-11	2.04361522358e-06
5.81036178651e-17	1.17217258894	1.45179999002	4.86269707452e-11	2.73822076117e-11	2.12195380714e-06
6.5044946936e-17	1.17217258893	1.45179999001	5.22879024851e-11	2.95217184023e-11	2.20329536975e-06
7.28155195383e-17	1.17217258892	1.45179999001	5.62348851941e-11	3.18284287805e-11	2.28775502558e-06
8.15144009703e-17	1.17217258891	1.45179999	6.04902697826e-11	3.43153283554e-11	2.37545230156e-06
9.12524913324e-17	1.17217258889	1.45179998999	6.50781535741e-11	3.6996627982e-11	2.46651130645e-06
1.02153939368e-16	1.17217258888	1.45179998998	7.00245167632e-11	3.98874266933e-11	2.56106090652e-06
1.14357725209e-16	1.17217258887	1.45179998997	7.5357369536e-11	4.30040447678e-11	2.65923490793e-06
1.28019432201e-16	1.17217258885	1.45179998996	8.11069106855e-11	4.63641347515e-11	2.76117224606e-06
1.43313230402e-16	1.17217258883	1.45179998995	8.7305698621e-11	4.99869035028e-11	2.86701718215e-06
1.60434097035e-16	1.17217258882	1.45179998994	9.39888357392e-11	5.38926681031e-11	2.97691950746e-06
1.79600302213e-16	1.1721725888	1.45179998993	1.01194167202e-10	5.81036330127e-11	3.09103475523e-06
2.01056191616e-16	1.17217258878	1.45179998992	1.08962495244e-10	6.26436680267e-11	3.20952442084e-06
2.25075301593e-16	1.17217258876	1.4517999899	1.17337810229e-10	6.75384192971e-11	3.33255619029e-06
2.51963846426e-16	1.17217258873	1.45179998989	1.26367539756e-10	7.2815531377e-11	3.46030417757e-06
2.82064622179e-16	1.17217258871	1.45179998987	1.36102817233e-10	7.85050913104e-11	3.59294917103e-06
3.15761376933e-16	1.17217258868	1.45179998985	1.46598771432e-10	8.46391845428e-11	3.73067888923e-06
3.53483703104e-16	1.17217258865	1.45179998983	1.57914838674e-10	9.12525610547e-11	3.87368824663e-06
3.95712514221e-16	1.17217258862	1.45179998981	1.70115099403e-10	9.83826353621e-11	4.02217962939e-06
4.42986175983e-16	1.17217258858	1.45179998979	1.83268641059e-10	1.06069819583e-10	4.17636318183e-06
4.95907369769e-16	1.17217258855	1.45179998976	1.97449949308e-10	1.14357745482e-10	4.33645710377e-06
5.55150776082e-16	1.17217258851	1.45179998973	2.12739329832e-10	1.23293264472e-10	4.50268795938e-06
6.21471675904e-16	1.17217258846	1.45179998971	2.29223363092e-10	1.32926891698e-10	4.67529099779e-06
6.95715579605e-16	1.17217258842	1.45179998967	2.46995394605e-10	1.43313250136e-10	4.85451048599e-06
7.78829006164e-16	1.17217258837	1.45179998964	2.66156063547e-10	1.54511181603e-10	5.04060005458e-06
8.71871550132e-16	1.17217258831	1.45179998961	2.86813872644e-10	1.66584079836e-10	5.23382305662e-06
9.76029390161e-16	1.17217258825	1.45179998957	3.09085802608e-10	1.79600334572e-10	5.4344529404e-06
1.09263041134e-15	1.17217258819	1.45179998952	3.33097974564e-10	1.93633553598e-10	5.64277363638e-06
1.22316113409e-15	1.17217258812	1.45179998948	3.58986364255e-10	2.08763339905e-10	5.85907995904e-06
1.36928566551e-15	1.17217258805	1.45179998943	3.86897572037e-10	2.25075291687e-10	6.08367802405e-06
1.53286691467e-15	1.17217258797	1.45179998938	4.16989653049e-10	2.42661890523e-10	6.31688568155e-06
1.71599034246e-15	1.17217258788	1.45179998932	4.49433012245e-10	2.61622501372e-10	6.55903296591e-06
1.92099054864e-15	1.17217258779	1.45179998926	4.84411369356e-10	2.82064704847e-10	6.81046256282e-06
2.15048103513e-15	1.17217258769	1.4517999892	5.22122799261e-10	3.04104075162e-10	7.07153029427e-06
2.407387525e-15	1.17217258759	1.45179998912	5.6278085364e-10	3.27865623432e-10	7.34260562207e-06
2.69498526181e-15	1.17217258747	1.45179998905	6.06615770269e-10	3.53483686641e-10	7.62407217076e-06
3.016940765e-15	1.17217258735	1.45179998897	6.53875776808e-10	3.81103592983e-10	7.91632827046e-06
3.37735857351e-15	1.17217258721	1.45179998888	7.04828496463e-10	4.10881550836e-10	8.21978752062e-06
3.78083357363e-15	1.17217258707	1.45179998878	7.59762463475e-10	4.42986203079e-10	8.53487937536e-06
4.23250957818e-15	1.17217258692	1.45179998868	8.18988757029e-10	4.77599404241e-10	8.86204975116e-06
4.73814490385e-15	1.17217258675	1.45179998857	8.82842762826e-10	5.14917219709e-10	9.20176165801e-06
5.30418578268e-15	1.17217258657	1.45179998845	9.51686072304e-10	5.55150813899e-10	9.55449585458e-06
5.93784854364e-15	1.17217258637	1.45179998832	1.02590853025e-09	5.985281156e-10	9.92075152866e-06
6.64721161199e-15	1.17217258616	1.45179998818	1.10593044239e-09	6.45294817164e-10	1.03010470035e-05
7.44131849932e-15	1.17217258594	1.45179998803	1.19220495554e-09	6.9571559576e-10	1.06959204716e-05
8.33029309728e-15	1.17217258569	1.45179998786	1.28522062362e-09	7.5007611177e-10	1.11059307558e-05
9.32546874481e-15	1.17217258543	1.45179998769	1.38550417424e-09	8.08684119015e-10	1.15316581009e-05
1.04395327143e-14	1.17217258514	1.4517999875	1.49362349149e-09	8.71871574177e-10	1.19737049941e-05
1.16866879589e-14	1.17217258484	1.4517999873	1.61019083169e-09	9.39996191112e-10	1.24326970182e-05
1.30828341827e-14	1.17217258451	1.45179998708	1.7358662905e-09	1.01344388334e-09	1.29092837365e-05
1.46457705426e-14	1.17217258415	1.45179998684	1.87136154088e-09	1.09263042938e-09	1.34041396122e-05
1.63954225655e-14	1.17217258377	1.45179998659	2.01744386314e-09	1.17800435934e-09	1.3917964963e-05
1.83540961751e-14	1.17217258336	1.45179998631	2.17494048991e-09	1.27004895328e-09	1.44514869522e-05
2.05467620641e-14	1.17217258291	1.45179998602	2.34474329054e-09	1.36928568296e-09	1.50054606174e-05
2.3001374041e-14	1.17217258243	1.4517999857	2.52781382158e-09	1.47627632123e-09	1.55806699397e-05
2.57492254062e-14	1.17217258191	1.45179998535	2.72518877188e-09	1.5916268278e-09	1.61779289526e-05
2.88253479038e-14	1.17217258135	1.45179998498	2.93798583311e-09	1.71599034687e-09	1.67980828941e-05
3.22689583333e-14	1.17217258075	1.45179998458	3.16741002904e-09	1.85007120392e-09	1.74420094031e-05
3.61239585156e-14	1.1721725801	1.45179998415	3.41476053929e-09	1.99462856944e-09	1.81106197614e-05
4.04394949879e-14	1.1721725794	1.45179998369	3.68143805631e-09	2.15048101086e-09	1.88048601832e-05
4.52705855615e-14	1.17217257865	1.45179998319	3.96895271723e-09	2.31851126648e-09	1.95257131542e-05
5.0678820732e-14	1.17217257784	1.45179998265	4.2789326554e-09	2.49967068641e-09	2.02741988221e-05
5.67331488823e-14	1.17217257696	1.45179998206	4.6131332202e-09	2.69498522771e-09	2.10513764402e-05
6.35107552905e-14	1.17217257601	1.45179998143	4.97344691714e-09	2.90556089455e-09	2.18583458667e-05
7.10980461475e-14	1.17217257499	1.45179998076	5.36191412477e-09	3.13259017744e-09	2.26962491207e-05
7.95917501302e-14	1.1721725739	1.45179998003	5.78073464887e-09	3.37735860359e-09	2.35662719989e-05
8.91001515737e-14	1.17217257271	1.45179997924	6.23228017947e-09	3.6412521754e-09	2.44696457536e-05
9.97444709643e-14	1.17217257143	1.45179997839	6.71910772125e-09	3.92576547505e-09	2.54076488349e-05
1.11660410352e-13	1.17217257006	1.45179997748	7.24397407325e-09	4.23250954714e-09	2.63816087003e-05
1.24999883385e-13	1.17217256857	1.45179997649	7.80985144007e-09	4.56322133551e-09	2.73929036931e-05
1.39932952024e-13	1.17217256697	1.45179997543	8.41994426278e-09	4.91977378636e-09	2.8442964993e-05
1.56649994624e-13	1.17217256524	1.45179997428	9.07770736502e-09	5.30418572915e-09	2.95332786418e-05
1.75364133021e-13	1.17217256338	1.45179997304	9.78686551687e-09	5.71863420012e-09	3.0665387646e-05
1.96313949583e-13	1.17217256138	1.45179997171	1.05514345274e-08	6.1654659886e-09	3.18408941608e-05
2.19766528832e-13	1.17217255921	1.45179997027	1.13757439855e-08	6.64721151478e-09	3.30614617572e-05
2.46020862455e-13	1.17217255688	1.45179996872	1.2264461777e-08	7.16659881854e-09	3.43288177767e-05
2.75411661074e-13	1.17217255437	1.45179996705	1.32226205184e-08	7.72656899154e-09	3.56447557751e-05
3.08313621399e-13	1.17217255166	1.45179996525	1.42556460551e-08	8.33029294156e-09	3.70111380615e-05
3.45146203152e-13	1.17217254874	1.45179996331	1.53693881869e-08	8.98118971121e-09	3.84298983334e-05
3.86378976665e-13	1.17217254558	1.45179996122	1.6570153794e-08	9.68294490761e-09	3.99030444133e-05
4.32537609324e-13	1.17217254219	1.45179995896	1.7864742552e-08	1.04395325738e-08	4.14326610902e-05
4.84210567184e-13	1.17217253853	1.45179995652	1.92604854363e-08	1.1255236949e-08	4.30209130699e-05
5.4205661719e-13	1.17217253458	1.4517999539	2.07652862361e-08	1.21346774488e-08	4.46700480388e-05
6.06813225645e-13	1.17217253032	1.45179995107	2.23876663119e-08	1.30828339782e-08	4.63823998443e-05
6.79305960006e-13	1.17217252573	1.45179994802	2.41368128501e-08	1.41050756861e-08	4.8160391798e-05
7.60459013848e-13	1.17217252078	1.45179994473	2.60226308879e-08	1.52071913858e-08	5.00065401052e-05
8.513069892e-13	1.17217251545	1.45179994119	2.80557994033e-08	1.63954220843e-08	5.19234574254e-05
9.53008086452e-13	1.17217250969	1.45179993737	3.0247831788e-08	1.76764966204e-08	5.39138565702e-05
1.06685886999e-12	1.17217250349	1.45179993325	3.2611141045e-08	1.90576693014e-08	5.59805543422e-05
1.19431079777e-12	1.17217249681	1.45179992881	3.51591100808e-08	2.05467614253e-08	5.81264755211e-05
1.33698872568e-12	1.1721724896	1.45179992402	3.79061674898e-08	2.21522053567e-08	6.03546570035e-05
1.49671162239e-12	1.17217248183	1.45179991885	4.08678692603e-08	2.38830924884e-08	6.26682520999e-05
1.67551575899e-12	1.17217247345	1.45179991328	4.40609868645e-08	2.57492243114e-08	6.50705349977e-05
1.87568066896e-12	1.17217246442	1.45179990728	4.75036022315e-08	2.77611684816e-08	6.75649053947e-05
2.09975820938e-12	1.17217245468	1.45179990081	5.12152101417e-08	2.99303181052e-08	7.01548933103e-05
2.35060509395e-12	1.17217244418	1.45179989383	5.52168286208e-08	3.22689565758e-08	7.28441640812e-05
2.63141931261e-12	1.17217243286	1.45179988631	5.95311179605e-08	3.47903271856e-08	7.56365235483e-05
2.94578090194e-12	1.17217242065	1.4517998782	6.41825090384e-08	3.75087078428e-08	7.85359234429e-05
3.29769758619e-12	1.17217240749	1.45179986946	6.91973416649e-08	4.04394922293e-08	8.15464669794e-05
3.69165587081e-12	1.17217239331	1.45179986003	7.46040137392e-08	4.35992766199e-08	8.46724146614e-05
4.13267823986e-12	1.17217237801	1.45179984987	8.04331420603e-08	4.7005954251e-08	8.79181903117e-05
4.62638718644e-12	1.17217236152	1.45179983891	8.67177357029e-08	5.06788163508e-08	9.12883873326e-05
5.1790768925e-12	1.17217234374	1.4517998271	9.34933829403e-08	5.46386616074e-08	9.47877752066e-05
5.79779347185e-12	1.17217232457	1.45179981436	1.00798452773e-07	5.89079137407e-08	9.84213062458e-05
6.49042479937e-12	1.17217230391	1.45179980063	1.08674312201e-07	6.35107484013e-08	0.0001021941226
7.26580107154e-12	1.17217228162	1.45179978583	1.17165560481e-07	6.84732306154e-08	0.000106111563536
8.13380738052e-12	1.1721722576	1.45179976986	1.26320281674e-07	7.38234618893e-08	0.000110179172989
9.10550973663e-12	1.1721722317	1.45179975266	1.36190316942e-07	7.95917393038e-08	0.000114402707414
1.01932961462e-11	1.17217220378	1.4517997341	1.46831558105e-07	8.58107272656e-08	0.000118788143927
1.14110345433e-11	1.17217217368	1.4517997141	1.58304264147e-07	9.25156425808e-08	0.000123341688767
1.2774249588e-11	1.17217214122	1.45179969253	1.7067340245e-07	9.97444538506e-08	0.000128069786079
1.43003205868e-11	1.17217210623	1.45179966928	1.84009016682e-07	1.07538095966e-07	0.000132979127031
1.60087030567e-11	1.1721720685	1.45179964422	1.98386623443e-07	1.15940702808e-07	0.000138076659285
1.79211767584e-11	1.17217202783	1.45179961719	2.13887639896e-07	1.24999856273e-07	0.000143369596828
2.00621233606e-11	1.17217198398	1.45179958805	2.3059984481e-07	1.34766856498e-07	0.000148865430184
2.24588372755e-11	1.1721719367	1.45179955664	2.4861787563e-07	1.45297011738e-07	0.000154571937009
2.51418736279e-11	1.17217188572	1.45179952277	2.68043764384e-07	1.56649951785e-07	0.000160497193104
2.81454377935e-11	1.17217183077	1.45179948625	2.88987515467e-07	1.68889966021e-07	0.000166649583837
3.15078214742e-11	1.17217177152	1.45179944688	3.11567728564e-07	1.82086366692e-07	0.000173037816016
3.52718908676e-11	1.17217170764	1.45179940444	3.35912270251e-07	1.96313882025e-07	0.000179670930205
3.94856331561e-11	1.17217163877	1.45179935868	3.62158998066e-07	2.1165307923e-07	0.000186558313521
4.42027682809e-11	1.17217156452	1.45179930934	3.90456541163e-07	2.28190820682e-07	0.000193709712919
4.94834338013e-11	1.17217148446	1.45179925615	4.20965141954e-07	2.46020755859e-07	0.00020113524898
5.53949515702e-11	1.17217139815	1.4517991988	4.53857563519e-07	2.65243851361e-07	0.000208845430239
6.20126859989e-11	1.1721713051	1.45179913697	4.89320067914e-07	2.85968963332e-07	0.000216851168055
6.9421004854e-11	1.17217120478	1.45179907031	5.27553470915e-07	3.0831345319e-07	0.000225163792047
7.77143548336e-11	1.17217109662	1.45179899844	5.68774279184e-07	3.32403852418e-07	0.000233795066134
8.69984656372e-11	1.17217098	1.45179892096	6.13215916275e-07	3.58376579431e-07	0.000242757205178
9.7391697876e-11	1.17217085428	1.45179883742	6.61130044444e-07	3.86378711395e-07	0.000252062892268
1.09026552011e-10	1.17217071873	1.45179874735	7.12787989725e-07	4.16568817883e-07	0.000261725296674
1.22051357551e-10	1.17217057259	1.45179865025	7.68482278369e-07	4.49117857924e-07	0.000271758092476
1.36632164052e-10	1.17217041503	1.45179854556	8.28528293317e-07	4.84210148996e-07	0.000282175477919
1.52954858014e-10	1.17217024516	1.45179843269	8.93266060106e-07	5.22044410063e-07	0.000292992195503
1.71227532679e-10	1.17217006202	1.451798311	9.63062172315e-07	5.62834887216e-07	0.000304223552844
1.91683140918e-10	1.17216986456	1.4517981798	1.03831186745e-06	6.06812566568e-07	0.000315885444338
2.14582465049e-10	1.17216965168	1.45179803835	1.11944126502e-06	6.54226482744e-07	0.000327994373647
2.40217441435e-10	1.17216942217	1.45179788585	1.20690977949e-06	7.05345128506e-07	0.00034056747706
2.68914882242e-10	1.17216917472	1.45179772143	1.30121272177e-06	7.60457975498e-07	0.000353622547735
3.01040641806e-10	1.17216890794	1.45179754416	1.40288410393e-06	8.19877113353e-07	0.000367178060881
3.37004280731e-10	1.17216862031	1.45179735305	1.5124996631e-06	8.83939016676e-07	0.000381253199899
3.77264287151e-10	1.17216831021	1.451797147	1.63068012162e-06	9.53006450917e-07	0.000395867883525
4.22333921749e-10	1.17216797588	1.45179692485	1.75809470185e-06	1.02747052579e-06	0.000411042794018
4.72787761015e-10	1.17216761542	1.45179668534	1.8954649157e-06	1.10775291075e-06	0.000426799406421
5.29269022175e-10	1.17216722681	1.45179642712	2.04356865019e-06	1.19430822203e-06	0.000443160018951
5.92497763154e-10	1.17216680782	1.45179614873	2.20324457214e-06	1.28762659737e-06	0.000460147784545
6.63280062116e-10	1.1721663561	1.45179584858	2.37539687715e-06	1.38823647103e-06	0.000477786743624
7.4251829358e-10	1.17216586908	1.45179552498	2.56100040952e-06	1.49670756673e-06	0.000496101858102
8.31222632128e-10	1.17216534401	1.45179517609	2.76110618213e-06	1.6136541228e-06	0.000515119046708
9.30523930327e-10	1.17216477792	1.45179479995	2.97684732775e-06	1.73973837058e-06	0.000534865221657
1.04168813503e-09	1.17216416759	1.45179439441	3.20944551512e-06	1.87567428458e-06	0.00055536832672
1.16613242583e-09	1.17216350957	1.45179395719	3.46021786643e-06	2.0222316249e-06	0.000576657376765
1.30544328136e-09	1.17216280014	1.4517934858	3.7305844152e-06	2.18024029593e-06	0.000598762498801
1.46139670376e-09	1.17216203528	1.45179297758	4.02207614676e-06	2.35059504533e-06	0.000621714974602
1.63598085911e-09	1.17216121066	1.45179242965	4.336343667e-06	2.53426053092e-06	0.000645547284956
1.83142142229e-09	1.1721603216	1.45179183892	4.67516654823e-06	2.73227678206e-06	0.000670293155619
2.05020994957e-09	1.17215936308	1.45179120202	5.04046340526e-06	2.9457650887e-06	0.000695987605017
2.29513564034e-09	1.17215832967	1.45179051536	5.43430275858e-06	3.17593435053e-06	0.000722666993786
2.56932089288e-09	1.17215721551	1.45178977504	5.85891474623e-06	3.42408792153e-06	0.0007503690762
2.87626110745e-09	1.17215601429	1.45178897689	6.31670375056e-06	3.6916309896e-06	0.000779133053573
3.21986924382e-09	1.17215471922	1.45178811637	6.81026201136e-06	3.98007853279e-06	0.000808999629704
3.60452570138e-09	1.17215332297	1.45178718861	7.34238430246e-06	4.29106389676e-06	0.000840011068446
4.03513415731e-09	1.17215181761	1.45178618836	7.91608375473e-06	4.6263480426e-06	0.000872211253473
4.51718407454e-09	1.17215019464	1.45178510996	8.53460891507e-06	4.98782951698e-06	0.000905645750343
5.05682067626e-09	1.17214844486	1.45178394731	9.20146213801e-06	5.3775552008e-06	0.000940361870929
5.66092327842e-09	1.17214655837	1.4517826938	9.92041941374e-06	5.79773189775e-06	0.000976408740317
6.33719297882e-09	1.17214452448	1.45178134236	1.0695551745e-05	6.25073882839e-06	0.00101383736627
7.09425081986e-09	1.17214233168	1.45177988533	1.15312481934e-05	6.7391410995e-06	0.00105270071132
7.94174767619e-09	1.17213996754	1.45177831445	1.2432240726e-05	7.26570422566e-06	0.00109305376768
8.89048726711e-09	1.1721374187	1.45177662083	1.34036310026e-05	7.83340978556e-06	0.00113495363495
9.9525638614e-09	1.1721346707	1.45177479489	1.44509192541e-05	8.44547230037e-06	0.00117845960082
1.11415164289e-08	1.17213170801	1.45177282628	1.55800354174e-05	9.10535743079e-06	0.00122363322488
1.24725012032e-08	1.17212851383	1.45177070386	1.67973727008e-05	9.81680159542e-06	0.00127053842561
1.39624848528e-08	1.1721250701	1.45176841562	1.81098237708e-05	1.05838331206e-05	0.00131924157069
1.56304607237e-08	1.1721213573	1.45176594858	1.95248197645e-05	1.14107950422e-05	0.00136981157076
1.74976909054e-08	1.17211735443	1.4517632888	2.1050372348e-05	1.23023696882e-05	0.00142231997678
1.9587977206e-08	1.17211303882	1.45176042121	2.26951190587e-05	1.32636051808e-05	0.00147684108109
2.19279644861e-08	1.17210838603	1.45175732957	2.44683721874e-05	1.42999440069e-05	0.00153345202231
2.45474802161e-08	1.17210336974	1.45175399638	2.63801714767e-05	1.54172538205e-05	0.0015922328943
2.74799145797e-08	1.17209796153	1.45175040277	2.84413409328e-05	1.66218606497e-05	0.00165326685916
3.07626459655e-08	1.1720921308	1.4517465284	3.06635500717e-05	1.79205846944e-05	0.00171664026469
3.44375172623e-08	1.17208584454	1.45174235133	3.30593799464e-05	1.93207789216e-05	0.00178244276621
3.85513690243e-08	1.17207906717	1.45173784791	3.56423943254e-05	2.08303706695e-05	0.00185076745302
4.31566362915e-08	1.17207176033	1.45173299266	3.84272164276e-05	2.24579065017e-05	0.00192171097975
4.83120166628e-08	1.17206388265	1.45172775808	4.14296116428e-05	2.42126005607e-05	0.00199537370266
5.40832181252e-08	1.17205538955	1.45172211455	4.46665767067e-05	2.61043866948e-05	0.00207185982107
6.05437961535e-08	1.17204623296	1.45171603012	4.81564358327e-05	2.81439746518e-05	0.00215127752429
6.77760907333e-08	1.17203636106	1.45170947035	5.19189443411e-05	3.03429106578e-05	0.00223373914396
7.58722752269e-08	1.17202571799	1.45170239812	5.59754003707e-05	3.27136427212e-05	0.00231936131232
8.49355304225e-08	1.17201424351	1.45169477339	6.0348765301e-05	3.52695910297e-05	0.0024082651264
9.50813586987e-08	1.1720018727	1.45168655301	6.50637935631e-05	3.80252238388e-05	0.00250057631843
1.06439055012e-07	1.17198853555	1.45167769046	7.01471725699e-05	4.0996139277e-05	0.00259642543271
1.19153353406e-07	1.17197415661	1.45166813559	7.56276735512e-05	4.41991535282e-05	0.00269594800915
1.33386269972e-07	1.17195865453	1.45165783432	8.15363141425e-05	4.76523958899e-05	0.00279928477376
1.49319165671e-07	1.1719419416	1.45164672836	8.790653364e-05	5.13754112379e-05	0.00290658183629
1.67155055228e-07	1.1719239233	1.45163475488	9.47743819051e-05	5.53892704761e-05	0.00301799089532
1.8712119141e-07	1.1719044977	1.45162184613	0.000102178722979	5.9716689591e-05	0.00313366945107
2.09471957508e-07	1.17188355493	1.45160792908	0.000110161454547	6.43821579781e-05	0.00325378102619
2.34492104721e-07	1.17186097656	1.451592925	0.000118767744481	6.94120767608e-05	0.00337849539482
2.62500375513e-07	1.17183663492	1.45157674902	0.000128046285787	7.48349078774e-05	0.0035079888202
2.93853558905e-07	1.17181039239	1.45155930964	0.00013804957138	8.06813347689e-05	0.00364244430118
3.28951029094e-07	1.1717821006	1.45154050823	0.000148834190215	8.69844355697e-05	0.00378205182787
3.68239824911e-07	1.17175159964	1.45152023848	0.00016046114644	9.37798697662e-05	0.00392700864686
4.12220334456e-07	1.17171871712	1.45149838576	0.000172996203331	0.000101106079367	0.00407751953616
4.61452656855e-07	1.17168326723	1.45147482652	0.000186510253941	0.000109004505707	0.00423379709041
5.16563721623e-07	1.17164504968	1.45144942759	0.000201079720502	0.00011751982309	0.00439606201654
5.78255255648e-07	1.17160384858	1.45142204539	0.000216786984816	0.000126700190579	0.00456454344031
6.4731269847e-07	1.17155943123	1.45139252519	0.000233720851999	0.000136597523314	0.00473947922406
7.24615178391e-07	1.17151154683	1.45136070016	0.00025197705016	0.000147267784889	0.00492111629607
8.11146675313e-07	1.17145992504	1.45132639051	0.000271658768756	0.000158771302376	0.00510971099186
9.08008511012e-07	1.17140427451	1.45128940243	0.000292877238601	0.000171173105774	0.00530552940785
1.01643332415e-06	1.17134428123	1.45124952702	0.000315752356702	0.000184543293716	0.00550884776776
1.13780070592e-06	1.17127960676	1.45120653915	0.000340413359358	0.000198957427484	0.00571995280207
1.27365469278e-06	1.1712098864	1.45116019613	0.000366999547201	0.00021449695547	0.00593914214108
1.42572333605e-06	1.17113472708	1.45111023641	0.000395661066116	0.000231249670425	0.00616672472179
1.59594059364e-06	1.17105370525	1.45105637811	0.00042655974831	0.000249310201988	0.00640302120913
1.78647081828e-06	1.17096636448	1.45099831744	0.000459870018061	0.000268780547187	0.00664836443189
1.99973614832e-06	1.17087221294	1.45093572699	0.000495779867051	0.000289770641785	0.00690309983371
2.2384471434e-06	1.17077072068	1.45086825394	0.000534491904521	0.00031239897557	0.00716758593953
2.50563704683e-06	1.17066131671	1.45079551806	0.000576224487872	0.00033679325492	0.00744219483796
2.8047001011e-06	1.17054338584	1.45071710966	0.000621212939739	0.00036309111619	0.00772731267978
3.13943439265e-06	1.1704162653	1.45063258723	0.000669710857995	0.000391440893744	0.0080233401931
3.51408975682e-06	1.17027924108	1.45054147509	0.000721991525589	0.000422002446738	0.00833069321534
3.93342133589e-06	1.17013154405	1.45044326069	0.00077834942762	0.000454948049025	0.00864980324252
4.40274945073e-06	1.16997234575	1.45033739183	0.000839101883559	0.000490463346877	0.00898111799595
4.92802652329e-06	1.16980075385	1.4502232736	0.000904590803051	0.000528748389564	0.00932510200683
5.51591187124e-06	1.16961580734	1.45010026511	0.00097518457435	0.000570018738142	0.00968223721866
6.17385528983e-06	1.16941647131	1.44996767601	0.00105128009498	0.000614506658201	0.0100530236079
6.91019044066e-06	1.16920163137	1.4498247627	0.00113330495491	0.000662462402698	0.010437979823
7.73423918221e-06	1.16897008765	1.44967072426	0.00122171978317	0.00071415559143	0.0108376438414
8.65642810521e-06	1.1687205484	1.44950469815	0.00131702076949	0.000769876694083	0.011252573645
9.68841867809e-06	1.1684516231	1.44932575552	0.00141974237341	0.00082993862433	0.0116833479141
1.08432525644e-05	1.16816181511	1.4491328962	0.00153046023383	0.000894678452821	0.0121305667391
1.21355138483e-05	1.16784951375	1.44892504331	0.00164979429301	0.000964459247507	0.0125948523496
1.35815100946e-05	1.16751298586	1.44870103757	0.00177841214965	0.00103967205016	0.013076849861
1.51994743847e-05	1.16715036681	1.44845963105	0.00191703265653	0.00112073799852	0.0135772280382
1.70097906969e-05	1.16675965083	1.44819948064	0.00206642977916	0.00120811060414	0.0140966800742
1.90352452633e-05	1.16633868068	1.44791914091	0.00222743673252	0.00130227819628	0.014635924385
2.13013068103e-05	1.16588513674	1.44761705657	0.00240095041397	0.00140376654315	0.0151957054169
2.3836438903e-05	1.16539652523	1.44729155442	0.0025879361512	0.0015131416621	0.0157767944679
2.66724479495e-05	1.16487016574	1.44694083462	0.00278943278495	0.00163101283092	0.0163799905183
2.98448707907e-05	1.16430317802	1.44656296153	0.00300655810674	0.00175803581328	0.017006121072
3.33934062032e-05	1.16369246781	1.44615585385	0.00324051467308	0.00189491631144	0.017656043003
3.73623950792e-05	1.16303471193	1.4457172741	0.00349259601766	0.0020424136603	0.0183306434073
4.18013545223e-05	1.16232634238	1.44524481747	0.00376419328407	0.00220134477707	0.0190308404545
4.6765571607e-05	1.16156352962	1.44473589993	0.00405680230172	0.00237258838142	0.0197575842385
5.23167631006e-05	1.16074216478	1.44418774559	0.00437203112788	0.00255708950128	0.0205118576209
5.85238080372e-05	1.15985784103	1.44359737333	0.00471160807908	0.00275586427972	0.0212946770636
6.54635606577e-05	1.15890583388	1.44296158255	0.00507739027444	0.0029700050986	0.022107093446
7.32217519008e-05	1.15788108058	1.4422769382	0.00547137271351	0.00320068603461	0.0229501928594
8.18939883264e-05	1.15677815845	1.44153975485	0.00589569790986	0.00344916866326	0.0238250973742
9.15868580919e-05	1.15559126239	1.44074608003	0.0063526661007	0.00371680822592	0.0247329657703
0.000102419154356	1.15431418133	1.43989167657	0.00684474605088	0.00400506017464	0.0256749942238
0.000114523227268	1.1529402739	1.43897200414	0.0073745864671	0.00431548710835	0.0266524169413
0.000128046476487	1.1514624433	1.43798219987	0.00794502803528	0.00464976611299	0.0276665067293
0.000143152996949	1.14987311143	1.43691705819	0.00855911609005	0.00500969651645	0.0287185754901
0.00016002539138	1.14816419243	1.43577100972	0.00922011392033	0.00539720806707	0.0298099746294
0.000178866763735	1.14632706591	1.43453809951	0.00993151670932	0.00581436954181	0.0309420953628
0.000199902908429	1.14435254977	1.43321196441	0.0106970661	0.00626339778702	0.0321163689056
0.000223384710724	1.14223087319	1.43178580996	0.0115207653688	0.00674666719058	0.0333342665297
0.000249590774059	1.13995164984	1.43025238653	0.0124068951801	0.00726671957947	0.0345972994679
0.000278830290314	1.1375038517	1.42860396527	0.013360029882	0.00782627453116	0.0359070186472
0.000311446168915	1.13487578395	1.42683231362	0.0143850542921	0.00842824008018	0.037265014229
0.000347818440383	1.13205506132	1.42492867087	0.0154871809029	0.00907572379356	0.0386729149323
0.000388367949117	1.1290285865	1.42288372389	0.0166719674222	0.0097720441793	0.0401323871157
0.000433560348984	1.12578253116	1.42068758328	0.0179453345408	0.0105207423816	0.0416451335912
0.000483910413461	1.12230232042	1.41832976032	0.019313583798	0.0113255941041	0.0432128921415
0.000539986669529	1.11857262136	1.41579914513	0.0207834153894	0.0121906216885	0.0448374337094
0.000602416361169	1.11457733671	1.41308398636	0.0223619457326	0.0131201062606	0.0465205602308
0.000671890743971	1.11029960456	1.41017187307	0.0240567245751	0.0141185998368	0.0482641020749
0.000749170706934	1.10572180525	1.40704971921	0.0258757513938	0.0151909372665	0.0500699150599
0.000835092710784	1.10082557667	1.40370375151	0.0278274907997	0.0163422478617	0.0519398770099
0.000930575024005	1.09559183929	1.40011950128	0.0299208866184	0.0175779665435	0.0538758838157
0.00103662422799	1.09000083231	1.39628180117	0.0321653742795	0.0189038443062	0.0558798449675
0.00115434195121	1.08403216237	1.39217478747	0.0345708910997	0.0203259577761	0.0579536785228
0.00128493177895	1.07766486662	1.38778190911	0.0371478840021	0.0218507176072	0.0600993054799
0.00142970626961	1.07087749137	1.38308594426	0.0399073141693	0.0234848754285	0.0623186435232
0.00159009399142	1.06364818832	1.37806902552	0.0428606580812	0.0252355290231	0.0646136001167
0.00176764647361	1.05595482968	1.37271267501	0.0460199043513	0.0271101253859	0.0669860649205
0.00196404494475	1.04777514388	1.36699785023	0.0493975457319	0.0291164612733	0.0694379015135
0.0021811067078	1.03908687308	1.36090500206	0.0530065656322	0.0312626808258	0.0719709384137
0.00242079097644	1.0298679538	1.35441414586	0.0568604184663	0.0335572698112	0.07458695939
0.00268520397167	1.02009672142	1.34750494686	0.0609730031351	0.0360090460085	0.0772876930762
0.00297660305115	1.00975213918	1.34015682075	0.0653586289502	0.0386271452266	0.0800748019024
0.0032973996183	0.998814051572	1.33234905043	0.0700319733167	0.0414210024305	0.0829498703764
0.00365016053335	0.987263461843	1.32406091941	0.0750080305357	0.0444003274365	0.0859143927568
0.00403760772682	0.975082832123	1.31527186262	0.0803020511353	0.0475750746281	0.0889697601781
0.00446261569833	0.962256404465	1.30596163443	0.0859294712255	0.0509554061523	0.0921172473027
0.0049282065711	0.948770539851	1.29611049411	0.0919058314753	0.0545516480683	0.09535799859
0.00543754236826	0.934614071448	1.28569940777	0.0982466854452	0.0583742389489	0.098693014292
0.00599391418136	0.919778667383	1.27471026604	0.104967497173	0.0624336704803	0.1021231363
0.00660072791772	0.90425919725	1.2631261159	0.112083528094	0.0667404196587	0.105649033985
0.00726148634162	0.88805409561	1.2509314045	0.119609713607	0.0713048722632	0.109271190189
0.00797976716851	0.871165714748	1.23811223249	0.127560529816	0.0761372373709	0.112989887538
0.00875924231655	0.853600069306	1.22507122941	0.135949851266	0.0812479089109	0.116805195259
0.00960384790854	0.835366688146	1.21200762034	0.144788157208	0.0866502325209	0.120715747751
0.0105169954476	0.816487312512	1.19832898768	0.154083466198	0.0923525584575	0.124719335234
0.0115022783603	0.796982283881	1.18402874212	0.16384632695	0.0983638893891	0.128815157271
0.0125631929277	0.776877088951	1.16910282086	0.174086006799	0.10469254313	0.133002135299
0.0137030912344	0.756202458939	1.15354990053	0.184810325204	0.111346016258	0.13727890435
0.0149251307899	0.734994395744	1.13737159345	0.196025488846	0.118330840125	0.141643806391
0.0162322214497	0.713294117942	1.12057262253	0.207735930837	0.125652430178	0.146094885457
0.0176269704103	0.691147921157	1.10316097015	0.219944156717	0.13331492971	0.150629884741
0.0191116262096	0.668606949276	1.08514799687	0.232650599974	0.141321049409	0.155246245776
0.0206880227974	0.645726875185	1.06654852592	0.245853489876	0.149671904359	0.159941109844
0.0223576864593	0.622566117595	1.04797546226	0.259548734325	0.158368197057	0.164711321699
0.0241224377319	0.599183684378	1.02964344841	0.273723102418	0.167418185368	0.169551038492
0.0259818193574	0.575656504904	1.01080446737	0.28835821149	0.176815251611	0.174453280292
0.0279355029449	0.552051652193	0.991481415756	0.303441809368	0.186553598202	0.179413826294
0.0299824935751	0.528438007997	0.971700224485	0.318959018905	0.196625062495	0.184428165446
0.0321210971963	0.504885545334	0.951489749612	0.334892329797	0.20701896941	0.189491512531
0.0343488970538	0.481464577799	0.930881627013	0.351221617884	0.217721998766	0.194598826774
0.0366629259346	0.458243780279	0.910340004972	0.367924193145	0.228719539773	0.199744832938
0.039061145795	0.435282520374	0.890573629751	0.384968446923	0.240010396672	0.204921961149
0.0415375831468	0.412662396905	0.870507731849	0.402309212543	0.251570933684	0.210118998495
0.0440868416502	0.390445246728	0.850176024334	0.419916302134	0.263377503758	0.2153298627
0.046702811851	0.368689869124	0.829613929456	0.437757406275	0.275403402271	0.220548306809
0.0493787154034	0.347451409702	0.808858337159	0.455798287856	0.287618888559	0.2257679539
0.0521082844223	0.326774825774	0.789042727415	0.474003081737	0.300000108886	0.230982333712
0.0548850474612	0.30670471243	0.769751493023	0.492313873627	0.312534392747	0.236178803038
0.0576988739114	0.287292618318	0.750346152573	0.510679267644	0.325178643802	0.241346836425
0.0605407502783	0.268572318005	0.730859869243	0.529059846006	0.337892840892	0.246479619789
0.0634013340332	0.250572439735	0.711326336665	0.547415558605	0.35063455117	0.251570376293
0.0662731051652	0.233307125442	0.693188314422	0.565706222654	0.363375751982	0.256612414517
0.0691473659065	0.216796173867	0.675651157063	0.583861399461	0.376097111663	0.261590498205
0.0720122919996	0.201061444373	0.658109730395	0.601828023674	0.388744935239	0.266494119036
0.0748578901331	0.186108553868	0.640591188618	0.619567742771	0.401270763512	0.271316857147
0.0776744912504	0.171937979309	0.623289505618	0.637043280595	0.413626755334	0.276052560953
0.0804564876631	0.158531894794	0.607656905778	0.654215361592	0.425799124748	0.280694329522
0.0831916404379	0.145899344494	0.592071549503	0.671012499072	0.437740185211	0.285226111476
0.0858709658301	0.134027402789	0.576555001645	0.687404193375	0.449402239359	0.289642757917
0.0884861063756	0.122899822378	0.561128615426	0.703362343195	0.460739584761	0.293939596125
0.0910304972296	0.112493683633	0.546441065446	0.718861610514	0.471718492671	0.298112469759
0.0934974068172	0.102788001659	0.532100777128	0.733864675707	0.482311771502	0.302153605087
0.0958797864983	0.0937615425117	0.517879501015	0.748347111214	0.492479928025	0.306058357869
0.0981723202791	0.0853876315235	0.503794785517	0.762293887409	0.502190730931	0.309824352261
0.100370517298	0.0776384014452	0.489785368676	0.77569332082	0.511415906214	0.313449837446
0.10247093246	0.0704843791851	0.475914080376	0.788538932303	0.520131883328	0.316934196975
0.104471244635	0.0638948365382	0.462232080812	0.800826495199	0.528323070316	0.320277140972
0.106369903901	0.0578390068698	0.448720031826	0.812554166387	0.535978984517	0.323478732444
0.108165180154	0.0522887695794	0.43491573128	0.823723915836	0.543084606215	0.326539812494
0.109858314853	0.0472097298518	0.421366425659	0.834351536273	0.549640497908	0.329464823642
0.111450338253	0.0425713251402	0.408082785196	0.844443013142	0.555653852684	0.332255286324
0.112943271582	0.0383426955443	0.395288526474	0.854006849716	0.5611396027	0.3349131641
0.114339196883	0.0344952414942	0.382814677259	0.863049152559	0.566116212287	0.337439503107
0.1156406755	0.0310011542988	0.370615952185	0.871581951447	0.570602213221	0.339836797258
0.116851398666	0.0278319862609	0.359184079819	0.879620155594	0.574624561788	0.342108201563
0.117974937978	0.0249618975338	0.348234767957	0.887170328178	0.578217190919	0.344254338486
0.119014332308	0.0223679962108	0.337534349793	0.894246290707	0.581403115052	0.346277758009
0.119973542416	0.0200269493199	0.327166917376	0.900867809147	0.58420850051	0.348182679304
0.120856801342	0.0179166203248	0.317126042288	0.907053749864	0.586662699956	0.349973068088
0.121668091436	0.0160170687314	0.307331047647	0.912823488956	0.588792035522	0.35165306232
0.122411559892	0.0143094473519	0.297582186765	0.918198137803	0.590622355945	0.353227361941
0.123091024868	0.0127769582851	0.287798987964	0.923201954932	0.5921729818	0.35470168842
0.123711248841	0.0114020201619	0.278290085001	0.927860170376	0.593470382604	0.356082174403
0.12427630091	0.0101697319895	0.268918134366	0.932192172919	0.594539577742	0.357373328364
0.124790043108	0.00906656853553	0.259709067543	0.936218893917	0.595401648784	0.358580218986
0.125256553312	0.00807942425949	0.250781019503	0.939960249537	0.596080037003	0.359707720745
0.12567953887	0.00719672989862	0.242158239425	0.943433599894	0.59659667717	0.36076003813
0.126062489583	0.00640800999499	0.2338121353	0.946655291557	0.59697195991	0.36174116152
0.126408703752	0.00570373852689	0.225726134771	0.949641344397	0.59722432513	0.362655074983
0.126721271029	0.00507529883673	0.21786408232	0.952407225312	0.597370346685	0.363505687406
0.127003139817	0.00451478251811	0.210257222779	0.954968041341	0.597425186798	0.364296889837
0.127257000129	0.0040151604818	0.202746024678	0.957337678566	0.597402411494	0.365032284792
0.127485253328	0.00357027466712	0.195304881387	0.959530939017	0.597311662253	0.365715846785
0.127690437216	0.00317398573512	0.188123685925	0.961562045829	0.597163996484	0.366351457068
0.12787434843	0.0028218049601	0.180434827834	0.963442190995	0.59696643145	0.366942124133
0.128039364574	0.00250833021777	0.17299911703	0.965189532121	0.596724033812	0.367493124607
0.128187142399	0.00222971271944	0.165192718124	0.966813417445	0.596443795909	0.368007034284
0.128319416475	0.00198208701598	0.157479061903	0.968328370597	0.596128060725	0.368488125958
0.128437778687	0.00176198633901	0.149667195883	0.969743773773	0.595782767669	0.368939099863
0.128543684051	0.0015662956855	0.142105375342	0.9710699694	0.595411504883	0.369363007012
0.12863844481	0.00139225184767	0.134824290579	0.972313568134	0.595020137528	0.369761744515
0.128723227235	0.00123742691217	0.127942623631	0.973480360149	0.594613923305	0.370136973078
0.128799094515	0.00109963866536	0.121540498173	0.974574635524	0.594198589414	0.370489892829
0.128866907407	0.000977117630379	0.115449808559	0.975599554728	0.593779103051	0.370821356127
0.128927493944	0.000868191368525	0.10965362481	0.976559418683	0.593358930122	0.371132600115
0.128981591611	0.000771384388493	0.104032435067	0.97745830427	0.592940887673	0.371424807213
0.129029861493	0.000685386612162	0.0986227626854	0.97830091992	0.592526426183	0.371699382966
0.12907290654	0.00060901704688	0.0932855107093	0.979091354278	0.592117045742	0.371957548461
0.129111303519	0.000541162697476	0.088133248725	0.979834484758	0.591713180446	0.372200798752
0.129145500488	0.000480956112034	0.0830039258495	0.980533924345	0.591315352502	0.372430230465
0.129175971332	0.000427499544739	0.0778487766313	0.98119438589	0.590923177918	0.372647314561
0.129203040269	0.000380169774485	0.0718215412542	0.981820668295	0.590534844575	0.372853564915
0.129226602083	0.000339096885319	0.0636513522734	0.982424601546	0.590137745122	0.373052832557
0.129247756594	0.000302329976842	0.0576395230292	0.983032501218	0.589715297829	0.373253793204
0.12926710681	0.000268807106864	0.0537951327888	0.983631162905	0.589286000951	0.373452084442
0.129284363756	0.000239005654262	0.0501690258364	0.984201726346	0.588866238066	0.37364142899
0.129299749122	0.000212517216989	0.0467390065173	0.984745915953	0.588456285968	0.373822353016
0.129313465899	0.000188970545749	0.0435050255592	0.98526549356	0.588056208843	0.373995400433
0.129325693998	0.000168038281271	0.0404613590975	0.985762013321	0.587666066975	0.374161050931
0.129336594188	0.000149429442102	0.0376022075564	0.986236894373	0.587285880184	0.374319743466
0.129346310079	0.000132885410817	0.0349215925223	0.986691427303	0.586915640086	0.374471877879
0.129354969903	0.000118176360936	0.0324132274213	0.987126781177	0.586555319848	0.37461781674
0.129362687953	0.000105098370707	0.0300661833336	0.98754401182	0.586204879423	0.374757887681
0.129369567151	9.34686751103e-05	0.0278766192652	0.987944128703	0.58586422191	0.374892405489
0.129375698344	8.31265487733e-05	0.0258382167842	0.988328003908	0.585533279225	0.375021641212
0.129381162051	7.39300507016e-05	0.0239415087267	0.988696413078	0.585211987057	0.375145835553
0.129386030997	6.57515366012e-05	0.022176931262	0.989050089844	0.584900252805	0.375265216956
0.129390369917	5.84777855149e-05	0.0205405144715	0.989389731059	0.584597949219	0.375380003205
0.129394235935	5.20091949076e-05	0.0190199384396	0.989715920717	0.584304994146	0.375490375517
0.12939768082	4.6255856838e-05	0.0176116542992	0.990029272425	0.584021227842	0.375596526547
0.129400749942	4.11391774303e-05	0.0163047886363	0.990330291848	0.583746541895	0.375698613708
0.129403484359	3.65882930116e-05	0.0150948451672	0.990619514107	0.583480759989	0.375796805587
0.129405920284	3.25408594753e-05	0.0139727531952	0.990897399052	0.583223738343	0.37589124634
0.129408090157	2.89412025288e-05	0.0129332802043	0.991164426393	0.582975279908	0.375982087892
0.129410023017	2.57396272858e-05	0.0119711025585	0.991421034846	0.582735198625	0.376069469194
0.129411744282	2.28927265995e-05	0.0110747776846	0.991667629121	0.582503310695	0.376153518495
0.129413277217	2.03609016008e-05	0.0102442464234	0.991904726202	0.582279300983	0.37623440318
0.129414642515	1.8109021317e-05	0.00947597733487	0.992132722151	0.582062952712	0.376312250234
0.129415858365	1.61062685249e-05	0.00876193155842	0.99235196501	0.581854075259	0.37638717095
0.129416939195	1.43281639111e-05	0.0080744792443	0.992562872281	0.581652376114	0.376459301024
0.129417901892	1.27463253334e-05	0.00744095001057	0.992766487047	0.581456957722	0.376528991032
0.12941875933	1.13390945484e-05	0.00685711600333	0.992963060625	0.581267679769	0.376596321525
0.129419522984	1.00872024095e-05	0.00631908059961	0.993152835739	0.581084398371	0.376661370527
0.129420202595	8.9743054625e-06	0.00579770998363	0.993336046811	0.580906962974	0.376724213605
0.129420798539	7.99942149566e-06	0.00517149020031	0.993513713808	0.58073435789	0.376785196419
0.129421330276	7.13043630323e-06	0.0046129071949	0.993691258444	0.580561327499	0.376846178063
0.129421804723	6.35584710363e-06	0.00411465609361	0.993868680726	0.580387931044	0.376907158552
0.129422228053	5.66540041355e-06	0.00367022087049	0.994045980671	0.58021422135	0.376968137897
0.129422605773	5.04995639227e-06	0.0032737891785	0.994223158299	0.580040245521	0.377029116107
0.129422942867	4.50125377189e-06	0.00292390381626	0.994400213641	0.579866046148	0.377090093187
0.129423246716	4.00716868699e-06	0.00266292826996	0.994576917128	0.579691915598	0.377150989985
0.12942351749	3.56731321586e-06	0.00242524403483	0.99474964883	0.579521475532	0.377210557548
0.129423758785	3.17573585114e-06	0.00220877271576	0.994918497785	0.579354667641	0.377268823974
0.129423973804	2.82713815006e-06	0.00201162134445	0.995083551052	0.579191432244	0.377325816802
0.129424165405	2.51680308774e-06	0.00183206584183	0.995244893746	0.579031708613	0.377381563028
0.129424336135	2.24053126834e-06	0.0016685359545	0.995402609091	0.578875435251	0.377436089112
0.129424488263	1.99458413252e-06	0.00151960153408	0.995556778452	0.578722550146	0.377489420987
0.129424623813	1.77563339434e-06	0.00138396003973	0.99570748138	0.578572990986	0.377541584069
0.12942474459	1.58071602458e-06	0.00126042515502	0.995854795653	0.578426695354	0.377592603262
0.129424852201	1.40719417227e-06	0.00114791641979	0.995998797309	0.578283600888	0.377642502974
0.12942494808	1.25271948293e-06	0.00104544978651	0.996139560692	0.578143645431	0.37769130712
0.129425033504	1.11520133146e-06	0.000952129018928	0.996277158483	0.578006767157	0.377739039132
0.129425109612	9.92778540116e-07	0.00086713785776	0.996411661739	0.577872904676	0.377785721969
0.129425177418	8.8379419958e-07	0.000789732885148	0.996543139932	0.577741997131	0.377831378122
0.129425237827	7.86773252578e-07	0.000719237025567	0.996671660976	0.577613984274	0.377876029628
0.129425291645	7.00402537095e-07	0.000655033626433	0.99679729127	0.577488806542	0.377919698073
0.129425338495	6.25267685569e-07	0.000562947698505	0.996920095726	0.577366395909	0.377962404602
0.129425379635	5.59331730433e-07	0.000469083494357	0.997047653262	0.577239184099	0.378006785364
0.129425415989	5.01105395328e-07	0.000380390405778	0.997184578763	0.57710256401	0.378054449675
0.12942546302	4.25861392613e-07	0.000257481269743	0.997335829865	0.576951707737	0.378107129904
0.129425489477	3.83536260215e-07	0.000192266577968	0.997525650553	0.576762109248	0.378173287089
0.129425515331	3.42218923292e-07	0.000170802283167	0.997754496506	0.576533480329	0.378253109712
0.129425538776	3.04800957588e-07	0.000154373128775	0.997984347467	0.576303826045	0.378333353589
0.129425559684	2.71475253898e-07	0.000139492488476	0.998210861976	0.576077486813	0.378412502075
0.129425578326	2.41800521418e-07	0.000126002009161	0.998434139905	0.575854365057	0.378490587152
0.129425594956	2.1536239924e-07	0.000114001208961	0.998654311096	0.575634333091	0.37856765145
0.129425609888	1.91655056748e-07	0.000104439666147	0.998871060027	0.575417709079	0.378643581705
0.129425623193	1.70557190458e-07	9.56799641806e-05	0.999081622	0.575207258342	0.37871740528
0.129425635023	1.51821669661e-07	8.65039870935e-05	0.999286173156	0.575002806024	0.378789178798
0.129425645452	1.35324752089e-07	7.72854690367e-05	0.999487575763	0.574801490494	0.378859902825
0.129425654776	1.205917242e-07	6.92814448506e-05	0.999688507715	0.574600636352	0.3789305163
0.129425663101	1.07453080672e-07	6.21654301719e-05	0.99988825259	0.574400960906	0.379000766832
0.129425670535	9.57337299155e-08	5.61412615733e-05	1.00008661135	0.574202664105	0.379070583433
0.129425677228	8.5195637254e-08	5.14243211707e-05	1.00028230493	0.574007026275	0.379139514331
0.129425683191	7.58174455861e-08	4.71036464267e-05	1.00047244262	0.573816938223	0.379206538097
0.129425688503	6.74711283369e-08	4.31519107338e-05	1.00065718179	0.573632243256	0.379271706002
0.129425693237	6.00431112986e-08	3.9534282157e-05	1.00083664964	0.573452814766	0.379335058936
0.129425697453	5.34327872292e-08	3.62200448868e-05	1.0010109835	0.573278515944	0.379396641603
0.12942570121	4.75498423001e-08	3.31870871395e-05	1.00118032925	0.573109201392	0.379456501959
0.129425704556	4.23145592043e-08	3.04080733002e-05	1.00134481106	0.572944747361	0.379514680512
0.129425707537	3.76556753407e-08	2.78605374928e-05	1.00150456835	0.572785014809	0.379571223374
0.129425710192	3.35098905901e-08	2.55248316438e-05	1.00165974339	0.572629861786	0.379626177879
0.129425712557	2.98205130761e-08	2.33849222857e-05	1.0018104775	0.572479147274	0.379679591227
0.129425714652	2.6555652279e-08	2.11195761291e-05	1.00195689754	0.572332744584	0.379731505682
0.129425716512	2.36587196987e-08	1.89942289326e-05	1.00210127605	0.57218838148	0.379782725089
0.129425718175	2.10701701024e-08	1.72753857168e-05	1.00224429928	0.572045372017	0.379833491916
0.129425719667	1.87503245577e-08	1.58271869552e-05	1.00238435184	0.571905331811	0.379883231517
0.129425720996	1.66858799585e-08	1.45003803751e-05	1.00252039425	0.571769300392	0.379931572738
0.12942572218	1.48486349379e-08	1.32860744468e-05	1.00265254114	0.571637163279	0.37997855411
0.129425723234	1.32136668255e-08	1.21735005288e-05	1.00278089078	0.571508822354	0.380024208481
0.129425724172	1.17600179445e-08	1.10925232938e-05	1.00290555152	0.571384169361	0.380068572428
0.129425725001	1.04757812046e-08	9.99634176452e-06	1.00302731382	0.571262413905	0.380111925569
0.129425725741	9.3314352615e-09	9.02548852417e-06	1.00314767516	0.571142058672	0.380154800002
0.129425726405	8.3040188138e-09	8.26842356229e-06	1.00326642331	0.571023316004	0.380197119392
0.129425726997	7.3897176227e-09	7.57485710397e-06	1.00338177671	0.57090796748	0.380238247615
0.129425727523	6.5760630345e-09	6.9402987028e-06	1.00349383228	0.570795916257	0.380278217635
0.129425727993	5.8519178506e-09	6.35969399897e-06	1.00360267082	0.570687081585	0.380317056771
0.12942572841	5.20751035893e-09	5.82765762087e-06	1.00370836994	0.5705813859	0.380354791294
0.129425728782	4.63409935493e-09	5.33929824167e-06	1.0038110201	0.570478738812	0.380391452141
0.129425729114	4.12383744362e-09	4.89172227894e-06	1.0039107254	0.570379036238	0.380427075228
0.129425729409	3.66975207686e-09	4.48202628535e-06	1.00400757326	0.570282190804	0.380461690591
0.129425729671	3.26559131274e-09	4.10791995463e-06	1.0041016377	0.570188128526	0.380495323554
0.129425729905	2.90594004486e-09	3.76503770366e-06	1.00419296816	0.570096799991	0.380527990722
0.129425730113	2.58654544747e-09	3.42066745424e-06	1.00428164401	0.570008125849	0.380559719466
0.129425730297	2.30381698198e-09	3.08807310289e-06	1.00436852117	0.569921250203	0.380590815218
0.129425730461	2.05179581469e-09	2.8013237275e-06	1.00445423721	0.56983553551	0.380621505652
0.129425730608	1.82583432251e-09	2.56719375571e-06	1.00453839218	0.569751381751	0.380651647083
0.129425730739	1.62475669791e-09	2.35263093149e-06	1.00462011115	0.569669663857	0.380680925448
0.129425730856	1.44582275157e-09	2.15600006753e-06	1.00469946457	0.569590311397	0.380709365171
0.12942573096	1.2865940236e-09	1.97580261321e-06	1.00477652084	0.569513255977	0.380736990001
0.129425731053	1.1449005511e-09	1.81066605751e-06	1.00485134641	0.569438431172	0.380763823029
0.129425731135	1.01881048169e-09	1.65935301902e-06	1.00492400574	0.56936577251	0.380789886696
0.129425731208	9.06606484985e-10	1.52068426545e-06	1.00499456051	0.569295218343	0.380815202471
0.129425731274	8.06759375971e-10	1.39360325716e-06	1.00506307162	0.569226707774	0.3808397916
0.129425731332	7.17908360506e-10	1.27714173054e-06	1.0051295982	0.569160181664	0.380863674736
0.129425731383	6.38842493591e-10	1.17041232305e-06	1.00519419771	0.569095582583	0.380886871955
0.129425731429	5.68479256726e-10	1.07279865731e-06	1.00525692591	0.569032854759	0.380909402775
0.12942573147	5.05862548682e-10	9.83383724884e-07	1.00531782528	0.568971955729	0.380931281966
0.129425731507	4.50142733898e-10	9.01420998162e-07	1.00537694523	0.568912836071	0.380952526827
0.129425731539	4.00560183358e-10	8.26289412059e-07	1.00543433773	0.568855443837	0.380973155594
0.129425731568	3.56438930535e-10	7.57419657369e-07	1.00549005322	0.568799728588	0.380993185989
0.129425731594	3.17177341955e-10	6.94302490592e-07	1.00554414066	0.568745641361	0.381012635231
0.129425731617	2.82239723785e-10	6.36457747527e-07	1.00559664662	0.56869313559	0.381031519704
0.129425731637	2.51150448611e-10	5.83432086609e-07	1.00564761617	0.568642166205	0.381049855275
0.129425731655	2.23909609213e-10	5.15351903953e-07	1.00569709424	0.568592688276	0.381067657785
0.129425731671	1.99785200638e-10	4.52963456054e-07	1.00574703279	0.568542749862	0.381085629448
0.129425731686	1.77775726613e-10	4.15328457132e-07	1.00579772762	0.568492055151	0.381103876849
0.129425731698	1.58190883414e-10	3.80820302353e-07	1.00584692604	0.56844285683	0.381121589067
0.12942573171	1.40763499044e-10	3.49188505158e-07	1.00589467221	0.568395110758	0.381138781689
0.12942573172	1.25255576658e-10	3.20195461422e-07	1.0059410077	0.568348775349	0.381155469403
0.129425731729	1.11456125462e-10	2.93609630351e-07	1.00598597242	0.568303810702	0.38117166631
0.129425731737	9.91769323305e-11	2.69231155764e-07	1.0060296069	0.568260176289	0.381187386755
0.129425731744	8.82505178711e-11	2.46876773432e-07	1.00607195047	0.568217832778	0.381202644668
0.129425731751	7.85277956689e-11	2.26386540483e-07	1.0061130413	0.568176741999	0.381217453578
0.129425731756	6.98747827806e-11	2.07661331262e-07	1.00615291498	0.568136868364	0.381231826097
0.129425731762	6.21752310134e-11	1.90484907172e-07	1.00619159475	0.568098188635	0.381245770401
0.129425731766	5.53240825629e-11	1.74729170833e-07	1.00622911634	0.568060667081	0.381259299179
0.12942573177	4.92278551544e-11	1.60276619082e-07	1.00626551442	0.568024269041	0.381272424749
0.129425731774	4.38033666683e-11	1.47019466837e-07	1.0063008226	0.567988960887	0.381285159069
0.129425731777	3.89954571682e-11	1.33515978004e-07	1.00633507352	0.567954709998	0.381297513745
0.12942573178	3.47260930412e-11	1.20898042239e-07	1.00636864909	0.56792113445	0.381309626416
0.129425731782	3.09203260906e-11	1.10155952974e-07	1.00640166945	0.567888114106	0.381321540335
0.129425731784	2.7512073817e-11	1.01108573419e-07	1.0064339384	0.567855845179	0.381333184618
0.129425731786	2.4479496736e-11	9.28042608517e-08	1.00646521997	0.567824563622	0.381344474003
0.129425731788	2.1781186803e-11	8.51819885367e-08	1.00649554437	0.567794239236	0.381355419261
0.12942573179	1.93802999794e-11	7.81857415514e-08	1.00652494088	0.567764842742	0.381366030839
0.129425731791	1.72440532025e-11	7.17641052142e-08	1.00655343787	0.56773634576	0.381376318869
0.129425731792	1.53432767952e-11	6.58698873087e-08	1.00658106287	0.567708720775	0.38138629318
0.129425731794	1.36520162057e-11	6.04597713279e-08	1.00660784254	0.567681941112	0.3813959633
0.129425731795	1.21470997247e-11	5.5511711555e-08	1.00663380274	0.567655980914	0.381405338475
0.129425731795	1.08076024367e-11	5.09937017137e-08	1.00665896036	0.567630823303	0.38141442471
0.129425731796	9.61581367137e-12	4.68433988498e-08	1.00668332714	0.567606456536	0.381423226163
0.129425731797	8.55544563183e-12	4.30308771521e-08	1.00670692792	0.567582855761	0.38143175173
0.129425731798	7.6120065382e-12	3.95286462391e-08	1.00672978678	0.567559996903	0.381440010033
0.129425731798	6.77260259007e-12	3.63114529672e-08	1.00675192704	0.567537856649	0.381448009424
0.129425731799	6.02576176479e-12	3.33560993661e-08	1.00677337128	0.567516412412	0.381455757998
0.129425731799	5.36127704406e-12	3.06412753905e-08	1.00679414138	0.567495642318	0.381463263596
0.129425731799	4.77003861358e-12	2.81557029453e-08	1.00681425852	0.567475525181	0.381470533817
0.1294257318	4.24371602437e-12	2.58947770962e-08	1.00683373737	0.567456046333	0.381477573907
0.1294257318	3.77546689056e-12	2.381540274e-08	1.00685258014	0.56743720356	0.381484384613
0.1294257318	3.35888357818e-12	2.1903001657e-08	1.00687080761	0.567418976096	0.381490973392
0.129425731801	2.98826543892e-12	2.01441661967e-08	1.00688843986	0.567401343851	0.381497347459
0.129425731801	2.65854080656e-12	1.85265652895e-08	1.00690549632	0.567384287394	0.381503513794
0.129425731801	2.36519759951e-12	1.70388580046e-08	1.00692199578	0.567367787926	0.381509479154
0.129425731801	2.10422157999e-12	1.56706140484e-08	1.00693795645	0.567351827262	0.381515250076
0.129425731801	1.87204142506e-12	1.44122406465e-08	1.0069533959	0.56733638781	0.381520832883
0.129425731801	1.66533384058e-12	1.32739110586e-08	1.00696833116	0.567321452552	0.381526233696
0.129425731802	1.48144779044e-12	1.22256887076e-08	1.00698275675	0.567307026964	0.381531450503
0.129425731802	1.31786626361e-12	1.12602420495e-08	1.00699668981	0.567293093907	0.381536489472
0.129425731802	1.17234727666e-12	1.03710345868e-08	1.00701014715	0.567279636567	0.381541356654
0.129425731802	1.04289639814e-12	9.55204597376e-09	1.00702314501	0.567266638705	0.381546057898
0.129425731802	9.27739415176e-13	8.79773125995e-09	1.00703569908	0.567254084635	0.38155059885
0.129425731802	8.25298018054e-13	8.10298335198e-09	1.00704782451	0.567241959207	0.381554984969
0.129425731802	7.34168169536e-13	7.46309843913e-09	1.00705953593	0.567230247787	0.381559221525
0.129425731802	6.53079884011e-13	6.88058694635e-09	1.00707084748	0.567218936242	0.381563313612
0.129425731802	5.80907165463e-13	6.3476909165e-09	1.00708176159	0.567208022136	0.381567262092
0.129425731802	5.16710298452e-13	5.85606686821e-09	1.0070922846	0.567197499122	0.381571069242
0.129425731802	4.59607873933e-13	5.4025183934e-09	1.00710243053	0.567187353188	0.381574740115
0.129425731802	4.08815886093e-13	4.98409663267e-09	1.0071122129	0.567177570825	0.381578279584
0.129425731802	3.63636968606e-13	4.59808110425e-09	1.00712164472	0.567168139004	0.381581692346
0.129425731802	3.23450820341e-13	4.24196201748e-09	1.00713073856	0.567159045166	0.381584982932
0.129425731802	2.87705689074e-13	3.91342395602e-09	1.00713950652	0.567150277202	0.381588155713
0.129425731802	2.55911889532e-13	3.60959484166e-09	1.00714796029	0.567141823434	0.381591214901
0.129425731802	2.27769835726e-13	3.29717556893e-09	1.00715611281	0.567133670909	0.381594165173
0.129425731802	2.02722489867e-13	3.01179683047e-09	1.00716405638	0.567125727348	0.381597039914
0.129425731802	1.80406994458e-13	2.76833223638e-09	1.00717179633	0.567117987395	0.381599841056
0.129425731802	1.6044209353e-13	2.56107934261e-09	1.00717929006	0.56711049366	0.38160255317
0.129425731802	1.42686615695e-13	2.36934244868e-09	1.00718649383	0.56710328989	0.381605160415
0.129425731802	1.26896055853e-13	2.19195996113e-09	1.00719341886	0.567096364867	0.381607666844
0.129425731802	1.12852966763e-13	2.0278572469e-09	1.00720007592	0.567089707805	0.38161007635
0.129425731802	1.00363964752e-13	1.87604012336e-09	1.00720647539	0.567083308338	0.38161239268
0.129425731802	8.92570667669e-14	1.73558883567e-09	1.00721262723	0.567077156497	0.381614619435
0.129425731803	7.9379322124e-14	1.60565248501e-09	1.00721854102	0.567071242702	0.381616760075
0.129425731803	7.05947063247e-14	1.48544387387e-09	1.00722422598	0.567065557742	0.381618817929
0.129425731803	6.27822479476e-14	1.37423473727e-09	1.00722969096	0.567060092764	0.381620796197
0.129425731803	5.5834362823e-14	1.27135133091e-09	1.00723494447	0.567054839255	0.381622697955
0.129425731803	4.96553725504e-14	1.17617034963e-09	1.00723999469	0.567049789033	0.381624526161
0.129425731803	4.41574647808e-14	1.08991596306e-09	1.00724484949	0.567044934232	0.381626283656
0.129425731803	3.92644878488e-14	1.01090376314e-09	1.00724950844	0.567040275289	0.38162797028
0.129425731803	3.49136875939e-14	9.37619431948e-10	1.00725397493	0.567035808789	0.381629587265
0.129425731803	3.10449872335e-14	8.69647739669e-10	1.00725825694	0.567031526784	0.381631137485
0.129425731803	2.7604966855e-14	8.06603557331e-10	1.00726236207	0.567027421653	0.381632623694
0.129425731803	2.45461257997e-14	7.48129674782e-10	1.00726629763	0.567023486092	0.381634048536
0.129425731803	2.18262267778e-14	6.93894776832e-10	1.00727007063	0.567019713094	0.381635414543
0.129425731803	1.94077126586e-14	6.43591566101e-10	1.00727368778	0.567016095947	0.381636724144
0.129425731803	1.72571878827e-14	5.96935021942e-10	1.00727715551	0.567012628213	0.381637979666
0.129425731803	1.53449573356e-14	5.53660785567e-10	1.00728048	0.56700930372	0.381639183343
0.129425731803	1.36446163174e-14	5.13523662242e-10	1.00728366717	0.567006116552	0.381640337314
0.129425731803	1.2132685945e-14	4.76296232058e-10	1.00728672269	0.567003061035	0.381641443632
0.129425731803	1.07880937527e-14	4.42161761604e-10	1.00728965199	0.567000131734	0.381642504263
0.129425731803	9.59139268954e-15	4.110025467e-10	1.00729245774	0.566997325987	0.381643520169
0.129425731803	8.52743894762e-15	3.82039119543e-10	1.00729514137	0.566994642358	0.38164449187
0.129425731803	7.58150720923e-15	3.55116743946e-10	1.00729770819	0.56699207553	0.381645421288
0.129425731803	6.74050559214e-15	3.30091587823e-10	1.0073001633	0.56698962042	0.381646310262
0.129425731803	5.99279445839e-15	3.06829954793e-10	1.00730251156	0.566987272166	0.381647160553
0.129425731803	5.32802532185e-15	2.85207569941e-10	1.00730475761	0.566985026118	0.381647973844
0.129425731803	4.73699762508e-15	2.65108915902e-10	1.0073069059	0.566982877827	0.381648751743
0.129425731803	4.21153140333e-15	2.46426615729e-10	1.00730896069	0.566980823038	0.381649495791
0.129425731803	3.74435407347e-15	2.29060859253e-10	1.00731092604	0.566978857682	0.38165020746
0.129425731803	3.32899978097e-15	2.1291886986e-10	1.00731280586	0.566976977867	0.38165088816
0.129425731803	2.95971991194e-15	1.97914408851e-10	1.00731460385	0.566975179869	0.381651539237
0.129425731803	2.63140353178e-15	1.83967314719e-10	1.0073163236	0.566973460128	0.381652161981
0.129425731803	2.33933865436e-15	1.71245290067e-10	1.00731796849	0.566971815238	0.381652757625
0.129425731803	2.07961170607e-15	1.5945965063e-10	1.00731953945	0.566970244278	0.3816533265
0.129425731803	1.84872111627e-15	1.48485134309e-10	1.00732103921	0.566968744516	0.381653869596
0.129425731803	1.64346531408e-15	1.38265917359e-10	1.007322471	0.566967312725	0.381654388082
0.129425731803	1.46099818384e-15	1.28750017958e-10	1.0073238379	0.566965945824	0.381654883072
0.129425731803	1.29878960068e-15	1.19889031802e-10	1.00732514285	0.566964640873	0.381655355631
0.129425731803	1.15459034768e-15	1.11637885892e-10	1.00732638866	0.566963395065	0.381655806775
0.129425731803	1.02640092807e-15	1.03954609265e-10	1.00732757801	0.566962205717	0.381656237475
0.129425731803	9.12443839996e-16	9.68001195102e-11	1.00732871345	0.566961070273	0.381656648657
0.129425731803	8.11138929541e-16	9.01380239696e-11	1.00732979744	0.566959986288	0.381657041205
0.129425731803	7.2108148011e-16	8.39344346241e-11	1.00733083229	0.566958951432	0.381657415964
0.129425731803	6.41022734476e-16	7.81577957189e-11	1.00733182025	0.566957963476	0.381657773739
0.129425731803	5.69852579345e-16	7.27787232517e-11	1.00733276343	0.566957020296	0.381658115301
0.129425731803	5.06545482716e-16	6.78628276676e-11	1.00733366386	0.566956119862	0.381658441384
0.129425731803	4.5026207488e-16	6.32912503958e-11	1.00733452224	0.566955261481	0.38165875224
0.129425731803	4.00232438888e-16	5.9027636919e-11	1.00733534036	0.566954443363	0.381659048515
0.129425731803	3.5576170519e-16	5.50512413309e-11	1.0073361201	0.566953663621	0.381659330894
0.129425731803	3.16232212533e-16	5.13427152637e-11	1.00733686327	0.566952920453	0.381659600028
0.129425731803	2.81094929216e-16	4.78840137441e-11	1.00733757158	0.566952212146	0.381659856538
0.129425731803	2.49861827535e-16	4.46583073909e-11	1.00733824666	0.566951537063	0.381660101017
0.129425731803	2.22099105522e-16	4.16499005276e-11	1.00733889008	0.566950893646	0.381660334029
0.129425731803	1.97421161822e-16	3.88441548115e-11	1.00733950331	0.56695028041	0.381660556112
0.129425731803	1.75485240035e-16	3.62274180064e-11	1.00734008779	0.566949695938	0.381660767778
0.129425731803	1.55986668129e-16	3.37869575551e-11	1.00734064484	0.566949138883	0.381660969515
0.129425731803	1.38654626816e-16	3.15108986249e-11	1.00734117577	0.566948607957	0.38166116179
0.129425731803	1.23248388107e-16	2.9388166328e-11	1.00734168179	0.566948101936	0.381661345047
0.129425731803	1.0954982264e-16	2.74338202452e-11	1.00734216407	0.56694761965	0.381661519708
0.129425731803	9.73692508855e-17	2.56206268727e-11	1.00734262329	0.56694716043	0.381661686016
0.129425731803	8.65430060467e-17	2.39272734631e-11	1.00734306034	0.566946723383	0.381661844294
0.129425731803	7.69205040222e-17	2.2345839405e-11	1.00734347629	0.566946307439	0.38166199493
0.129425731803	6.83679037545e-17	2.08689275844e-11	1.00734387214	0.566945911579	0.381662138292
0.129425731803	6.07662456181e-17	1.94896297862e-11	1.00734424889	0.566945534833	0.381662274733
0.129425731803	5.40097967937e-17	1.82014943806e-11	1.00734460744	0.566945176279	0.381662404585
0.129425731803	4.80045806163e-17	1.69984961465e-11	1.00734494869	0.566944835038	0.381662528168
0.129425731803	4.26670694401e-17	1.5875008089e-11	1.00734527345	0.566944510273	0.381662645784
0.129425731803	3.79230228405e-17	1.48257751189e-11	1.00734558253	0.56694420119	0.38166275772
0.129425731803	3.37064549929e-17	1.38458894728e-11	1.00734587669	0.566943907031	0.381662864252
0.129425731803	2.9958716866e-17	1.2930767757e-11	1.00734615665	0.566943627076	0.38166296564
0.129425731803	2.66276804629e-17	1.20761295092e-11	1.00734642309	0.566943360638	0.381663062133
0.129425731803	2.36668470072e-17	1.12818666559e-11	1.00734667666	0.566943107066	0.381663153967
0.129425731803	2.10331857233e-17	1.05539899008e-11	1.0073469179	0.566942865822	0.381663241335
0.129425731803	1.86925998269e-17	9.87307384706e-12	1.00734714709	0.566942636637	0.381663324337
0.129425731803	1.66124757246e-17	9.23608871529e-12	1.00734736481	0.566942418909	0.381663403189
0.129425731803	1.47638290805e-17	8.6402001991e-12	1.00734757166	0.566942212065	0.3816634781
0.129425731803	1.31209009505e-17	8.08275685383e-12	1.00734776816	0.566942015561	0.381663549266
0.129425731803	1.166079886e-17	7.56127829883e-12	1.00734795484	0.56694182888	0.381663616874
0.129425731803	1.03631778208e-17	7.07344418088e-12	1.00734813219	0.56694165153	0.381663681103
0.129425731803	9.20995684655e-18	6.61708384971e-12	1.00734830068	0.566941483046	0.381663742122
0.129425731803	8.18506701269e-18	6.19016669952e-12	1.00734846074	0.566941322984	0.38166380009
0.129425731803	7.27422755371e-18	5.79079313376e-12	1.0073486128	0.566941170923	0.381663855161
0.129425731803	6.4647468757e-18	5.41718611275e-12	1.00734875726	0.566941026464	0.381663907478
0.129425731803	5.74534571254e-18	5.06768324664e-12	1.0073488945	0.566940889226	0.381663957181
0.129425731803	5.10599996131e-18	4.74072939855e-12	1.00734902488	0.566940758848	0.381664004399
0.129425731803	4.53777946275e-18	4.43590014179e-12	1.00734914874	0.566940634987	0.381664049256
0.129425731803	4.03266731306e-18	4.15211191067e-12	1.00734926638	0.566940517346	0.381664091862
0.129425731803	3.58378051774e-18	3.88647912544e-12	1.00734937807	0.566940405654	0.381664132312
0.129425731803	3.18486048643e-18	3.63784028584e-12	1.00734948411	0.566940299611	0.381664170717
0.129425731803	2.83034528859e-18	3.40510819888e-12	1.00734958479	0.566940198931	0.38166420718
0.129425731803	2.51529210654e-18	3.18726522507e-12	1.00734968038	0.566940103343	0.381664241798
0.129425731803	2.2353083204e-18	2.98335882867e-12	1.00734977114	0.566940012588	0.381664274666
0.129425731803	1.98649026418e-18	2.7924974127e-12	1.0073498573	0.566939926424	0.381664305872
0.129425731803	1.76536879908e-18	2.61384642034e-12	1.00734993911	0.566939844616	0.3816643355
0.129425731803	1.56886094515e-18	2.44662468582e-12	1.00735001678	0.566939766946	0.381664363629
0.129425731803	1.39422689693e-18	2.29010101864e-12	1.00735009052	0.566939693205	0.381664390335
0.129425731803	1.23903182383e-18	2.14359100645e-12	1.00735016053	0.566939623192	0.381664415692
0.129425731803	1.10111192262e-18	2.0064540224e-12	1.007350227	0.56693955672	0.381664439765
0.129425731803	9.78544248615e-19	1.87809042392e-12	1.00735029011	0.56693949361	0.381664462622
0.129425731803	8.69619905139e-19	1.75793893076e-12	1.00735035003	0.566939433691	0.381664484322
0.129425731803	7.72820217258e-19	1.64547417076e-12	1.00735040692	0.566939376803	0.381664504925
0.129425731803	6.86795557717e-19	1.54020438259e-12	1.00735046093	0.566939322791	0.381664524486
0.129425731803	6.10346529799e-19	1.44166926553e-12	1.00735051221	0.566939271512	0.381664543058
0.129425731803	5.42407244772e-19	1.34943796671e-12	1.0073505609	0.566939222825	0.38166456069
0.129425731803	4.82030460775e-19	1.26310719726e-12	1.00735060712	0.566939176601	0.381664577431
0.129425731803	4.28374375917e-19	1.18229946879e-12	1.00735065101	0.566939132714	0.381664593325
0.129425731803	3.80690891485e-19	1.1066614429e-12	1.00735069268	0.566939091047	0.381664608415
0.129425731803	3.38315181596e-19	1.03586238609e-12	1.00735073224	0.566939051487	0.381664622743
0.129425731803	3.00656423882e-19	9.69592723669e-13	1.0073507698	0.566939013928	0.381664636345
0.129425731803	2.67189561963e-19	9.07562686081e-13	1.00735080546	0.566938978268	0.38166464926
0.129425731803	2.37447984868e-19	8.49501041872e-13	1.00735083931	0.566938944412	0.381664661522
0.129425731803	2.11017021317e-19	7.9515391171e-13	1.00735087146	0.566938912268	0.381664673163
0.129425731803	1.87528158183e-19	7.44283658279e-13	1.00735090197	0.566938881749	0.381664684216
0.129425731803	1.66653902504e-19	6.9666784719e-13	1.00735093095	0.566938852774	0.38166469471
0.129425731803	1.48103215422e-19	6.52098274367e-13	1.00735095846	0.566938825264	0.381664704673
0.129425731803	1.31617454382e-19	6.10380055662e-13	1.00735098458	0.566938799146	0.381664714132
0.129425731803	1.16966767011e-19	5.71330774704e-13	1.00735100938	0.566938774348	0.381664723113
0.129425731803	1.03946886413e-19	5.34779685273e-13	1.00735103292	0.566938750804	0.381664731639
0.129425731803	9.23758310228e-20	5.00684666078e-13	1.00735105527	0.566938728451	0.381664739735
0.129425731803	8.20492774778e-20	4.72704035419e-13	1.00735107649	0.566938707234	0.381664747419
0.129425731803	7.28771136109e-20	4.4628709486e-13	1.00735109645	0.566938687273	0.381664754648
0.129425731803	6.47302919639e-20	4.21346458004e-13	1.00735111523	0.566938668494	0.381664761449
0.129425731803	5.74941910961e-20	3.97799622017e-13	1.0073511329	0.566938650827	0.381664767848
0.129425731803	5.1067002922e-20	3.75568694715e-13	1.00735114952	0.566938634206	0.381664773867
0.129425731803	4.53583003261e-20	3.54580136896e-13	1.00735116516	0.566938618569	0.38166477953
0.129425731803	4.02877649017e-20	3.34764519075e-13	1.00735117987	0.566938603858	0.381664784858
0.129425731803	3.57840569141e-20	3.16056291815e-13	1.00735119371	0.566938590018	0.381664789871
0.129425731803	3.17838115882e-20	2.98393568892e-13	1.00735120673	0.566938576998	0.381664794586
0.129425731803	2.82307476006e-20	2.81717922575e-13	1.00735121898	0.566938564748	0.381664799022
0.129425731803	2.50748752307e-20	2.65974190353e-13	1.0073512305	0.566938553224	0.381664803196
0.129425731803	2.22717930328e-20	2.51110292456e-13	1.00735124134	0.566938542383	0.381664807123
0.129425731803	1.97820631307e-20	2.37077059575e-13	1.00735125154	0.566938532183	0.381664810817
0.129425731803	1.75706563485e-20	2.23828070218e-13	1.00735126114	0.566938522587	0.381664814292
0.129425731803	1.56064593683e-20	2.11319497144e-13	1.00735127016	0.56693851356	0.381664817561
0.129425731803	1.38618369825e-20	1.99509962387e-13	1.00735127866	0.566938505066	0.381664820637
0.129425731803	1.23122432814e-20	1.88360400373e-13	1.00735128665	0.566938497076	0.381664823531
0.129425731803	1.0935876305e-20	1.77833928703e-13	1.00735129416	0.566938489559	0.381664826253
0.129425731803	9.71337130127e-21	1.67895726137e-13	1.00735130124	0.566938482487	0.381664828814
0.129425731803	8.62752827432e-21	1.58512917412e-13	1.00735130789	0.566938475834	0.381664831224
0.129425731803	7.66306998956e-21	1.4965446449e-13	1.00735131415	0.566938469575	0.381664833491
0.129425731803	6.80642703124e-21	1.41291063885e-13	1.00735132004	0.566938463686	0.381664835624
0.129425731803	6.0455468879e-21	1.33395049729e-13	1.00735132558	0.566938458147	0.38166483763
0.129425731803	5.36972438004e-21	1.25940302254e-13	1.00735133079	0.566938452935	0.381664839517
0.129425731803	4.76945104386e-21	1.18902161388e-13	1.00735133569	0.566938448031	0.381664841293
0.129425731803	4.23628135227e-21	1.1225734518e-13	1.00735134031	0.566938443419	0.381664842964
0.129425731803	3.76271389081e-21	1.05983872785e-13	1.00735134465	0.566938439079	0.381664844536
0.129425731803	3.34208581673e-21	1.00060991751e-13	1.00735134873	0.566938434996	0.381664846014
0.129425731803	2.96847911635e-21	9.44691093734e-14	1.00735135257	0.566938431155	0.381664847405
0.129425731803	2.6363118446e-21	8.94953500446e-14	1.00735135618	0.566938427541	0.381664848714
0.129425731803	2.34080924775e-21	8.4954061459e-14	1.00735135957	0.566938424154	0.381664849941
0.129425731803	2.07842935776e-21	8.06432127993e-14	1.00735136274	0.566938420985	0.381664851089
0.129425731803	1.84545947052e-21	7.65511107855e-14	1.0073513657	0.566938418021	0.381664852162
0.129425731803	1.63860303668e-21	7.26666554934e-14	1.00735136848	0.566938415249	0.381664853166
0.129425731803	1.45493301511e-21	6.89793102451e-14	1.00735137107	0.566938412655	0.381664854105
0.129425731803	1.2918504549e-21	6.54790730285e-14	1.00735137349	0.56693841023	0.381664854984
0.129425731803	1.14704772002e-21	6.21564493666e-14	1.00735137576	0.566938407961	0.381664855805
0.129425731803	1.01847583593e-21	5.90024265633e-14	1.00735137789	0.566938405839	0.381664856574
0.129425731803	9.04315496411e-22	5.60084492563e-14	1.00735137987	0.566938403854	0.381664857293
0.129425731803	8.02951320166e-22	5.31663962105e-14	1.00735138173	0.566938401997	0.381664857965
0.129425731803	7.12948993017e-22	5.0468558289e-14	1.00735138346	0.56693840026	0.381664858594
0.129425731803	6.33034972186e-22	4.7907617542e-14	1.00735138509	0.566938398636	0.381664859183
0.129425731803	5.62078465534e-22	4.54766273564e-14	1.00735138661	0.566938397116	0.381664859733
0.129425731803	4.99075430726e-22	4.3168993613e-14	1.00735138803	0.566938395695	0.381664860248
0.129425731803	4.43134367925e-22	4.09784568002e-14	1.00735138936	0.566938394365	0.381664860729
0.129425731803	3.93463704967e-22	3.88990750343e-14	1.0073513906	0.566938393121	0.38166486118
0.129425731803	3.49360596533e-22	3.69252079424e-14	1.00735139177	0.566938391958	0.381664861601
0.129425731803	3.10200978812e-22	3.50515013629e-14	1.00735139285	0.56693839087	0.381664861995
0.129425731803	2.75430738924e-22	3.32728728217e-14	1.00735139387	0.566938389852	0.381664862364
0.129425731803	2.44557874167e-22	3.15844977463e-14	1.00735139482	0.566938388901	0.381664862708
0.129425731803	2.17145530124e-22	2.99817963788e-14	1.00735139571	0.56693838801	0.381664863031
0.129425731803	1.92805819124e-22	2.84604213533e-14	1.00735139655	0.566938387177	0.381664863333
0.129425731803	1.71194331591e-22	2.70162459037e-14	1.00735139733	0.566938386398	0.381664863615
0.129425731803	1.5200526261e-22	2.56453526693e-14	1.00735139805	0.566938385669	0.381664863879
0.129425731803	1.34967084751e-22	2.43440230695e-14	1.00735139874	0.566938384988	0.381664864126
0.129425731803	1.19838705931e-22	2.31087272165e-14	1.00735139937	0.56693838435	0.381664864356
0.129425731803	1.06406057933e-22	2.19361143406e-14	1.00735139997	0.566938383754	0.381664864572
0.129425731803	9.44790673166e-23	2.08230037013e-14	1.00735140053	0.566938383196	0.381664864774
0.129425731803	8.38889658568e-23	1.97663759594e-14	1.00735140105	0.566938382674	0.381664864963
0.129425731803	7.44710960194e-23	1.88281040641e-14	1.00735140154	0.566938382186	0.38166486514
0.129425731803	6.61079269365e-23	1.79409557447e-14	1.00735140199	0.566938381731	0.381664865305
0.129425731803	5.86839490406e-23	1.70956083488e-14	1.00735140242	0.566938381308	0.381664865458
0.129425731803	5.20936903418e-23	1.6290092288e-14	1.00735140281	0.566938380913	0.381664865601
0.129425731803	4.62435234468e-23	1.55225307772e-14	1.00735140318	0.566938380545	0.381664865735
0.129425731803	4.10503354001e-23	1.47911354626e-14	1.00735140352	0.566938380202	0.381664865859
0.129425731803	3.64403469037e-23	1.40942022543e-14	1.00735140384	0.566938379883	0.381664865974
0.129425731803	3.2348064139e-23	1.34301073562e-14	1.00735140414	0.566938379586	0.381664866082
0.129425731803	2.87153483007e-23	1.27973034831e-14	1.00735140442	0.566938379309	0.381664866182
0.129425731803	2.54905896218e-23	1.21943162548e-14	1.00735140467	0.566938379051	0.381664866276
0.129425731803	2.26279741572e-23	1.16197407616e-14	1.00735140491	0.56693837881	0.381664866363
0.129425731803	2.00868329078e-23	1.10722382909e-14	1.00735140514	0.566938378587	0.381664866444
0.129425731803	1.78310640388e-23	1.05505332077e-14	1.00735140535	0.566938378378	0.381664866519
0.129425731803	1.58286199828e-23	1.00534099828e-14	1.00735140554	0.566938378184	0.38166486659
0.129425731803	1.40510521421e-23	9.57971036091e-15	1.00735140572	0.566938378002	0.381664866655
0.129425731803	1.24731067215e-23	9.1283306615e-15	1.00735140589	0.566938377834	0.381664866716
0.129425731803	1.1072365949e-23	8.6982192077e-15	1.00735140605	0.566938377677	0.381664866773
0.129425731803	9.82892958784e-24	8.28837387588e-15	1.00735140619	0.56693837753	0.381664866826
0.129425731803	8.72513221546e-24	7.89783976075e-15	1.00735140633	0.566938377394	0.381664866876
0.129425731803	7.74529225147e-24	7.52570695054e-15	1.00735140646	0.566938377267	0.381664866922
0.129425731803	6.87548917073e-24	7.17110840699e-15	1.00735140658	0.566938377148	0.381664866965
0.129425731803	6.0925957935e-24	7.03678303397e-15	1.00735140669	0.566938377038	0.381664867005
0.129425731803	5.39780921056e-24	6.9173094952e-15	1.00735140679	0.566938376939	0.381664867041
0.129425731803	4.78225460231e-24	6.79986442972e-15	1.00735140688	0.566938376849	0.381664867073
0.129425731803	4.23689652397e-24	6.68441339724e-15	1.00735140696	0.566938376768	0.381664867102
0.129425731803	3.75372991353e-24	6.57092254221e-15	1.00735140703	0.566938376695	0.381664867129
0.129425731803	3.32566258911e-24	6.45935858388e-15	1.00735140709	0.566938376629	0.381664867153
0.129425731803	2.94641114607e-24	6.34968880658e-15	1.00735140715	0.56693837657	0.381664867174
0.129425731803	2.6104087258e-24	6.24188105007e-15	1.00735140721	0.566938376517	0.381664867193
0.129425731803	2.31272330232e-24	6.13590370018e-15	1.00735140726	0.566938376469	0.381664867211
0.129425731803	2.04898528733e-24	6.03172567946e-15	1.0073514073	0.566938376425	0.381664867226
0.129425731803	1.81532339103e-24	5.92931643813e-15	1.00735140734	0.566938376386	0.381664867241
0.129425731803	1.60830779723e-24	5.82864594509e-15	1.00735140737	0.566938376351	0.381664867253
0.129425731803	1.42489981863e-24	5.72968467912e-15	1.0073514074	0.566938376319	0.381664867265
0.129425731803	1.26240729332e-24	5.63240362022e-15	1.00735140743	0.566938376291	0.381664867275
0.129425731803	1.11844506777e-24	5.53677424112e-15	1.00735140746	0.566938376265	0.381664867285
0.129425731803	9.90899986282e-25	5.44276849888e-15	1.00735140748	0.566938376242	0.381664867293
0.129425731803	8.77899872871e-25	5.3503588267e-15	1.0073514075	0.566938376221	0.381664867301
0.129425731803	7.77786050515e-25	5.25951812581e-15	1.00735140752	0.566938376202	0.381664867307
0.129425731803	6.89088994167e-25	5.17021975753e-15	1.00735140754	0.566938376185	0.381664867314
0.129425731803	6.10506760269e-25	5.08243753549e-15	1.00735140755	0.56693837617	0.381664867319
0.129425731803	5.40887427194e-25	4.99583454451e-15	1.00735140757	0.566938376156	0.381664867324
0.129425731803	4.7920839775e-25	4.91058945964e-15	1.00735140758	0.566938376143	0.381664867329
0.129425731803	4.24562814605e-25	4.82679893145e-15	1.00735140759	0.566938376132	0.381664867333
0.129425731803	3.76148632603e-25	4.74443814049e-15	1.0073514076	0.566938376122	0.381664867336
0.129425731803	3.33255266221e-25	4.66348269084e-15	1.00735140761	0.566938376113	0.38166486734
0.129425731803	2.95253160156e-25	4.58390860282e-15	1.00735140762	0.566938376105	0.381664867343
0.129425731803	2.61584549197e-25	4.50569230594e-15	1.00735140763	0.566938376097	0.381664867345
0.129425731803	2.31755271789e-25	4.42881063189e-15	1.00735140763	0.566938376091	0.381664867348
0.129425731803	2.05327517114e-25	4.35324080771e-15	1.00735140764	0.566938376085	0.38166486735
0.129425731803	1.81913399245e-25	4.27896044898e-15	1.00735140764	0.566938376079	0.381664867352
0.129425731803	1.61169264062e-25	4.20594755326e-15	1.00735140765	0.566938376074	0.381664867354
0.129425731803	1.42790645363e-25	4.13418049353e-15	1.00735140765	0.56693837607	0.381664867355
0.129425731803	1.26507796147e-25	4.06363801181e-15	1.00735140766	0.566938376066	0.381664867357
0.129425731803	1.12081729481e-25	3.99429921283e-15	1.00735140766	0.566938376062	0.381664867358
0.129425731803	9.93007108336e-26	3.92614355788e-15	1.00735140766	0.566938376059	0.381664867359
0.129425731803	8.7977150404e-26	3.8591508587e-15	1.00735140767	0.566938376056	0.38166486736
0.129425731803	7.79448498226e-26	3.79330127149e-15	1.00735140767	0.566938376054	0.381664867361
0.129425731803	6.90565628231e-26	3.72857529109e-15	1.00735140767	0.566938376051	0.381664867362
0.129425731803	6.11818340762e-26	3.66495374512e-15	1.00735140767	0.566938376049	0.381664867363
0.129425731803	5.42050844684e-26	3.60241778836e-15	1.00735140768	0.566938376047	0.381664867363
0.129425731803	4.80205644121e-26	3.55255670953e-15	1.00735140768	0.566938376045	0.381664867364
0.129425731803	4.25026658859e-26	3.54669426703e-15	1.00735140768	0.566938376044	0.381664867365
0.129425731803	3.76188124718e-26	3.54084149876e-15	1.00735140768	0.566938376043	0.381664867365
0.129425731803	3.32961479544e-26	3.53499838874e-15	1.00735140768	0.566938376041	0.381664867366
0.129425731803	2.94701878064e-26	3.52916492105e-15	1.00735140768	0.56693837604	0.381664867366
0.129425731803	2.60838572238e-26	3.52334107977e-15	1.00735140768	0.566938376039	0.381664867366
0.129425731803	2.30866396964e-26	3.51752684901e-15	1.00735140769	0.566938376038	0.381664867367
0.129425731803	2.04338234141e-26	3.51172221292e-15	1.00735140769	0.566938376038	0.381664867367
0.129425731803	1.80858342666e-26	3.50592715567e-15	1.00735140769	0.566938376037	0.381664867367
0.129425731803	1.6007645485e-26	3.50014166143e-15	1.00735140769	0.566938376036	0.381664867367
0.129425731803	1.41682551215e-26	3.49436571445e-15	1.00735140769	0.566938376036	0.381664867368
0.129425731803	1.25402235686e-26	3.48859929895e-15	1.00735140769	0.566938376035	0.381664867368
0.129425731803	1.10992642214e-26	3.48284239921e-15	1.00735140769	0.566938376035	0.381664867368
0.129425731803	9.82388117585e-27	3.47709499953e-15	1.00735140769	0.566938376035	0.381664867368
0.129425731803	8.69504855747e-27	3.47135708423e-15	1.00735140769	0.566938376034	0.381664867368
0.129425731803	7.69592669775e-27	3.46562863766e-15	1.00735140769	0.566938376034	0.381664867368
