0.0	0.0376359558683	0.35637463795	1.0	0.0	0.0
1.49277848477e-12	0.0376359502802	0.356374611099	1.00000001418	1.49277851183e-08	0.0001
1.86311285833e-12	0.0376359496637	0.356374608137	1.00000001575	1.73044541255e-08	0.000107666666164
2.32532123826e-12	0.0376359489489	0.356374604703	1.00000001756	2.00595153128e-08	0.000115921109996
2.90219608651e-12	0.0376359481204	0.356374600721	1.00000001966	2.32532128141e-08	0.000124808394424
3.6221843068e-12	0.03763594716	0.356374596107	1.0000000221	2.69553823102e-08	0.000134377037197
4.5207900198e-12	0.0376359460467	0.356374590757	1.00000002493	3.12469781389e-08	0.000144679275753
5.64232534386e-12	0.0376359447561	0.356374584556	1.0000000282	3.62218435448e-08	0.000155771352387
7.04209551561e-12	0.03763594326	0.356374577367	1.000000032	4.19887624803e-08	0.000167713821298
8.7891261029e-12	0.0376359415258	0.356374569034	1.0000000364	4.86738388106e-08	0.000180571879157
1.0969566794e-11	0.0376359395154	0.356374559374	1.0000000415	5.64232529948e-08	0.00019441572103
1.36909396103e-11	0.037635937185	0.356374548176	1.00000004742	6.54064595226e-08	0.000209320923585
1.70874410284e-11	0.0376359344835	0.356374535195	1.00000005427	7.58198915008e-08	0.000225368857673
2.13265594708e-11	0.0376359313519	0.356374520148	1.00000006222	8.78912564307e-08	0.000242647132548
2.66173344813e-11	0.0376359277218	0.356374502705	1.00000007144	1.01884515325e-07	0.000261250074127
3.32206648605e-11	0.0376359235137	0.356374482485	1.00000008212	1.1810565474e-07	0.000281279239935
4.14621740711e-11	0.0376359186356	0.356374459046	1.0000000945	1.36909377076e-07	0.000302843973506
5.17482673227e-11	0.0376359129809	0.356374431874	1.00000010885	1.58706857337e-07	0.0003260620013
6.45861721325e-11	0.0376359064258	0.356374400377	1.00000012549	1.83974734129e-07	0.000351060075373
8.06089505864e-11	0.0376358988272	0.356374363865	1.00000014477	2.13265531161e-07	0.000377974665314
1.00606716679e-10	0.0376358900187	0.35637432154	1.00000016713	2.47219740179e-07	0.000406952703226
1.25565598086e-10	0.0376358798079	0.356374272477	1.00000019304	2.8657982501e-07	0.000438152385813
1.56716363599e-10	0.0376358679714	0.356374215602	1.00000022308	3.32206457449e-07	0.000471744037949
1.95595114065e-10	0.0376358542504	0.356374149671	1.00000025791	3.85097336046e-07	0.000507911042451
2.44119029499e-10	0.0376358383448	0.356374073245	1.00000029828	4.46409002434e-07	0.000546850841105
3.04680907459e-10	0.037635819907	0.35637398465	1.00000034507	5.17482130256e-07	0.000588776012433
3.80267154311e-10	0.0376357985336	0.356373881949	1.00000039932	5.99870839535e-07	0.000633915432057
4.74605047421e-10	0.0376357737574	0.356373762898	1.0000004622	6.95376679525e-07	0.000682515521998
5.92346529559e-10	0.0376357450365	0.356373624893	1.00000053509	8.06088020146e-07	0.000734841595718
7.39297598043e-10	0.0376357117431	0.356373464916	1.00000061959	9.34425714954e-07	0.000791179306239
9.22704599197e-10	0.037635673149	0.356373279469	1.00000071754	1.0831960335e-06	0.000851836205224
1.1516115443e-09	0.0376356284104	0.356373064497	1.00000083109	1.25565202055e-06	0.000917143421524
1.43730606473e-09	0.0376355765489	0.3563728153	1.00000096272	1.45556462225e-06	0.000987457468316
1.793875994e-09	0.0376355164308	0.356372526428	1.0000011153	1.68730513544e-06	0.00106316218869
2.23890401807e-09	0.0376354467413	0.356372191565	1.00000129217	1.95594078135e-06	0.00114467085025
2.7943346416e-09	0.0376353659567	0.356371803389	1.0000014972	2.26734549205e-06	0.00123242840015
3.48755621213e-09	0.0376352723107	0.356371353412	1.00000173488	2.628328332e-06	0.00132691389277
4.35275134439e-09	0.0376351637556	0.356370831795	1.0000020104	3.0467823603e-06	0.00142864310329
5.43258231593e-09	0.037635037918	0.356370227133	1.00000232978	3.53185718469e-06	0.00153817134128
6.78029451403e-09	0.0376348920465	0.356369526205	1.0000027	4.09415898003e-06	0.00165609647957
8.46234161512e-09	0.0376347229517	0.356368713685	1.00000312917	4.7459823368e-06	0.00178306221489
1.05616618859e-08	0.0376345269366	0.356367771808	1.00000362667	5.50157900556e-06	0.00191976157775
1.31817670752e-08	0.0376342997157	0.356366679979	1.00000420337	6.37746940375e-06	0.00206694071068
1.64518453948e-08	0.0376340363215	0.356365414329	1.00000487188	7.39280368547e-06	0.00222540293509
2.05331300341e-08	0.0376337309956	0.356363947185	1.00000564683	8.56978025402e-06	0.00239601312874
2.56268469747e-08	0.0376333770632	0.356362246471	1.00000654514	9.93413084672e-06	0.00257970243714
3.19841336228e-08	0.0376329667874	0.356360275006	1.00000758646	1.15156827728e-05	0.00277747334433
3.99184167822e-08	0.0376324911999	0.356357989691	1.00000879356	1.33490105593e-05	0.00299040512994
4.98208595064e-08	0.0376319399053	0.356355340568	1.00001019283	1.54741912027e-05	0.00321965974151
6.21796373189e-08	0.0376313008544	0.356352269726	1.00001181484	1.79376794754e-05	0.00346648811342
7.76039925819e-08	0.0376305600807	0.356348710042	1.00001369507	2.07933223313e-05	0.00373223696537
9.68542506192e-08	0.0376297013962	0.356344583711	1.0000158746	2.41035344717e-05	0.00401835611625
1.20879274043e-07	0.0376287060379	0.356339800549	1.00001840107	2.79406606087e-05	0.00432640635145
1.50863196868e-07	0.0376275522592	0.356334256025	1.0000213297	3.23885539927e-05	0.00465806788398
1.88283735213e-07	0.0376262148554	0.356327828978	1.00002472449	3.75444054193e-05	0.00501514945302
2.34984938781e-07	0.0376246646152	0.356320378982	1.00002865962	4.35208623087e-05	0.00539959810559
2.93267954408e-07	0.0376228676846	0.356311743275	1.00003322105	5.04484836513e-05	0.00581350971037
3.66004253947e-07	0.0376207848309	0.356301733222	1.00003850844	5.84785837741e-05	0.00625914025531
4.56776876009e-07	0.0376183705897	0.356290130201	1.00004463727	6.77865261361e-05	0.00673891798364
5.70056597391e-07	0.0376155722781	0.356276680851	1.00005174138	7.85755378602e-05	0.00725545642566
7.11421650525e-07	0.037612328852	0.356261091558	1.00005997587	9.10811266545e-05	0.00781156838647
8.8783171901e-07	0.0376085695844	0.356243022082	1.00006952049	0.000105576194334	0.00841028095213
1.10796957402e-06	0.0376042125358	0.35622207817	1.00008058351	0.000122376955581	0.00905485157916
1.38266698381e-06	0.0375991627857	0.356197803014	1.00009340627	0.000141849787104	0.00974878533368
1.72543558851e-06	0.037593310388	0.35616966736	1.00010826837	0.000164419151215	0.0104958533478
2.15312847056e-06	0.0375865280083	0.35613705808	1.00012549376	0.000190576759422	0.0113001125604
2.68676439625e-06	0.0375786681959	0.356099264941	1.00014545768	0.000220892166063	0.0121659268097
3.35255443783e-06	0.0375695602343	0.356055465328	1.0001685948	0.000256025009793	0.0130979893393
4.18318024934e-06	0.037559006509	0.356004706588	1.00019540851	0.000296739152024	0.0141013467786
5.21938507931e-06	0.0375467783218	0.355945885641	1.00022648173	0.00034391899655	0.015181424647
6.5119531597e-06	0.037532611071	0.355877725466	1.00026248935	0.000398588313819	0.0163440544219
8.12417101482e-06	0.0375161987093	0.355798747973	1.00030421258	0.000461931936708	0.0175955021959
1.01348862012e-05	0.0374971873772	0.355707242766	1.00035255553	0.000535320742255	0.0189424989239
1.26423058621e-05	0.0374751681029	0.355601231188	1.00040856421	0.00062034038533	0.0203922722361
1.57687102395e-05	0.0374496684449	0.355478424993	1.00047344846	0.000718824305161	0.0219525797532
1.96662960519e-05	0.0374201429463	0.355336178909	1.00054860714	0.000832891582826	0.0236317437921
2.45244126804e-05	0.0373859622562	0.355171436277	1.00063565691	0.000964990285661	0.0254386872879
3.05785117617e-05	0.0373464007728	0.354980666874	1.00073646534	0.00111794699029	0.0273829706793
3.81211994994e-05	0.0373006226522	0.354759795959	1.00085318857	0.00129502322568	0.0294748294023
4.75158621195e-05	0.037247666037	0.354504123517	1.00098831435	0.00149997961586	0.0317252115142
5.92133518216e-05	0.0371864257204	0.354195420561	1.00114471083	0.00173714623496	0.034145814809
7.37701942189e-05	0.0371156444414	0.353723543664	1.001325686	0.00201143564791	0.0367492133205
9.18799500379e-05	0.0370338641974	0.353178003469	1.00153509679	0.00232857507687	0.0395495367018
0.00011439836467	0.0369394308423	0.352547606578	1.00177732716	0.00269511205031	0.0425611091198
0.000142382290817	0.0368304586973	0.351819553176	1.00205741196	0.00311854426178	0.045799182527
0.000177134767588	0.0367048040658	0.350979239014	1.00238112489	0.00360744042713	0.0492799653075
0.000220259255213	0.0365600377788	0.350010044171	1.00275507541	0.00417157062079	0.0530206437828
0.00027372446968	0.0363934175688	0.348893111983	1.00318681447	0.0048220446134	0.0570393940517
0.000339941300333	0.036201861436	0.347607123519	1.00368494847	0.00557145566374	0.0613553811115
0.000421853229626	0.0359819236436	0.346128075633	1.00425926001	0.00643402578704	0.0659887416261
0.000523041450418	0.0357297755616	0.34442907397	1.00492083362	0.00742574665365	0.070960546065
0.000647845416123	0.0354411942805	0.3424801565	1.00568218281	0.00856450788983	0.0762927352768
0.000801496585093	0.035111566825	0.340221530358	1.00655737386	0.00987017446733	0.0820080259057
0.000990230243758	0.0347359796995	0.337502744355	1.00756219704	0.0113641583045	0.0881302404688
0.00122155204731	0.0343090698281	0.334403361118	1.00871453288	0.0130704871928	0.094685673992
0.00150430928726	0.0338252861615	0.330879206025	1.01003380226	0.015014999883	0.101698937742
0.0018488826243	0.0332789210533	0.326883725906	1.01154130715	0.0172253042182	0.109194765089
0.00226733302693	0.0326642563087	0.322368734681	1.01326020039	0.019730444974	0.117197697716
0.0027735151997	0.0319757573017	0.317285690733	1.01521537769	0.0225603968049	0.125731712897
0.00338313446092	0.0312083198571	0.311587143649	1.01743326968	0.0257453445461	0.134819786811
0.00411371972087	0.0303575701943	0.305228313522	1.01994151323	0.0293147208268	0.144483401445
0.00498448088869	0.0294202137957	0.298169547922	1.02276848419	0.033295972714	0.154742013533
0.00601601951099	0.0283944200992	0.290379015866	1.02594267287	0.0377130613957	0.165612487222
0.00722986201288	0.0272802234465	0.281835615008	1.02949189595	0.0425847011797	0.177108518705
0.00864779474228	0.0260799095943	0.272531359514	1.03344235001	0.047922387964	0.189240084543
0.0102910036053	0.0247983423285	0.262476734885	1.03781753845	0.0537283429742	0.20201298117
0.0121790234013	0.0234431946396	0.251700157524	1.04263707094	0.0599934616678	0.215428364254
0.0143285543723	0.0220250276536	0.240251297485	1.04791547538	0.0666954493279	0.229482572233
0.0167522279084	0.02055717673	0.228201692615	1.05366104219	0.0737974159644	0.24416707514
0.0194574278679	0.0190554190109	0.215645564872	1.05987482479	0.0812471255741	0.259468657149
0.0224452713579	0.0175374305267	0.20269589188	1.06654985469	0.08897704706	0.275369742297
0.0257098917437	0.0160220472859	0.189480442828	1.07367073869	0.0969053879013	0.291849056268
0.0292403374078	0.0145275652106	0.17678108445	1.08121368599	0.10494699332	0.308882540692
0.0330687929296	0.0130531973359	0.168777632984	1.0891252211	0.113223461561	0.326382394992
0.0371278372293	0.0116289774837	0.161173960551	1.0971570282	0.121656062381	0.343818868224
0.0413558443014	0.0102716552249	0.153386772481	1.10522492013	0.130092587303	0.361042657984
0.0456925008954	0.0089929819002	0.145462772784	1.11326359308	0.138394174568	0.377959697794
0.0500708293083	0.00780321281096	0.137455742793	1.12120241731	0.146422098875	0.394473411457
0.0544207790443	0.00671034867563	0.12942459509	1.128969314	0.154045119648	0.410488963728
0.0586733227539	0.00571959393957	0.121432397308	1.1364946333	0.16114722783	0.425917184954
0.0627643013302	0.00483314236789	0.113541925592	1.1437146096	0.167633931628	0.440677760038
0.0666378460357	0.0040502207338	0.105811545413	1.1505743054	0.173436994641	0.454701962633
0.0702490226471	0.00336736338236	0.0982964325356	1.15702982068	0.178517018366	0.467934813322
0.0735653055572	0.00277888943378	0.0910445943616	1.16304935249	0.182863393315	0.480335988141
0.0765680059008	0.00227730715487	0.084181095131	1.16861348446	0.186494976651	0.491880224121
0.0792497765259	0.00185421863433	0.0776979925966	1.173709403	0.189455396384	0.502545691078
0.0816120075678	0.00150102063154	0.0715525340196	1.17833710597	0.19179735457	0.512328555623
0.0836669494648	0.00120879394655	0.0657596005506	1.1825099585	0.193586399869	0.521246792924
0.0854365324083	0.000968614159783	0.0608827149967	1.18624849876	0.194902018773	0.529329434274
0.0870004465791	0.000765365402658	0.0605346659728	1.18954896029	0.196001522659	0.536546396612
0.0883041868008	0.000602079059349	0.0601820845752	1.19222365468	0.196947090925	0.542451357881
0.0893755941466	0.000471811195212	0.0598259564632	1.19437514681	0.197739728021	0.547237357475
0.0902454007776	0.000368527615441	0.0594672259132	1.19609442928	0.198390761345	0.551084864559
0.0909380504975	0.000287801826546	0.0559968065915	1.19746056367	0.198899875783	0.554156562568
0.0914615189562	0.000227705496793	0.0487282462688	1.19860287627	0.199167785085	0.556736021347
0.0918827897278	0.000180011123113	0.0422233209892	1.1996473381	0.199253093084	0.559105418785
0.0922211348289	0.000142218710627	0.036450420085	1.20060462025	0.199199180764	0.561287863398
0.092492449422	0.00011230493967	0.0313716996167	1.20148399771	0.199041098549	0.563303109872
0.0927097343051	8.86451009208e-05	0.0269386242114	1.20229330987	0.198807053311	0.56516759638
0.0928835238785	6.99454552798e-05	0.0230916378503	1.20303912652	0.198519522149	0.56689489031
0.0930223895737	5.51719745235e-05	0.0197710747747	1.20372708776	0.198196362679	0.568496506959
0.0931332337997	4.35056357985e-05	0.0169157399435	1.20436197979	0.197851608927	0.569982101577
0.0932216175704	3.42972191923e-05	0.0144656099229	1.20494797469	0.197496170312	0.571360032414
0.0932920170775	2.70323262698e-05	0.0123642459542	1.20548883803	0.197138357048	0.572637849219
0.0933480318636	2.13035526075e-05	0.0105573030363	1.20598809464	0.196784305572	0.573822685042
0.0933925635552	1.67873689469e-05	0.00901017701384	1.20644928479	0.196438224314	0.574921866434
0.0934278507502	1.32367821e-05	0.00763979120691	1.20687541925	0.19610305979	0.575941610889
0.0934558715789	1.04380682891e-05	0.00647180988137	1.20727193173	0.195778604384	0.576894107381
0.093478028071	8.24034327556e-06	0.00532628788231	1.20764122475	0.195466154838	0.577784440714
0.0934951791742	6.55015781349e-06	0.00423967840395	1.20799558384	0.19515570318	0.578641754118
0.0935089023306	5.20646394884e-06	0.00337462817925	1.20834950745	0.194836837114	0.579500990627
0.0935199112926	4.13550781135e-06	0.00273129460359	1.20870298511	0.19451142319	0.580362164165
0.0935288659615	3.27006410517e-06	0.00226137524555	1.2090499413	0.194187244191	0.581210425095
0.0935359928835	2.58563354933e-06	0.00187224759688	1.20938137479	0.193873900161	0.582023519674
0.0935416633462	2.04438656726e-06	0.00155003726453	1.2096979705	0.193571667691	0.582802780078
0.0935461736466	1.61638976788e-06	0.00128324791379	1.21000038493	0.193280655398	0.583549498508
0.093549760131	1.27796099958e-06	0.00106235506865	1.21028924694	0.193000843047	0.584264927519
0.0935526112452	1.01036597926e-06	0.000879468854865	1.2105651586	0.192732112539	0.584950280426
0.0935548771821	7.98785953718e-07	0.000728054127369	1.21082869614	0.192474272408	0.585606731772
0.0935566632428	6.32829665434e-07	0.000573148018958	1.21108041083	0.192227041182	0.586235417858
0.0935579819747	5.10863460313e-07	0.00039586386571	1.21133372603	0.191977031519	0.586869773174
0.0935591503618	4.03350835708e-07	0.000221750676998	1.21162968152	0.191683999943	0.587613046418
0.0935599897377	3.26582387767e-07	0.000163965899743	1.21204634188	0.19126943697	0.588663394913
0.0935607376361	2.58754078713e-07	0.000133732412916	1.21250241984	0.190815222632	0.589818420882
0.0935613358557	2.04970172572e-07	0.000109843905556	1.21294552363	0.190373605197	0.590945944117
0.0935618196903	1.61837889289e-07	9.19820498151e-05	1.21337292493	0.189947402639	0.592038547352
0.0935621960043	1.28559652793e-07	7.35908482967e-05	1.21377601353	0.189545243892	0.593073561244
0.0935624982749	1.02036732132e-07	5.92168685503e-05	1.21417624925	0.189145753149	0.594105662158
0.0935627438946	8.06517905946e-08	4.93464550347e-05	1.21457104126	0.18875156494	0.595128060748
0.0935629403408	6.36772767495e-08	4.13173543037e-05	1.21494558288	0.188377505011	0.596102022116
0.0935630965998	5.02719129658e-08	3.46014740765e-05	1.21529883376	0.188024636356	0.597024214415
0.0935632208275	3.96865995249e-08	2.89809265696e-05	1.21563191234	0.187691860965	0.597896960586
0.0935633195285	3.13301588284e-08	2.4268098071e-05	1.21594591085	0.18737810282	0.598722585758
0.093563397299	2.47853963748e-08	1.98232155689e-05	1.21624198338	0.187082219308	0.599503643913
0.0935634589424	1.96276073349e-08	1.637982498e-05	1.2165287521	0.186795600123	0.600262545342
0.0935635086232	1.5493949081e-08	1.37166316678e-05	1.21680361616	0.18652085635	0.600992157615
0.093563548057	1.2230318174e-08	1.14878037544e-05	1.21706275986	0.186261807961	0.601682035595
0.093563578858	9.69387637953e-09	9.32240271536e-06	1.21730704067	0.186017601474	0.602334126402
0.0935636037015	7.65786493835e-09	7.78037457897e-06	1.21754564689	0.185779055097	0.602972743725
0.0935636234776	6.04467000927e-09	6.51591859203e-06	1.2177715244	0.185553225154	0.603578823844
0.0935636391599	4.77104098269e-09	5.45727903356e-06	1.21798444489	0.185340342335	0.604151505319
0.0935636515883	3.76586681949e-09	4.56946398713e-06	1.21818512725	0.185139689785	0.604692490058
0.0935636614409	2.9721259849e-09	3.82890931088e-06	1.21837432696	0.184950513674	0.605203608079
0.0935636691924	2.34995847847e-09	3.14266296725e-06	1.21855254817	0.18477231101	0.605686036195
0.0935636753218	1.85971113021e-09	2.60274125248e-06	1.21872424297	0.184600630856	0.60615168888
0.0935636802393	1.46772780241e-09	2.18038779183e-06	1.21888831762	0.184436567944	0.606597494247
0.0935636841329	1.15835049588e-09	1.8265532039e-06	1.21904290677	0.184281988077	0.607018261201
0.0935636872154	9.14171670434e-10	1.53016474656e-06	1.21918855756	0.18413634463	0.607415353058
0.0935636896551	7.21457055317e-10	1.28186034649e-06	1.21932578171	0.183999126285	0.607790052769
0.0935636915859	5.69357713942e-10	1.07403466477e-06	1.21945506563	0.183869846954	0.608143588587
0.0935636931139	4.49295259093e-10	9.0015512442e-07	1.21957684496	0.183748071252	0.60847706271
0.0935636943226	3.54547364567e-10	7.54420158891e-07	1.21969151539	0.183633403697	0.608791479034
0.0935636952786	2.7977583554e-10	6.32311667219e-07	1.21979949119	0.183525430163	0.609087902482
0.0935636960296	2.21162890257e-10	5.08017507307e-07	1.21990115617	0.183423766965	0.609367323534
0.0935636966111	1.7587488943e-10	4.12023652362e-07	1.22000118675	0.183323737755	0.609642558411
0.0935636970884	1.38772655795e-10	3.45514343851e-07	1.22009926872	0.18322565692	0.609912726703
0.0935636974658	1.09494978631e-10	2.89764395194e-07	1.22019156198	0.183133364551	0.610167217149
0.0935636977641	8.6393538068e-11	2.43008546854e-07	1.22027839895	0.183046528287	0.610406899291
0.0935636979999	6.81631445591e-11	2.03887479165e-07	1.22036010178	0.18296482601	0.610632620551
0.0935636981863	5.3776447194e-11	1.71101247754e-07	1.22043693646	0.182887991772	0.610845078566
0.0935636983336	4.24270776094e-11	1.43513636538e-07	1.22050917298	0.182815755601	0.61104498675
0.0935636984485	3.35820329792e-11	1.17479806766e-07	1.22057712247	0.182747806387	0.611233176798
0.0935636985406	2.65097450103e-11	9.83921394786e-08	1.22064282613	0.182682102944	0.611415281515
0.0935636986135	2.09106855779e-11	8.26702764536e-08	1.22070475698	0.182620172258	0.611587050806
0.0935636986711	1.64941036882e-11	6.94603084954e-08	1.22076289993	0.182562029445	0.611748421325
0.0935636987166	1.30102916918e-11	5.83609642478e-08	1.22081748645	0.182507443031	0.611900015914
0.0935636987526	1.02604891433e-11	4.9104848119e-08	1.22086873391	0.182456195663	0.612042420902
0.093563698781	8.09154889983e-12	4.13227713201e-08	1.22091676972	0.182408159913	0.612175974939
0.0935636988034	6.38106899987e-12	3.47738827286e-08	1.22096178673	0.182363142956	0.612301200358
0.0935636988211	5.03214923034e-12	2.92627872913e-08	1.22100397453	0.182320955204	0.612418612397
0.093563698835	3.96737294319e-12	2.46759923446e-08	1.2210435108	0.182281418962	0.612528694924
0.0935636988461	3.12771528228e-12	2.08128434032e-08	1.22108047637	0.182244453421	0.6126316634
0.0935636988548	2.46575506541e-12	1.75544472399e-08	1.22111502852	0.182209901289	0.612727947449
0.0935636988616	1.94388821902e-12	1.48061423846e-08	1.22114732475	0.182177605079	0.612817978454
0.093563698867	1.53205248246e-12	1.25178274919e-08	1.22117751227	0.182147417572	0.612902160281
0.0935636988713	1.20734036639e-12	1.058772079e-08	1.22120565404	0.182119275805	0.612980662702
0.0935636988747	9.51447058889e-13	8.95519761861e-09	1.22123187463	0.182093055231	0.613053827963
0.0935636988774	7.49787926663e-13	7.5743801935e-09	1.22125630512	0.182068624743	0.613122017379
0.0935636988795	5.90739487879e-13	6.42145458737e-09	1.22127906769	0.182045862179	0.613185568005
0.0935636988811	4.65330980798e-13	5.44873708029e-09	1.22130022203	0.182024707844	0.613244643029
0.0935636988824	3.66544750321e-13	4.62335933567e-09	1.22131986058	0.182005069294	0.613299497541
0.0935636988834	2.88729511732e-13	3.92300490538e-09	1.22133809193	0.181986837949	0.613350432153
0.0935636988842	2.27540302292e-13	3.29459323156e-09	1.22135501688	0.181969913002	0.613397726193
0.0935636988849	1.7964240332e-13	2.76054215066e-09	1.22137089927	0.181954030606	0.613442115079
0.0935636988854	1.41401627489e-13	2.35516356885e-09	1.22138586432	0.181939065566	0.613483947267
0.0935636988858	1.11301045171e-13	2.00931159799e-09	1.22139967139	0.181925258489	0.613522548738
0.0935636988861	8.7607929297e-14	1.71424569836e-09	1.22141241009	0.181912519793	0.61355816851
0.0935636988863	6.89583684883e-14	1.46250864043e-09	1.22142416306	0.181900766824	0.613591036481
0.0935636988865	5.42787673924e-14	1.24773810686e-09	1.22143500657	0.181889923318	0.613621364883
0.0935636988867	4.27196818312e-14	1.06704043123e-09	1.22144501097	0.181879918912	0.613649349635
0.0935636988868	3.36030446634e-14	9.14910180812e-10	1.22145421834	0.181870711548	0.613675107619
0.0935636988869	2.6431923821e-14	7.84468917837e-10	1.22146266513	0.181862264758	0.61369874018
0.093563698887	2.07911486262e-14	6.72624592335e-10	1.22147041416	0.181854515725	0.613720422501
0.093563698887	1.63541430505e-14	5.7672594165e-10	1.22147752307	0.181847406816	0.613740315355
0.0935636988871	1.28640208308e-14	4.9449965932e-10	1.22148404473	0.181840885157	0.613758566289
0.0935636988871	1.01178037596e-14	4.24880313512e-10	1.22149002764	0.181834902242	0.613775310706
0.0935636988872	7.95399675342e-15	3.65862004867e-10	1.22149550441	0.18182942548	0.613790639529
0.0935636988872	6.2529400834e-15	3.15041542111e-10	1.22150050446	0.181824425429	0.613804634905
0.0935636988872	4.9156714867e-15	2.71280245175e-10	1.22150506929	0.181819860599	0.613817412759
0.0935636988872	3.86439210028e-15	2.33597590374e-10	1.22150923678	0.181815693109	0.613829078947
0.0935636988872	3.03794069643e-15	2.01149244674e-10	1.22151304151	0.181811888375	0.613839730131
0.0935636988872	2.38812056968e-15	1.73400110005e-10	1.22151651506	0.181808414823	0.613849454579
0.0935636988872	1.87650976907e-15	1.49833468099e-10	1.2215196826	0.18180524729	0.613858322633
0.0935636988872	1.47450153319e-15	1.29469712999e-10	1.22152256303	0.18180236686	0.613866387167
0.0935636988872	1.15861584133e-15	1.11873554926e-10	1.22152518238	0.181799747509	0.613873720962
0.0935636988872	9.10402718137e-16	9.66688608505e-11	1.22152756431	0.181797365576	0.613880390209
0.0935636988872	7.15364678313e-16	8.35306152939e-11	1.22152973034	0.181795199541	0.613886455109
0.0935636988872	5.62110005252e-16	7.21779735622e-11	1.22153170005	0.181793229836	0.613891970411
0.0935636988873	4.41505927777e-16	6.25595572089e-11	1.22153349122	0.181791438666	0.613896985909
0.0935636988873	3.46776804032e-16	5.42237147283e-11	1.22153511439	0.181789815497	0.613901531069
0.0935636988873	2.7237261712e-16	4.69985879416e-11	1.22153658529	0.1817883446	0.613905649912
0.0935636988873	2.13932496974e-16	4.07361800185e-11	1.2215379182	0.181787011691	0.613909382418
0.0935636988873	1.68031226383e-16	3.53082136169e-11	1.22153912606	0.181785803824	0.613912764818
0.0935636988873	1.31978492085e-16	3.0603503467e-11	1.22154022062	0.181784709269	0.613915829948
0.0935636988873	1.03651889649e-16	2.65670472847e-11	1.22154121249	0.181783717397	0.613918607563
0.0935636988873	8.1382869294e-17	2.30889644452e-11	1.22154210983	0.181782820055	0.613921120485
0.0935636988873	6.38982134694e-17	2.00662209114e-11	1.22154292052	0.181782009369	0.613923390757
0.0935636988873	5.01700327153e-17	1.7439205459e-11	1.22154365292	0.18178127697	0.61392544181
0.0935636988873	3.93912722193e-17	1.51561108617e-11	1.22154431459	0.181780615298	0.613927294808
0.0935636988873	3.09282672822e-17	1.31719122457e-11	1.22154491236	0.181780017523	0.613928968875
0.0935636988873	2.42834918005e-17	1.14474791887e-11	1.22154545241	0.181779477475	0.613930481287
0.0935636988873	1.90578730468e-17	9.98168199043e-12	1.22154594031	0.18177898958	0.613931847655
0.0935636988873	1.49566639778e-17	8.70381770817e-12	1.22154637944	0.181778550446	0.613933077469
0.0935636988873	1.17380246101e-17	7.58954653065e-12	1.22154677467	0.181778155215	0.613934184337
0.0935636988873	9.21202842514e-18	6.61792521077e-12	1.22154713039	0.181777799497	0.61393518055
0.0935636988873	7.22962049129e-18	5.77069165043e-12	1.22154745054	0.181777479343	0.613936077169
0.0935636988873	5.67382204716e-18	5.03192166335e-12	1.22154773869	0.181777191196	0.613936884151
0.0935636988873	4.45276443541e-18	4.38914734464e-12	1.22154799803	0.181776931856	0.613937610457
0.0935636988873	3.49399833009e-18	3.83162720097e-12	1.22154823136	0.181776698523	0.613938263932
0.0935636988873	2.74167297227e-18	3.34492455305e-12	1.2215484411	0.18177648879	0.613938851312
0.0935636988873	2.15133773426e-18	2.92004401317e-12	1.22154862961	0.181776300271	0.613939379284
0.0935636988873	1.68811304744e-18	2.54913280371e-12	1.22154879907	0.181776130819	0.613939853855
0.0935636988873	1.32462957503e-18	2.22533562143e-12	1.22154895138	0.181775978506	0.613940280427
0.0935636988873	1.03941111866e-18	1.94266793694e-12	1.22154908829	0.181775841599	0.613940663854
0.0935636988873	8.15605714853e-19	1.69590538773e-12	1.22154921135	0.181775718539	0.6139410085
0.0935636988873	6.39989949992e-19	1.48048722058e-12	1.22154932196	0.181775607926	0.613941318288
0.0935636988873	5.02187664766e-19	1.29243199876e-12	1.22154942138	0.181775508501	0.613941596742
0.0935636988873	3.94056886197e-19	1.12826401625e-12	1.22154951075	0.181775419132	0.613941847033
0.0935636988873	3.09208764726e-19	9.84949058871e-13	1.22154959108	0.181775338803	0.613942072008
0.0935636988873	2.42630093225e-19	8.59838325128e-13	1.22154966329	0.181775266598	0.613942274228
0.0935636988873	1.90387104825e-19	7.50619470343e-13	1.22154972819	0.181775201696	0.613942455996
0.0935636988873	1.49393048692e-19	6.55273869199e-13	1.22154978653	0.181775143359	0.613942619378
0.0935636988873	1.17225811188e-19	5.72039306892e-13	1.22154983896	0.181775090923	0.613942766235
0.0935636988873	9.19824365267e-20	4.99649172503e-13	1.2215498861	0.18177504379	0.613942898239
0.0935636988873	7.20096102211e-20	4.43702053173e-13	1.22154992844	0.181775001448	0.613943016823
0.0935636988873	5.63736308856e-20	3.94019488268e-13	1.22154996576	0.181774964121	0.613943121365
0.0935636988873	4.41328071093e-20	3.49900018535e-13	1.22154999867	0.181774931214	0.613943213526
0.0935636988873	3.4549923807e-20	3.10720728961e-13	1.22155002768	0.181774902204	0.613943294773
0.0935636988873	2.70478427961e-20	2.75928453979e-13	1.22155005326	0.18177487663	0.613943366398
0.0935636988873	2.11747441368e-20	2.45031967453e-13	1.2215500758	0.181774854084	0.613943429541
0.0935636988873	1.65769148698e-20	2.17595047157e-13	1.22155009568	0.181774834208	0.613943485206
0.0935636988873	1.29774463314e-20	1.93230315855e-13	1.2215501132	0.181774816686	0.613943534279
0.0935636988873	1.01595570755e-20	1.7159377199e-13	1.22155012865	0.181774801239	0.613943577541
0.0935636988873	7.95353700931e-21	1.52379932807e-13	1.22155014226	0.181774787622	0.61394361568
0.0935636988873	6.22652644535e-21	1.35317521291e-13	1.22155015427	0.181774775617	0.613943649302
0.0935636988873	4.87451450161e-21	1.20165636064e-13	1.22155016485	0.181774765034	0.613943678942
0.0935636988873	3.81607494801e-21	1.06710350143e-13	1.22155017418	0.181774755704	0.613943705072
0.0935636988873	2.98746223435e-21	9.47616905404e-14	1.22155018241	0.181774747479	0.613943728108
0.0935636988873	2.33653957938e-21	8.48861491424e-14	1.22155018966	0.181774740228	0.613943748415
0.0935636988873	1.82647739435e-21	7.62051998139e-14	1.22155019599	0.181774733897	0.613943766146
0.0935636988873	1.42776082088e-21	6.84120146117e-14	1.2215502015	0.181774728384	0.613943781585
0.0935636988873	1.11608332285e-21	6.14158056459e-14	1.2215502063	0.181774723584	0.613943795028
0.0935636988873	8.72444434761e-22	5.5135069519e-14	1.22155021048	0.181774719404	0.613943806734
0.0935636988873	6.81991456668e-22	4.94966378408e-14	1.22155021412	0.181774715765	0.613943816927
0.0935636988873	5.33114004856e-22	4.44348248427e-14	1.22155021729	0.181774712596	0.613943825803
0.0935636988873	4.16736220396e-22	3.98906621618e-14	1.22155022005	0.181774709836	0.613943833531
0.0935636988873	3.25763487195e-22	3.58112118807e-14	1.22155022245	0.181774707434	0.613943840261
0.0935636988873	2.54649930447e-22	3.21489498192e-14	1.22155022454	0.181774705341	0.61394384612
0.0935636988873	1.99060329345e-22	2.88612118945e-14	1.22155022637	0.181774703519	0.613943851223
0.0935636988873	1.55605833604e-22	2.59096970997e-14	1.22155022795	0.181774701933	0.613943855665
0.0935636988873	1.21637372568e-22	2.32600213102e-14	1.22155022933	0.181774700552	0.613943859534
0.0935636988873	9.50841627107e-23	2.0881316721e-14	1.22155023054	0.181774699349	0.613943862903
0.0935636988873	7.4315636789e-23	1.88121695171e-14	1.22155023158	0.181774698302	0.613943865836
0.0935636988873	5.80316640961e-23	1.70183618229e-14	1.22155023249	0.181774697393	0.613943868381
0.0935636988873	4.53158202314e-23	1.53956001114e-14	1.22155023328	0.181774696609	0.613943870577
0.0935636988873	3.53862601545e-23	1.39275745363e-14	1.22155023395	0.181774695932	0.613943872473
0.0935636988873	2.76324559755e-23	1.25995304534e-14	1.22155023454	0.181774695347	0.61394387411
0.0935636988873	2.15776581026e-23	1.13981201268e-14	1.22155023504	0.181774694843	0.613943875522
0.0935636988873	1.68495818669e-23	1.03112685745e-14	1.22155023548	0.181774694408	0.613943876742
0.0935636988873	1.31575172668e-23	9.3280522077e-15	1.22155023585	0.181774694032	0.613943877794
0.0935636988873	1.02744544037e-23	8.43858904051e-15	1.22155023618	0.181774693707	0.613943878703
0.0935636988873	8.02312557497e-24	7.63393936987e-15	1.22155023646	0.181774693427	0.613943879487
0.0935636988873	6.25868528878e-24	7.06360071808e-15	1.2215502367	0.181774693186	0.613943880164
0.0935636988873	4.84402039463e-24	6.81221692374e-15	1.2215502369	0.181774692982	0.613943880735
0.0935636988873	3.74911542908e-24	6.5697795314e-15	1.22155023707	0.181774692818	0.613943881193
0.0935636988873	2.90169432718e-24	6.33597015099e-15	1.2215502372	0.181774692687	0.613943881561
0.0935636988873	2.24581774748e-24	6.11048172349e-15	1.2215502373	0.181774692582	0.613943881856
0.0935636988873	1.73819044532e-24	5.89301811768e-15	1.22155023739	0.181774692497	0.613943882093
0.0935636988873	1.34530329876e-24	5.68329374127e-15	1.22155023746	0.181774692429	0.613943882283
0.0935636988873	1.04122132905e-24	5.48103316575e-15	1.22155023751	0.181774692375	0.613943882435
0.0935636988873	8.05871699747e-25	5.28597076478e-15	1.22155023755	0.181774692331	0.613943882557
0.0935636988873	6.23718683362e-25	5.09785036527e-15	1.22155023759	0.181774692296	0.613943882656
0.0935636988873	4.82745821453e-25	4.91572589471e-15	1.22155023762	0.181774692268	0.613943882734
0.0935636988873	3.73639183728e-25	4.73992596181e-15	1.22155023764	0.181774692245	0.613943882798
0.0935636988873	2.89192020753e-25	4.57041311998e-15	1.22155023766	0.181774692227	0.613943882848
0.0935636988873	2.23830980552e-25	4.40696252549e-15	1.22155023767	0.181774692213	0.613943882889
