0.0	0.000418059331237	0.0711060885113	0.0	0.0	0.0
2.97848487051e-19	0.00041805933122	0.0711060885099	2.38423463167e-13	2.97872837507e-13	1e-06
3.33430855894e-19	0.000418059331219	0.0711060885098	2.5026506893e-13	3.21187521024e-13	1.03833333333e-06
3.73264060405e-19	0.000418059331218	0.0711060885097	2.63031931717e-13	3.4627856138e-13	1.07813611111e-06
4.17855925231e-19	0.000418059331217	0.0711060885096	2.76796347513e-13	3.73256980879e-13	1.11946466203e-06
4.67774942118e-19	0.000418059331216	0.0711060885095	2.91636261231e-13	4.02455846426e-13	1.16237747408e-06
5.23657517486e-19	0.000418059331215	0.0711060885094	3.07635708096e-13	4.33875158023e-13	1.20693527725e-06
5.86216085834e-19	0.000418059331213	0.0711060885093	3.24885289519e-13	4.67847982577e-13	1.25320112954e-06
6.56248192406e-19	0.000418059331212	0.0711060885092	3.43482686152e-13	5.04374320087e-13	1.30124050618e-06
7.34646660922e-19	0.000418059331211	0.0711060885091	3.63533211035e-13	5.43787237461e-13	1.35112139224e-06
8.22410975983e-19	0.000418059331209	0.071106088509	3.85150405958e-13	5.86197757002e-13	1.40291437895e-06
9.20660025281e-19	0.000418059331207	0.0711060885088	4.08456684426e-13	6.32049967919e-13	1.45669276347e-06
1.03064636405e-18	0.000418059331206	0.0711060885087	4.33584024857e-13	6.81454892514e-13	1.51253265274e-06
1.1537721836e-18	0.000418059331204	0.0711060885085	4.60674717952e-13	7.34634575394e-13	1.57051307109e-06
1.29160718758e-18	0.000418059331202	0.0711060885083	4.89882172453e-13	7.92033105767e-13	1.63071607215e-06
1.44590860372e-18	0.000418059331199	0.0711060885081	5.21371783863e-13	8.53983550541e-13	1.69322685491e-06
1.61864358639e-18	0.000418059331197	0.0711060885079	5.5532187105e-13	9.20707954321e-13	1.75813388435e-06
1.81201429539e-18	0.000418059331194	0.0711060885077	5.91924686021e-13	9.92650406316e-13	1.82552901658e-06
2.02848597078e-18	0.000418059331191	0.0711060885075	6.31387502609e-13	1.07014397344e-12	1.89550762887e-06
2.27081836171e-18	0.000418059331188	0.0711060885072	6.73933790218e-13	1.15385478949e-12	1.96816875465e-06
2.54210090982e-18	0.000418059331185	0.071106088507	7.19804479283e-13	1.24400489909e-12	2.04361522357e-06
2.84579213585e-18	0.000418059331182	0.0711060885067	7.69259325605e-13	1.34114941375e-12	2.12195380714e-06
3.18576373156e-18	0.000418059331178	0.0711060885063	8.22578381293e-13	1.44595446727e-12	2.20329536974e-06
3.56634991905e-18	0.000418059331174	0.071106088506	8.80063580641e-13	1.55886414887e-12	2.28775502557e-06
3.99240270679e-18	0.000418059331169	0.0711060885056	9.42040449911e-13	1.68076663698e-12	2.37545230155e-06
4.46935374682e-18	0.000418059331164	0.0711060885052	1.00885995072e-12	1.81199499849e-12	2.46651130643e-06
5.00328358165e-18	0.000418059331159	0.0711060885048	1.08090046748e-12	1.95365945643e-12	2.56106090651e-06
5.60099916374e-18	0.000418059331154	0.0711060885043	1.15856995005e-12	2.10631512231e-12	2.65923490792e-06
6.27012063582e-18	0.000418059331148	0.0711060885038	1.24230822394e-12	2.27085017456e-12	2.76117224604e-06
7.0191784784e-18	0.000418059331141	0.0711060885032	1.3325894809e-12	2.4482638139e-12	2.86701718213e-06
7.85772226298e-18	0.000418059331134	0.0711060885027	1.42992496419e-12	2.63955524104e-12	2.97691950744e-06
8.79644239735e-18	0.000418059331127	0.071106088502	1.53486586361e-12	2.84583467901e-12	3.09103475521e-06
9.8473064153e-18	0.000418059331119	0.0711060885013	1.64800643681e-12	3.06821235084e-12	3.20952442081e-06
1.1023711548e-17	0.00041805933111	0.0711060885006	1.7699873744e-12	3.30790950186e-12	3.33255619026e-06
1.23406555222e-17	0.000418059331101	0.0711060884998	1.90149942808e-12	3.56636942199e-12	3.46030417754e-06
1.38149277631e-17	0.00041805933109	0.0711060884989	2.04328732219e-12	3.84503540117e-12	3.59294917099e-06
1.5465323439e-17	0.00041805933108	0.071106088498	2.19615397096e-12	4.14546175163e-12	3.73067888919e-06
1.73128830765e-17	0.000418059331068	0.071106088497	2.36096502516e-12	4.46942483021e-12	3.87368824658e-06
1.93811608015e-17	0.000418059331055	0.071106088496	2.53865377421e-12	4.81858997145e-12	4.02217962934e-06
2.16965246259e-17	0.000418059331041	0.0711060884948	2.73022643109e-12	5.1950665991e-12	4.17636318177e-06
2.42884926069e-17	0.000418059331027	0.0711060884935	2.93676783036e-12	5.6010751592e-12	4.3364571037e-06
2.71901091665e-17	0.000418059331011	0.0711060884922	3.15944757134e-12	6.0386140532e-12	4.50268795931e-06
3.04383663677e-17	0.000418059330993	0.0711060884907	3.3995266413e-12	6.51045883866e-12	4.67529099771e-06
3.40746755173e-17	0.000418059330975	0.0711060884892	3.65836455613e-12	7.01916302854e-12	4.8545104859e-06
3.81453951102e-17	0.000418059330955	0.0711060884875	3.93742705902e-12	7.5676132027e-12	5.04060005448e-06
4.27024218432e-17	0.000418059330933	0.0711060884857	4.23829442063e-12	8.1589179856e-12	5.23382305651e-06
4.78038522343e-17	0.00041805933091	0.0711060884837	4.56267038781e-12	8.79651906863e-12	5.43445294027e-06
5.35147232825e-17	0.000418059330885	0.0711060884816	4.91239183158e-12	9.48374712086e-12	5.64277363624e-06
5.99078416097e-17	0.000418059330858	0.0711060884793	5.28943914891e-12	1.02248209898e-11	5.85907995888e-06
6.70647116565e-17	0.000418059330829	0.0711060884769	5.69594747729e-12	1.10237374783e-11	6.08367802388e-06
7.50765747638e-17	0.000418059330798	0.0711060884742	6.13421878555e-12	1.18850485008e-11	6.31688568135e-06
8.40455723883e-17	0.000418059330764	0.0711060884714	6.6067349094e-12	1.28137500608e-11	6.55903296569e-06
9.40860482815e-17	0.000418059330728	0.0711060884683	7.11617160556e-12	1.38149491844e-11	6.81046256258e-06
1.05326006232e-16	0.000418059330688	0.071106088465	7.66541370395e-12	1.48944190312e-11	7.07153029399e-06
1.17908741959e-16	0.000418059330646	0.0711060884614	8.2575714439e-12	1.60581548056e-11	7.34260562177e-06
1.31994669955e-16	0.0004180593306	0.0711060884575	8.89599808674e-12	1.7312928868e-11	7.62407217042e-06
1.47763368575e-16	0.000418059330551	0.0711060884534	9.58430890459e-12	1.86656246012e-11	7.91632827008e-06
1.65415869443e-16	0.000418059330498	0.0711060884489	1.03264016529e-11	2.01241245886e-11	8.2197875202e-06
1.85177220357e-16	0.000418059330441	0.071106088444	1.11264786425e-11	2.16965334583e-11	8.53487937488e-06
2.07299354374e-16	0.000418059330379	0.0711060884388	1.19890705365e-11	2.33918440168e-11	8.86204975063e-06
2.3206430165e-16	0.000418059330313	0.0711060884332	1.29190620064e-11	2.52196041821e-11	9.20176165741e-06
2.59787784974e-16	0.000418059330241	0.0711060884271	1.39217193929e-11	2.71901390284e-11	9.55449585392e-06
2.90823244856e-16	0.000418059330164	0.0711060884206	1.50027205282e-11	2.93146618083e-11	9.92075152791e-06
3.25566345453e-16	0.00041805933008	0.0711060884136	1.61681868881e-11	3.16051629302e-11	1.03010470027e-05
3.64460018807e-16	0.00041805932999	0.071106088406	1.74247182566e-11	3.4074743026e-11	1.06959204706e-05
4.08000111689e-16	0.000418059329893	0.0711060883978	1.87794300994e-11	3.67371688612e-11	1.11059307548e-05
4.56741707034e-16	0.000418059329789	0.0711060883889	2.02399938568e-11	3.96076504911e-11	1.15316580997e-05
5.1130620057e-16	0.000418059329676	0.0711060883794	2.18146803858e-11	4.2702397172e-11	1.19737049928e-05
5.72389222859e-16	0.000418059329555	0.0711060883691	2.35124067959e-11	4.60390614499e-11	1.24326970168e-05
6.40769507729e-16	0.000418059329424	0.0711060883581	2.53427869447e-11	4.9636406094e-11	1.29092837348e-05
7.1731882018e-16	0.000418059329283	0.0711060883462	2.73161858794e-11	5.35147481855e-11	1.34041396103e-05
8.03013070325e-16	0.000418059329131	0.0711060883333	2.94437785318e-11	5.76961811627e-11	1.3917964961e-05
8.98944755043e-16	0.000418059328967	0.0711060883194	3.17376129989e-11	6.22043527759e-11	1.44514869499e-05
1.00633688599e-15	0.00041805932879	0.0711060883045	3.42106787697e-11	6.70646871325e-11	1.50054606149e-05
1.12655858147e-15	0.000418059328599	0.0711060882883	3.6876980281e-11	7.2304939808e-11	1.55806699369e-05
1.26114252107e-15	0.000418059328393	0.071106088271	3.97516162218e-11	7.79545317126e-11	1.61779289494e-05
1.41180448542e-15	0.000418059328172	0.0711060882522	4.2850865034e-11	8.40455482916e-11	1.67980828905e-05
1.58046523026e-15	0.000418059327933	0.071106088232	4.61922770936e-11	9.06126285034e-11	1.74420093991e-05
1.76927497381e-15	0.000418059327675	0.0711060882102	4.97947740947e-11	9.76927427747e-11	1.81106197569e-05
1.98064080934e-15	0.000418059327397	0.0711060881868	5.36787561988e-11	1.05326081179e-10	1.88048601781e-05
2.21725739271e-15	0.000418059327098	0.0711060881614	5.78662175567e-11	1.13555831392e-10	1.95257131485e-05
2.48214129594e-15	0.000418059326775	0.0711060881342	6.23808708567e-11	1.2242862278e-10	2.02741988158e-05
2.77866946476e-15	0.000418059326427	0.0711060881047	6.72482816039e-11	1.31994748447e-10	2.10513764332e-05
3.1106222706e-15	0.000418059326051	0.071106088073	7.24960128928e-11	1.42308276254e-10	2.18583458588e-05
3.48223170564e-15	0.000418059325647	0.0711060880388	7.81537814906e-11	1.53427603931e-10	2.26962491118e-05
3.89823533558e-15	0.00041805932521	0.0711060880019	8.4253626117e-11	1.6541590317e-10	2.3566271989e-05
4.36393669776e-15	0.00041805932474	0.0711060879622	9.08300888726e-11	1.78340897573e-10	2.44696457425e-05
4.88527291482e-15	0.000418059324233	0.0711060879193	9.7920410843e-11	1.9227575084e-10	2.54076488225e-05
5.46889038567e-15	0.000418059323686	0.0711060878731	1.05564742987e-10	2.07299399825e-10	2.63816086864e-05
6.12222951901e-15	0.000418059323097	0.0711060878232	1.13806373505e-10	2.23496998636e-10	2.73929036775e-05
6.85361958939e-15	0.000418059322461	0.0711060877695	1.22691972964e-10	2.40960140671e-10	2.84429649756e-05
7.67238492528e-15	0.000418059321776	0.0711060877116	1.32271858593e-10	2.59787857825e-10	2.95332786223e-05
8.58896378281e-15	0.000418059321037	0.0711060876492	1.42600279209e-10	2.80086620485e-10	3.06653876241e-05
9.61504142076e-15	0.000418059320241	0.0711060875818	1.53735722421e-10	3.01971447756e-10	3.18408941363e-05
1.07636990733e-14	0.000418059319382	0.0711060875092	1.65741245835e-10	3.25566351549e-10	3.30614617299e-05
1.20495807197e-14	0.000418059318456	0.071106087431	1.78684834127e-10	3.51004891696e-10	3.4328817746e-05
1.34890797771e-14	0.000418059317458	0.0711060873466	1.92639784034e-10	3.78430953097e-10	3.56447557408e-05
1.51005480965e-14	0.000418059316382	0.0711060872557	2.07685119414e-10	4.08000078001e-10	3.70111380232e-05
1.69045299263e-14	0.000418059315222	0.0711060871576	2.23906038741e-10	4.39879688036e-10	3.84298982905e-05
1.89240238265e-14	0.000418059313971	0.0711060870519	2.41394397563e-10	4.74250194446e-10	3.99030443652e-05
2.11847758716e-14	0.000418059312623	0.0711060869379	2.60249228664e-10	5.11306219325e-10	4.14326610363e-05
2.37156078821e-14	0.000418059311169	0.071106086815	2.80577302864e-10	5.51257705846e-10	4.30209130097e-05
2.6548784867e-14	0.000418059309601	0.0711060866825	3.02493733635e-10	5.94330806438e-10	4.46700479713e-05
2.97204263632e-14	0.000418059307911	0.0711060865396	3.26122628968e-10	6.40769548122e-10	4.63823997688e-05
3.32709669148e-14	0.000418059306089	0.0711060863856	3.51597794167e-10	6.90836720685e-10	4.81603917135e-05
3.72456715647e-14	0.000418059304124	0.0711060862195	3.79063489559e-10	7.44815986109e-10	5.00065400106e-05
4.16952129274e-14	0.000418059302006	0.0711060860405	4.08675247408e-10	8.03013099814e-10	5.19234573195e-05
4.66763172033e-14	0.000418059299723	0.0711060858475	4.40600752662e-10	8.65757353946e-10	5.39138564517e-05
5.22524873673e-14	0.000418059297261	0.0711060856394	4.75020792513e-10	9.33404241915e-10	5.59805542094e-05
5.84948127542e-14	0.000418059294607	0.071106085415	5.12130280156e-10	1.00633690169e-09	5.81264753726e-05
6.54828753598e-14	0.000418059291745	0.0711060851731	5.52139358539e-10	1.08496811417e-09	6.03546568372e-05
7.33057644138e-14	0.00041805928866	0.0711060849123	5.95274590357e-10	1.16974330085e-09	6.26682519137e-05
8.20632121572e-14	0.000418059285334	0.0711060846312	6.41780241024e-10	1.26114241113e-09	6.50705347893e-05
9.18668653056e-14	0.000418059281748	0.071106084328	6.91919661892e-10	1.35968325303e-09	6.75649051614e-05
1.02841708407e-13	0.000418059277881	0.0711060840012	7.45976781556e-10	1.46592360258e-09	7.01548930492e-05
1.15127657242e-13	0.000418059273713	0.0711060836488	8.04257713672e-10	1.58046508963e-09	7.28441637888e-05
1.28881342573e-13	0.000418059269219	0.0711060832689	8.67092490413e-10	1.70395652853e-09	7.5636523221e-05
1.44278106999e-13	0.000418059264373	0.0711060828594	9.34836931365e-10	1.83709702668e-09	7.85359230765e-05
1.61514240351e-13	0.000418059259149	0.0711060824178	1.00787465845e-09	1.98064064757e-09	8.15464665692e-05
1.80809482147e-13	0.000418059253517	0.0711060819417	1.0866192683e-09	2.13540007442e-09	8.46724142022e-05
2.02409822998e-13	0.000418059247445	0.0711060814284	1.17151667434e-09	2.30225193934e-09	8.79181897977e-05
2.26590640684e-13	0.000418059240898	0.071106080875	1.26304763191e-09	2.48214093107e-09	9.12883867572e-05
2.53660210877e-13	0.00041805923384	0.0711060802784	1.36173046067e-09	2.67608579024e-09	9.47877745625e-05
2.83963637273e-13	0.00041805922623	0.0711060796352	1.46812397972e-09	2.88518463843e-09	9.84213055247e-05
3.17887251233e-13	0.000418059218026	0.0711060789416	1.58283067205e-09	3.1106217505e-09	0.000102194121793
3.55863537029e-13	0.000418059209181	0.071106078194	1.70650009629e-09	3.35367354983e-09	0.000106111562632
3.98376645474e-13	0.000418059199644	0.0711060773878	1.83983256496e-09	3.61571649091e-09	0.000110179171977
4.45968566245e-13	0.000418059189363	0.0711060765187	1.98358311023e-09	3.89823438675e-09	0.000114402706281
4.99246037564e-13	0.000418059178278	0.0711060755817	2.13856575943e-09	4.20282717971e-09	0.000118788142659
5.58888281355e-13	0.000418059166326	0.0711060745715	2.30565814474e-09	4.53121971223e-09	0.000123341687348
6.25655662465e-13	0.000418059153441	0.0711060734823	2.48580647297e-09	4.88527149678e-09	0.000128069784491
7.00399382358e-13	0.00041805913955	0.0711060723081	2.68003088369e-09	5.26698748506e-09	0.000132979125253
7.84072330858e-13	0.000418059124573	0.0711060710421	2.88943122609e-09	5.67852928119e-09	0.000138076657294
8.77741234283e-13	0.000418059108425	0.0711060696771	3.11519328706e-09	6.12222724321e-09	0.000143369594599
9.82600254855e-13	0.000418059091016	0.0711060682055	3.35859550606e-09	6.60059402775e-09	0.000148865427688
1.09998621474e-12	0.000418059072247	0.071106066619	3.62101621459e-09	7.11633857884e-09	0.000154571934216
1.23139563883e-12	0.000418059052011	0.0711060649084	3.90394144129e-09	7.67238133801e-09	0.000160497189977
1.37850383349e-12	0.000418059030193	0.0711060630642	4.20897332697e-09	8.27187111959e-09	0.000166649580336
1.5431862446e-12	0.000418059006672	0.0711060610759	4.53783919706e-09	8.9182025413e-09	0.000173037812097
1.72754236703e-12	0.000418058981312	0.0711060589323	4.89240134304e-09	9.61503578615e-09	0.000179670925818
1.93392251046e-12	0.000418058953971	0.0711060566211	5.27466756802e-09	1.03663168085e-08	0.000186558308611
2.16495776283e-12	0.000418058924493	0.0711060541294	5.68680255642e-09	1.11762998717e-08	0.000193709707421
2.42359353316e-12	0.000418058892712	0.071106051443	6.13114013192e-09	1.20495718617e-08	0.000201135242826
2.71312710173e-12	0.000418058858448	0.0711060485466	6.61019647325e-09	1.29910778224e-08	0.00020884542335
3.03724965599e-12	0.000418058821507	0.071106045424	7.12668436256e-09	1.40061491553e-08	0.000216851160342
3.40009334825e-12	0.000418058781679	0.0711060420574	7.68352854708e-09	1.51005341504e-08	0.000225163783414
3.80628397514e-12	0.000418058738739	0.0711060384277	8.28388230105e-09	1.62804299611e-08	0.000233795056469
4.26099995022e-12	0.000418058692444	0.0711060345144	8.9311452817e-09	1.75525180196e-08	0.000242757194358
4.77003832171e-12	0.000418058642532	0.0711060302953	9.62898278045e-09	1.8924001785e-08	0.000252062880156
5.33988867692e-12	0.00041805858872	0.0711060257466	1.03813464782e-08	2.04026478213e-08	0.000261725283114
5.97781587548e-12	0.000418058530703	0.0711060208424	1.11924968223e-08	2.19968292072e-08	0.000271758077296
6.69195266618e-12	0.000418058468153	0.0711060155551	1.20670271521e-08	2.37155732756e-08	0.000282175460926
7.49140336804e-12	0.000418058400716	0.0711060098546	1.30098897091e-08	2.5568612906e-08	0.00029299217648
8.38635993739e-12	0.000418058328009	0.0711060037088	1.40264236801e-08	2.75664414801e-08	0.000304223531549
9.38823190069e-12	0.000418058249622	0.0711059970827	1.51223854303e-08	2.97203719461e-08	0.000315885420498
1.05097918093e-11	0.000418058165109	0.0711059899388	1.63039810998e-08	3.20426014335e-08	0.00032799434696
1.17653380706e-11	0.000418058073993	0.0711059822368	1.75779017464e-08	3.45462801977e-08	0.000340567447184
1.31708772316e-11	0.000418057975758	0.071105973933	1.89513612338e-08	3.72455858938e-08	0.000353622514291
1.47443280377e-11	0.000418057869847	0.0711059649804	2.04321370806e-08	4.01558037351e-08	0.000367178023442
1.65057498695e-11	0.00041805775566	0.0711059553282	2.20286145012e-08	4.32934134229e-08	0.000381253157987
1.84775984683e-11	0.000418057632552	0.0711059449219	2.37498338865e-08	4.66761824054e-08	0.000395867836606
2.0685012211e-11	0.000418057499824	0.0711059337024	2.56055419958e-08	5.03232661308e-08	0.000411042741493
2.31561325839e-11	0.000418057356726	0.0711059216063	2.76062471467e-08	5.42553168488e-08	0.000426799347622
2.59224629402e-11	0.000418057202446	0.0711059085651	2.97632787188e-08	5.84946006278e-08	0.000443159953127
2.90192701144e-11	0.000418057036112	0.0711058945049	3.20888513046e-08	6.30651229213e-08	0.000460147710858
3.2486034014e-11	0.000418056856781	0.0711058793461	3.4596133874e-08	6.79927651248e-08	0.000477786661133
3.6366950919e-11	0.000418056663438	0.0711058630028	3.72993243411e-08	7.3305430681e-08	0.000496101765757
4.07114969044e-11	0.000418056454989	0.0711058453826	4.0213729958e-08	7.90332031751e-08	0.000515118943331
4.55750585693e-11	0.000418056230252	0.0711058263856	4.33558539887e-08	8.52085169759e-08	0.00053486510593
5.10196391106e-11	0.000418055987955	0.0711058059042	4.67434891547e-08	9.18663403109e-08	0.000555368197168
5.71146487436e-11	0.000418055726726	0.0711057838225	5.03958183815e-08	9.90443737738e-08	0.000576657231736
6.39377895424e-11	0.000418055445087	0.0711057600155	5.4333523415e-08	1.06783263486e-07	0.000598762336447
7.15760459815e-11	0.000418055141441	0.0711057343483	5.85789019248e-08	1.15126831581e-07	0.000621714792851
8.01267938021e-11	0.00041805481407	0.0711057066756	6.31559937542e-08	1.24122323667e-07	0.000645547081493
8.96990413385e-11	0.00041805446112	0.0711056768407	6.8090717035e-08	1.33820676951e-07	0.000670292927849
1.00414819126e-10	0.000418054080593	0.0711056446747	7.34110149341e-08	1.44276808446e-07	0.000695987350037
1.12410735502e-10	0.000418053670333	0.0711056099953	7.91470138648e-08	1.55549925947e-07	0.000722666708344
1.25839718027e-10	0.000418053228018	0.0711055726063	8.53311940569e-08	1.67703862983e-07	0.000750368756658
1.40872962923e-10	0.000418052751143	0.0711055322959	9.19985734517e-08	1.80807440302e-07	0.000779132695857
1.57702117372e-10	0.000418052237008	0.0711054888358	9.91869059613e-08	1.94934855894e-07	0.000808999229255
1.76541722485e-10	0.000418051682701	0.0711054419801	1.06936895215e-07	2.10166104315e-07	0.000840010620157
1.97631948087e-10	0.000418051085085	0.0711053914633	1.15292425003e-07	2.26587430214e-07	0.000872210751629
2.21241654159e-10	0.000418050440775	0.0711053369994	1.24300807718e-07	2.44291816494e-07	0.000905645188547
2.47671817951e-10	0.000418049746122	0.07110527828	1.34013052202e-07	2.6337951e-07	0.000940361242018
2.77259370457e-10	0.000418048997195	0.0711052149726	1.44484152518e-07	2.83958589945e-07	0.000976408036274
3.10381491108e-10	0.000418048189751	0.0711051467188	1.55773399271e-07	3.06145578865e-07	0.00101383657811
3.47460415446e-10	0.00041804731922	0.0711050731321	1.67944715243e-07	3.30066102974e-07	0.00105269982901
3.88968817009e-10	0.000418046380673	0.0711049937957	1.81067017246e-07	3.55855602362e-07	0.00109305277997
4.35435832009e-10	0.000418045368795	0.0711049082606	1.95214606229e-07	3.83660098378e-07	0.00113495252924
4.87453803576e-10	0.000418044277857	0.0711048160424	2.1046758785e-07	4.13637019737e-07	0.00117845836302
5.45685831473e-10	0.000418043101683	0.071104716619	2.26912325893e-07	4.45956093462e-07	0.0012236318392
6.10874223473e-10	0.000418041833614	0.0711046094273	2.44641931089e-07	4.80800305326e-07	0.0012705368744
6.83849956062e-10	0.00041804046647	0.0711044938605	2.63756788098e-07	5.18366935901e-07	0.00131923983416
7.65543264971e-10	0.000418038992511	0.0711043692643	2.84365123649e-07	5.58868676308e-07	0.00136980962678
8.56995500446e-10	0.000418037403392	0.0711042349331	3.06583619026e-07	6.02534831912e-07	0.00142231780056
9.59372398239e-10	0.000418035690117	0.0711040901066	3.30538070369e-07	6.49612620029e-07	0.00147683864489
1.07397893534e-09	0.000418033842986	0.0711039339646	3.56364100528e-07	7.00368568343e-07	0.00153344929508
1.20227595961e-09	0.000418031851544	0.0711037656232	3.84207926471e-07	7.55090023002e-07	0.00159222984125
1.34589880514e-09	0.000418029704515	0.0711035841293	4.14227186594e-07	8.14086773503e-07	0.00165326344139
1.50667813022e-09	0.000418027389746	0.0711033884554	4.46591832597e-07	8.77692805917e-07	0.00171663643862
1.68666324334e-09	0.000418024894135	0.0711031774938	4.81485090955e-07	9.4626819133e-07	0.00178243848305
1.88814821404e-09	0.000418022203554	0.07110295005	5.19104499411e-07	1.02020112194e-06	0.00185076265818
2.11370110108e-09	0.000418019302774	0.0711027048366	5.5966302434e-07	1.09991010722e-06	0.0019217056121
2.36619666969e-09	0.000418016175376	0.0711024404654	6.03390265274e-07	1.18584633954e-06	0.00199536769377
2.64885301449e-09	0.000418012803659	0.0711021554399	6.50533753382e-07	1.2784962449e-06	0.00207185309434
2.96527255375e-09	0.00041800916854	0.0711018481466	7.01360351218e-07	1.37838423318e-06	0.00215126999395
3.31948791665e-09	0.000418005249446	0.0711015168461	7.56157761621e-07	1.486075662e-06	0.00223373071402
3.71601330712e-09	0.000418001024198	0.0711011596631	8.15236154253e-07	1.60218003161e-06	0.0023193518753
4.15990199732e-09	0.000417996468886	0.0711007745759	8.78929918941e-07	1.72735442868e-06	0.00240825456201
4.65681068186e-09	0.000417991557732	0.071100359405	9.47599555655e-07	1.86230723868e-06	0.00250056449197
5.21307151058e-09	0.000417986262948	0.0710999118007	1.02163371177e-06	2.00780214738e-06	0.00259641219342
5.83577271545e-09	0.000417980554576	0.0710994292297	1.10145137806e-06	2.16466245288e-06	0.00269593318825
6.5328488558e-09	0.00041797440032	0.0710989089612	1.18750425568e-06	2.33377571447e-06	0.0027992681823
7.31318182815e-09	0.000417967765364	0.0710983480509	1.28027930752e-06	2.51609876262e-06	0.00290656326275
8.18671392323e-09	0.000417960612175	0.0710977433249	1.38030150818e-06	2.71266309871e-06	0.00301797010292
9.16457436527e-09	0.000417952900293	0.0710970913615	1.48813680787e-06	2.92458071424e-06	0.00313364617475
1.02592209392e-08	0.000417944586101	0.071096388472	1.60439532704e-06	3.1530503631e-06	0.00325375496921
1.14845985023e-08	0.000417935622581	0.0710956306797	1.72973479937e-06	3.39936432031e-06	0.00337846622499
1.28563163902e-08	0.000417925959045	0.0710948136978	1.86486428249e-06	3.66491566612e-06	0.00350795616566
1.43918469652e-08	0.000417915540857	0.0710939329048	2.01054815706e-06	3.95120613494e-06	0.00364240774563
1.61107478234e-08	0.000417904309119	0.0710929833188	2.16761043652e-06	4.25985457371e-06	0.00378201090531
1.80349104724e-08	0.000417892200341	0.0710919595693	2.33693941148e-06	4.59260605582e-06	0.00392696283558
2.01888386286e-08	0.000417879146088	0.0710908558668	2.51949265458e-06	4.95134170083e-06	0.00407746825216
2.2599959652e-08	0.000417865072589	0.0710896659704	2.7163024135e-06	5.33808925476e-06	0.00423373967991
2.52989730569e-08	0.00041784990033	0.0710883831525	2.92848142218e-06	5.75503448948e-06	0.00439599774768
2.83202404995e-08	0.000417833543601	0.0710870001613	3.15722916212e-06	6.20453348269e-06	0.00456447149378
3.17022221648e-08	0.000417815910019	0.0710855091793	3.40383860856e-06	6.68912584661e-06	0.00473939868269
3.5487965058e-08	0.000417796900012	0.0710839017802	3.66970349857e-06	7.21154897814e-06	0.00492102613312
3.97256493521e-08	0.000417776406256	0.0710821688809	3.95632616098e-06	7.77475340773e-06	0.00510961005796
4.44691996716e-08	0.00041775431308	0.0710803006909	4.26532595118e-06	8.38191932923e-06	0.00530541641632
4.97789689999e-08	0.000417730495817	0.0710782866571	4.59844833681e-06	9.03647440363e-06	0.00550872127822
5.57225038048e-08	0.000417704820108	0.0710761154048	4.95757468391e-06	9.74211292873e-06	0.00571981120208
6.23753999824e-08	0.000417677141154	0.071073774674	5.34473279682e-06	1.05028164808e-05	0.0059389836256
6.98222603502e-08	0.000417647302908	0.0710712512506	5.76210826878e-06	1.13228761384e-05	0.00616654727016
7.81577656736e-08	0.000417615137209	0.0710685308927	6.2120567047e-06	1.22069164058e-05	0.00640282255933
8.74878726149e-08	0.000417580462846	0.0710655982509	6.69711688175e-06	1.31599209633e-05	0.00664814205171
9.79311535531e-08	0.000417543084554	0.0710624367825	7.22002491821e-06	1.41872603823e-05	0.00690285088846
1.0962029497e-07	0.000417502791932	0.0710590286597	7.78372952632e-06	1.52947219474e-05	0.00716730725594
1.22703773037e-07	0.000417459358281	0.0710553546699	8.39140842991e-06	1.64885417443e-05	0.00744188286372
1.37347727194e-07	0.000417412539354	0.0710513941092	9.04648603354e-06	1.77754391776e-05	0.0077269634383
1.53738054942e-07	0.000417362072009	0.071047124667	9.75265243589e-06	1.91626540974e-05	0.00802294923281
1.72082753711e-07	0.000417307672767	0.0710425223029	1.05138838865e-05	2.06579867238e-05	0.00833025555298
1.92614538698e-07	0.000417249036254	0.071037561113	1.13344647922e-05	2.22698405702e-05	0.00864931329965
2.1559376883e-07	0.000417185833539	0.0710322131876	1.22190113855e-05	2.40072685836e-05	0.00898056952788
2.41311716747e-07	0.000417117710333	0.0710264484562	1.3172497177e-05	2.58800227269e-05	0.00932448802305
2.70094222734e-07	0.000417044285071	0.0710202345233	1.42002803193e-05	2.78986072498e-05	0.00968154989378
3.02305777122e-07	0.000416965146843	0.0710135364894	1.53081330205e-05	3.00743359036e-05	0.010052254182
3.3835408068e-07	0.000416879853176	0.0710063167607	1.65022731517e-05	3.24193933753e-05	0.01043711849
3.78695138108e-07	0.000416787927657	0.0709985348433	1.7789398206e-05	3.494690123e-05	0.0108366796241
4.23838945932e-07	0.000416688857384	0.0709901471229	1.91767217699e-05	3.76709886651e-05	0.0112514942555
4.74355842912e-07	0.00041658209023	0.070981106628	2.06720126844e-05	4.06068684021e-05	0.0116821395972
5.30883598641e-07	0.000416467031918	0.0709713627754	2.22836370783e-05	4.37709180497e-05	0.0121292140969
5.94135324347e-07	0.000416343042885	0.0709608610981	2.40206034689e-05	4.71807672971e-05	0.0125933381458
6.6490829907e-07	0.000416209434931	0.0709495429519	2.58926111351e-05	5.08553913067e-05	0.0130751548013
7.44093814551e-07	0.000416065467629	0.0709373452028	2.79101019784e-05	5.48152106943e-05	0.0135753305247
8.32688153214e-07	0.000415910344495	0.0709241998901	3.00843160975e-05	5.90821984978e-05	0.0140945559306
9.3180482589e-07	0.000415743208896	0.070910033867	3.24273513147e-05	6.36799945505e-05	0.0146335465487
1.04268820924e-06	0.000415563139682	0.0708947684147	3.49522268977e-05	6.86340276882e-05	0.015193043595
1.16672873744e-06	0.000415369146534	0.0708783188306	3.76729517364e-05	7.39716462259e-05	0.0157738147513
1.30547981871e-06	0.000415160165002	0.0708605939871	4.06045972369e-05	7.97222571504e-05	0.0163766549511
1.46067666434e-06	0.000414935051239	0.0708414958609	4.37633752072e-05	8.59174744783e-05	0.0170023871681
1.63425723708e-06	0.000414692576392	0.0708209190294	4.71667210129e-05	9.25912772266e-05	0.0176518632064
1.82838554558e-06	0.000414431420656	0.0707987501352	5.08333822874e-05	9.97801774386e-05	0.0183259644873
2.04547753389e-06	0.000414150166972	0.070774867313	5.47835134836e-05	0.000107523398695	0.0190256028296
2.28822983823e-06	0.00041384729436	0.0707491395818	5.90387765525e-05	0.000115863065521	0.0197517212193
2.55965170844e-06	0.000413521170869	0.070721426196	6.36224480333e-05	0.000124844404067	0.0205052945629
2.86310041817e-06	0.000413170046156	0.0706915759581	6.85595328299e-05	0.000134515954402	0.0212873304201
3.20232051591e-06	0.000412792043666	0.0706594264877	7.38768849368e-05	0.000144929794707	0.0220988697076
3.58148729834e-06	0.00041238515243	0.0706248034479	7.96033353611e-05	0.000156141777588	0.0229409873679
4.00525491833e-06	0.000411947218474	0.0705875197264	8.576982746e-05	0.000168211778615	0.0238147929957
4.47880957087e-06	0.000411475935855	0.0705473745706	9.24095598818e-05	0.000181203957142	0.024721431411
5.00792823235e-06	0.000410968837324	0.0705041526757	9.95581372555e-05	0.00019518702926	0.0256620831701
5.59904346013e-06	0.000410423284657	0.0704576232254	0.00010725372872	0.000210234552621	0.0266379650025
6.25931479022e-06	0.000409836458667	0.070407538885	0.000115537234319	0.000226425222675	0.0276503301619
6.9967072999e-06	0.00040920534894	0.0703536347466	0.000124452459206	0.000243843179602	0.0287004686756
7.82007792885e-06	0.000408526743352	0.0702956272286	0.000134046295505	0.000262578324983	0.0297897074789
8.73927017379e-06	0.000407797217426	0.0702332129297	0.00014436891156	0.000282726646914	0.030919410415
9.76521778876e-06	0.000407013123609	0.0701660674406	0.000155473948153	0.000304390551911	0.0320909780841
1.09100581308e-05	0.000406170580566	0.0700938441172	0.00016741872114	0.000327679201514	0.0333058475181
1.21872557897e-05	0.000405265462614	0.0700161728186	0.00018026442971	0.000352708851005	0.0345654916608
1.36117371242e-05	0.000404293389429	0.0699326586172	0.000194076369316	0.000379603187103	0.0358714186273
1.52000362968e-05	0.000403249716191	0.0698428804877	0.000208924148006	0.000408493660838	0.0372251707152
1.69704533466e-05	0.000402129524375	0.0697463899839	0.000224881904644	0.000439519811096	0.0386283231408
1.89432247607e-05	0.000400927613389	0.0696427099149	0.000242028527145	0.000472829573504	0.0400824824657
2.11407069008e-05	0.000399638493351	0.0695313330352	0.00026044786848	0.000508579568425	0.0415892846829
2.35875724938e-05	0.000398256379274	0.0694117207618	0.000280228957797	0.00054693536082	0.0431503929238
2.63110202115e-05	0.000396775187013	0.0692833019411	0.000301466203511	0.00058807168365	0.04476749475
2.93409971272e-05	0.000395188531364	0.069145471684	0.000324259584726	0.000632172615274	0.0464422989883
3.27104335443e-05	0.000393489726722	0.0689975902968	0.00034871482675	0.000679431700032	0.0481765320658
3.6455489329e-05	0.000391671790791	0.0688389823369	0.000374943555881	0.000730051999831	0.0499719338033
4.06158104503e-05	0.000389727451867	0.068668935825	0.000403063427942	0.00078424606311	0.0518302526192
4.52347939088e-05	0.000387649160253	0.0684867016529	0.000433198224374	0.000842235796098	0.0537532400988
5.03598586317e-05	0.000385429104441	0.0682914932278	0.000465477908937	0.000904252219776	0.0557426448829
5.60427192048e-05	0.000383059232697	0.0680824863998	0.00050003863731	0.000970535094505	0.0578002058292
6.23396585048e-05	0.000380531280757	0.067858819724	0.000537022711151	0.00104133239288	0.0599276444012
6.93117943789e-05	0.000377836806333	0.0676195951112	0.000576578467372	0.0011168996001	0.0621266562449
7.70253344995e-05	0.000374967231176	0.0673638789297	0.000618860092745	0.00119749882024	0.0643989019124
8.55518123992e-05	0.000371913891394	0.0670907036192	0.00066402735326	0.00128339766578	0.0667459967012
9.4968296479e-05	0.000368668096736	0.0667990698855	0.000712245227165	0.00137486790788	0.0691694995826
0.000105357562498	0.000365221199485	0.0664879495443	0.000763683430231	0.00147218386466	0.0716709012027
0.000116808218723	0.000361564673499	0.0661562890841	0.000818515821627	0.00157562050595	0.0742516109483
0.00012941477158	0.000357690203859	0.0658030140196	0.000876919678863	0.00168545125451	0.0769129430871
0.000143277618358	0.000353589787375	0.0654270340997	0.000939074830692	0.00180194546655	0.0796561020031
0.000158502952312	0.000349255844034	0.0650272494362	0.00100516263768	0.00192536557787	0.0824821665684
0.000175202564535	0.00034468133917	0.0646025576047	0.00107536481136	0.00205596390752	0.0853920737136
0.000193493526198	0.000339859915867	0.0641518617645	0.0011498620648	0.00219397911682	0.0883866012809
0.000213497734441	0.000334786036702	0.0636740798254	0.00122883258954	0.00233963232997	0.0914663502701
0.000235341305297	0.000329455133546	0.0631681546746	0.0013124503573	0.00249312293185	0.0946317266142
0.000259153797848	0.000323863763647	0.0626330654528	0.0014008832479	0.00265462406995	0.0978829226532
0.000285067255248	0.000318009769757	0.0620678398428	0.00149429100996	0.00282427789976	0.101219898499
0.00031321505068	0.000311892441506	0.061471567305	0.00159282306521	0.00300219062728	0.104642363523
0.000343730529612	0.000305512674703	0.060843413157	0.00169661617363	0.00318842741713	0.108149758216
0.000376745444151	0.000298873124758	0.0601826333623	0.00180579198204	0.00338300725053	0.111741236709
0.000412388180742	0.000291978349924	0.0594885898481	0.00192045448607	0.00358589783337	0.115415650262
0.00045078178909	0.000284834939674	0.058760766137	0.00204068744157	0.00379701066954	0.11917153205
0.000492041827711	0.000277451623274	0.0579987830325	0.00216655176845	0.00401619642914	0.123007083586
0.000536274050024	0.000269839353465	0.0572024140638	0.0022980829963	0.00424324075222	0.126920163132
0.000583571933396	0.000262011365141	0.0563714858088	0.00243528880666	0.00447786040253	0.130908276452
0.000633932830558	0.000253996339697	0.055328020714	0.00257814082827	0.00471909188948	0.134968578405
0.000687492403361	0.000245801961679	0.0542475203362	0.00272702920247	0.0049666292713	0.139110962061
0.00074429879613	0.000237450287954	0.0531308845452	0.00288189013688	0.00521995567794	0.143332780814
0.000804381060114	0.000228965155446	0.0519802631952	0.00304262978892	0.00547849014403	0.147631168455
0.000867746488781	0.000220372095132	0.0507975593646	0.00320912070385	0.00574158704589	0.152002966969
0.000934379187645	0.000211698053256	0.0495849252163	0.00338120276975	0.00600854011776	0.156444771695
0.0010042386728	0.000202971116349	0.0483447510126	0.00355868320967	0.00627858716971	0.160952940751
0.00107725879447	0.000194220205472	0.0470796501137	0.00374133700419	0.00655091595556	0.165523606716
0.00115333877982	0.000185475671164	0.0457632310885	0.00392890775419	0.00682462195441	0.170152690427
0.00123227598099	0.000176776712752	0.0443443393866	0.00412122170909	0.0070982121333	0.174838904481
0.00131401769481	0.000168143883981	0.0429122559002	0.00431832336705	0.00737095201944	0.179586985492
0.00139840456012	0.000159606880375	0.041470943538	0.0045198888847	0.00764192616977	0.184393077731
0.00148525482016	0.000151194205144	0.0400244074316	0.00472557269262	0.00791021876581	0.189253234726
0.00157436576327	0.000142932851583	0.03857665553	0.00493501012661	0.00817492316956	0.194163433789
0.00166551550942	0.000134848018214	0.0371316596169	0.00514782026023	0.00843515136701	0.199119590514
0.00175846510701	0.000126962862485	0.0356933175234	0.00536360888742	0.0086900431096	0.204117573018
0.00185296089641	0.000119298297479	0.0342654172543	0.00558197160239	0.00893877457544	0.209153215766
0.00194873709012	0.000111872834615	0.0328516036734	0.00580249692332	0.0091805663892	0.214222332807
0.00204551042338	0.00010470305783	0.0314397607188	0.00602476940817	0.00941465326415	0.219320730307
0.00214279375443	9.78171509968e-05	0.029928265139	0.00624847296782	0.00963932414172	0.224446773736
0.00224053246146	9.12109504054e-05	0.0284503296678	0.00647409526029	0.00985412677149	0.229617857146
0.00233846937606	8.4893286491e-05	0.0270090680116	0.00670123622288	0.0100585917686	0.234831078124
0.00243635106977	7.88701916153e-05	0.0256071966559	0.00692950375888	0.0102523233188	0.240083599907
0.00253392990181	7.31450632805e-05	0.0242470362913	0.00715851569923	0.0104349993205	0.245372649471
0.00263096589168	6.77188539679e-05	0.0229305184738	0.0073879015311	0.0106063706292	0.250695515004
0.00272722413211	6.25905018849e-05	0.0216534659685	0.00761730389314	0.0107662424592	0.256049542879
0.00282238391642	5.77618790856e-05	0.0203818762375	0.00784643640481	0.0109140520795	0.261433572425
0.00291635579355	5.32222839564e-05	0.0191623068487	0.00807543907769	0.0110497547736	0.26685655584
0.0030089591089	4.89652144417e-05	0.0179951462546	0.00830399831323	0.0111734072606	0.272316633619
0.00310002700031	4.49827717533e-05	0.0168804432748	0.00853181721826	0.0112851237024	0.277812000147
0.00318940352655	4.12660331809e-05	0.0158144804924	0.00875861591488	0.0113850591839	0.283340896538
0.00327693732226	3.78055563264e-05	0.0147970839994	0.0089841799253	0.0114733332995	0.288902833877
0.00336252456216	3.45899177515e-05	0.0138313744052	0.00920831791041	0.0115502198609	0.294497596456
0.00344605817359	3.1607909997e-05	0.0129163185889	0.00943080007841	0.0116160209848	0.300123652949
0.00352744509285	2.88479717852e-05	0.0120506990256	0.00965141341836	0.0116710714219	0.305779494304
0.00360661648381	2.62980091889e-05	0.0112372221602	0.00986996154611	0.0117157685716	0.311463627662
0.0036835031772	2.39462967967e-05	0.010471249467	0.0100861850337	0.0117505671584	0.31717243186
0.00375803959404	2.17813957032e-05	0.00974956513805	0.0102998892737	0.0117758642713	0.322903472677
0.00383018218929	1.97917195995e-05	0.00907054159915	0.0105109267024	0.0117920732736	0.328655141425
0.00389989912722	1.79659405455e-05	0.00843249490146	0.0107191642742	0.0117996193666	0.33442582543
0.003967184351	1.62926955964e-05	0.00783833162248	0.0109244830929	0.0117989803595	0.340213904561
0.00403202266235	1.47614798698e-05	0.00728266396316	0.0111266565956	0.0117907006625	0.346014201737
0.00409439706809	1.33624253651e-05	0.00676196069716	0.0113255485668	0.0117752175062	0.351823541043
0.00415431315811	1.20857877958e-05	0.00627454945987	0.0115210829331	0.0117529611049	0.35764007735
0.00421178515591	1.09223049585e-05	0.00581877342263	0.0117131950582	0.0117243596115	0.363461951355
0.00426683639334	9.8631866123e-06	0.00539369852184	0.0119018311194	0.0116898401722	0.369287288896
0.00431950410917	8.90001797883e-06	0.00499824630554	0.0120869237447	0.0116498657647	0.375113434968
0.00436981306696	8.02522164323e-06	0.00462935823165	0.0122683895645	0.0116048649395	0.380936817776
0.00441780405958	7.23151336176e-06	0.004285545086	0.0124462062141	0.0115552334448	0.38675544403
0.00446352324663	6.51209038929e-06	0.00396536503811	0.0126203596868	0.011501356643	0.392567309336
0.00450702151565	5.86061728321e-06	0.00366742695818	0.0127908437638	0.011443608381	0.398370399623
0.00454835236472	5.27122999879e-06	0.00338964637704	0.0129576594596	0.0113823462441	0.404162692881
0.00458756314595	4.7386282697e-06	0.00312999415702	0.0131208502628	0.0113178545489	0.409943454934
0.00462473103997	4.25756583681e-06	0.00288907703603	0.0132805145963	0.0112504222364	0.415713849441
0.0046599211817	3.82339594805e-06	0.0026656890978	0.0134366669769	0.011180376279	0.42147195223
0.00469317366118	3.43215252091e-06	0.00245461011951	0.0135893269293	0.0111079644351	0.427215834077
0.00472458604243	3.07956366079e-06	0.0022592760026	0.0137387758932	0.0110332973025	0.432953575531
0.00475423205962	2.76200112365e-06	0.00207879798109	0.0138850448591	0.010956663501	0.438683986656
0.0047821768906	2.4762294132e-06	0.00190960534795	0.0140281558383	0.010878328421	0.444405374665
0.00480845457832	2.21959726506e-06	0.00174933803059	0.0141683203085	0.0107982852993	0.450123737231
0.00483318938514	1.98884502731e-06	0.00160205873742	0.0143059195432	0.0107165517598	0.455852744349
0.00485645432464	1.78147555293e-06	0.00146677900293	0.0144409649834	0.0106333854135	0.461591273235
0.00487830791094	1.59531974987e-06	0.00133786508434	0.0145734711997	0.0105489993927	0.46733817571
0.00489876403163	1.42876436038e-06	0.00121450786537	0.0147039145784	0.0104630390855	0.473112899014
0.00491797648669	1.27925232523e-06	0.00110226361011	0.014832920243	0.0103752949787	0.478943338037
0.00493601566209	1.14509634381e-06	0.00100017106186	0.0149604793687	0.0102859992385	0.484830056696
0.00495287840952	1.02525305809e-06	0.000884852709268	0.0150865854508	0.0101952216363	0.49077360796
0.00496797265864	9.22788345243e-07	0.000724299321432	0.0152144104377	0.0100986317086	0.496929822809
0.00498225385757	8.3054387455e-07	0.000592850395119	0.0153549802461	0.00998722606831	0.503861469518
0.00499584254849	7.4753324712e-07	0.000485273218475	0.0155095033472	0.00986004740834	0.511687569274
0.00500885551139	6.72859651523e-07	0.000397262021786	0.0156792875349	0.00971602317706	0.520550351548
0.00502140806547	6.05709034183e-07	0.00032527783061	0.0158657435093	0.00955396529451	0.530621061353
0.00503361682676	5.45343544794e-07	0.000266414860014	0.0160703868864	0.00937257172195	0.542107577751
0.00504583538293	4.9006854494e-07	0.000230033667246	0.0162948407203	0.00917085685295	0.55526452513
0.00505832310927	4.3881607884e-07	0.000209887302624	0.0165281515855	0.00896020625464	0.569605425536
0.00507077180724	3.92601170652e-07	0.00019305016266	0.0167571589968	0.00875320739002	0.584389995703
0.00508307659703	3.51279474159e-07	0.000176453856142	0.0169800127252	0.00855154890974	0.599501766922
0.00509517266706	3.14531988704e-07	0.000159931939468	0.0171982194838	0.0083536436792	0.615043523543
0.0051071562409	2.81624894993e-07	0.000145104157724	0.0174137783311	0.00815767814295	0.631176172542
0.00511912682671	2.51951087572e-07	0.000133461038051	0.0176265018148	0.00796401500266	0.647914884032
0.00513099717497	2.25396269058e-07	0.000122749036114	0.0178334868409	0.00777543518753	0.665042687393
0.00514272839815	2.01703493658e-07	0.000111962627755	0.0180348869467	0.00759174979426	0.682565896568
0.00515432706301	1.80558486124e-07	0.000101792626306	0.0182325021563	0.00741119173266	0.700645904807
0.00516583799675	1.61630803229e-07	9.2546724929e-05	0.0184270730783	0.00723310381822	0.719372106105
0.00517720031396	1.44793372015e-07	8.30479532881e-05	0.0186186403782	0.00705737587507	0.738776537824
0.00518859168554	1.29611169149e-07	7.59397463277e-05	0.0188097904588	0.0068816774278	0.759172434424
0.00520000170882	1.15952919593e-07	6.98476033232e-05	0.018996920882	0.00670960114388	0.78022069662
0.00521136947431	1.03731949437e-07	6.42433736752e-05	0.0191789727236	0.00654213785707	0.801807824039
0.00522267314642	9.28151944111e-08	5.8726155955e-05	0.0193560831287	0.00637913854991	0.823945130444
0.00523389528336	8.30801122777e-08	5.34723318379e-05	0.0195294486765	0.00621940049437	0.846788120956
0.00524508517004	7.43672152104e-08	4.86891425676e-05	0.0196998594514	0.00606220540398	0.870466415235
0.00525594692394	6.67810244843e-08	4.31010698951e-05	0.0198673577669	0.00590718195841	0.895021675469
0.00526720699698	5.97508648038e-08	3.96478162024e-05	0.0200370799952	0.00575002463819	0.921309376866
0.00527849805256	5.34607233802e-08	3.64712252018e-05	0.0202021700779	0.00559717033141	0.948353813266
0.00528981939332	4.78326586708e-08	3.35495848122e-05	0.020362754451	0.00544850071154	0.976175576427
0.00530117010444	4.27970182178e-08	3.0861954178e-05	0.0205189539099	0.00530390269997	1.0047953377
0.00531254158806	3.82943234063e-08	2.82746372972e-05	0.0206708882916	0.00516325652146	1.03423465214
0.00532386675313	3.42922075262e-08	2.56352392689e-05	0.0208192668191	0.00502579666453	1.06464081349
0.00533523838902	3.07098827529e-08	2.32432550977e-05	0.0209657554036	0.00488995307599	1.09640519976
0.00534669099933	2.74994356089e-08	2.12293620743e-05	0.0211103718741	0.00475574130232	1.12961543655
0.00535829762203	2.46081248515e-08	1.95314553816e-05	0.0212521128658	0.00462423042925	1.16411020176
0.00536998903918	2.2021057912e-08	1.79695652238e-05	0.0213899682685	0.00449637153145	1.19967192574
0.00538176637442	1.97061800638e-08	1.65329201653e-05	0.0215240442486	0.00437206416551	1.23633366035
0.00539363057374	1.76348479983e-08	1.52112646908e-05	0.021654442912	0.00425121164713	1.27412911449
0.00540557020137	1.57832383895e-08	1.3908260404e-05	0.0217812652624	0.00413370874624	1.31309348981
0.00541753450604	1.41357332347e-08	1.26294787338e-05	0.0219053711764	0.00401866141086	1.35351908273
0.00542961184723	1.26609864308e-08	1.14688967022e-05	0.0220277103899	0.00390518914324	1.39579490517
0.00544186236867	1.13369288525e-08	1.05094352566e-05	0.0221483029098	0.00379331397838	1.44004192476
0.00545431052051	1.01474905144e-08	9.67120818927e-06	0.0222661020215	0.00368409764806	1.48596208146
0.00546691564763	9.08308742117e-09	8.90008197967e-06	0.0223806566662	0.00357796319426	1.53341415256
0.00547968196897	8.13054798519e-09	8.19071055096e-06	0.022492055444	0.00347482623749	1.58245178045
0.00549261360621	7.27810497733e-09	7.53803723884e-06	0.0226003839427	0.0033746051545	1.63313027923
0.00550571497653	6.51521999075e-09	6.93761752096e-06	0.0227057268334	0.00327721923775	1.68550765805
0.00551899063972	5.83246531436e-09	6.38522239169e-06	0.0228081650346	0.00318259142961	1.73964333412
0.00553244510978	5.2214152952e-09	5.87694248763e-06	0.0229077777046	0.00309064622417	1.79559909266
0.00554602629058	4.67675113149e-09	5.35668481241e-06	0.0230046425392	0.0030012783795	1.85343957083
0.00555977986249	4.19010902441e-09	4.87200373716e-06	0.0230997725952	0.00291350082032	1.91384672974
0.0055737598633	3.75440656745e-09	4.43186635178e-06	0.023193414608	0.00282709342435	1.97713036448
0.00558808323316	3.36197269905e-09	4.08012188864e-06	0.0232855799357	0.00274209983241	2.04347786861
0.00560268096902	3.01070607491e-09	3.75643233064e-06	0.023375189344	0.00265956058031	2.11222669255
0.00561756312113	2.69627653364e-09	3.45857581935e-06	0.0234623135399	0.00257940810213	2.1834720775
0.00563274036663	2.41480705631e-09	3.18453342204e-06	0.0235470207226	0.00250157735037	2.25731291147
0.00564822341823	2.16283663922e-09	2.93232262066e-06	0.0236293758371	0.00242600626802	2.33385098759
0.0056640239991	1.93726041752e-09	2.70031933112e-06	0.0237094440161	0.00235263277501	2.41319422131
0.00568015376807	1.73530827573e-09	2.48679636528e-06	0.0237872850419	0.00228139983305	2.49545136372
0.00569662497842	1.55449987806e-09	2.2902576579e-06	0.0238629600865	0.00221224898968	2.58073871932
0.00571345055184	1.3926146477e-09	2.1093472314e-06	0.0239365292422	0.00214512285863	2.66917829241
0.00573064400512	1.24766575946e-09	1.94281763415e-06	0.0240080509293	0.00207996567023	2.76089740047
0.00574821533074	1.11790413435e-09	1.7870098328e-06	0.024077581942	0.00201672176777	2.85602891126
0.00576613967397	1.00199611934e-09	1.63724756161e-06	0.0241452706887	0.00195523158168	2.95485261917
0.00578448808062	8.98187429106e-10	1.5001452522e-06	0.0242114374231	0.00189519612394	3.05797256143
0.0058032919919	8.05211023816e-10	1.37462962943e-06	0.0242761143125	0.0018365891206	3.16562736574
0.00582258533613	7.21932775313e-10	1.25971853208e-06	0.0243393327568	0.00177938505122	3.27807188142
0.00584240477688	6.47337515281e-10	1.15451317848e-06	0.0244011233985	0.00172355915268	3.39557843621
0.00586281086987	5.80450748995e-10	1.06186625593e-06	0.0244615161787	0.00166909337863	3.51843819418
0.00588385939969	5.20423741737e-10	9.78787365088e-07	0.0245203371416	0.00161617115481	3.64650354568
0.005905542464	4.66652664792e-10	9.02278100898e-07	0.0245774989085	0.00156487145161	3.77972816442
0.00592789031785	4.18482225987e-10	8.31816001235e-07	0.0246330477056	0.00151515042215	3.91834131631
0.00595093489246	3.75326012154e-10	7.66920295668e-07	0.0246870284574	0.00146696549339	4.06258293342
0.00597470988954	3.36659230717e-10	7.07148570437e-07	0.0247394848239	0.00142027532918	4.21270405607
0.00599906157806	3.02273269191e-10	6.41880783703e-07	0.0247904587118	0.00137499634593	4.36896728069
0.00602422868324	2.71474834125e-10	5.82220599571e-07	0.0248407910959	0.00133033640069	4.53437678221
0.00605034327109	2.43861238974e-10	5.28834443683e-07	0.0248905291452	0.00128626674862	4.7098542893
0.00607774859555	2.18903149272e-10	4.87978607881e-07	0.0249396150445	0.00124290461311	4.89603604554
0.00610631298373	1.96534777073e-10	4.50347539342e-07	0.0249872882559	0.00120096923114	5.09059620762
0.00613610806023	1.76484696422e-10	4.15700694708e-07	0.0250335870319	0.00116042561751	5.29394665095
0.00616720798759	1.58511354887e-10	3.83775681951e-07	0.0250785467079	0.00112124128531	5.50650924213
0.00619969318113	1.42397693522e-10	3.54376961729e-07	0.0251222043565	0.00108338225771	5.72873720249
0.00623365108038	1.27948685049e-10	3.27316480921e-07	0.0251645936531	0.00104681824434	5.96109104023
0.00626916960247	1.14991724334e-10	3.02372951208e-07	0.0252057453796	0.00101152097238	6.20403660279
0.00630634462773	1.0337123322e-10	2.79379149472e-07	0.0252456939945	0.000977458871063	6.45808331739
0.00634527807704	9.29479450862e-11	2.58181113229e-07	0.0252844729858	0.00094460130497	6.72376132535
0.00638607818982	8.35971879401e-11	2.38637084397e-07	0.0253221149056	0.000912918528703	7.00162142847
0.00642886099471	7.52071274689e-11	2.20647108255e-07	0.0253586514056	0.000882381805557	7.29223487232
0.00647375128753	6.76772857409e-11	2.04080272907e-07	0.025394108471	0.000852968253686	7.59614995501
0.00652087146252	6.09190808019e-11	1.88797999275e-07	0.0254285120562	0.000824653699484	7.91392848363
0.00657035515628	5.48523739762e-11	1.74699302554e-07	0.0254618919677	0.000797410625968	8.24618534764
0.00662234302226	4.94054058579e-11	1.61691162112e-07	0.0254942772275	0.000771212170111	8.59355158486
0.00667698279597	4.45139161215e-11	1.49687890016e-07	0.0255256961078	0.000746032068201	8.95667299408
0.00673432301012	4.01281052307e-11	1.37664471885e-07	0.0255561760775	0.000721833198991	9.33620848568
0.0067944143305	3.62038626619e-11	1.2606103918e-07	0.0255859435219	0.000698379129645	9.73562957953
0.00685776864461	3.26773521972e-11	1.15477873487e-07	0.0256151511191	0.000675552367966	10.1582094817
0.0069250923895	2.9489939889e-11	1.07055793377e-07	0.0256438023973	0.000653397030793	10.605524487
0.00699631082395	2.66241803749e-11	9.93181550831e-08	0.0256715756598	0.000632205017357	11.0735199289
0.0070716297751	2.40477780955e-11	9.21703433153e-08	0.0256984857418	0.00061196044473	11.5627705622
0.00715128404473	2.17308148362e-11	8.55662029434e-08	0.0257245585814	0.000592638076872	12.0740183333
0.00723551495416	1.96464929717e-11	7.94631791141e-08	0.0257498196194	0.000574212763521	12.6079929503
0.0073245693024	1.77708087858e-11	7.38220360934e-08	0.0257742938345	0.000556659374975	13.1654072106
0.00741869814757	1.60822602406e-11	6.86065987186e-08	0.0257980057751	0.000539952743233	13.7469523175
0.00751815541547	1.45615855408e-11	6.37835146633e-08	0.0258209795866	0.000524067610943	14.3532932935
0.00762319634437	1.31915292249e-11	5.9322035842e-08	0.0258432390355	0.000508978589589	14.9850646027
0.00773409074267	1.19564729447e-11	5.52185450269e-08	0.0258648075358	0.00049466108562	15.6428660999
0.00785110002338	1.08424826208e-11	5.14322888541e-08	0.0258856989743	0.000481099081115	16.326944063
0.00797443384117	9.83743087837e-12	4.79238654008e-08	0.0259059313115	0.000468269154416	17.0375702311
0.00810431844338	8.93018796835e-12	4.46716437375e-08	0.0259255282047	0.000456143314524	17.7751497785
0.00824096974875	8.11078564433e-12	4.16556863039e-08	0.0259445128967	0.000444693472496	18.5400405163
0.00838459126101	7.37029608565e-12	3.88576215632e-08	0.0259629082022	0.00043389148001	19.3325524384
0.00853537202951	6.70072340072e-12	3.62605263221e-08	0.0259807364893	0.000423709178955	20.1529480122
0.00869348468776	6.09490637582e-12	3.38488168481e-08	0.0259980196565	0.000414118460492	21.0014431785
0.0088590835977	5.54643128119e-12	3.16081479974e-08	0.0260147791073	0.000405091331757	21.878209
0.00903230312337	5.0495536775e-12	2.95253196446e-08	0.0260310357212	0.000396599988144	22.7833738739
0.00921329786827	4.59902705116e-12	2.76058547863e-08	0.0260468098434	0.000388618653529	23.7170262102
0.00940215238474	4.19025547169e-12	2.58254978234e-08	0.0260621115671	0.000381129532785	24.6785816077
0.00959886565904	3.81921005892e-12	2.41662756948e-08	0.0260769567465	0.000374106613415	25.6677020978
0.00980345054199	3.48218349698e-12	2.261906473e-08	0.0260913650342	0.000367521780255	26.6842796587
0.0100158915255	3.17585484043e-12	2.11754817332e-08	0.0261053553254	0.00036134759968	27.7281797047
0.0102361441917	2.89724833031e-12	1.98278258328e-08	0.026118945739	0.000355557386169	28.7992446733
0.0104641348553	2.64369650142e-12	1.8569024208e-08	0.0261321536042	0.00035012526103	29.8972973559
0.0106997603923	2.41280715394e-12	1.73925814787e-08	0.0261449954515	0.000345026202732	31.0221439121
0.0109428882469	2.2024338044e-12	1.6292532567e-08	0.0261574870096	0.00034023608865	32.1735765247
0.0111933566112	2.01064926941e-12	1.5263398858e-08	0.0261696432075	0.000335731728319	33.3513756736
0.0114509849612	1.83571554995e-12	1.43034913139e-08	0.0261814781813	0.000331491183617	34.5553120182
0.0117156824645	1.67599749904e-12	1.34164225715e-08	0.0261930027061	0.000327499422461	35.784856274
0.0119870350981	1.53018624848e-12	1.25844278409e-08	0.026204219425	0.000323741455828	37.0385565432
0.0122647312812	1.39701621194e-12	1.18037643517e-08	0.0262151411376	0.000320196387071	38.3160438979
0.0125484318856	1.27534738436e-12	1.10709888756e-08	0.0262257798303	0.000316844435802	39.6169437994
0.0128377716234	1.16415175915e-12	1.03829313068e-08	0.0262361467074	0.000313666927169	40.9408761859
0.0131323605889	1.06250126267e-12	9.73667039102e-09	0.0262462522263	0.000310646276492	42.2874552966
0.0134317859492	9.69557043461e-13	9.12951147879e-09	0.0262561061338	0.000307765970062	43.6562892812
0.0137356137784	8.84559969171e-13	8.55896618373e-09	0.0262657175034	0.000305010542815	45.0469796375
0.0140433910253	8.06822198307e-13	8.02273382168e-09	0.0262750947744	0.000302365553494	46.4591205203
0.0143546476058	7.35719707331e-13	7.51868451101e-09	0.0262842457902	0.000299817557814	47.8922979562
0.0146689328518	6.70678919799e-13	7.04941002588e-09	0.0262931778374	0.000297354774393	49.3460889984
0.0149858918617	6.11156171372e-13	6.61272676969e-09	0.02630189218	0.000294974037438	50.8190919973
0.0153047880739	5.56720392128e-13	6.20159461077e-09	0.0263103890877	0.000292666284489	52.3096390591
0.0156250613108	5.0694247446e-13	5.81451846498e-09	0.0263186751192	0.000290420495255	53.8171370257
0.0159461464291	4.61431197016e-13	5.45010547472e-09	0.0263267563592	0.000288226606192	55.3409804357
0.0162674762806	4.19829452181e-13	5.10705586293e-09	0.0263346384582	0.000286075473047	56.8805507056
0.0165884846842	3.81810902986e-13	4.78415470504e-09	0.0263423266715	0.000283958833133	58.4352153928
0.0169086093832	3.47077017786e-13	4.48026453782e-09	0.0263498258957	0.000281869267405	60.0043275525
0.0172272949626	3.15354437001e-13	4.19431872895e-09	0.0263571407035	0.000279800162415	61.5872251944
0.0175439957007	2.86392631573e-13	3.92531553587e-09	0.0263642753759	0.000277745672165	63.1832308454
0.0178581783309	2.59961817532e-13	3.67231278732e-09	0.0263712339335	0.000275700679925	64.7916512218
0.0181683096923	2.35928975421e-13	3.40961916237e-09	0.0263780200446	0.000273645468303	66.4117770126
0.0184747743189	2.14034837283e-13	3.16103170683e-09	0.0263846860838	0.000271540914752	68.0552742739
0.0187776173481	1.94079907342e-13	2.92948225976e-09	0.0263912406923	0.000269385495618	69.7241556268
0.0190777609309	1.75832370063e-13	2.73841800067e-09	0.0263976846712	0.000267197498213	71.418553851
0.0193740863235	1.59194789351e-13	2.56368035195e-09	0.0264039612442	0.000265023932186	73.1225335529
0.0196656170695	1.44057663433e-13	2.39927715003e-09	0.0264100620157	0.000262866630306	74.8318146507
0.0199518914842	1.30292368037e-13	2.24464556146e-09	0.0264159910525	0.000260722377922	76.5453813359
0.0202324781136	1.17780935257e-13	2.09925321265e-09	0.0264217522481	0.000258588545077	78.2622078084
0.0205069775206	1.06415144396e-13	1.96259603948e-09	0.0264273493446	0.000256463043969	79.9812594229
0.0207750237796	9.60957023725e-14	1.83419636476e-09	0.0264327859516	0.000254344287015	81.701493987
0.0210362856728	8.67315029714e-14	1.71360117779e-09	0.0264380655639	0.000252231145612	83.4218632053
0.0212904675827	7.82389556145e-14	1.60038059228e-09	0.0264431915766	0.000250122909718	85.141314262
0.0215373100805	7.05413755652e-14	1.49412646124e-09	0.0264481672989	0.000248019248361	86.8587915329
0.0217765902136	6.35684285424e-14	1.39445112954e-09	0.0264529959661	0.000245920171198	88.5732384184
0.0220081214995	5.72556236607e-14	1.30098630685e-09	0.0264576807503	0.000243825991226	90.2835992874
0.0222317536354	5.15438494261e-14	1.21338204534e-09	0.0264622247691	0.000241737288779	91.9888215202
0.0224473923275	4.63784752324e-14	1.13194990661e-09	0.0264666310932	0.000239655094639	93.6878576396
0.0226551517653	4.17055105246e-14	1.05746198257e-09	0.0264709003421	0.00023758488656	95.3786877663
0.0228547213892	3.74852474382e-14	9.87569561653e-10	0.0264750282242	0.000235532361732	97.0571715506
0.0230460602685	3.36760538725e-14	9.22016117119e-10	0.0264790183167	0.000233498040058	98.7222072247
0.0232291630094	3.02398875488e-14	8.6055763553e-10	0.026482874139	0.000231482623614	100.372720031
0.0234040580132	2.71420058603e-14	8.02962035113e-10	0.0264865991577	0.000229486964138	102.007664959
0.0235708055351	2.4350698859e-14	7.49008629195e-10	0.0264901967908	0.00022751203258	103.626029429
0.0237294955768	2.18370432311e-14	6.9848762816e-10	0.0264936704105	0.000225558890739	105.226835884
0.023880245645	1.95746753805e-14	6.51199674267e-10	0.0264970233454	0.000223628665061	106.809144275
0.0240231984077	1.75395819759e-14	6.0695540445e-10	0.0265002588822	0.000221722522593	108.372054424
0.0241585192796	1.57099065111e-14	5.65575036946e-10	0.0265033802659	0.000219841649106	109.914708226
0.0242863939694	1.40657705958e-14	5.26887978261e-10	0.0265063907007	0.000217987229387	111.436291686
0.0244070260162	1.25891088344e-14	4.90732447547e-10	0.0265092933493	0.000216160429646	112.936036765
0.0245206357813	1.12634998867e-14	4.56989656006e-10	0.0265120913324	0.000214362394592	114.413223018
0.0246275643138	1.00728492429e-14	4.2633635113e-10	0.0265147875269	0.000212595356251	115.867067019
0.0247279214669	9.00511061097e-15	3.97658207223e-10	0.0265173794931	0.000210864665154	117.29388639
0.0248219502645	8.04802735998e-15	3.70836792081e-10	0.0265198706334	0.00020917082098	118.693145334
0.0249099021949	7.19050568458e-15	3.45759913206e-10	0.0265222642832	0.000207514282196	120.064370747
0.0249920349203	6.42251173734e-15	3.22321356937e-10	0.0265245637097	0.000205895456498	121.407152178
0.0250686101217	5.73497706506e-15	3.00420635939e-10	0.0265267721121	0.000204314693093	122.721141472
0.0251398914937	5.11971173507e-15	2.79962744234e-10	0.02652889262	0.000202772276685	124.006052121
0.0252061428967	4.56932458494e-15	2.60857919204e-10	0.0265309282933	0.00020126842304	125.261658321
0.0252676266748	4.07715007245e-15	2.43021410142e-10	0.0265328821211	0.000199803275981	126.487793764
0.0253246021432	3.63718123994e-15	2.26373253053e-10	0.0265347570209	0.000198376905694	127.684350167
0.0253773242442	3.24400834089e-15	2.10838051539e-10	0.0265365558381	0.000196989308189	128.851275571
0.0254260423716	2.8927627071e-15	1.96344763675e-10	0.0265382813458	0.000195640405792	129.988572423
0.0254709993597	2.57906546239e-15	1.82826494836e-10	0.0265399362437	0.000194330048529	131.096295471
0.0255124306412	2.29898063518e-15	1.70220395822e-10	0.0265415231584	0.000193058016361	132.174549487
0.0255505635076	2.04897273267e-15	1.58467159301e-10	0.0265430446422	0.000191824022633	133.223486204
0.0255856165867	1.82586761909e-15	1.47511147275e-10	0.0265445031749	0.00019062771577	134.243303084
0.0256177994026	1.62681724303e-15	1.37300104253e-10	0.0265459011634	0.000189468683879	135.234240062
0.0256473120688	1.44926751438e-15	1.27784976852e-10	0.0265472409414	0.000188346458845	136.196576829
0.0256743450937	1.29092913938e-15	1.1891974339e-10	0.0265485247705	0.000187260520624	137.130630094
0.0256990792853	1.1497511738e-15	1.10661249787e-10	0.0265497548406	0.000186210301698	138.03675082
0.0257216857464	1.02389706535e-15	1.02969051825e-10	0.0265509332705	0.000185195191599	138.915321455
0.0257423259473	9.1172297292e-16	9.58052637545e-11	0.026552062109	0.000184214541457	139.766753187
0.0257611518673	8.11758165307e-16	8.91344132269e-11	0.0265531433359	0.000183267668503	140.591483225
0.0257783061939	7.22687316669e-16	8.2923302525e-11	0.0265541788633	0.000182353860485	141.389972138
0.0257939225712	6.43334529717e-16	7.71408760125e-11	0.0265551705361	0.000181472379965	142.162701254
0.0258081258874	5.7264893062e-16	7.17580937241e-11	0.0265561201344	0.000180622468448	142.910170131
0.0258210325955	5.09691691906e-16	6.67478109911e-11	0.0265570293739	0.00017980335033	143.632894129
0.0258327510576	4.53624351178e-16	6.20846639749e-11	0.0265578999079	0.000179014236645	144.331402061
0.0258433819072	4.03698304295e-16	5.77449609718e-11	0.0265587333287	0.000178254328588	145.00623396
0.0258530184255	3.5924535419e-16	5.37065981471e-11	0.0265595311691	0.000177522820824	145.65793895
0.025861746917	3.19669253196e-16	4.9948903128e-11	0.0265602949036	0.000176818904795	146.287072993
0.0258696470989	2.84438063964e-16	4.64526036783e-11	0.0265610259509	0.000176141770998	146.894197472
0.0258767924803	2.53077338868e-16	4.31997196716e-11	0.0265617256748	0.00017549061186	147.479877162
0.0258832507389	2.25163997646e-16	4.01734803673e-11	0.0265623953861	0.000174864624102	148.044678565
0.0258890840894	2.00320841484e-16	3.73582467358e-11	0.0265630363445	0.00017426301087	148.589168361
0.0258943496423	1.78211640132e-16	3.47394382875e-11	0.0265636497594	0.000173684983645	149.113911973
0.0258990997498	1.58536734374e-16	3.23034642071e-11	0.0265642367926	0.000173129763952	149.619472252
0.0259033823395	1.41029101574e-16	3.00376585955e-11	0.0265647985589	0.000172596584859	150.106408265
0.0259072412325	1.2545083707e-16	2.79302196241e-11	0.0265653361286	0.000172084692297	150.575274198
0.0259107164472	1.11590008729e-16	2.59701524078e-11	0.0265658505281	0.000171593346196	151.026618354
0.0259138444867	9.92578461314e-17	2.41472154075e-11	0.0265663427425	0.000171121821456	151.460982261
0.0259166586113	8.82862296868e-17	2.24518701774e-11	0.0265668137162	0.000170669408767	151.878899862
0.0259191890939	7.85254484069e-17	2.08752342779e-11	0.0265672643548	0.000170235415286	152.280896808
0.0259214634611	6.98421981975e-17	1.94090371795e-11	0.0265676955267	0.000169819165174	152.667489826
0.0259235067176	6.21177953497e-17	1.80455794676e-11	0.026568108064	0.000169420000028	153.039186176
0.0259253415567	5.52465821066e-17	1.67776952694e-11	0.0265685027645	0.000169037279198	153.396483165
0.025926988555	4.91345065542e-17	1.55987097605e-11	0.0265688803923	0.000168670380044	153.739867718
0.0259284663547	4.36978526354e-17	1.45024132255e-11	0.0265692416798	0.000168318697942	154.069816143
0.0259297918313	3.88621102673e-17	1.34830265988e-11	0.0265695873286	0.000167981646396	154.3867938
0.0259309802496	3.45609674601e-17	1.25351720207e-11	0.0265699180108	0.000167658657013	154.691254886
0.0259320454067	3.07354120032e-17	1.16538453487e-11	0.02657023437	0.000167349179402	154.983642274
0.0259329997645	2.73329309459e-17	1.08343905018e-11	0.0265705370227	0.000167052681034	155.264387392
0.0259338545714	2.43067973356e-17	1.00724755217e-11	0.0265708265594	0.000166768647039	155.533910158
0.0259346199734	2.16154347964e-17	9.36407024428e-12	0.0265711035452	0.000166496579967	155.792618945
0.0259353051169	1.92218515294e-17	8.70542547627e-12	0.0265713685214	0.000166235999512	156.040910593
0.025935918242	1.70931362122e-17	8.0930535809e-12	0.0265716220064	0.000165986442196	156.279170442
0.0259364667681	1.52000090815e-17	7.52371038152e-12	0.0265718644961	0.000165747461041	156.507772404
0.0259369573722	1.35164221998e-17	6.99437829636e-12	0.0265720964655	0.000165518625207	156.72707906
0.0259373960596	1.20192035528e-17	6.50225062401e-12	0.0265723183692	0.000165299519613	156.937441777
0.0259377882293	1.0687740202e-17	6.04471690338e-12	0.0265725306424	0.000165089744552	157.139200852
0.0259381387325	9.50369622289e-18	5.61934945777e-12	0.0265727337016	0.000164888915288	157.332685668
0.0259384519263	8.45076162105e-18	5.22389041888e-12	0.0265729279453	0.000164696661649	157.518214866
0.0259387317224	7.51442898156e-18	4.85623957708e-12	0.0265731137553	0.000164512627614	157.696096534
0.0259389816311	6.68179445716e-18	4.51444412462e-12	0.0265732914964	0.000164336470877	157.866628429
0.025939204801	5.94138083007e-18	4.19668806489e-12	0.0265734615183	0.000164167862439	158.030098171
0.0259394040556	5.28298001164e-18	3.90128266863e-12	0.0265736241552	0.000164006486193	158.186783468
0.0259395819257	4.69751289253e-18	3.62665759065e-12	0.0265737797271	0.000163852038503	158.336952339
0.025939740679	4.17690463862e-18	3.37135260172e-12	0.0265739285403	0.000163704227797	158.480863353
0.0259398823465	3.71397373543e-18	3.13400989408e-12	0.0265740708878	0.000163562774156	158.618765858
0.0259400087471	3.30233326986e-18	2.91336692093e-12	0.0265742070499	0.000163427408914	158.750900225
0.0259401215089	2.93630310294e-18	2.70824973361e-12	0.0265743372948	0.000163297874263	158.877498089
0.025940222089	2.61083173528e-18	2.51756678213e-12	0.0265744618792	0.00016317392287	158.998782592
0.0259403117908	2.32142679785e-18	2.34030314722e-12	0.0265745810487	0.000163055317491	159.114968624
0.0259403917802	2.06409321807e-18	2.17551517419e-12	0.0265746950383	0.000162941830608	159.226263065
0.0259404630998	1.83527821534e-18	2.02232548078e-12	0.0265748040728	0.000162833244065	159.332865029
0.0259405266813	1.63182237322e-18	1.87991831329e-12	0.0265749083672	0.000162729348716	159.434966096
0.0259405833578	1.45091611689e-18	1.74753527234e-12	0.0265750081273	0.000162629944084	159.532750554
0.0259406338735	1.29006100325e-18	1.62447118045e-12	0.02657510355	0.000162534838033	159.626395625
0.0259406788931	1.14703529258e-18	1.51007040447e-12	0.0265751948237	0.000162443846438	159.7160717
0.0259407190106	1.0198633165e-18	1.40372342154e-12	0.0265752821284	0.000162356792876	159.801942567
0.0259407547563	9.06788242446e-19	1.30486355283e-12	0.0265753656367	0.000162273508321	159.884165627
0.0259407866034	8.06247847791e-19	1.21296395667e-12	0.0265754455133	0.000162193830855	159.962892113
0.0259408149747	7.16852973622e-19	1.12753483218e-12	0.0265755219162	0.000162117605383	160.038267303
0.0259408402473	6.37368362286e-19	1.0481208187e-12	0.0265755949961	0.00016204468336	160.110430726
0.0259408627578	5.66695615176e-19	9.74298577322e-13	0.0265756648976	0.000161974922526	160.179516368
0.0259408828065	5.03858036425e-19	9.05674541928e-13	0.0265757317586	0.000161908186653	160.245652866
0.0259409006613	4.47987154006e-19	8.41882827773e-13	0.0265757957114	0.000161844345296	160.308963704
0.025940916561	3.98310732757e-19	7.82583286737e-13	0.0265758568824	0.000161783273562	160.3695674
0.0259409307188	3.54142114339e-19	7.27459698925e-13	0.0265759153923	0.000161724851877	160.427577685
0.0259409433247	3.14870737364e-19	6.76218091112e-13	0.026575971357	0.000161668965769	160.483103685
0.025940954548	2.79953707121e-19	6.28585173155e-13	0.0265760248871	0.000161615505655	160.536250091
0.0259409645398	2.48908298784e-19	5.8430688413e-13	0.0265760760884	0.000161564366639	160.587117326
0.0259409734348	2.21305290601e-19	5.43147050243e-13	0.0265761250621	0.000161515448318	160.635801705
0.0259409813528	1.96763036185e-19	5.04886099223e-13	0.0265761719051	0.000161468654593	160.682395595
0.0259409884008	1.74942192355e-19	4.69319917753e-13	0.0265762167101	0.000161423893489	160.726987564
0.025940994674	1.5554103133e-19	4.36258759887e-13	0.0265762595656	0.00016138107698	160.769662531
0.0259410002574	1.38291272325e-19	4.05526234559e-13	0.0265763005565	0.000161340120823	160.810501903
0.0259410052266	1.22954374825e-19	3.76958366261e-13	0.0265763397639	0.000161300944402	160.849583718
0.025941009649	1.09318242512e-19	3.50402721725e-13	0.0265763772652	0.00016126347057	160.886982771
0.0259410135845	9.71942923668e-20	3.2571759796e-13	0.0265764131347	0.000161227625505	160.922770748
0.0259410170866	8.6414848524e-20	3.0277126736e-13	0.0265764474434	0.000161193338567	160.957016345
0.025941020203	7.6830824885e-20	2.81441275867e-13	0.0265764802592	0.000161160542166	160.989785389
0.0259410229759	6.830966453e-20	2.61613790464e-13	0.026576511647	0.000161129171625	161.021140953
0.0259410254432	6.07335074726e-20	2.43182992544e-13	0.0265765416688	0.000161099165066	161.051143465
0.0259410276385	5.3997561465e-20	2.26050513933e-13	0.0265765703843	0.000161070463281	161.079850817
0.0259410295917	4.800865336e-20	2.10124912563e-13	0.02657659785	0.000161043009622	161.107318463
0.0259410313294	4.26839410252e-20	1.95321185022e-13	0.0265766241206	0.000161016749894	161.133599525
0.0259410328754	3.79497680222e-20	1.81560313506e-13	0.0265766492478	0.000160991632244	161.158744881
0.0259410342508	3.37406452106e-20	1.68768845841e-13	0.0265766732815	0.000160967607065	161.182803262
0.0259410354743	2.99983453219e-20	1.56878498879e-13	0.0265766962693	0.000160944626897	161.205821336
0.0259410365627	2.66710977594e-20	1.45825799854e-13	0.0265767182566	0.000160922646339	161.227843795
0.025941037531	2.37128727496e-20	1.35551745928e-13	0.026576739287	0.000160901621953	161.248913435
0.0259410383923	2.10827448236e-20	1.26001489501e-13	0.0265767594021	0.000160881512186	161.269071238
0.0259410391584	1.87443268617e-20	1.17124045684e-13	0.0265767786418	0.000160862277287	161.28835644
0.0259410398399	1.66652668787e-20	1.0887202034e-13	0.026576797044	0.000160843879228	161.306806611
0.0259410404461	1.48168005987e-20	1.01201357271e-13	0.0265768146454	0.00016082628163	161.324457719
0.0259410409853	1.3173353633e-20	9.40711031962e-14	0.0265768314807	0.000160809449693	161.341344199
0.0259410414648	1.17121877647e-20	8.74431892665e-14	0.0265768475832	0.000160793350128	161.357499018
0.0259410418914	1.04130864505e-20	8.12822279611e-14	0.0265768629849	0.00016077795109	161.372953732
0.0259410422708	9.25807519163e-21	7.55553242774e-14	0.0265768777162	0.000160763222117	161.387738552
0.0259410426082	8.23117290944e-21	7.02319002112e-14	0.0265768918064	0.000160749134068	161.401882394
0.0259410429083	7.31817088824e-21	6.52835315927e-14	0.0265769052832	0.00016073565907	161.415412936
0.0259410431752	6.50643622892e-21	6.06837964085e-14	0.0265769181735	0.00016072277046	161.428356671
0.0259410434126	5.78473709629e-21	5.64081338947e-14	0.0265769305027	0.000160710442731	161.440738956
0.0259410436237	5.14308734297e-21	5.24337133625e-14	0.0265769422952	0.000160698651488	161.45258406
0.0259410438114	4.57260836769e-21	4.8739312055e-14	0.0265769535745	0.000160687373392	161.463915211
0.0259410439784	4.06540628306e-21	4.53052024088e-14	0.0265769643628	0.000160676586121	161.474754639
0.0259410441268	3.61446271066e-21	4.21130465385e-14	0.0265769746815	0.000160666268322	161.485123616
0.0259410442589	3.21353768451e-21	3.91457983594e-14	0.0265769845511	0.000160656399571	161.495042502
0.0259410443763	2.85708332189e-21	3.6387612601e-14	0.0265769939911	0.00016064696033	161.50453078
0.0259410444807	2.54016706769e-21	3.38237602284e-14	0.0265770030201	0.000160637931913	161.513607095
0.0259410445736	2.25840345071e-21	3.14405498193e-14	0.0265770116562	0.000160629296445	161.522289288
0.0259410446562	2.00789340811e-21	2.92252544771e-14	0.0265770199163	0.000160621036826	161.530594432
0.0259410447296	1.7851703387e-21	2.71660438915e-14	0.0265770278169	0.000160613136704	161.538538862
0.0259410447949	1.58715213903e-21	2.52519211836e-14	0.0265770353735	0.000160605580436	161.546138211
0.025941044853	1.41109855874e-21	2.34726641986e-14	0.0265770426013	0.000160598353058	161.553407436
0.0259410449046	1.25457328536e-21	2.1818770933e-14	0.0265770495144	0.000160591440258	161.56036085
0.0259410449506	1.11541023408e-21	2.02814088057e-14	0.0265770561266	0.000160584828346	161.567012145
0.0259410449914	9.9168357615e-22	1.88523675013e-14	0.026577062451	0.00016057850423	161.573374425
0.0259410450277	8.81681091321e-22	1.75240151612e-14	0.0265770685	0.000160572455384	161.579460225
0.02594104506	7.83880475715e-22	1.62892575737e-14	0.0265770742858	0.000160566669828	161.58528154
0.0259410450887	6.96928277558e-22	1.5141500322e-14	0.0265770798197	0.000160561136105	161.590849845
0.0259410451142	6.19621168656e-22	1.40746136075e-14	0.0265770851127	0.000160555843253	161.59617612
0.0259410451369	5.50889293448e-22	1.30828994979e-14	0.0265770901753	0.000160550780791	161.60127087
0.0259410451571	4.89781464719e-22	1.21610615035e-14	0.0265770950175	0.00016054593869	161.606144143
0.025941045175	4.35452001284e-22	1.13041762959e-14	0.026577099649	0.00016054130736	161.610805555
0.025941045191	3.87149025543e-22	1.05076674189e-14	0.0265771040788	0.000160536877627	161.615264304
0.0259410452052	3.44204058985e-22	9.76728085153e-15	0.0265771083158	0.000160532640717	161.619529191
0.0259410452178	3.06022771699e-22	9.07906229242e-15	0.0265771123684	0.000160528588238	161.623608635
0.025941045229	2.72076757904e-22	8.43933604398e-15	0.0265771162445	0.000160524712162	161.627510688
0.025941045239	2.4189622369e-22	7.84468538449e-15	0.0265771199519	0.00016052100481	161.631243058
0.0259410452479	2.15063485812e-22	7.29193432262e-15	0.0265771234979	0.00016051745884	161.634813115
0.0259410452558	1.91207191568e-22	6.77813063739e-15	0.0265771268896	0.000160514067227	161.63822791
0.0259410452628	1.69997179793e-22	6.30053011283e-15	0.0265771301336	0.000160510823252	161.64149419
