0.0	1.65218488049	2.1973882055	0.0	0.0	0.0
9.20439819107e-18	1.65218488042	2.19738820543	1.76677990006e-11	9.20441500787e-12	1e-06
1.03039985102e-17	1.65218488042	2.19738820542	1.88385266705e-11	9.92361748321e-12	1.03833333333e-06
1.15349622098e-17	1.65218488041	2.19738820542	2.01007304478e-11	1.06989972436e-11	1.07813611111e-06
1.29129825718e-17	1.65218488041	2.19738820541	2.14615579197e-11	1.15349951811e-11	1.11946466204e-06
1.44556276706e-17	1.6521848804	2.1973882054	2.29287151581e-11	1.24362742325e-11	1.16237747408e-06
1.61825643447e-17	1.6521848804	2.1973882054	2.45105103575e-11	1.34080524459e-11	1.20693527725e-06
1.8115808925e-17	1.65218488039	2.19738820539	2.62159008824e-11	1.44556588919e-11	1.25320112954e-06
2.02800079156e-17	1.65218488038	2.19738820538	2.80545439907e-11	1.55851997971e-11	1.30124050618e-06
2.27027522073e-17	1.65218488037	2.19738820537	3.00368515213e-11	1.68028924105e-11	1.35112139225e-06
2.54149288269e-17	1.65218488037	2.19738820536	3.21740488534e-11	1.81158421594e-11	1.40291437895e-06
2.84511147097e-17	1.65218488036	2.19738820535	3.44782384736e-11	1.95313765157e-11	1.45669276347e-06
3.18500175129e-17	1.65218488035	2.19738820534	3.696246851e-11	2.10574890853e-11	1.51253265274e-06
3.56549690908e-17	1.65218488034	2.19738820533	3.96408066205e-11	2.27027285854e-11	1.57051307109e-06
3.99144779229e-17	1.65218488033	2.19738820532	4.25284196553e-11	2.44766429341e-11	1.63071607215e-06
4.4682847538e-17	1.65218488031	2.1973882053	4.56416595429e-11	2.63892241385e-11	1.69322685491e-06
5.00208688176e-17	1.6521848803	2.19738820529	4.89981558883e-11	2.84511303397e-11	1.75813388435e-06
5.59965950052e-17	1.65218488029	2.19738820527	5.2616915805e-11	3.06742409241e-11	1.82552901658e-06
6.26862093022e-17	1.65218488027	2.19738820526	5.65184315487e-11	3.30709903895e-11	1.89550762888e-06
7.01749961102e-17	1.65218488026	2.19738820524	6.07247965599e-11	3.56550344792e-11	1.96816875465e-06
7.85584283032e-17	1.65218488024	2.19738820522	6.52598305751e-11	3.84409171147e-11	2.04361522357e-06
8.79433843896e-17	1.65218488022	2.1973882052	7.01492145118e-11	4.14445144852e-11	2.12195380714e-06
9.84495110829e-17	1.6521848802	2.19738820517	7.54206358951e-11	4.46829240255e-11	2.20329536974e-06
1.10210748651e-16	1.65218488018	2.19738820515	8.11039456452e-11	4.81742423707e-11	2.28775502558e-06
1.23377038489e-16	1.65218488015	2.19738820512	8.72313271173e-11	5.1938342513e-11	2.37545230155e-06
1.38116234694e-16	1.65218488013	2.19738820509	9.38374783488e-11	5.59966517568e-11	2.46651130644e-06
1.54616243991e-16	1.6521848801	2.19738820506	1.00959808547e-10	6.0371929674e-11	2.56106090651e-06
1.73087421321e-16	1.65218488007	2.19738820503	1.08638649929e-10	6.50891562828e-11	2.65923490792e-06
1.93765251609e-16	1.65218488004	2.19738820499	1.16917486114e-10	7.01749769356e-11	2.76117224605e-06
2.16913351902e-16	1.65218488001	2.19738820495	1.25843198362e-10	7.56582574311e-11	2.86701718214e-06
2.42826832173e-16	1.65218487997	2.19738820491	1.35466331055e-10	8.15698619694e-11	2.97691950745e-06
2.71836057606e-16	1.65218487993	2.19738820487	1.45841377913e-10	8.79434303081e-11	3.09103475522e-06
3.0431086035e-16	1.65218487989	2.19738820482	1.57027090584e-10	9.48149336731e-11	3.20952442082e-06
3.40665254426e-16	1.65218487984	2.19738820476	1.69086811344e-10	1.02223451915e-10	3.33255619027e-06
3.81362713903e-16	1.65218487979	2.19738820471	1.82088831784e-10	1.10210729419e-10	3.46030417755e-06
4.26922081619e-16	1.65218487973	2.19738820464	1.96106779538e-10	1.18822174308e-10	3.59294917101e-06
4.779241838e-16	1.65218487968	2.19738820458	2.11220035214e-10	1.28106525371e-10	3.73067888921e-06
5.35019234877e-16	1.65218487961	2.19738820451	2.27514181915e-10	1.38116296159e-10	3.87368824661e-06
5.98935126931e-16	1.65218487955	2.19738820443	2.45081489872e-10	1.48908108044e-10	4.02217962937e-06
6.70486709423e-16	1.65218487947	2.19738820435	2.64021438954e-10	1.60543245339e-10	4.1763631818e-06
7.5058617753e-16	1.65218487939	2.19738820426	2.84441282002e-10	1.73087433245e-10	4.33645710374e-06
8.40254701516e-16	1.65218487931	2.19738820416	3.06456652174e-10	1.86611837059e-10	4.50268795934e-06
9.40635445407e-16	1.65218487922	2.19738820406	3.30192217755e-10	2.01192951148e-10	4.67529099774e-06
1.05300814093e-15	1.65218487912	2.19738820395	3.55782388124e-10	2.16913376103e-10	4.85451048595e-06
1.17880540254e-15	1.65218487901	2.19738820382	3.83372074886e-10	2.33862151811e-10	5.04060005453e-06
1.31963099147e-15	1.6521848789	2.19738820369	4.13117512477e-10	2.52135201542e-10	5.23382305656e-06
1.47728026177e-15	1.65218487878	2.19738820355	4.45187142883e-10	2.71836109104e-10	5.43445294033e-06
1.65376304885e-15	1.65218487864	2.1973882034	4.79762569491e-10	2.93076340888e-10	5.64277363631e-06
1.85132929241e-15	1.6521848785	2.19738820324	5.17039585471e-10	3.15976134047e-10	5.85907995896e-06
2.07249772046e-15	1.65218487834	2.19738820306	5.5722928251e-10	3.40665273652e-10	6.08367802396e-06
2.32008795998e-15	1.65218487818	2.19738820287	6.00559246178e-10	3.67283536782e-10	6.31688568145e-06
2.59725648374e-15	1.652184878	2.19738820267	6.47274844698e-10	3.95981691724e-10	6.5590329658e-06
2.90753685146e-15	1.6521848778	2.19738820245	6.97640618409e-10	4.26922164105e-10	6.81046256269e-06
3.25488475838e-15	1.65218487759	2.19738820221	7.51941777804e-10	4.60280147118e-10	7.07153029413e-06
3.64372846552e-15	1.65218487737	2.19738820195	8.10485818616e-10	4.96244600721e-10	7.34260562192e-06
4.07902525463e-15	1.65218487713	2.19738820168	8.73604263098e-10	5.35019250838e-10	7.62407217058e-06
4.56632462741e-15	1.65218487686	2.19738820138	9.41654537361e-10	5.76823588561e-10	7.91632827026e-06
5.11183905492e-15	1.65218487658	2.19738820106	1.0150219954e-09	6.21894313437e-10	8.21978752041e-06
5.72252317898e-15	1.65218487628	2.19738820071	1.09412210129e-09	6.7048677676e-10	8.53487937512e-06
6.40616247532e-15	1.65218487595	2.19738820034	1.17940278182e-09	7.22875980774e-10	8.86204975089e-06
7.17147250889e-15	1.6521848756	2.19738819994	1.27134696306e-09	7.79358688089e-10	9.20176165771e-06
8.02821004667e-15	1.65218487521	2.1973881995	1.37047530504e-09	8.40254753958e-10	9.55449585425e-06
8.98729744448e-15	1.6521848748	2.19738819903	1.47734915014e-09	9.0590901365e-10	9.92075152828e-06
1.00609618937e-14	1.65218487436	2.19738819853	1.59257370185e-09	9.7669316983e-10	1.03010470031e-05
1.12628913029e-14	1.65218487388	2.19738819799	1.71680145191e-09	1.05300812403e-09	1.06959204711e-05
1.26084088021e-14	1.65218487337	2.1973881974	1.8507358752e-09	1.13528608607e-09	1.11059307553e-05
1.41146680939e-14	1.65218487281	2.19738819677	1.99513541343e-09	1.22399301655e-09	1.15316581003e-05
1.58008721419e-14	1.65218487221	2.19738819608	2.15081776998e-09	1.31963095832e-09	1.19737049935e-05
1.76885179855e-14	1.65218487156	2.19738819535	2.31866454037e-09	1.42274181123e-09	1.24326970175e-05
1.98016708005e-14	1.65218487087	2.19738819456	2.4996262046e-09	1.53390933053e-09	1.29092837357e-05
2.21672707006e-14	1.65218487012	2.1973881937	2.69472750945e-09	1.65376301268e-09	1.34041396113e-05
2.48154761913e-14	1.65218486931	2.19738819278	2.90507327144e-09	1.78298164803e-09	1.3917964962e-05
2.77800486535e-14	1.65218486843	2.19738819179	3.13185463316e-09	1.92229698456e-09	1.4451486951e-05
3.109878276e-14	1.65218486749	2.19738819072	3.37635580842e-09	2.07249772469e-09	1.50054606162e-05
3.48139883114e-14	1.65218486648	2.19738818956	3.63996135453e-09	2.23443463232e-09	1.55806699383e-05
3.8973029634e-14	1.65218486538	2.19738818832	3.92416401272e-09	2.40902464063e-09	1.6177928951e-05
4.36289294175e-14	1.6521848642	2.19738818698	4.23057316119e-09	2.59725651422e-09	1.67980828923e-05
4.88410446888e-14	1.65218486293	2.19738818553	4.5609239287e-09	2.80019595615e-09	1.74420094011e-05
5.4675823542e-14	1.65218486156	2.19738818397	4.91708702021e-09	3.0189923803e-09	1.81106197591e-05
6.12076522697e-14	1.65218486008	2.19738818229	5.30107931031e-09	3.25488479553e-09	1.88048601807e-05
6.85198036979e-14	1.65218485849	2.19738818048	5.71507526429e-09	3.50920880011e-09	1.95257131514e-05
7.67054988118e-14	1.65218485677	2.19738817852	6.16141925172e-09	3.78340468633e-09	2.02741988189e-05
8.58690952101e-14	1.65218485492	2.19738817641	6.64263882205e-09	4.07902521206e-09	2.10513764367e-05
9.61274175357e-14	1.65218485292	2.19738817414	7.16145901763e-09	4.39774437153e-09	2.18583458627e-05
1.07611246848e-13	1.65218485077	2.19738817169	7.72081780501e-09	4.74136705425e-09	2.26962491163e-05
1.20466987919e-13	1.65218484845	2.19738816905	8.32388271198e-09	5.11183903702e-09	2.3566271994e-05
1.34858535718e-13	1.65218484594	2.19738816621	8.97406876464e-09	5.51125819719e-09	2.4469645748e-05
1.50969364871e-13	1.65218484324	2.19738816314	9.67505782592e-09	5.94188650305e-09	2.54076488287e-05
1.69004868733e-13	1.65218484034	2.19738815983	1.04308194452e-08	6.40616244833e-09	2.63816086933e-05
1.8919497791e-13	1.6521848372	2.19738815626	1.12456333369e-08	6.90671504104e-09	2.73929036853e-05
2.11797091583e-13	1.65218483382	2.19738815241	1.21241136158e-08	7.44637879142e-09	2.84429649843e-05
2.3709935904e-13	1.65218483017	2.19738814826	1.30712349254e-08	8.02820992124e-09	2.9533278632e-05
2.65424353222e-13	1.65218482624	2.19738814379	1.40923606088e-08	8.65550301712e-09	3.06653876351e-05
2.97133183135e-13	1.652184822	2.19738813897	1.51932730795e-08	9.33181034842e-09	3.18408941485e-05
3.32630097543e-13	1.65218481743	2.19738813377	1.63802065663e-08	1.00609617402e-08	3.30614617436e-05
3.72367638648e-13	1.65218481251	2.19738812817	1.76598824165e-08	1.08470861116e-08	3.43288177614e-05
4.16852411449e-13	1.6521848072	2.19738812213	1.90395471571e-08	1.16946352344e-08	3.5644755758e-05
4.66651542328e-13	1.65218480147	2.19738811561	2.05270135305e-08	1.26084084915e-08	3.70111380424e-05
5.22399909222e-13	1.6521847953	2.19738810859	2.21307047364e-08	1.35935805207e-08	3.8429898312e-05
5.84808235532e-13	1.65218478864	2.19738810102	2.38597021302e-08	1.46557299702e-08	3.99030443893e-05
6.54672150979e-13	1.65218478146	2.19738809286	2.57237966491e-08	1.58008716945e-08	4.14326610633e-05
7.32882334901e-13	1.65218477373	2.19738808406	2.77335442561e-08	1.70354902835e-08	4.30209130398e-05
8.20435871322e-13	1.65218476539	2.19738807457	2.99003257155e-08	1.83665772548e-08	4.46700480051e-05
9.18448960547e-13	1.65218475639	2.19738806434	3.22364110402e-08	1.98016701334e-08	4.63823998066e-05
1.02817114935e-12	1.6521847467	2.19738805331	3.47550289742e-08	2.13488955286e-08	4.81603917558e-05
1.15100126113e-12	1.65218473624	2.19738804142	3.74704419033e-08	2.3017015097e-08	5.00065400579e-05
1.28850522924e-12	1.65218472497	2.1973880286	4.03980266208e-08	2.48154750585e-08	5.19234573725e-05
1.44243606066e-12	1.65218471282	2.19738801477	4.35543614021e-08	2.67544595981e-08	5.3913856511e-05
1.6147561847e-12	1.65218469972	2.19738799987	4.69573198842e-08	2.884494893e-08	5.59805542759e-05
1.80766247154e-12	1.6521846856	2.19738798381	5.06261722801e-08	3.10987809159e-08	5.81264754469e-05
2.02361423963e-12	1.65218467037	2.19738796648	5.45816945015e-08	3.35287185654e-08	6.03546569204e-05
2.26536460895e-12	1.65218465396	2.19738794781	5.88462858085e-08	3.61485220901e-08	6.26682520069e-05
2.53599559991e-12	1.65218463626	2.19738792767	6.34440956512e-08	3.89730267302e-08	6.50705348936e-05
2.83895742527e-12	1.65218461717	2.19738790597	6.8401160423e-08	4.20182272418e-08	6.75649052782e-05
3.1781124761e-12	1.6521845966	2.19738788256	7.37455508985e-08	4.53013678254e-08	7.01548931799e-05
3.55778456249e-12	1.65218457442	2.19738785733	7.95075311922e-08	4.88410401582e-08	7.28441639351e-05
3.98281403674e-12	1.65218455051	2.19738783013	8.57197301372e-08	5.26572886433e-08	7.56365233848e-05
4.45861950189e-12	1.65218452472	2.1973878008	9.24173260549e-08	5.67717239852e-08	7.85359232599e-05
4.9912668921e-12	1.65218449692	2.19738776918	9.96382459617e-08	6.12076450918e-08	8.15464667745e-05
5.58754680587e-12	1.65218446696	2.19738773508	1.07423380341e-07	6.59901717466e-08	8.4672414432e-05
6.2550610776e-12	1.65218443464	2.19738769833	1.15816814698e-07	7.11463863831e-08	8.79181900549e-05
7.00231969156e-12	1.65218439981	2.1973876587	1.24866079201e-07	7.67054874067e-08	9.12883870452e-05
7.83884927357e-12	1.65218436225	2.19738761598	1.34622417841e-07	8.26989549506e-08	9.47877748849e-05
8.77531454349e-12	1.65218432176	2.19738756991	1.45141078608e-07	8.91607283999e-08	9.84213058856e-05
9.82365427708e-12	1.6521842781	2.19738752025	1.56481626352e-07	9.61273995702e-08	0.000102194122197
1.09972335104e-11	1.65218423103	2.19738746671	1.68708280079e-07	1.03638419097e-07	0.000106111563084
1.2311013927e-11	1.65218418029	2.19738740898	1.81890276616e-07	1.11736320257e-07	0.000110179172484
1.3781744601e-11	1.65218412558	2.19738734675	1.96102262673e-07	1.20466959551e-07	0.000114402706848
1.5428175526e-11	1.65218406659	2.19738727965	2.11424717559e-07	1.29879776718e-07	0.000118788143294
1.72712966541e-11	1.652184003	2.19738720731	2.27944408908e-07	1.40028074401e-07	0.000123341688059
1.9334605491e-11	1.65218393444	2.19738712931	2.45754884028e-07	1.50969320124e-07	0.000128069785286
2.16444066591e-11	1.65218386052	2.19738704523	2.64956999637e-07	1.62765471587e-07	0.000132979126143
2.42301472482e-11	1.65218378082	2.19738695457	2.85659492982e-07	1.75483327939e-07	0.00013807665829
2.71247922274e-11	1.6521836949	2.19738685682	3.079795976e-07	1.89194907251e-07	0.000143369595715
3.03652447068e-11	1.65218360226	2.19738675144	3.32043707175e-07	2.03977855189e-07	0.000148865428937
3.39928164035e-11	1.65218350239	2.19738663783	3.57988091274e-07	2.19915884102e-07	0.000154571935614
3.80537543132e-11	1.65218339471	2.19738651534	3.85959667006e-07	2.3709924753e-07	0.000160497191542
4.25998302983e-11	1.65218327862	2.19738638328	4.16116830975e-07	2.55625250681e-07	0.000166649582089
4.76890011118e-11	1.65218315346	2.1973862409	4.48630356235e-07	2.75598801987e-07	0.000173037814059
5.3386147269e-11	1.65218301851	2.19738608739	4.83684359334e-07	2.97133007062e-07	0.000179670928014
5.97639001882e-11	1.65218287303	2.19738592189	5.2147734291e-07	3.20349809085e-07	0.000186558311069
6.69035681447e-11	1.65218271617	2.19738574346	5.62223319758e-07	3.45380679118e-07	0.000193709710173
7.48961728415e-11	1.65218254706	2.19738555109	6.06153024722e-07	3.72367361066e-07	0.000201135245906
8.38436098133e-11	1.65218236474	2.19738534368	6.53515221277e-07	4.01462673914e-07	0.000208845426799
9.38599474557e-11	1.65218216817	2.19738512007	7.04578110201e-07	4.32831377358e-07	0.000216851164203
1.0507288124e-10	1.65218195624	2.19738487899	7.59630848313e-07	4.66651104598e-07	0.000225163787735
1.17625361656e-10	1.65218172775	2.19738461907	8.18985185879e-07	5.0311336853e-07	0.000233795061307
1.31677416626e-10	1.65218148141	2.19738433884	8.82977231948e-07	5.42424645629e-07	0.000242757199774
1.4740819164e-10	1.65218121582	2.19738403672	9.51969357629e-07	5.84807545671e-07	0.000252062886218
1.65018233602e-10	1.65218092948	2.19738371099	1.02635224807e-06	6.30502072256e-07	0.000261725289901
1.84732047516e-10	1.65218062076	2.19738335981	1.10654711478e-06	6.79766981584e-07	0.000271758084894
2.06800958595e-10	1.65218028792	2.19738298118	1.19300808079e-06	7.32881247811e-07	0.000282175469432
2.31506316288e-10	1.65217992908	2.19738257298	1.28622475217e-06	7.90145642974e-07	0.000292992186002
2.59163081062e-10	1.6521795422	2.19738213288	1.3867249905e-06	8.51884439813e-07	0.000304223542209
2.90123839671e-10	1.65217912509	2.19738165839	1.49507790192e-06	9.18447248034e-07	0.000315885432431
3.24783300092e-10	1.65217867538	2.19738114682	1.61189705978e-06	9.90210994453e-07	0.000327994360318
3.63583323436e-10	1.65217819054	2.19738059529	1.73784397897e-06	1.06758205645e-06	0.000340567462139
4.07018556968e-10	1.65217766782	2.19738000066	1.87363186186e-06	1.15099856404e-06	0.000353622531031
4.5564274006e-10	1.65217710425	2.19737935957	2.02002963678e-06	1.24093288031e-06	0.000367178042182
5.10075763452e-10	1.65217649665	2.19737866838	2.17786631212e-06	1.33789427608e-06	0.000381253178966
5.71011571809e-10	1.65217584158	2.19737792319	2.34803567057e-06	1.44243181383e-06	0.000395867860092
6.39227010322e-10	1.65217513532	2.19737711978	2.53150133012e-06	1.55513745653e-06	0.000411042767785
7.15591728112e-10	1.65217437387	2.19737625359	2.72930220055e-06	1.67664941979e-06	0.000426799377055
8.01079264686e-10	1.65217355293	2.19737531972	2.94255836613e-06	1.8076557856e-06	0.000443159986076
8.96779460763e-10	1.65217266785	2.19737431288	3.17247742799e-06	1.94889839819e-06	0.000460147747743
1.00391235167e-09	1.65217171361	2.19737322738	3.42036134199e-06	2.10117706497e-06	0.000477786702425
1.12384372041e-09	1.65217068481	2.19737205705	3.68761379084e-06	2.26535408493e-06	0.000496101811981
1.25810250865e-09	1.65216957562	2.19737079529	3.97574813212e-06	2.44235913148e-06	0.000515118995078
1.40840030756e-09	1.65216837977	2.19736943493	4.28639596736e-06	2.63319451583e-06	0.000534865163858
1.57665317691e-09	1.65216709048	2.19736796829	4.62131638048e-06	2.83894086279e-06	0.000555368262017
1.76500607066e-09	1.65216570046	2.19736638705	4.982405898e-06	3.06076322919e-06	0.000576657304333
1.97586018014e-09	1.65216420182	2.19736468226	5.37170922746e-06	3.29991770001e-06	0.000598762417716
2.21190354362e-09	1.65216258609	2.19736284426	5.79143083465e-06	3.55775850078e-06	0.00062171488383
2.4761453121e-09	1.65216084412	2.19736086266	6.24394742533e-06	3.8357456649e-06	0.00064554718334
2.77195410838e-09	1.65215896604	2.19735872623	6.73182140205e-06	4.13545329966e-06	0.000670293041864
3.10310096795e-09	1.65215694122	2.19735642286	7.25781537219e-06	4.45857849885e-06	0.000695987477673
3.4738074093e-09	1.65215475819	2.19735393953	7.82490778931e-06	4.80695095095e-06	0.000722666851229
3.888799246e-09	1.65215240459	2.19735126217	8.4363098164e-06	5.18254329807e-06	0.000750368916613
4.35336682656e-09	1.6521498671	2.19734837561	9.09548350643e-06	5.58748230379e-06	0.000779132874921
4.87343246959e-09	1.65214713135	2.19734526352	9.80616140299e-06	6.02406089363e-06	0.000808999429711
5.45562595375e-09	1.65214418185	2.19734190827	1.0572367672e-05	6.49475113574e-06	0.000840010844561
6.10736902428e-09	1.65214100189	2.19733829087	1.13984408841e-05	7.00221823573e-06	0.000872211002843
6.83696999313e-09	1.65213757348	2.19733439083	1.22890585764e-05	7.54933562418e-06	0.000905645469773
7.65372963793e-09	1.6521338772	2.19733018608	1.32492637326e-05	8.13920122283e-06	0.000940361556843
8.56805974921e-09	1.65212989213	2.19732565279	1.42844933319e-05	8.77515498082e-06	0.00097640838871
9.59161583621e-09	1.6521255957	2.19732076532	1.54006091263e-05	9.46079778067e-06	0.00101383697266
1.07374456819e-08	1.65212096358	2.19731549598	1.66039308233e-05	1.02000118204e-05	0.00105270027069
1.20201556402e-08	1.65211596955	2.19730981494	1.79012718586e-05	1.09969825877e-05	0.00109305327442
1.3456096793e-08	1.65211058535	2.19730369005	1.92999779628e-05	1.18562225492e-05	0.00113495308276
1.50635733388e-08	1.65210478047	2.19729708661	2.08079687402e-05	1.27825966901e-05	0.00117845898267
1.68630758682e-08	1.65209852207	2.19728996726	2.24337824937e-05	1.37813500475e-05	0.00122363253289
1.88775424947e-08	1.65209177472	2.19728229167	2.41866245498e-05	1.48581373933e-05	0.00127053765096
2.11326511697e-08	1.65208450021	2.19727401641	2.6076419357e-05	1.60190552343e-05	0.0013192407035
2.36571469014e-08	1.65207665736	2.19726509462	2.81138666511e-05	1.72706763103e-05	0.00136981059998
2.6483208046e-08	1.65206820178	2.19725547579	3.03105020059e-05	1.86200867852e-05	0.00142231889004
2.96468563339e-08	1.6520590856	2.19724510548	3.26787621095e-05	2.00749263398e-05	0.00147683986454
3.31884158509e-08	1.65204925723	2.19723392499	3.52320551375e-05	2.16434313953e-05	0.00153345066045
3.71530268176e-08	1.65203866102	2.19722187102	3.79848366168e-05	2.33344817071e-05	0.00159223136975
4.15912207053e-08	1.65202723701	2.19720887536	4.09526912117e-05	2.51576505971e-05	0.00165326515251
4.6559564008e-08	1.65201492054	2.19719486443	4.41524208916e-05	2.71232591027e-05	0.0017166383542
5.21213788626e-08	1.6520016419	2.19717975894	4.76021399778e-05	2.92424343504e-05	0.00178244062751
5.83475496841e-08	1.65198732593	2.1971634734	5.13213776071e-05	3.15271724832e-05	0.00185076505886
6.53174260777e-08	1.65197189163	2.19714591565	5.53311881871e-05	3.39904064945e-05	0.00192170829964
7.31198335107e-08	1.65195525166	2.19712698631	5.96542704681e-05	3.66460793524e-05	0.00199537070243
8.18542045965e-08	1.65193731185	2.19710657827	6.43150959015e-05	3.95092228233e-05	0.00207185646251
9.16318453711e-08	1.65191797069	2.19708457605	6.93400470064e-05	4.25960424419e-05	0.00215127376459
1.0257735266e-07	1.65189711877	2.19706085516	7.47575665256e-05	4.59240091017e-05	0.00223373493522
1.14830200545e-07	1.6518746381	2.19703528138	8.05983182074e-05	4.95119577825e-05	0.00231935660092
1.28546516085e-07	1.65185040151	2.19700771004	8.68953601196e-05	5.3380193969e-05	0.00240825985233
1.43901066844e-07	1.65182427192	2.19697798515	9.36843314677e-05	5.75506083582e-05	0.0025005704145
1.61089485468e-07	1.65179610151	2.19694593857	0.000101003653969	6.20468004974e-05	0.00259641882371
1.80330759537e-07	1.65176573098	2.19691138905	0.000108894748909	6.68942120461e-05	0.00269594061091
2.01870018291e-07	1.65173298857	2.19687414117	0.000117402271105	7.2120270411e-05	0.00279927649205
2.25981651582e-07	1.65169768915	2.19683398431	0.000126574361073	7.77545435508e-05	0.00290657256563
2.52972800583e-07	1.65165963313	2.19679069139	0.000136462916836	8.38289068231e-05	0.00301798051766
2.83187264508e-07	1.65161860538	2.19674401763	0.000147123886861	9.03777228009e-05	0.00313365783428
3.17009872821e-07	1.651574374	2.1966936992	0.000158617585794	9.74380350612e-05	0.00325376802236
3.54871378301e-07	1.65152668902	2.19663945165	0.000171009034738	0.000105049777027	0.00337848083841
3.97253932869e-07	1.65147528097	2.19658096841	0.000184368327969	0.000113255997025	0.00350797252591
4.44697215443e-07	1.65141985943	2.19651791901	0.000198771028156	0.000122103100801	0.00364242606163
4.97805289265e-07	1.65136011132	2.19644994722	0.00021429859225	0.000131641112853	0.00378203141095
5.57254275313e-07	1.65129569921	2.19637666908	0.000231038830446	0.000141923958017	0.00392698579277
6.23800938637e-07	1.65122625941	2.19629767076	0.000249086400729	0.000153009764859	0.00407749395415
6.98292295924e-07	1.65115139992	2.19621250617	0.000268543341774	0.000164961192564	0.00423376845508
7.81676365332e-07	1.65107069825	2.19612069454	0.000289519647125	0.000177845783098	0.0043960299637
8.75014193932e-07	1.65098369906	2.1960217177	0.000312133883831	0.000191736340604	0.0045645075624
9.79493314016e-07	1.65088991161	2.19591501718	0.000336513858952	0.000206711340079	0.00473943906497
1.09644279733e-06	1.65078880703	2.19579999111	0.000362797337585	0.000222855367598	0.00492107134537
1.22735009615e-06	1.6506798154	2.19567599083	0.000391132816359	0.000240259594458	0.00510966067837
1.37387988219e-06	1.65056232253	2.19554231733	0.000421680356619	0.000259022287832	0.00530547309239
1.53789511928e-06	1.65043566659	2.19539821731	0.000454612481862	0.000279249360694	0.00550878473511
1.72148063301e-06	1.65029913442	2.19524287906	0.00049011514427	0.000301054963977	0.00571988225195
1.92696947159e-06	1.65015195763	2.19507542788	0.000528388765622	0.000324562124156	0.00593906317803
2.15697238613e-06	1.64999330826	2.1948949213	0.00056964935817	0.000349903429657	0.00616663634393
2.41441079712e-06	1.64982229433	2.19470034388	0.000614129731534	0.000377221769758	0.00640292229555
2.70255365602e-06	1.64963795484	2.19449060153	0.000662080792062	0.000406671129884	0.00664825372856
3.02505865851e-06	1.64943925455	2.19426451561	0.00071377294161	0.000438417447508	0.00690297593772
3.38601831859e-06	1.64922507829	2.19402081635	0.000769497583151	0.000472639533123	0.00716744728155
3.79001147119e-06	1.64899422489	2.19375813595	0.000829568741161	0.000509530061098	0.00744203966255
4.24216083653e-06	1.64874540059	2.19347500113	0.000894324805305	0.00054929663553	0.00772713902347
4.74819735137e-06	1.6484772121	2.19316982504	0.000964130406515	0.000592162936563	0.00802314585986
5.31453205323e-06	1.64818815899	2.19284089872	0.00103937843518	0.000638369953025	0.00833047574924
5.94833639263e-06	1.64787662563	2.19248638178	0.00112049221182	0.00068817730758	0.00864955989716
6.65763194751e-06	1.64754087253	2.19210429255	0.00120792782142	0.000741864681029	0.00898084570038
7.4513906236e-06	1.64717902703	2.19169249738	0.00130217662303	0.000799733342806	0.0093247973275
8.33964654621e-06	1.64678907334	2.19124869928	0.00140376794747	0.000862107795139	0.00968189631698
9.33362098274e-06	1.64636884186	2.19077042563	0.00151327199636	0.000929337538809	0.010052642193
1.04458617843e-05	1.64591599778	2.19025501516	0.00163130295673	0.00100179896893	0.0104375530987
1.16903989982e-05	1.64542802881	2.18969960389	0.00175852234636	0.00107989740959	0.0108371664477
1.30829184833e-05	1.6449022322	2.18910111013	0.00189564260581	0.00116406929683	0.0112520395925
1.46409555601e-05	1.6443357007	2.18845621845	0.00204343095412	0.00125478451968	0.011682750511
1.63841109456e-05	1.64372530771	2.18776136256	0.00220271352599	0.00135254892979	0.01212989851
1.83342914601e-05	1.64306769134	2.18701270702	0.00237437980941	0.00145790703051	0.0125941049451
2.05159782622e-05	1.64235923754	2.18620612768	0.00255938740348	0.00157144485663	0.0130760139573
2.29565256466e-05	1.64159606199	2.18533719094	0.00275876711736	0.00169379305694	0.0135762932253
2.56864937605e-05	1.64077399097	2.18440113159	0.002973628432	0.00182563019157	0.014095634732
2.87400189304e-05	1.63988854097	2.18339282923	0.00320516534755	0.00196768625709	0.0146347555454
3.21552256616e-05	1.63893489709	2.18230678327	0.00345466264004	0.00212074645228	0.0151943986111
3.59746847735e-05	1.63790789012	2.18113708637	0.00372350255179	0.00228565519804	0.015775333557
4.02459225642e-05	1.63680197235	2.17987739632	0.0040131719409	0.0024633204249	0.0163783575059
4.50219863594e-05	1.63561119199	2.17852090627	0.00432526991578	0.00265471814199	0.0170042958964
5.03620722966e-05	1.63432916623	2.17706031332	0.00466151598098	0.00286089730086	0.017654003308
5.63322217201e-05	1.63294905292	2.17548778538	0.00502375872135	0.00308298496789	0.0183283642887
6.30060931153e-05	1.63146352081	2.17379492631	0.00541398505116	0.00332219181813	0.0190282941809
7.04658170986e-05	1.62986471854	2.17197273942	0.00583433005508	0.00357981796303	0.0197547399436
7.8802942577e-05	1.62814424209	2.17001158913	0.00628708744708	0.00385725912374	0.0205086809649
8.81194828223e-05	1.62629310117	2.16790116109	0.00677472067262	0.00415601316004	0.0212911298619
9.8529070835e-05	1.62430168419	2.16563042058	0.00729987467803	0.00447768696362	0.0221031332619
0.000110158234008	1.62215972233	2.16318756952	0.00786538836888	0.0048240037223	0.0229457725589
0.000123147798725	1.61985625251	2.160560002	0.00847430777686	0.00519681055896	0.0238201646394
0.000137654436123	1.61737957969	2.15773425866	0.00912989995088	0.00559808654594	0.0247274625706
0.000153852360799	1.61471723866	2.15469598009	0.00983566758414	0.00602995109155	0.0256688562414
0.000171935194697	1.61185595557	2.15142985954	0.0105953643833	0.00649467269061	0.0266455729489
0.000192118008828	1.60878160965	2.14791959524	0.0114130111798	0.00699467802522	0.0276588779201
0.000214639555643	1.60547919547	2.14414784294	0.0122929127742	0.00753256139525	0.0287100747572
0.000239764705003	1.60193278628	2.1400961689	0.0132396754979	0.00811109445026	0.0298005057959
0.000267787096438	1.59812549912	2.13574500419	0.0142582254616	0.00873323618493	0.0309315523629
0.000299032019981	1.59403946224	2.13107360097	0.0153538274495	0.00940214314998	0.0321046349198
0.000333859536969	1.58965578583	2.12605999141	0.016532104404	0.0101211798178	0.0333212130768
0.000372667850969	1.5849545368	2.12068095055	0.0177990574232	0.0108939290284	0.0345827854618
0.000415897383503	1.57991468885	2.1149605658	0.0191610863319	0.0117242151557	0.0358908894267
0.000464033601409	1.57451422833	2.10883612775	0.0206249788262	0.0126160929312	0.0372470711952
0.000517611882604	1.56873001648	2.10227292593	0.0221979837125	0.0135738629784	0.0386529365864
0.000577221988361	1.56253781992	2.09524268728	0.0238878147108	0.0146020874232	0.0401101323403
0.00064351262786	1.55591234128	2.08771580263	0.0257026662174	0.0157055969117	0.0416203402807
0.000717196393464	1.54882724675	2.07966134023	0.0276512333728	0.0168894990192	0.0431852758795
0.000799054923904	1.54125520843	2.07104707426	0.0297427313878	0.0181591856636	0.0448066865346
0.000889944267114	1.53316796369	2.06183953064	0.0319869138094	0.0195203392637	0.0464863495391
0.00099080040432	1.52453639369	2.05200405253	0.0343940893659	0.0209789373489	0.0482260697231
0.00110264488538	1.51533062359	2.04150488831	0.0369751369841	0.0225412552919	0.0500276767466
0.00122659051211	1.50552014664	2.03030530468	0.0397415185253	0.0242138668025	0.0518930220268
0.00136384699162	1.49507397472	2.01836772766	0.0427052887385	0.0260036417841	0.0538239752834
0.00151572646514	1.48396081762	2.00565391446	0.045879101881	0.0279177411213	0.0558224206909
0.00168364880054	1.47214929332	1.99212515874	0.0492762144141	0.0299636079332	0.0578902526279
0.00186914651762	1.45960817119	1.97774253201	0.0529104831359	0.0321489547992	0.0600293710212
0.00207386933522	1.44630664473	1.96247487146	0.05679635808	0.034481748837	0.0622416762876
0.00229959720272	1.43221432697	1.94643715721	0.0609488563027	0.0369703493698	0.064529055353
0.00254821718514	1.41730295271	1.92943946298	0.0653832361982	0.0396231372577	0.0668932131416
0.00282174925819	1.40154501392	1.91144524874	0.070115576634	0.042448703537	0.0693360040861
0.00312233933224	1.3849148979	1.8924195071	0.0751624488163	0.0454557698632	0.0718592572805
0.00345225817386	1.36738934042	1.87232924234	0.0805408718238	0.048653140865	0.0744647696333
0.00381389854439	1.34894790819	1.85114398751	0.0862682587325	0.052049648889	0.0771542988225
0.00420977031305	1.32957350568	1.82883635602	0.0923623527936	0.0556540907631	0.0799295561263
0.00464250275968	1.30925264352	1.80553444234	0.0988411541399	0.0594752848589	0.0827921992258
0.00511483556841	1.28797661571	1.78118754993	0.105722312885	0.0635221630149	0.0857435963095
0.00562955932656	1.26574244863	1.75567044949	0.113023616728	0.0678028673074	0.0887850909205
0.00618955728147	1.24255158914	1.72897340477	0.120763173396	0.072325330098	0.0919181110234
0.00679776776949	1.21841142653	1.70109265379	0.128958932203	0.0770970163535	0.0951440007109
0.00745717464707	1.19333550613	1.67220017495	0.137628557071	0.0821249491704	0.0984640145765
0.0081708204769	1.16734406099	1.64232433324	0.146788472409	0.0874163047413	0.101878998237
0.00894162563585	1.14046677004	1.61130308127	0.156454373952	0.0929762510858	0.105389656579
0.00977251449973	1.11273857091	1.5791604337	0.166642060601	0.0988093465677	0.108996910908
0.0106663633502	1.08420141763	1.54615808936	0.177366451006	0.104919401926	0.112701575057
0.0116260013249	1.05490519589	1.51230862397	0.188639980086	0.111310223176	0.116503851992
0.0126539464744	1.02490999519	1.47746405527	0.200473938973	0.117982495393	0.120403878178
0.0137526336823	0.994280077047	1.44181106711	0.212879448075	0.12493611804	0.124402097235
0.0149244493073	0.963084933739	1.40564501805	0.22586512828	0.132171496546	0.128498519645
0.0161712187611	0.931407077402	1.36867498995	0.239435970961	0.139684930525	0.132692443344
0.0174946611095	0.899329177571	1.33121946359	0.253597907106	0.147471805538	0.136983954601
0.0188963893329	0.866937990066	1.29342744305	0.268352730765	0.155528519754	0.141372360768
0.0203772488724	0.834330761305	1.25507556882	0.283699369917	0.163845766343	0.145856650579
0.0219382435887	0.801598350425	1.21680741356	0.299637528189	0.17241622632	0.150436605397
0.0235795139865	0.768844586528	1.17820833065	0.316158591539	0.181228465783	0.155110159682
0.0253011045228	0.736165862465	1.13973353966	0.333257066123	0.190269880901	0.159876751442
0.0271027473637	0.703660653369	1.10130094508	0.350920662615	0.19952858296	0.164734480996
0.0289834111598	0.671428262529	1.06312310593	0.369136742901	0.208986827742	0.16968195611
0.0309422838953	0.63955995772	1.02525837206	0.387888481768	0.218631518698	0.174717212592
0.0329774361637	0.608150376901	0.987855352718	0.40715700188	0.228441372187	0.179838302638
0.0350873313639	0.577282504854	0.950929950207	0.426919942376	0.238401007316	0.185042889953
0.0372694432453	0.547039005303	0.914733965374	0.447153659798	0.248487796614	0.190328815064
0.0395212744846	0.517494411246	0.879074788311	0.467829109034	0.258682653877	0.195692980356
0.0418401201064	0.488713004021	0.844456769119	0.48891989315	0.268964337987	0.201133422455
0.0442222913774	0.460761092484	0.81047589418	0.510388986146	0.279308887678	0.206645810515
0.0466650048729	0.433683769674	0.777598091697	0.532206702684	0.28969753031	0.212228055998
0.0491637727997	0.407532718914	0.745644501577	0.554332677574	0.300102903254	0.21787560842
0.0517153911582	0.382338766785	0.714594120174	0.576729777153	0.310507872956	0.223584959478
0.0543158482607	0.358128859875	0.684844752745	0.599360906169	0.320889313291	0.22935276115
0.0569600986081	0.334930493795	0.656022896015	0.622178204647	0.331221885819	0.235172999145
0.0596446100119	0.312750075401	0.628303202973	0.645142938971	0.341489303958	0.241041997311
0.0623645533339	0.291595444381	0.601840232853	0.668211119766	0.351668281319	0.246954674223
0.0651148178079	0.271469492535	0.5763604804	0.691333536021	0.361737315342	0.252904461869
0.0678914324712	0.252360451821	0.552016238544	0.714468716833	0.371681461618	0.258886560184
0.070689137296	0.234258481833	0.528896748149	0.737569876415	0.381479528129	0.26489451157
0.0735024735057	0.217149609272	0.506745385232	0.76058660569	0.391112482426	0.270920533282
0.0763272319005	0.201007968808	0.485651464616	0.783476889811	0.400568411943	0.276958586186
0.0791579660177	0.185810013717	0.465742990959	0.806195078122	0.409829255384	0.28300118245
0.0819886003517	0.171531794857	0.446734433477	0.828690250688	0.418877176358	0.289038837949
0.084814826439	0.158138142015	0.428647352242	0.850922263961	0.42770420888	0.295064299576
0.0876311432476	0.145596733634	0.411682846644	0.872849835	0.436295563338	0.301069354069
0.0904307646736	0.133878756433	0.395515036627	0.894423220328	0.444634003943	0.307042717445
0.0932093749533	0.12294437587	0.380119821574	0.915606680534	0.452715472189	0.3129761679
0.0959614652845	0.112757307955	0.365748735884	0.936365495669	0.460527908707	0.318861027097
0.0986797639983	0.103287039883	0.352052572071	0.956654033546	0.468055187976	0.324684691193
0.101360031047	0.0944930054991	0.338998411541	0.976443407458	0.475296251677	0.330438483297
0.103996788839	0.0863389007441	0.326828883044	0.995706579979	0.482241042133	0.336113520253
0.106582876707	0.0787941475732	0.315208441848	1.01440596811	0.48887616635	0.341697001626
0.109114256961	0.0718203870308	0.304131206063	1.03252155989	0.495202223552	0.347180548495
0.111585635612	0.0653839413263	0.293763250872	1.05003438619	0.501210915889	0.352555444788
0.113990811242	0.0594550023461	0.283827445439	1.06691890923	0.506893688308	0.357810272499
0.116326170164	0.0539992646519	0.274361231424	1.08316515238	0.512251771092	0.362937808292
0.118586990739	0.048986914511	0.265413228921	1.09876251649	0.517279413288	0.367930150806
0.120768815941	0.0443896695642	0.256799693921	1.11370002312	0.521974300573	0.372778800894
0.12286880013	0.0401780657111	0.248583578886	1.12797771971	0.526338367202	0.377478452681
0.1248834361	0.0363262227506	0.240712209365	1.14159414219	0.530370096016	0.382023044413
0.126810368846	0.0328084031822	0.233099984636	1.15455250921	0.534073096676	0.386407857698
0.128647954922	0.0295998925418	0.225789769015	1.16686183468	0.537451365509	0.390630031336
0.130394572139	0.026678249342	0.218698691096	1.17853069361	0.540509057224	0.394686532443
0.132049805919	0.0240212790403	0.211805545535	1.18957327686	0.543254002306	0.398576316538
0.133613595334	0.0216084200571	0.205099578115	1.20000597151	0.545693914117	0.402299245439
0.135086470589	0.0194203198911	0.198537011166	1.20984684851	0.547838426212	0.405855969077
0.136469615129	0.0174386573358	0.19211488716	1.21911688308	0.549698276336	0.409248428893
0.137764625192	0.0156464147791	0.185791980542	1.2278378869	0.551285215863	0.412479163245
0.138973784472	0.0140273983567	0.179558266364	1.23603395311	0.552612604178	0.415551880906
0.140099697171	0.0125666316838	0.173418092483	1.24372975958	0.553694155932	0.418470870468
0.141145222945	0.0112503080843	0.167363625483	1.25094986581	0.554544096558	0.421240746899
0.142113605929	0.0100655052001	0.161349983931	1.25771910657	0.55517773278	0.423866603536
0.143008539475	0.00900000253361	0.15541154199	1.26406372611	0.55561082149	0.426354467293
0.143833702242	0.00804273024657	0.149554395065	1.2700080863	0.555859346363	0.428710013942
0.14459279614	0.00718358201677	0.143784324497	1.27557578121	0.555938835289	0.430938977929
0.145289683312	0.00641315869925	0.138109919271	1.28078963386	0.555865398687	0.433047133774
0.145928243886	0.00572282852614	0.132542726368	1.28567146213	0.555655010198	0.435040181557
0.146512312722	0.00510470223056	0.127096350908	1.29024192366	0.555323288986	0.436923661298
0.147045638151	0.00455159034153	0.121781976714	1.29452042676	0.554885382082	0.438702891963
0.147531867606	0.00405694015623	0.116618891607	1.29852520461	0.554355878406	0.440382977865
0.147974490601	0.00361482333394	0.111619704604	1.3022730528	0.553748755727	0.441968674003
0.148376842156	0.00321986807632	0.106794768066	1.3057795776	0.55307725096	0.443464465474
0.148742092806	0.00286721331282	0.102152860151	1.30905928308	0.552353787174	0.444874583248
0.149073240622	0.00255246735204	0.0977013384502	1.31212563737	0.551589931041	0.446203013069
0.149373107644	0.0022716680313	0.0934466816961	1.31499113724	0.550796378134	0.447453505311
0.149644340226	0.00202124442256	0.0893957314079	1.31766735985	0.549982973172	0.448629580664
0.149889414184	0.00179797891129	0.0855592733356	1.3201649832	0.549158788879	0.449734523153
0.150110660646	0.00159895537199	0.0819751289981	1.32249371514	0.548332428527	0.450771332773
0.150310172748	0.00142161616762	0.0786057500161	1.32466161816	0.547512131128	0.45174240575
0.150489856192	0.00126369073549	0.0753996489775	1.32667722716	0.546704070094	0.452650468826
0.150651497326	0.00112311887705	0.0723363431337	1.32854985747	0.545912534678	0.45349872422
0.150796775475	0.000998026596021	0.0694099869136	1.33028872451	0.545140916602	0.454290453092
0.150927233849	0.000886737154048	0.0666147225302	1.33190254219	0.54439195406	0.45502882447
0.151044287821	0.000787750855728	0.0639447346156	1.33339954431	0.5436678018	0.455716893674
0.151149233148	0.000699726808382	0.0613942906605	1.33478750431	0.542970097864	0.456357600738
0.151243253577	0.000621466836677	0.058957780639	1.336073754	0.542300023692	0.456953769005
0.15132742861	0.00055190072753	0.0566306128202	1.33726520173	0.54165836199	0.457508104181
0.15140273964	0.000490074050144	0.0544073962617	1.33836833318	0.541045558237	0.458023185972
0.151470078344	0.000435135210457	0.0522821546748	1.33938925108	0.540461755022	0.458501478482
0.151530254452	0.000386323989735	0.05024994368	1.34033370575	0.539906828595	0.458945337266
0.151584001225	0.000342962765379	0.0483060205844	1.34120709368	0.539380440273	0.459357001959
0.151631982175	0.000304447407602	0.0464458266464	1.34201447411	0.538882075663	0.459738597969
0.151674796285	0.00027023997326	0.0446650077849	1.34276058488	0.538411073296	0.460092138362
0.151713021636	0.000239831593849	0.0432234249864	1.34344985866	0.537966895723	0.460419526535
0.151747690638	0.000212366798115	0.0431487008535	1.34408250018	0.537556077401	0.46072068094
0.151778484211	0.000188065096495	0.0427893675471	1.344644204	0.53719101162	0.460988602819
0.151804929273	0.000167262280242	0.0397486304984	1.34514621685	0.536857601049	0.461228482267
0.151828521393	0.000148757048158	0.0369234278457	1.3456270377	0.536526989463	0.461458620833
0.151849565431	0.00013229631754	0.0342985677658	1.34608754525	0.536200290869	0.461679395848
0.151868325392	0.000117661511819	0.0318256760099	1.3465285837	0.535878385091	0.461891171331
0.151885052891	0.000104645963445	0.0295249521972	1.34695144043	0.535561622077	0.462094527759
0.15189996915	9.30686845964e-05	0.027390269978	1.34735694207	0.535250612151	0.462289827883
0.151913264653	8.27741978104e-05	0.0253922639601	1.34774579169	0.534945888413	0.462477377761
0.151925117415	7.36181104061e-05	0.0235377434947	1.34811893409	0.534647657994	0.462657602849
0.151935683375	6.54743485817e-05	0.0218133005285	1.34847703121	0.534356266515	0.462830794827
0.151945098108	5.8233577389e-05	0.0202027634406	1.34882076668	0.534071905436	0.462997258186
0.151953489835	5.17930391836e-05	0.0187110139184	1.34915092651	0.533794613832	0.463157349414
0.151960969045	4.60643901199e-05	0.0173293091684	1.34946804209	0.533524570553	0.463311303758
0.151967634109	4.09692338836e-05	0.0160454162131	1.34977262456	0.533261895848	0.463459348397
0.151973571698	3.64386869267e-05	0.0148504206436	1.35006524206	0.53300657716	0.46360173997
0.151978862525	3.24089171064e-05	0.0137443590899	1.35034648746	0.532758537746	0.463738748923
0.151983576455	2.88247847943e-05	0.0127168690558	1.35061679979	0.53251778492	0.463870572374
0.151987774934	2.56379133309e-05	0.0117607266921	1.35087667945	0.532284210386	0.463997438779
0.151991515439	2.28032573388e-05	0.0108764338371	1.35112665169	0.532057654829	0.464119590173
0.151994847706	2.0281911908e-05	0.0100585971075	1.35136709216	0.531838058951	0.464237196797
0.151997815846	1.80394575743e-05	0.00929788090304	1.35159836248	0.53162534137	0.464350423103
0.152000458817	1.60455620806e-05	0.00859118363425	1.35182091684	0.531419295154	0.464459479934
0.152002813028	1.42719940754e-05	0.00793817833951	1.35203517825	0.531219727875	0.464564563961
0.152004909563	1.26946766444e-05	0.00733171652339	1.35224145442	0.531026528581	0.464665816271
0.152006776679	1.1291787434e-05	0.00677075692778	1.35244012888	0.530839492351	0.464763415994
0.152008439259	1.00441456539e-05	0.0062481016266	1.35263150615	0.530658471801	0.464857504282
0.152009919373	8.93477414911e-06	0.00576309304978	1.35281599332	0.530483199048	0.464948273497
0.152011237493	7.94797282467e-06	0.00531365370071	1.3529939292	0.530313464228	0.465035883195
0.152012410802	7.07057348995e-06	0.00489567810687	1.35316561377	0.530149075562	0.46512047448
0.152013455743	6.29001796856e-06	0.00451057332491	1.35333139694	0.529989786476	0.465202213704
0.152014386273	5.59565745976e-06	0.0041543567732	1.353491481	0.529835482375	0.465281194991
0.152015214187	4.97849639129e-06	0.00382017047701	1.35364611432	0.529685988959	0.465357535664
0.152015951524	4.42939548186e-06	0.0035128621937	1.35379573676	0.529540941819	0.465431448119
0.152016607789	3.94113480653e-06	0.00322466645107	1.35394051028	0.529400238561	0.465503008024
0.152017191867	3.50697998774e-06	0.00295781537851	1.35408084485	0.529263524853	0.465572414053
0.152017712041	3.12067232723e-06	0.00271195146179	1.35421699291	0.529130600032	0.46563978747
0.152018174546	2.7774889308e-06	0.00247884306987	1.35434913328	0.529001324306	0.465705213458
0.152018586538	2.47204277598e-06	0.00226576963137	1.35447780702	0.528875201266	0.465768956972
0.152018953371	2.20030009544e-06	0.00206557784625	1.35460310489	0.528752173572	0.46583106035
0.152019279423	1.95895809494e-06	0.00187810744903	1.3547254421	0.528631853365	0.465891727025
0.15201956994	1.74408641884e-06	0.00170765052963	1.35484523625	0.528513855681	0.465951162078
0.152019828069	1.55331360511e-06	0.00154259445308	1.35496254011	0.528398147418	0.466009389885
0.152020057884	1.38359215545e-06	0.00139173816863	1.35507819367	0.528283913905	0.466066825963
0.152020262643	1.23248478878e-06	0.00125203111863	1.35519237882	0.528170993526	0.466123559568
0.152020444123	1.09865256928e-06	0.00111560952073	1.35530544462	0.528059048313	0.466179763262
0.152020606011	9.79352728283e-07	0.000994052346026	1.35541855779	0.527946934404	0.466236016671
0.152020748883	8.74138810153e-07	0.0008612885422	1.35553171835	0.527834655445	0.466292319861
0.152020875744	7.80780024995e-07	0.000748558501154	1.35564828688	0.527718869465	0.466350346143
0.152020990392	6.96469753173e-07	0.00065960407881	1.35576808162	0.5275997817	0.466410007449
0.152021091273	6.223372699e-07	0.00056193050812	1.35588934987	0.527479135322	0.466470432637
0.152021180554	5.56775437792e-07	0.000467730741448	1.35601653721	0.52735249817	0.466533839677
0.152021259483	4.98857796447e-07	0.000378807024376	1.35615322841	0.527216293216	0.466602021839
0.152021328937	4.47930076487e-07	0.000296295668721	1.35630442688	0.527065522509	0.466677485161
0.152021389895	4.03266298017e-07	0.000222730106075	1.3564779547	0.526892370022	0.466764151251
0.15202144523	3.62758276949e-07	0.000181409557312	1.35668570277	0.526684962579	0.466867990033
0.152021499436	3.23131319535e-07	0.000163666667378	1.35691509558	0.526455903224	0.466982751286
0.152021547791	2.87832916818e-07	0.000147659036809	1.35714158874	0.526229707305	0.467096168898
0.152021590947	2.56375122896e-07	0.000133360104757	1.3573652188	0.526006342341	0.467208257249
0.152021629446	2.2835169128e-07	0.000120463392199	1.35758577241	0.525786025056	0.467318905409
0.152021663868	2.03330958996e-07	0.000109768636942	1.35780325665	0.525568751974	0.467428112831
0.152021694704	1.80948664303e-07	0.000100561392522	1.35801579	0.525356407634	0.467534929435
0.152021722184	1.61029916221e-07	9.21263297489e-05	1.35822225879	0.52515010717	0.467638788303
0.152021746364	1.43526248056e-07	8.22406228913e-05	1.35842283561	0.524949678366	0.467739768631
0.152021767963	1.27910402341e-07	7.36274274754e-05	1.35862310028	0.524749545828	0.467840675747
0.15202178726	1.13976486487e-07	6.60552680033e-05	1.35882245655	0.524550307538	0.467941208549
0.152021804479	1.01559023703e-07	5.92695853391e-05	1.3590204623	0.524352407	0.468041142763
0.152021819945	9.04194954458e-08	5.40670101783e-05	1.3592170983	0.524155865443	0.468140467089
0.152021833782	8.04665695715e-08	4.95245753928e-05	1.35940902182	0.523964026356	0.468237489402
0.152021846111	7.16090632776e-08	4.5365216425e-05	1.35959549601	0.523777627348	0.46833183115
0.152021857097	6.37257196051e-08	4.15622355677e-05	1.35977666917	0.523596521147	0.468423561106
0.152021866885	5.67101659887e-08	3.80780213001e-05	1.35995265957	0.523420590366	0.468512733226
0.152021875606	5.04668203092e-08	3.48878330678e-05	1.36012361515	0.523249687878	0.468599416842
0.152021883376	4.49105314897e-08	3.19664246843e-05	1.36028967003	0.523083680274	0.468683674644
0.152021890298	3.99659285604e-08	2.92896195121e-05	1.36045095584	0.522922436555	0.468765568389
0.152021896464	3.55658549534e-08	2.68345712664e-05	1.36060760927	0.522765820599	0.46884516272
0.152021901957	3.16502083652e-08	2.45850262944e-05	1.36075977727	0.522613685963	0.468922527812
0.152021906846	2.81684103453e-08	2.24133653633e-05	1.36090758973	0.522465903185	0.468997725469
0.152021911165	2.50956261498e-08	2.01576120279e-05	1.36105189323	0.522321625897	0.469071182708
0.152021915017	2.23573178191e-08	1.81580659591e-05	1.36119484412	0.522178698374	0.469143995012
0.152021918483	1.98958050607e-08	1.66360173504e-05	1.36133622327	0.522037340237	0.469216049469
0.15202192157	1.77052831136e-08	1.52415381075e-05	1.36147355357	0.521900028643	0.469286081124
0.15202192432	1.57559066196e-08	1.39645652818e-05	1.36160695078	0.521766648095	0.469354145537
0.15202192677	1.40210742522e-08	1.27952350526e-05	1.3617365214	0.521637092299	0.469420293779
0.152021928951	1.2477246602e-08	1.17238107736e-05	1.36186236788	0.52151125903	0.469484575039
0.152021930883	1.11112119498e-08	1.05966199036e-05	1.36198459707	0.521389041528	0.469547040972
0.1520219326	9.89784566542e-09	9.54945386084e-06	1.36210502507	0.521268623912	0.469608617598
0.152021934136	8.81398942636e-09	8.69330423165e-06	1.36222406756	0.521149590696	0.469669516252
0.152021935511	7.84355978663e-09	7.96407081764e-06	1.36234051761	0.521033148961	0.469729118004
0.152021936736	6.97996942678e-09	7.29600402173e-06	1.36245363926	0.520920034715	0.46978704399
0.152021937827	6.21136502479e-09	6.68561876876e-06	1.3625635275	0.520810153062	0.469843340487
0.152021938799	5.52738639936e-09	6.12634760122e-06	1.36267024682	0.520703439606	0.469898038289
0.152021939664	4.91872799823e-09	5.61349840845e-06	1.36277388749	0.520599804153	0.469951181533
0.152021940435	4.37713466303e-09	5.14294237712e-06	1.36287454478	0.520499151514	0.470002817059
0.152021941121	3.89517237599e-09	4.71182842046e-06	1.36297231752	0.520401382912	0.470052993681
0.152021941732	3.46623606878e-09	4.31802309018e-06	1.36306728827	0.520306415844	0.470101751989
0.152021942276	3.084493897e-09	3.95758843983e-06	1.36315951116	0.520214196236	0.470149118082
0.152021942761	2.74483877463e-09	3.62418525475e-06	1.3632490541	0.520124656208	0.470195125241
0.152021943189	2.44481031745e-09	3.27183415832e-06	1.36333606956	0.520037643333	0.470239850298
0.15202194357	2.17757626258e-09	2.95373863985e-06	1.36342192133	0.519951793857	0.470283993205
0.152021943912	1.93836257791e-09	2.69904635567e-06	1.36350662497	0.519867092275	0.470327561323
0.152021944217	1.72489494589e-09	2.47347301103e-06	1.3635891405	0.519784578583	0.470370018829
0.152021944489	1.53493507725e-09	2.26675094366e-06	1.36366926727	0.51970445344	0.470411261272
0.152021944731	1.36589434941e-09	2.07730485943e-06	1.36374707438	0.519626647785	0.470451322996
0.152021944946	1.21546917549e-09	1.90369108978e-06	1.36382262891	0.519551094551	0.470490237398
0.152021945138	1.0816095337e-09	1.74459282421e-06	1.36389599601	0.519477728603	0.470528036954
0.152021945309	9.62491003084e-10	1.59879525892e-06	1.3639672387	0.519406486947	0.470564753109
0.152021945461	8.56490629116e-10	1.46518156583e-06	1.36403641818	0.519337308373	0.470600416452
0.152021945596	7.621638125e-10	1.34273363985e-06	1.36410359417	0.519270133197	0.470635056851
0.152021945716	6.78225027758e-10	1.23051844332e-06	1.36416882464	0.519204903456	0.470668703343
0.152021945824	6.03529567355e-10	1.12774977086e-06	1.36423216587	0.519141562861	0.470701384162
0.152021945919	5.37052753824e-10	1.03375802991e-06	1.36429366873	0.519080060577	0.470733124775
0.152021946004	4.77897918966e-10	9.47599650147e-07	1.36435337446	0.519020355364	0.470763945748
0.15202194608	4.2525862622e-10	8.68621828459e-07	1.36441133552	0.518962394756	0.470793873484
0.152021946147	3.78417255097e-10	7.96226159882e-07	1.36446760286	0.518906127816	0.470822933642
0.152021946207	3.36735220084e-10	7.29864105038e-07	1.36452222595	0.518851505091	0.470851151157
0.15202194626	2.99643756652e-10	6.69052078381e-07	1.36457525279	0.51879847857	0.47087855026
0.152021946308	2.66637773458e-10	6.13307662318e-07	1.36462672843	0.51874700321	0.470905153686
0.15202194635	2.37334755173e-10	5.54315639021e-07	1.36467669814	0.518697033753	0.470930984318
0.152021946387	2.11777410818e-10	4.85624787691e-07	1.36472591017	0.518647821941	0.47095642858
0.15202194642	1.88832865528e-10	4.36707795378e-07	1.3647760337	0.518597698614	0.470982349516
0.15202194645	1.68030046502e-10	4.00424678949e-07	1.36482573313	0.51854799936	0.47100805652
0.152021946477	1.49518917408e-10	3.67155977515e-07	1.36487396541	0.51849976724	0.471033009767
0.1520219465	1.33046640912e-10	3.36668520759e-07	1.36492077382	0.518452958971	0.471057231197
0.152021946521	1.18388977127e-10	3.08714282515e-07	1.36496619792	0.518407535007	0.471080740848
0.15202194654	1.05346101558e-10	2.83081064332e-07	1.36501027833	0.518363454703	0.471103559355
0.152021946557	9.37401232049e-11	2.5957616179e-07	1.3650530548	0.518320678337	0.4711257069
0.152021946572	8.34127474998e-11	2.38022868993e-07	1.36509456587	0.518279167358	0.471147203088
0.152021946585	7.42226316956e-11	2.18304646753e-07	1.36513484895	0.518238884356	0.471168066954
0.152021946597	6.6044041509e-11	2.00247970089e-07	1.36517393195	0.518199801422	0.471188312636
0.152021946608	5.87666318564e-11	1.8368477706e-07	1.36521184473	0.51816188871	0.471207955294
0.152021946617	5.22911061537e-11	1.68491544935e-07	1.3652486223	0.518125111197	0.471227012788
0.152021946625	4.65291084727e-11	1.54554966767e-07	1.36528429863	0.51808943491	0.471245502456
0.152021946633	4.14048010394e-11	1.41298287471e-07	1.3653189067	0.518054826889	0.471263441126
0.152021946639	3.68716684037e-11	1.27945412465e-07	1.36535259303	0.5180211406	0.471280904531
0.152021946645	3.28348332794e-11	1.15854387813e-07	1.3653857222	0.517988011465	0.471298081507
0.15202194665	2.92184562052e-11	1.06240494959e-07	1.36541830342	0.517955430273	0.471314976713
0.152021946655	2.59978050598e-11	9.75148278443e-08	1.36544992014	0.517923813585	0.471331373978
0.152021946659	2.31321494263e-11	8.9505794069e-08	1.36548056941	0.51789316434	0.471347271579
0.152021946663	2.05823608216e-11	8.21545388566e-08	1.36551028082	0.517863452946	0.471362684675
0.152021946666	1.83136234888e-11	7.54070407788e-08	1.36553908307	0.517834650717	0.471377627967
0.152021946669	1.6294959066e-11	6.92137148477e-08	1.36556700396	0.517806729842	0.471392115717
0.152021946672	1.44988036413e-11	6.35290481988e-08	1.36559407046	0.517779663363	0.471406161756
0.152021946674	1.29006314221e-11	5.83112656894e-08	1.36562030869	0.517753425142	0.471419779497
0.152021946676	1.14781739181e-11	5.35597950839e-08	1.365645744	0.517727989842	0.471432981951
0.152021946678	1.02124452646e-11	4.92005917964e-08	1.36567038261	0.517703351244	0.471445772215
0.152021946679	9.08628999598e-12	4.51961750005e-08	1.36569424673	0.517679487138	0.47145816169
0.152021946681	8.0843174494e-12	4.15176701051e-08	1.36571736069	0.517656373187	0.471470162893
0.152021946682	7.19283404417e-12	3.81385524196e-08	1.36573974807	0.517633985817	0.471481787952
0.152021946683	6.39965615476e-12	3.50344559209e-08	1.3657614317	0.517612302194	0.471493048621
0.152021946684	5.69394361621e-12	3.2182997582e-08	1.3657824337	0.517591300202	0.471503956284
0.152021946685	5.06605158745e-12	2.95636159956e-08	1.36580277548	0.51757095842	0.471514521977
0.152021946686	4.50721958352e-12	2.71811054187e-08	1.36582247781	0.517551256099	0.47152475639
0.152021946687	4.00989759606e-12	2.4998409542e-08	1.36584154339	0.517532190523	0.47153466085
0.152021946687	3.56744901489e-12	2.29909856779e-08	1.36585998642	0.517513747497	0.471544242655
0.152021946688	3.17381931241e-12	2.1144759662e-08	1.36587782722	0.5174959067	0.471553512287
0.152021946689	2.82362198357e-12	1.94467874375e-08	1.36589508545	0.517478648469	0.471562479894
0.152021946689	2.51206484165e-12	1.78851643154e-08	1.36591178014	0.517461953786	0.471571155292
0.152021946689	2.23488444571e-12	1.64489415199e-08	1.36592792967	0.517445804254	0.471579547982
0.15202194669	1.98828776261e-12	1.51280494335e-08	1.36594355185	0.517430182074	0.471587667157
0.15202194669	1.7688750371e-12	1.39230882497e-08	1.3659586639	0.51741507003	0.47159552171
0.15202194669	1.5735563636e-12	1.28236180204e-08	1.36597327191	0.517400462027	0.471603114761
0.152021946691	1.39980453495e-12	1.18109689991e-08	1.36598738114	0.517386352795	0.471610448999
0.152021946691	1.24523819329e-12	1.087828535e-08	1.36600100863	0.517372725309	0.47161753323
0.152021946691	1.10773892074e-12	1.00192525945e-08	1.36601417081	0.517359563122	0.471624375961
0.152021946691	9.85422207122e-13	9.228054866e-09	1.36602688359	0.517346850349	0.47163098541
0.152021946691	8.76611623194e-13	8.49933553882e-09	1.36603916229	0.517334571649	0.471637369519
0.152021946692	7.79815845501e-13	7.82816096643e-09	1.36605102174	0.517322712202	0.471643535956
0.152021946692	6.93706365114e-13	7.21093489036e-09	1.36606247625	0.517311257695	0.471649492133
0.152021946692	6.17044074781e-13	6.65246077746e-09	1.36607353815	0.517300195787	0.471655244436
0.152021946692	5.48853763976e-13	6.13723904283e-09	1.36608420367	0.517289530276	0.471660790862
0.152021946692	4.88199199285e-13	5.66191995125e-09	1.36609448698	0.51727924696	0.47166613877
0.152021946692	4.34247608703e-13	5.22341318648e-09	1.3661044018	0.517269332144	0.471671295255
0.152021946692	3.86258248477e-13	4.81886776126e-09	1.36611396132	0.517259772625	0.471676267162
0.152021946692	3.43572233362e-13	4.44565348307e-09	1.36612317827	0.517250555672	0.471681061089
0.152021946692	3.05603490681e-13	4.10134385518e-09	1.36613206493	0.517241669012	0.4716856834
0.152021946692	2.71830714005e-13	3.78370030177e-09	1.36614063314	0.517233100808	0.471690140233
0.152021946692	2.41816627463e-13	3.47262952171e-09	1.36614889429	0.517224839651	0.471694437504
0.152021946692	2.15224760602e-13	3.17203195016e-09	1.36615690163	0.517216832316	0.471698602885
0.152021946692	1.91557113256e-13	2.89745456891e-09	1.36616470381	0.517209030137	0.47170266168
0.152021946692	1.70366046263e-13	2.67939522097e-09	1.36617230609	0.517201427858	0.471706616613
0.152021946692	1.51512336965e-13	2.47880406169e-09	1.36617961764	0.517194116302	0.471710420421
0.152021946692	1.34745079738e-13	2.29322991057e-09	1.36618664627	0.517187087672	0.471714077149
0.152021946692	1.19833378166e-13	2.12154855087e-09	1.36619340292	0.517180331022	0.471717592479
0.152021946693	1.06571887676e-13	1.96271992654e-09	1.36619989812	0.517173835827	0.471720971873
0.152021946693	9.47779879138e-14	1.81578184197e-09	1.36620614197	0.517167591971	0.471724220585
0.152021946693	8.4289268017e-14	1.67984413337e-09	1.36621214422	0.517161589729	0.471727343664
0.152021946693	7.49612901788e-14	1.55408327646e-09	1.36621791419	0.517155819752	0.471730345965
0.152021946693	6.66656006944e-14	1.43773739777e-09	1.36622346089	0.517150273053	0.471733232157
0.152021946693	5.92879611091e-14	1.33010165947e-09	1.36622879295	0.517144940993	0.471736006726
0.152021946693	5.27267751109e-14	1.23052398962e-09	1.36623391868	0.517139815266	0.471738673987
0.152021946693	4.68913753554e-14	1.13877665981e-09	1.36623884606	0.517134887888	0.471741238088
0.152021946693	4.16954668424e-14	1.05622175273e-09	1.36624358117	0.517130152778	0.471743702187
0.152021946693	3.70753011387e-14	9.79651578778e-10	1.36624812069	0.517125613255	0.471746064551
0.152021946693	3.29670822288e-14	9.08632284604e-10	1.36625247271	0.517121261239	0.471748329379
0.152021946693	2.93140830636e-14	8.42761467925e-10	1.36625664496	0.517117088986	0.471750500695
0.152021946693	2.60658622851e-14	7.81665897612e-10	1.36626064487	0.517113089071	0.471752582359
0.152021946693	2.31775677395e-14	7.24999399039e-10	1.36626447957	0.517109254377	0.471754578071
0.152021946693	2.06093171654e-14	6.72440892721e-10	1.36626815587	0.517105578078	0.471756491378
0.152021946693	1.83256475027e-14	6.23692575132e-10	1.36627168031	0.517102053632	0.471758325682
0.152021946693	1.62950252215e-14	5.78478231396e-10	1.36627505918	0.517098674768	0.471760084243
0.152021946693	1.4489410908e-14	5.36541670282e-10	1.36627829847	0.517095435472	0.471761770189
0.152021946693	1.28838720968e-14	4.9764527266e-10	1.36628140397	0.517092329979	0.471763386516
0.152021946693	1.14562390032e-14	4.61568645166e-10	1.36628438118	0.517089352763	0.471764936098
0.152021946693	1.01856787072e-14	4.28941046216e-10	1.36628723542	0.517086498524	0.47176642169
0.152021946693	9.05580208201e-15	3.98713867178e-10	1.36628996614	0.517083767803	0.471767843011
0.152021946693	8.05126010936e-15	3.70616769008e-10	1.36629257801	0.517081155935	0.471769202484
0.152021946693	7.15814973986e-15	3.44499647748e-10	1.3662950762	0.517078657748	0.471770502801
0.152021946693	6.36411014757e-15	3.20222976973e-10	1.36629746565	0.517076268295	0.471771746534
0.152021946693	5.6581516567e-15	2.97657062424e-10	1.3662997511	0.517073982842	0.471772936146
0.152021946693	5.03050364466e-15	2.76681349161e-10	1.36630193708	0.517071796863	0.471774073991
0.152021946693	4.4724793167e-15	2.5718377754e-10	1.36630402792	0.517069706028	0.47177516232
0.152021946693	3.9763554804e-15	2.39060184575e-10	1.36630602775	0.517067706198	0.47177620329
0.152021946693	3.53526565637e-15	2.22213747474e-10	1.36630794054	0.51706579341	0.471777198959
0.152021946693	3.14310504579e-15	2.06554466399e-10	1.36630977007	0.517063963876	0.471778151299
0.152021946693	2.7944460395e-15	1.91998683666e-10	1.36631151997	0.517062213973	0.471779062195
0.152021946693	2.4844370621e-15	1.78560634325e-10	1.36631319371	0.517060540235	0.47177993345
0.152021946693	2.2086006076e-15	1.66271438509e-10	1.36631479376	0.517058940189	0.471780766352
0.152021946693	1.96338905915e-15	1.54828028203e-10	1.36631632129	0.517057412657	0.471781561511
0.152021946693	1.74540227435e-15	1.44172193694e-10	1.36631777959	0.517055954354	0.471782320638
0.152021946693	1.55161761207e-15	1.34249731429e-10	1.3663191718	0.517054562142	0.471783045365
0.152021946693	1.37934802043e-15	1.250101683e-10	1.36632050092	0.517053233026	0.471783737251
0.152021946693	1.22620477811e-15	1.16406504907e-10	1.3663217698	0.517051964147	0.471784397784
0.152021946693	1.09006437217e-15	1.08394976489e-10	1.36632298117	0.517050752774	0.471785028384
0.152021946693	9.69039053359e-16	1.00934830311e-10	1.36632413765	0.517049596301	0.471785630409
0.152021946693	8.61450660409e-16	9.39881183626e-11	1.36632524171	0.51704849224	0.471786205151
0.152021946693	7.65807350547e-16	8.75195043369e-11	1.36632629573	0.517047438217	0.471786753849
0.152021946693	6.80782913453e-16	8.14960838816e-11	1.36632730198	0.517046431962	0.471787277681
0.152021946693	6.05198381892e-16	7.58872172266e-11	1.36632826263	0.517045471312	0.471787777775
0.152021946693	5.37999309084e-16	7.07055143075e-11	1.36632917975	0.517044554199	0.471788255206
0.152021946693	4.78221012287e-16	6.5942425776e-11	1.36633005478	0.517043679171	0.47178871073
0.152021946693	4.25084809809e-16	6.1500203066e-11	1.36633088876	0.517042845187	0.471789144889
0.152021946693	3.77852685097e-16	5.73572310734e-11	1.36633168362	0.517042050323	0.471789558685
0.152021946693	3.35868623998e-16	5.34933507887e-11	1.3663324412	0.517041292742	0.471789953072
0.152021946693	2.98549503337e-16	4.98897612086e-11	1.36633316325	0.517040570698	0.471790328961
0.152021946693	2.65376991877e-16	4.65289278547e-11	1.36633385142	0.517039882522	0.471790687219
0.152021946693	2.35890351173e-16	4.33944974549e-11	1.36633450732	0.517039226626	0.471791028673
0.152021946693	2.09680036338e-16	4.04712183717e-11	1.36633513245	0.517038601495	0.471791354112
0.152021946693	1.86382007832e-16	3.77448663918e-11	1.36633572826	0.517038005688	0.471791664287
0.152021946693	1.65672675281e-16	3.52021755137e-11	1.36633629612	0.517037437828	0.471791959913
0.152021946693	1.47264403096e-16	3.28307733982e-11	1.36633683734	0.517036896605	0.471792241672
0.152021946693	1.30901515468e-16	3.06191211674e-11	1.36633735318	0.517036380768	0.471792510216
0.152021946693	1.1635620974e-16	2.85628924008e-11	1.36633784482	0.517035889128	0.471792766164
0.152021946693	1.03418852311e-16	2.66750817203e-11	1.36633831329	0.517035420656	0.471793010051
0.152021946693	9.19199668806e-17	2.49120422466e-11	1.36633875914	0.517034974805	0.471793242162
0.152021946693	8.16996134813e-17	2.32655274776e-11	1.36633918346	0.517034550483	0.471793463066
0.152021946693	7.26156354411e-17	2.17278359459e-11	1.3663395873	0.517034146649	0.471793673303
0.152021946693	6.45416821095e-17	2.02917751964e-11	1.36633997163	0.517033762314	0.47179387339
0.152021946693	5.73654514294e-17	1.89506281438e-11	1.36634033741	0.517033396537	0.471794063815
0.152021946693	5.09871279132e-17	1.76981216547e-11	1.36634068552	0.517033048422	0.471794245046
0.152021946693	4.53179942953e-17	1.65283972053e-11	1.36634101683	0.517032717115	0.471794417527
0.152021946693	4.02791975508e-17	1.54359834789e-11	1.36634133214	0.517032401806	0.471794581679
0.152021946693	3.58006521176e-17	1.44157707738e-11	1.36634163222	0.517032101722	0.471794737905
0.152021946693	3.18200650655e-17	1.34629871042e-11	1.36634191782	0.517031816128	0.471794886588
0.152021946693	2.82820696546e-17	1.25731758783e-11	1.36634218962	0.517031544324	0.471795028092
0.152021946693	2.51374552304e-17	1.17421750543e-11	1.3663424483	0.517031285644	0.471795162764
0.152021946693	2.23413631917e-17	1.09789954358e-11	1.36634269449	0.517031039454	0.471795290933
0.152021946693	1.98552027795e-17	1.02706577564e-11	1.36634292851	0.517030805439	0.471795412764
0.152021946693	1.7645703744e-17	9.60802025741e-12	1.36634315082	0.517030583122	0.471795528504
0.152021946693	1.56820790554e-17	8.98813447915e-12	1.36634336203	0.517030371918	0.47179563846
0.152021946693	1.393696768e-17	8.40824218886e-12	1.36634356267	0.517030171272	0.471795742919
0.152021946693	1.23860533338e-17	7.86576310779e-12	1.36634375329	0.517029980656	0.471795842156
0.152021946693	1.10077256617e-17	7.35828343006e-12	1.36634393438	0.517029799568	0.471795936433
0.152021946693	9.78277912021e-18	6.88354508232e-12	1.36634410641	0.517029627532	0.471796025997
0.152021946693	8.69414536885e-18	6.43943567626e-12	1.36634426985	0.517029464097	0.471796111084
0.152021946693	7.7266554414e-18	6.02397910945e-12	1.36634442512	0.517029308831	0.471796191918
0.152021946693	6.86682838245e-18	5.63532677253e-12	1.36634457262	0.517029161326	0.471796268711
0.152021946693	6.10268340474e-18	5.27174932366e-12	1.36634471275	0.517029021195	0.471796341665
0.152021946693	5.42357294968e-18	4.93162899374e-12	1.36634484588	0.517028888069	0.471796410973
0.152021946693	4.82003432501e-18	4.613452388e-12	1.36634497235	0.517028761598	0.471796476816
0.152021946693	4.28353434518e-18	4.31801528844e-12	1.3663450925	0.517028641448	0.471796539368
0.152021946693	3.80672298983e-18	4.04176710912e-12	1.36634520658	0.517028527367	0.47179659876
0.152021946693	3.3829867418e-18	3.78319210524e-12	1.36634531489	0.517028419055	0.471796655149
0.152021946693	3.00641767424e-18	3.54115962309e-12	1.36634541773	0.51702831622	0.471796708687
0.152021946693	2.67176548672e-18	3.31461134331e-12	1.36634551536	0.517028218586	0.471796759517
0.152021946693	2.37436430315e-18	3.1025566532e-12	1.36634560806	0.517028125889	0.471796807776
0.152021946693	2.11006761809e-18	2.90406831516e-12	1.36634569607	0.517028037881	0.471796853595
0.152021946693	1.87519048421e-18	2.71827841226e-12	1.36634577962	0.517027954323	0.471796897097
0.152021946693	1.66645813516e-18	2.54437455312e-12	1.36634585896	0.517027874991	0.471796938398
0.152021946693	1.48096032723e-18	2.38159631968e-12	1.36634593428	0.517027799671	0.471796977611
0.152021946693	1.31611076341e-18	2.2292319421e-12	1.36634600579	0.51702772816	0.471797014841
0.152021946693	1.16961103412e-18	2.08661518654e-12	1.36634607368	0.517027660265	0.471797050188
0.152021946693	1.03941857162e-18	1.95312244191e-12	1.36634613814	0.517027595804	0.471797083748
0.152021946693	9.23718171706e-19	1.82816999308e-12	1.36634619934	0.517027534603	0.47179711561
0.152021946693	8.20896685217e-19	1.71121146849e-12	1.36634625745	0.517027476498	0.471797145861
0.152021946693	7.29520526806e-19	1.6017354511e-12	1.36634631262	0.51702742133	0.471797174583
0.152021946693	6.4831568722e-19	1.4992632421e-12	1.36634636499	0.517027368953	0.471797201851
0.152021946693	5.76149970478e-19	1.4033467678e-12	1.36634641472	0.517027319224	0.471797227741
0.152021946693	5.12017208268e-19	1.31356662033e-12	1.36634646194	0.51702727201	0.471797252321
0.152021946693	4.55023231484e-19	1.22953022375e-12	1.36634650676	0.517027227184	0.471797275659
0.152021946693	4.04373403305e-19	1.15087011741e-12	1.36634654932	0.517027184625	0.471797297816
0.152021946693	3.59361539999e-19	1.07724234924e-12	1.36634658973	0.517027144219	0.471797318852
0.152021946693	3.19360064982e-19	1.00832497175e-12	1.36634662809	0.517027105855	0.471797338825
0.152021946693	2.8381125885e-19	9.43816634262e-13	1.36634666451	0.517027069432	0.471797357788
0.152021946693	2.522194834e-19	8.83435265225e-13	1.3663466991	0.517027034851	0.471797375791
0.152021946693	2.24144271207e-19	8.26916838818e-13	1.36634673193	0.517027002019	0.471797392884
0.152021946693	1.99194184422e-19	7.74014220462e-13	1.3663467631	0.517026970847	0.471797409113
0.152021946693	1.77021357167e-19	7.2449608619e-13	1.36634679269	0.517026941251	0.471797424521
0.152021946693	1.57316645417e-19	6.78145911154e-13	1.36634682079	0.517026913152	0.47179743915
0.152021946693	1.39805316779e-19	6.34761022837e-13	1.36634684747	0.517026886475	0.471797453039
0.152021946693	1.24243220039e-19	5.94151714846e-13	1.3663468728	0.517026861146	0.471797466225
0.152021946693	1.10413381091e-19	5.56140417389e-13	1.36634689685	0.517026837098	0.471797478745
0.152021946693	9.81229777842e-20	5.20560920832e-13	1.36634691968	0.517026814267	0.471797490632
0.152021946693	8.7191898723e-20	4.89472892566e-13	1.36634694136	0.51702679259	0.471797501917
0.152021946693	7.74448469948e-20	4.62119029936e-13	1.36634696184	0.517026772105	0.471797512582
0.152021946693	6.87874035523e-20	4.36293819405e-13	1.36634698111	0.517026752832	0.471797522616
0.152021946693	6.10977627243e-20	4.11911833293e-13	1.36634699925	0.517026734701	0.471797532055
0.152021946693	5.42677353117e-20	3.88892417988e-13	1.3663470163	0.517026717643	0.471797540936
0.152021946693	4.82012264229e-20	3.67159427147e-13	1.36634703235	0.517026701596	0.471797549291
0.152021946693	4.28128834691e-20	3.46640969815e-13	1.36634704745	0.517026686498	0.471797557151
0.152021946693	3.8026895299e-20	3.27269172612e-13	1.36634706165	0.517026672295	0.471797564545
0.152021946693	3.37759255756e-20	3.08979955217e-13	1.36634707501	0.517026658933	0.471797571502
0.152021946693	3.00001653898e-20	2.91712818391e-13	1.36634708758	0.517026646361	0.471797578047
0.152021946693	2.66464917802e-20	2.75410643855e-13	1.36634709941	0.517026634535	0.471797584204
0.152021946693	2.36677203217e-20	2.60019505347e-13	1.36634711054	0.517026623408	0.471797589997
0.152021946693	2.10219412649e-20	2.45488490235e-13	1.36634712101	0.517026612941	0.471797595446
0.152021946693	1.86719298885e-20	2.31769531106e-13	1.36634713085	0.517026603093	0.471797600573
0.152021946693	1.65846227666e-20	2.1881724676e-13	1.36634714012	0.517026593828	0.471797605397
0.152021946693	1.47306525844e-20	2.06588792097e-13	1.36634714883	0.517026585112	0.471797609935
0.152021946693	1.3083934955e-20	1.95043716384e-13	1.36634715703	0.517026576912	0.471797614204
0.152021946693	1.16213014257e-20	1.84143829451e-13	1.36634716475	0.517026569198	0.47179761822
0.152021946693	1.03221735109e-20	1.73853075358e-13	1.36634717201	0.51702656194	0.471797621998
0.152021946693	9.16827316253e-21	1.64137413129e-13	1.36634717883	0.517026555112	0.471797625553
0.152021946693	8.14336560846e-21	1.54964704142e-13	1.36634718526	0.517026548688	0.471797628897
0.152021946693	7.23303093725e-21	1.46304605822e-13	1.3663471913	0.517026542645	0.471797632044
0.152021946693	6.4244612178e-21	1.38128471269e-13	1.36634719699	0.51702653696	0.471797635004
0.152021946693	5.7062802984e-21	1.30409254493e-13	1.36634720234	0.517026531611	0.471797637788
0.152021946693	5.06838375033e-21	1.23121420953e-13	1.36634720737	0.517026526579	0.471797640408
0.152021946693	4.50179670382e-21	1.16240863087e-13	1.3663472121	0.517026521845	0.471797642873
0.152021946693	3.99854757635e-21	1.0974482057e-13	1.36634721655	0.517026517391	0.471797645191
0.152021946693	3.55155591667e-21	1.03611805019e-13	1.36634722074	0.517026513201	0.471797647373
0.152021946693	3.15453278659e-21	9.78215289172e-14	1.36634722469	0.517026509259	0.471797649425
0.152021946693	2.8018566342e-21	9.24117575235e-14	1.3663472284	0.517026505551	0.471797651356
0.152021946693	2.48779820664e-21	8.7722489754e-14	1.36634723188	0.517026502064	0.471797653171
0.152021946693	2.20894239948e-21	8.32711704077e-14	1.36634723514	0.517026498803	0.471797654869
0.152021946693	1.96134337218e-21	7.90457252219e-14	1.36634723819	0.517026495752	0.471797656457
0.152021946693	1.74149757109e-21	7.50346926207e-14	1.36634724105	0.517026492899	0.471797657943
0.152021946693	1.54629415378e-21	7.12271926247e-14	1.36634724372	0.51702649023	0.471797659332
0.152021946693	1.37297097026e-21	6.76128973398e-14	1.36634724621	0.517026487733	0.471797660632
0.152021946693	1.21907547829e-21	6.4182002942e-14	1.36634724855	0.517026485398	0.471797661848
0.152021946693	1.08243003959e-21	6.09252030846e-14	1.36634725073	0.517026483213	0.471797662985
0.152021946693	9.61101106063e-22	5.78336636548e-14	1.36634725278	0.51702648117	0.471797664049
0.152021946693	8.53371859849e-22	5.48989988105e-14	1.36634725469	0.517026479259	0.471797665044
0.152021946693	7.57717920167e-22	5.21132482345e-14	1.36634725647	0.517026477472	0.471797665974
0.152021946693	6.72785773161e-22	4.94688555411e-14	1.36634725815	0.517026475799	0.471797666845
0.152021946693	5.97373619531e-22	4.695864778e-14	1.36634725971	0.517026474235	0.471797667659
0.152021946693	5.30414368937e-22	4.4575815979e-14	1.36634726117	0.517026472773	0.471797668421
0.152021946693	4.70960540554e-22	4.23138966753e-14	1.36634726254	0.517026471404	0.471797669133
0.152021946693	4.18170856113e-22	4.01667543824e-14	1.36634726382	0.517026470124	0.4717976698
0.152021946693	3.71298335721e-22	3.81285649484e-14	1.36634726502	0.517026468927	0.471797670423
0.152021946693	3.29679728013e-22	3.6193799757e-14	1.36634726614	0.517026467807	0.471797671006
0.152021946693	2.92726125069e-22	3.4357210732e-14	1.36634726719	0.51702646676	0.471797671551
0.152021946693	2.59914629307e-22	3.2613816101e-14	1.36634726817	0.51702646578	0.471797672061
0.152021946693	2.30780954417e-22	3.09588868828e-14	1.36634726908	0.517026464863	0.471797672539
0.152021946693	2.04912855667e-22	2.93879340598e-14	1.36634726994	0.517026464006	0.471797672985
0.152021946693	1.81944296586e-22	2.78966964015e-14	1.36634727074	0.517026463204	0.471797673402
0.152021946693	1.61550269513e-22	2.64811289058e-14	1.36634727149	0.517026462454	0.471797673793
0.152021946693	1.434421967e-22	2.51373918269e-14	1.36634727219	0.517026461752	0.471797674158
0.152021946693	1.27363846906e-22	2.386184026e-14	1.36634727285	0.517026461096	0.4717976745
0.152021946693	1.13087709695e-22	2.26510142545e-14	1.36634727346	0.517026460482	0.471797674819
0.152021946693	1.00411776141e-22	2.15016294286e-14	1.36634727404	0.517026459908	0.471797675118
0.152021946693	8.91566803753e-23	2.04105680605e-14	1.36634727457	0.517026459371	0.471797675398
0.152021946693	7.9160678206e-23	1.94042554209e-14	1.36634727508	0.517026458869	0.471797675659
0.152021946693	7.02708655167e-23	1.8489957448e-14	1.36634727555	0.5170264584	0.471797675904
0.152021946693	6.23793864874e-23	1.76187397564e-14	1.36634727598	0.517026457963	0.471797676131
0.152021946693	5.53741273841e-23	1.67885724711e-14	1.36634727639	0.517026457556	0.471797676343
0.152021946693	4.9155564942e-23	1.59975213615e-14	1.36634727677	0.517026457176	0.471797676541
0.152021946693	4.36353524452e-23	1.5243743335e-14	1.36634727712	0.517026456823	0.471797676725
0.152021946693	3.87350645903e-23	1.45254821427e-14	1.36634727745	0.517026456494	0.471797676896
0.152021946693	3.43850833035e-23	1.38410642872e-14	1.36634727776	0.517026456187	0.471797677056
0.152021946693	3.05236086808e-23	1.31888951237e-14	1.36634727804	0.517026455901	0.471797677204
0.152021946693	2.7095781001e-23	1.25674551446e-14	1.36634727831	0.517026455635	0.471797677343
0.152021946693	2.40529013371e-23	1.19752964392e-14	1.36634727856	0.517026455387	0.471797677472
0.152021946693	2.13517396937e-23	1.141103932e-14	1.36634727879	0.517026455156	0.471797677592
0.152021946693	1.89539208411e-23	1.0873369108e-14	1.36634727901	0.517026454941	0.471797677704
0.152021946693	1.68253791216e-23	1.03610330701e-14	1.36634727921	0.517026454741	0.471797677809
0.152021946693	1.49358744798e-23	9.87283749991e-15	1.36634727939	0.517026454554	0.471797677906
0.152021946693	1.3258562845e-23	9.40764493655e-15	1.36634727957	0.51702645438	0.471797677996
0.152021946693	1.1769614759e-23	8.96437151457e-15	1.36634727973	0.517026454218	0.471797678081
0.152021946693	1.0447876832e-23	8.54198443851e-15	1.36634727988	0.517026454067	0.471797678159
0.152021946693	9.27457121847e-24	8.13949957664e-15	1.36634728002	0.517026453926	0.471797678233
0.152021946693	8.23302884112e-24	7.75597916795e-15	1.36634728015	0.517026453795	0.471797678301
0.152021946693	7.30845257445e-24	7.39052963726e-15	1.36634728027	0.517026453673	0.471797678364
0.152021946693	6.48588540518e-24	7.13804442844e-15	1.36634728039	0.517026453559	0.471797678424
0.152021946693	5.74624890596e-24	7.01685183901e-15	1.36634728049	0.517026453455	0.471797678478
0.152021946693	5.09095897112e-24	6.89771690611e-15	1.36634728059	0.517026453361	0.471797678527
0.152021946693	4.51039689887e-24	6.78060469402e-15	1.36634728067	0.517026453276	0.471797678571
0.152021946693	3.99604088358e-24	6.66548086017e-15	1.36634728075	0.517026453199	0.471797678611
0.152021946693	3.54034092814e-24	6.55231164508e-15	1.36634728082	0.51702645313	0.471797678647
0.152021946693	3.13660802094e-24	6.44106386243e-15	1.36634728088	0.517026453068	0.471797678679
0.152021946693	2.77891595095e-24	6.33170488939e-15	1.36634728093	0.517026453012	0.471797678708
0.152021946693	2.46201431957e-24	6.22420265697e-15	1.36634728098	0.517026452962	0.471797678735
0.152021946693	2.18125147242e-24	6.1185256407e-15	1.36634728103	0.517026452916	0.471797678758
0.152021946693	1.93250621986e-24	6.01464285131e-15	1.36634728107	0.517026452875	0.47179767878
0.152021946693	1.71212734387e-24	5.91252382571e-15	1.36634728111	0.517026452838	0.471797678799
0.152021946693	1.51688000353e-24	5.812138618e-15	1.36634728114	0.517026452805	0.471797678816
0.152021946693	1.34389825229e-24	5.71345779072e-15	1.36634728117	0.517026452775	0.471797678832
0.152021946693	1.19064296998e-24	5.61645240622e-15	1.3663472812	0.517026452748	0.471797678846
0.152021946693	1.05486459227e-24	5.52109401815e-15	1.36634728122	0.517026452724	0.471797678859
0.152021946693	9.34570090349e-25	5.42735466315e-15	1.36634728124	0.517026452702	0.47179767887
0.152021946693	8.27993716136e-25	5.33520685263e-15	1.36634728126	0.517026452682	0.47179767888
0.152021946693	7.33571083688e-25	5.2446235647e-15	1.36634728128	0.517026452664	0.47179767889
0.152021946693	6.49916206291e-25	5.15557823626e-15	1.3663472813	0.517026452648	0.471797678898
0.152021946693	5.75801370951e-25	5.0679545333e-15	1.36634728131	0.517026452633	0.471797678906
0.152021946693	5.10141000249e-25	4.9814786385e-15	1.36634728133	0.51702645262	0.471797678913
0.152021946693	4.51968080078e-25	4.89647830555e-15	1.36634728134	0.517026452609	0.471797678919
0.152021946693	4.00428793823e-25	4.81292835654e-15	1.36634728135	0.517026452598	0.471797678924
0.152021946693	3.54766688158e-25	4.73080404316e-15	1.36634728136	0.517026452588	0.471797678929
0.152021946693	3.14311570417e-25	4.65008103942e-15	1.36634728137	0.51702645258	0.471797678934
0.152021946693	2.78469672028e-25	4.57073543438e-15	1.36634728137	0.517026452572	0.471797678938
0.152021946693	2.46714933646e-25	4.4927437251e-15	1.36634728138	0.517026452565	0.471797678941
0.152021946693	2.1858128406e-25	4.41608280969e-15	1.36634728139	0.517026452559	0.471797678945
0.152021946693	1.93655799572e-25	4.34072998047e-15	1.36634728139	0.517026452553	0.471797678948
0.152021946693	1.71572643417e-25	4.26666291718e-15	1.3663472814	0.517026452548	0.47179767895
0.152021946693	1.52007696306e-25	4.19385968046e-15	1.3663472814	0.517026452543	0.471797678953
0.152021946693	1.34673799249e-25	4.12229870528e-15	1.36634728141	0.517026452539	0.471797678955
0.152021946693	1.19316538866e-25	4.0519587946e-15	1.36634728141	0.517026452535	0.471797678957
0.152021946693	1.05710513302e-25	3.98281911307e-15	1.36634728141	0.517026452532	0.471797678959
0.152021946693	9.36560239574e-26	3.91485918084e-15	1.36634728142	0.517026452529	0.47179767896
0.152021946693	8.29761444678e-26	3.84805886752e-15	1.36634728142	0.517026452526	0.471797678962
0.152021946693	7.35141239167e-26	3.78239838623e-15	1.36634728142	0.517026452524	0.471797678963
0.152021946693	6.51310861682e-26	3.71785828769e-15	1.36634728142	0.517026452521	0.471797678964
0.152021946693	5.77039915521e-26	3.65441945452e-15	1.36634728143	0.517026452519	0.471797678965
0.152021946693	5.11238309837e-26	3.59206309551e-15	1.36634728143	0.517026452518	0.471797678966
0.152021946693	4.52725203771e-26	3.56916908928e-15	1.36634728143	0.517026452516	0.471797678967
0.152021946693	4.00703913265e-26	3.56327922402e-15	1.36634728143	0.517026452514	0.471797678968
0.152021946693	3.54660232672e-26	3.55739907824e-15	1.36634728143	0.517026452513	0.471797678968
0.152021946693	3.13907292828e-26	3.55152863593e-15	1.36634728143	0.517026452512	0.471797678969
0.152021946693	2.7783715064e-26	3.54566788105e-15	1.36634728144	0.517026452511	0.471797678969
0.152021946693	2.45911719923e-26	3.53981679762e-15	1.36634728144	0.51702645251	0.47179767897
0.152021946693	2.17654744357e-26	3.5339753697e-15	1.36634728144	0.517026452509	0.47179767897
0.152021946693	1.92644692802e-26	3.52814358133e-15	1.36634728144	0.517026452509	0.471797678971
0.152021946693	1.70508470994e-26	3.52232141662e-15	1.36634728144	0.517026452508	0.471797678971
0.152021946693	1.50915855806e-26	3.51650885967e-15	1.36634728144	0.517026452507	0.471797678971
0.152021946693	1.33574569057e-26	3.51070589465e-15	1.36634728144	0.517026452507	0.471797678972
0.152021946693	1.18225917374e-26	3.50491250572e-15	1.36634728144	0.517026452506	0.471797678972
0.152021946693	1.04640933057e-26	3.49912867707e-15	1.36634728144	0.517026452506	0.471797678972
0.152021946693	9.26169583981e-27	3.49335439293e-15	1.36634728144	0.517026452506	0.471797678972
0.152021946693	8.19746224766e-27	3.48758963756e-15	1.36634728144	0.517026452505	0.471797678972
