0.0	0.0331377537436	0.390757020171	1.0	0.0	0.0
1.6367990549e-12	0.0331377473681	0.390756989763	1.00000001504	1.63679908057e-08	0.0001
2.04286261113e-12	0.0331377466753	0.390756986459	1.00000001667	1.89739566011e-08	0.000107666666013
2.54966400606e-12	0.0331377458721	0.390756982628	1.00000001857	2.19948210359e-08	0.000115921109647
3.18219467407e-12	0.0331377449411	0.390756978187	1.00000002077	2.54966405927e-08	0.00012480839382
3.97164602013e-12	0.0331377438619	0.39075697304	1.00000002331	2.95559884491e-08	0.000134377036265
4.95694753153e-12	0.0331377426108	0.390756967073	1.00000002626	3.42616295808e-08	0.000144679274398
6.18668646964e-12	0.0331377411605	0.390756960156	1.00000002968	3.97164606527e-08	0.000155771350493
7.72150380563e-12	0.0331377394793	0.390756952137	1.00000003365	4.60397612154e-08	0.000167713818716
9.63708454771e-12	0.0331377375305	0.390756942842	1.00000003825	5.33698009502e-08	0.000180571875701
1.20278899187e-11	0.0331377352714	0.390756932067	1.00000004358	6.18668638014e-08	0.000194415716468
1.50118154236e-11	0.0331377326526	0.390756919577	1.00000004976	7.17167528334e-08	0.000209320917623
1.87360045053e-11	0.0331377296169	0.390756905098	1.00000005692	8.31348524186e-08	0.000225368849946
2.33841044677e-11	0.0331377260978	0.390756888314	1.00000006522	9.63708386811e-08	0.000242647122594
2.9185322468e-11	0.0331377220185	0.390756868857	1.00000007484	1.11714139227e-07	0.000261250061373
3.6425728143e-11	0.0331377172897	0.390756846303	1.000000086	1.29500260953e-07	0.00028127922366
4.54623602143e-11	0.0331377118081	0.390756820158	1.00000009893	1.50118127153e-07	0.00030284395281
5.67408326901e-11	0.0331377054537	0.390756789851	1.00000011392	1.74018582126e-07	0.000326061975058
7.0817308841e-11	0.0331376980876	0.390756754718	1.0000001313	2.01724248358e-07	0.000351060042177
8.83859265085e-11	0.0331376895487	0.390756713991	1.00000015144	2.33840955763e-07	0.000377974623406
1.10313027108e-10	0.0331376796504	0.390756666781	1.00000017479	2.71070988007e-07	0.000406952650409
1.37679876174e-10	0.0331376681762	0.390756612054	1.00000020186	3.14228439228e-07	0.00043815231934
1.71835982013e-10	0.0331376548751	0.390756548614	1.00000023324	3.64257014873e-07	0.000471743954391
2.14465641592e-10	0.0331376394564	0.390756475074	1.00000026961	4.22250666993e-07	0.000507910937523
2.67670995037e-10	0.0331376215828	0.390756389825	1.00000031178	4.89477514518e-07	0.000546850709458
3.34075684063e-10	0.0331376008636	0.390756291004	1.00000036066	5.67407571275e-07	0.000588775847384
4.16954225632e-10	0.0331375768457	0.390756176449	1.00000041732	6.5774488969e-07	0.000633915225264
5.20393480003e-10	0.0331375490039	0.390756043657	1.000000483	7.62464819464e-07	0.000682515263044
6.4949417478e-10	0.0331375167295	0.390755889722	1.00000055914	8.83857200045e-07	0.000734841271596
8.10622421489e-10	0.0331374793166	0.390755711279	1.0000006474	1.02457642799e-06	0.000791178900712
1.01172362595e-09	0.0331374359473	0.390755504427	1.00000074971	1.18769949411e-06	0.000851835698021
1.26271426983e-09	0.0331373856732	0.390755264641	1.00000086831	1.37679326032e-06	0.000917142787338
1.57597087977e-09	0.033137327395	0.39075498668	1.00000100579	1.59599244608e-06	0.000987456675556
1.96694029152e-09	0.0331372598386	0.390754664464	1.00000116516	1.85009002816e-06	0.00106316119792
2.45490129587e-09	0.0331371815266	0.390754290949	1.00000134991	2.1446420299e-06	0.00114466961225
3.06391521495e-09	0.0331370907469	0.390753857968	1.00000156407	2.48608899052e-06	0.00123242685347
3.82401227001e-09	0.0331369855144	0.390753356052	1.00000181232	2.88189676757e-06	0.00132691196072
4.77267222249e-09	0.0331368635285	0.390752774227	1.0000021001	3.34071974825e-06	0.00142864069013
5.95667227283e-09	0.0331367221218	0.390752099771	1.00000243369	3.8725900371e-06	0.00153816832753
7.43439329819e-09	0.0331365582028	0.390751317939	1.00000282039	4.48913674947e-06	0.00165609271608
9.27869809341e-09	0.0331363681876	0.390750411634	1.00000326866	5.20384020015e-06	0.00178305751551
1.15805234584e-08	0.0331361479218	0.390749361041	1.0000037883	6.03232653762e-06	0.00191975571014
1.44533631371e-08	0.0331358925901	0.39074814319	1.00000439066	6.99270925298e-06	0.00206693338483
1.80388624852e-08	0.0331355966104	0.390746731454	1.00000508892	8.10598501575e-06	0.00222539378905
2.25138004837e-08	0.0331352535125	0.390745094969	1.00000589834	9.39649247086e-06	0.00239600171075
2.80988030053e-08	0.0331348557962	0.390743197956	1.00000683661	1.08924439986e-05	0.00257968818337
3.50692164435e-08	0.033134394768	0.390740998943	1.00000792426	1.26265420286e-05	0.00277745555107
4.37686770901e-08	0.0331338603511	0.390738449858	1.00000918505	1.46366933298e-05	0.00299038291886
5.46260442201e-08	0.0331332408653	0.390735494977	1.00001064655	1.69668368242e-05	0.00321963201642
6.81765301868e-08	0.0331325227722	0.390732069708	1.0000123407	1.9667902934e-05	0.00346645350619
8.50880670343e-08	0.0331316903799	0.390728099183	1.00001430453	2.27989253089e-05	0.00373219376847
1.06194206257e-07	0.0331307255008	0.390723496619	1.00001658095	2.64283290724e-05	0.00401830219862
1.32535168911e-07	0.0331296070551	0.390718161427	1.00001921972	3.06354235273e-05	0.00432633905339
1.65409062885e-07	0.0331283106113	0.390711977018	1.0000222785	3.55121316492e-05	0.00465798388611
2.06435782194e-07	0.0331268078545	0.390704808257	1.00002582411	4.11649937703e-05	0.00501504461265
2.57636723686e-07	0.0331250659703	0.390696498518	1.00002993401	4.77174887085e-05	0.00539946725261
3.21534229636e-07	0.0331230469308	0.390686866272	1.00003469796	5.53127223444e-05	0.00581334639245
4.01275627311e-07	0.033120706669	0.39067570113	1.00004022001	6.41165414272e-05	0.00625893642005
5.00787934998e-07	0.0331179941221	0.390662759268	1.00004662072	7.43211393421e-05	0.00673866358189
6.24970795183e-07	0.0331148501251	0.390647758119	1.0000540398	8.61492308644e-05	0.00725513891664
7.79937050193e-07	0.0331112061295	0.390630370235	1.00006263916	9.98588847392e-05	0.0078111721202
9.73312681047e-07	0.0331069827227	0.390610216175	1.00007260639	0.00011574911648	0.00840978639905
1.21461069405e-06	0.0331020879147	0.390586856279	1.00008415883	0.000134166359267	0.00905423436895
1.51569709443e-06	0.0330964151585	0.390559781143	1.00009754832	0.000155511948525	0.00974801505628
1.89137149472e-06	0.0330898410629	0.390528400604	1.00011306654	0.000180250775898	0.0104948920578
2.36009036708e-06	0.0330822227515	0.390492031001	1.00013105138	0.00020892129119	0.0112989129116
2.94486770639e-06	0.0330733948154	0.390449880444	1.00015189416	0.000242147056677	0.0121644297288
3.67439622036e-06	0.0330631657993	0.390401031801	1.00017604804	0.000280650087259	0.0130961211249
4.58444246225e-06	0.0330513141536	0.390344423037	1.00020403767	0.000325266242415	0.0140990154842
5.7195820001e-06	0.033037583575	0.390278824532	1.00023647036	0.000376962972065	0.0151785155723
7.13535628811e-06	0.0330216776512	0.390202812909	1.00027404899	0.000436859758141	0.0163404244933
8.90095197719e-06	0.0330032537132	0.390114740876	1.00031758678	0.000506251636989	0.0175909729637
1.11025266837e-05	0.032981915789	0.390012702503	1.00036802433	0.000586636234083	0.0189368478392
1.38473335454e-05	0.0329572065445	0.389894493276	1.00042644923	0.000679744791397	0.0203852217868
1.72688311555e-05	0.0329285980851	0.389757564226	1.00049411849	0.000787577717734	0.0219437839383
2.15330066987e-05	0.0328954814855	0.389598969303	1.00057248423	0.000912445241479	0.0236207712904
2.68461893873e-05	0.03285715491	0.389415305137	1.00066322305	0.00105701379066	0.0254250005207
3.34646896846e-05	0.0328128101832	0.389202642209	1.0007682695	0.00122435876255	0.0273658997815
4.17066682576e-05	0.0327615176782	0.388956446399	1.00088985413	0.00141802436822	0.0294535398826
5.19667177834e-05	0.0327022094026	0.388671489845	1.00103054649	0.00164209123809	0.0316986641039
6.47337307352e-05	0.0326336601921	0.388341749976	1.00119330374	0.00190125244074	0.0341127156542
8.06127262035e-05	0.0325544669689	0.387960295644	1.00138152513	0.00220089848396	0.0367078615305
0.000100351416218	0.0324630260911	0.38751915931	1.00159911279	0.00254721171288	0.0394970112017
0.000124872402017	0.0323575089304	0.387009194447	1.00185053902	0.00294727026806	0.0424938281554
0.000155311994824	0.03223583596	0.386419917559	1.0021409202	0.00340916138231	0.0457127318718
0.000193066740251	0.0320956498461	0.385739334717	1.00247609694	0.00394210323294	0.0491688872449
0.000239848769686	0.031934288311	0.384953753132	1.0028627199	0.00455657377323	0.0528781778219
0.000297751075317	0.0317487579048	0.384047579307	1.00330833991	0.00526444387472	0.0568571584998
0.000369322307064	0.0315357141398	0.382983740313	1.00382150003	0.00607908816361	0.0611229824921
0.000457656253026	0.0312914379553	0.381750138824	1.00441185214	0.0070155248439	0.0656935112218
0.000566492119141	0.0310118238415	0.380331143376	1.00509021063	0.00809056549952	0.0705868731987
0.000700321937286	0.0306923860828	0.378700857594	1.00586862827	0.00932285906182	0.0758212931095
0.00086451016497	0.0303282721435	0.376830407548	1.0067604612	0.0107329467567	0.0814149293923
0.00106541661458	0.0299143012641	0.37468781082	1.00778039435	0.0123432444225	0.0873855675401
0.00131051686347	0.0294450317536	0.372237917217	1.00894442305	0.0141779381304	0.0937502398295
0.00160847158309	0.0289149300857	0.369342890196	1.01026976558	0.0162623705374	0.10052476251
0.00196929630374	0.0283183739688	0.366038487762	1.01177505237	0.0186233411549	0.107724968805
0.00240432968756	0.0276499794604	0.362288768696	1.0134794979	0.0212882571501	0.115362984104
0.00292617940295	0.0269048571043	0.357959104849	1.01540274135	0.0242840783218	0.12344772224
0.00354845082725	0.0260791083117	0.35291701809	1.01756478641	0.0276348074615	0.131986258216
0.00428594094721	0.0251696442528	0.347262019319	1.01998541972	0.0313638574972	0.140982972026
0.00515328983502	0.0241756915322	0.34053307321	1.02268205531	0.0354862582568	0.150433548792
0.00616560535537	0.023097858768	0.333003125949	1.02567269465	0.0400127787546	0.160338737551
0.00733576630832	0.0219405976697	0.323960085635	1.02896949826	0.044938845945	0.17068450574
0.00867619074322	0.0207098939939	0.313676940341	1.03258667247	0.0502531038517	0.181471349486
0.0101932377172	0.0194177772922	0.301465878592	1.03653069666	0.0559136962172	0.192686235104
0.0118893994513	0.0180792669951	0.286176047124	1.04081056445	0.0618587276949	0.204336948333
0.0137730227731	0.0167057052257	0.275111778591	1.04544879904	0.0680493960141	0.216482770293
0.0158687488596	0.0152960647453	0.267471069412	1.05035519725	0.0746361481943	0.228878184877
0.0181380468279	0.0138837182686	0.259318411169	1.05543554679	0.0814634607428	0.241282903036
0.0205576068996	0.0124859915367	0.2505830977	1.06064788433	0.0884380484877	0.253615379936
0.0230961255796	0.0111209697001	0.241348336926	1.06594289473	0.0954540350294	0.265791257049
0.0257146561365	0.00980681787927	0.231642936448	1.07126330681	0.102396377432	0.277720312034
0.0283680520459	0.00856078380165	0.221479076668	1.07654794358	0.109143901164	0.289313520954
0.0310086541246	0.00739760132661	0.210896353568	1.08173577077	0.115580359303	0.300488790432
0.0335891035087	0.00632875608418	0.199984969034	1.08676907915	0.1216006296	0.311173998629
0.0360655758656	0.00536186225271	0.188852733547	1.09159583327	0.127118546695	0.321308214101
0.038401240742	0.00450019172132	0.177775734692	1.0961720895	0.132074886407	0.33084343093
0.0405659803297	0.0037436505025	0.166768323105	1.10045973712	0.136434827162	0.339737196426
0.0425388392337	0.0030887267807	0.155892170938	1.10443370019	0.140187540412	0.347966412868
0.0443082681961	0.0025292164543	0.145208415552	1.10808065671	0.143345208671	0.355524342758
0.0458714841927	0.00205702859682	0.134762829038	1.11139801717	0.145939184146	0.362418981077
0.0472332697831	0.00166295388372	0.124583441124	1.11439260518	0.148015105106	0.368671431395
0.0484043899051	0.00133734805037	0.114697600469	1.11707898491	0.149627685455	0.374313894793
0.0493997467321	0.00107071616417	0.10511833031	1.11947728883	0.150835723674	0.379386679316
0.050236870523	0.000854073698223	0.0958408830765	1.12161149489	0.151698437334	0.383936009142
0.0509342865687	0.000679256748056	0.0868685411913	1.12350793682	0.152271501769	0.388012093514
0.0515106541127	0.000538985806695	0.0782137340813	1.12519375558	0.152606129618	0.391666751743
0.0519835970301	0.000426989016496	0.0698650115771	1.12669558365	0.1527469526	0.394951204986
0.0523697953205	0.000337826438443	0.0622158382778	1.12803942254	0.15273311314	0.397916215955
0.0526887208659	0.000265919190279	0.0566963203761	1.12924225781	0.152619895461	0.400593407237
0.0529412950496	0.000210177926964	0.0493700244795	1.13028802285	0.152430916894	0.402940468293
0.0531449937306	0.000166097483044	0.042568760036	1.13124183382	0.152163657131	0.405098489993
0.0533087727063	0.000131308565682	0.0364894160262	1.13211946147	0.151834702509	0.407100098231
0.0534408919753	0.000103737180476	0.0312291601137	1.13293145671	0.151462780994	0.408966718292
0.0535465172493	8.20620782762e-05	0.0263534117044	1.13368300183	0.151061158052	0.410707820472
0.0536315740639	6.4885987034e-05	0.0222315006288	1.1343889905	0.150635501116	0.412355869859
0.0536997985181	5.13197712929e-05	0.0186434773938	1.13505187503	0.150196364651	0.413914882994
0.0537545915748	4.05844564036e-05	0.0156156264795	1.13567796538	0.149749126055	0.415398132207
0.0537985630671	3.20910847382e-05	0.0130658290024	1.13626980335	0.149300167782	0.416810233595
0.0538338420087	2.53692028536e-05	0.0109367042887	1.13682967887	0.148854429663	0.418155322713
0.0538621323283	2.00490161142e-05	0.00915918105604	1.13735890695	0.148416348847	0.419435294188
0.0538847873013	1.58415779025e-05	0.00767599449312	1.13785869509	0.147989262376	0.420651855301
0.0539029259694	1.25128643585e-05	0.00643894396994	1.1383302128	0.147575733185	0.421806698915
0.0539174231793	9.88244140616e-06	0.00540145013973	1.13877446209	0.147177664392	0.42290118779
0.0539290057885	7.80338395595e-06	0.00453414738377	1.1391929261	0.146795970753	0.42393795918
0.0539382485036	6.16119973341e-06	0.00380586964132	1.13958673611	0.146431408109	0.424918878335
0.0539456181913	4.86440861484e-06	0.00319192029283	1.13995731771	0.146084075691	0.425846636641
0.0539514878564	3.84097746281e-06	0.00267483057883	1.14030630007	0.145753556927	0.426724538908
0.0539561561016	3.03404502175e-06	0.00223366467361	1.14063523248	0.145439268871	0.427555792839
0.0539598727807	2.39685060728e-06	0.00186038402233	1.14094646268	0.145139667836	0.42834573293
0.0539628221437	1.89513607923e-06	0.00154127738434	1.14124173167	0.144853604561	0.429098267174
0.0539651688876	1.49889379518e-06	0.00126663874101	1.14152358518	0.144579058766	0.429819456405
0.0539670259109	1.18757108111e-06	0.00103263440231	1.14179488424	0.144313529573	0.430516287291
0.0539684833952	9.44898301637e-07	0.000757636465004	1.1420585732	0.144054359503	0.431196079914
0.0539695593164	7.66973211614e-07	0.000509538681464	1.14234446495	0.143771797118	0.431935928106
0.0539704392537	6.22595739869e-07	0.000342729949286	1.14268928667	0.143429692274	0.432832211046
0.0539711637057	5.04858288972e-07	0.000238040182612	1.14310509882	0.143016110872	0.433918785965
0.0539718142129	4.00377040878e-07	0.000195914293181	1.14359018555	0.142533020119	0.43519443303
0.0539723418543	3.16690552893e-07	0.000160906358191	1.14405769476	0.142067123529	0.436432139771
0.0539727619417	2.50867469943e-07	0.000133028378063	1.14450802759	0.141618069772	0.437632139744
0.0539731020424	1.98200382476e-07	0.000110287344926	1.14493961024	0.141187518847	0.438789398445
0.0539733710187	1.57012537986e-07	9.00040525572e-05	1.14535098929	0.140776952929	0.439899124441
0.0539735847859	1.24631092353e-07	7.37371013336e-05	1.14575037626	0.140378210022	0.440982758961
0.0539737596681	9.8419278445e-08	6.17109923205e-05	1.14613738621	0.139991725251	0.442038744578
0.0539738978204	7.79213215977e-08	5.06496456273e-05	1.14650265009	0.139626874929	0.443040795903
0.0539740055958	6.20836673159e-08	4.08040185746e-05	1.14685504677	0.139274799934	0.444012559157
0.0539740953362	4.9021420674e-08	3.41732208965e-05	1.14720357969	0.13892653407	0.444978546245
0.053974166832	3.87103057134e-08	2.85468377386e-05	1.14753225539	0.138598070513	0.445893975584
0.0539742229951	3.06805462061e-08	2.32232893993e-05	1.14784301527	0.138287476845	0.446763532283
0.0539742682763	2.42606255952e-08	1.93239483489e-05	1.14814580023	0.137984825538	0.447614564227
0.0539743045876	1.91539947403e-08	1.61839825791e-05	1.14843359002	0.137697142662	0.448426940101
0.0539743334288	1.51289542853e-08	1.34023678685e-05	1.14870493705	0.137425880342	0.449196036805
0.0539743561261	1.19842965113e-08	1.09562332159e-05	1.14896378251	0.137167101395	0.449932552782
0.0539743744671	9.46100009325e-09	9.1762032321e-06	1.14921462656	0.136916310981	0.450648975005
0.053974389046	7.46875508849e-09	7.68552830569e-06	1.14945110872	0.136679871363	0.451326801958
0.0539744006297	5.89586576713e-09	6.43711590577e-06	1.14967403783	0.136456975994	0.451967946374
0.0539744098149	4.65611984049e-09	5.33622541597e-06	1.14988417976	0.136246860762	0.452574247692
0.0539744170376	3.68678299437e-09	4.37189867803e-06	1.15008439456	0.136046666916	0.453153660343
0.0539744228562	2.91015949766e-09	3.66203354706e-06	1.15027791064	0.135853167696	0.453715320188
0.0539744274737	2.29707498015e-09	3.06752836349e-06	1.15046029607	0.13567079562	0.454246150158
0.0539744311368	1.81309793108e-09	2.56972355441e-06	1.15063218	0.135498922271	0.454747731619
0.053974434042	1.43105470918e-09	2.15274394317e-06	1.15079414966	0.135336960991	0.455221554896
0.0539744363449	1.12953696964e-09	1.80184603374e-06	1.15094676915	0.135184348133	0.45566907066
0.0539744381607	8.92797865469e-10	1.49292847164e-06	1.1510907063	0.135040416201	0.456092060287
0.0539744396015	7.05668484034e-10	1.23696164377e-06	1.15122802755	0.134903099087	0.456496454149
0.0539744407458	5.57626353482e-10	1.03053679919e-06	1.15135903624	0.134772093687	0.456883031066
0.0539744416576	4.40072825002e-10	8.63631405583e-07	1.15148330718	0.134647825357	0.457250425862
0.0539744423797	3.47296231024e-10	7.23750812111e-07	1.15160034407	0.134530790538	0.457597058258
0.0539744429443	2.74988656549e-10	5.89051064027e-07	1.1517105671	0.134420569119	0.457924065064
0.0539744433922	2.17794850708e-10	4.86133148338e-07	1.15181780252	0.134313334975	0.458242726492
0.053974443753	1.71865107663e-10	4.07574364314e-07	1.15192072039	0.134210418141	0.458549039593
0.0539744440385	1.35617460196e-10	3.41768363976e-07	1.15201759503	0.134113544312	0.458837798439
0.0539744442645	1.07009418794e-10	2.86643923058e-07	1.15210876298	0.134022377007	0.459109930636
0.0539744444432	8.44353059849e-11	2.40408827165e-07	1.15219453888	0.133936601615	0.45936630809
0.0539744445846	6.66199011512e-11	2.01714569871e-07	1.15227524114	0.133855899761	0.459607822607
0.0539744446965	5.256132692e-11	1.69269378338e-07	1.15235113442	0.133780006792	0.459835212952
0.0539744447848	4.14746870838e-11	1.41606184343e-07	1.15242249327	0.133708648196	0.460049254138
0.0539744448539	3.28287363821e-11	1.15934242342e-07	1.15248980358	0.133641338086	0.460251362449
0.0539744449093	2.59011531727e-11	9.73307128109e-08	1.15255488162	0.133576260195	0.460446962922
0.0539744449532	2.04312429472e-11	8.17795590434e-08	1.15261604358	0.13351509836	0.460630967932
0.0539744449878	1.61163780926e-11	6.87127614775e-08	1.152673466	0.133457676045	0.460803876976
0.0539744450152	1.27126836325e-11	5.77335065997e-08	1.15272737726	0.133403764858	0.460966349612
0.0539744450368	1.00256008234e-11	4.85874931364e-08	1.15277799185	0.133353150328	0.461119007322
0.0539744450539	7.90643099967e-12	4.08903908737e-08	1.15282542356	0.133305718672	0.461262171029
0.0539744450674	6.23516760214e-12	3.44125033882e-08	1.15286987209	0.13326127018	0.46139642363
0.0539744450781	4.91715049047e-12	2.89607375198e-08	1.15291152491	0.133219617386	0.461522313856
0.0539744450865	3.87660696242e-12	2.44256196042e-08	1.15295055774	0.133180584586	0.461640357367
0.0539744450932	3.05623123066e-12	2.06009549601e-08	1.15298704534	0.133144096997	0.461750766566
0.0539744450984	2.40945432337e-12	1.73751162797e-08	1.15302115288	0.133109989476	0.461854028877
0.0539744451025	1.89954402134e-12	1.46543574574e-08	1.1530530355	0.133078106872	0.461950603276
0.0539744451058	1.4970449056e-12	1.23919923563e-08	1.15308283824	0.133048304135	0.462040919722
0.0539744451084	1.17977877118e-12	1.04806784616e-08	1.15311061476	0.133020527621	0.462125132398
0.0539744451104	9.29746957769e-13	8.8641390496e-09	1.1531364972	0.132994645193	0.462203634441
0.053974445112	7.32702206977e-13	7.49691694325e-09	1.15316061464	0.132970527754	0.462276810891
0.0539744451133	5.7724203864e-13	6.35794464293e-09	1.1531830874	0.132948055001	0.462345021118
0.0539744451143	4.54699613332e-13	5.39522714434e-09	1.15320396406	0.132927178344	0.462408407591
0.0539744451151	3.58170634618e-13	4.57827494832e-09	1.15322334355	0.132907798854	0.462467266236
0.0539744451157	2.82133213205e-13	3.88501960267e-09	1.1532413332	0.1328898092	0.462521919177
0.0539744451162	2.22425884864e-13	3.25691319277e-09	1.15325803266	0.132873109743	0.462572665797
0.0539744451166	1.75588066358e-13	2.73587137288e-09	1.15327373722	0.132857405187	0.4626204008
0.0539744451169	1.38210647035e-13	2.33421249748e-09	1.15328849601	0.132842646398	0.462665271432
0.0539744451171	1.08789516828e-13	1.99151907531e-09	1.15330211229	0.132829030119	0.462706677424
0.0539744451173	8.56311375541e-14	1.69913531301e-09	1.15331467448	0.132816467929	0.462744885591
0.0539744451175	6.74024316503e-14	1.44967590698e-09	1.15332626416	0.132804878246	0.462780142306
0.0539744451176	5.3054064947e-14	1.23683958991e-09	1.15333695661	0.132794185799	0.462812675049
0.0539744451177	4.17536377268e-14	1.05823565926e-09	1.15334682127	0.132784321141	0.462842693842
0.0539744451178	3.28434538996e-14	9.07332534021e-10	1.15335589514	0.132775247267	0.462870310192
0.0539744451178	2.58346566387e-14	7.7794728623e-10	1.15336421981	0.132766922596	0.462895649678
0.0539744451179	2.03215104708e-14	6.67011750856e-10	1.15337185713	0.13275928528	0.462918899738
0.0539744451179	1.59848566043e-14	5.71895209655e-10	1.15337886384	0.132752278571	0.462940232421
0.0539744451179	1.25736398261e-14	4.90342028783e-10	1.153385292	0.132745850409	0.46295980565
0.0539744451179	9.88892943913e-15	4.21478533267e-10	1.15339118938	0.132739953028	0.462977764371
0.053974445118	7.7740770528e-15	3.62937913961e-10	1.1533965854	0.132734557006	0.462994197759
0.053974445118	6.11150265229e-15	3.12528026414e-10	1.15340151168	0.132729630729	0.463009201728
0.053974445118	4.80448458168e-15	2.69119627952e-10	1.1534060091	0.132725133308	0.46302290051
0.053974445118	3.77698509346e-15	2.31740303445e-10	1.153410115	0.132721027412	0.463035407554
0.053974445118	2.96922722473e-15	1.99552687076e-10	1.15341386345	0.132717278958	0.463046826464
0.053974445118	2.33421744346e-15	1.71835795371e-10	1.15341728558	0.132713856832	0.463057251849
0.053974445118	1.83501184614e-15	1.47968694513e-10	1.15342040978	0.132710732629	0.463066770097
0.053974445118	1.44256769776e-15	1.27416568052e-10	1.153423262	0.132707880415	0.463075460091
0.053974445118	1.134052925e-15	1.09718998099e-10	1.1534258659	0.132705276513	0.463083393867
0.053974445118	8.91518275499e-16	9.44795124309e-11	1.15342824311	0.132702899306	0.463090637205
0.053974445118	7.00853104949e-16	8.13567037362e-11	1.15343041335	0.132700729059	0.463097250165
0.053974445118	5.50964468814e-16	7.00565821268e-11	1.15343239466	0.132698747754	0.463103287587
0.053974445118	4.33131766528e-16	6.03259896763e-11	1.15343420347	0.132696938943	0.463108799546
0.053974445118	3.40499381094e-16	5.19469557246e-11	1.1534358548	0.13269528761	0.46311383176
0.053974445118	2.67677873746e-16	4.47317365257e-11	1.15343736237	0.132693780044	0.46311842597
0.053974445118	2.10430413874e-16	3.85186755464e-11	1.15343873868	0.13269240373	0.46312262029
0.053974445118	1.65426256861e-16	3.31685792873e-11	1.15343999517	0.132691147242	0.463126449518
0.053974445118	1.30046983685e-16	2.8561587073e-11	1.15344114226	0.132690000147	0.463129945427
0.053974445118	1.02234161497e-16	2.45944859431e-11	1.15344218949	0.132688952921	0.463133137026
0.053974445118	8.0369583482e-17	2.11783984615e-11	1.15344314554	0.13268799687	0.463136050799
0.053974445118	6.31811206919e-17	1.82367916551e-11	1.15344401836	0.132687124055	0.463138710926
0.053974445118	4.96687062186e-17	1.57037679632e-11	1.15344481518	0.132686327231	0.463141139485
0.053974445118	3.90461583368e-17	1.3522570861e-11	1.15344554263	0.132685599781	0.46314335663
0.053974445118	3.06954299383e-17	1.16443333237e-11	1.15344620675	0.132684935666	0.463145380763
0.053974445118	2.41306533753e-17	1.00269756699e-11	1.15344681304	0.132684329371	0.463147228685
0.053974445118	1.89698718448e-17	8.63426284984e-12	1.15344736655	0.132683775863	0.463148915734
0.053974445118	1.49128164194e-17	7.43499266823e-12	1.15344787187	0.132683270545	0.463150455914
0.053974445118	1.17234357841e-17	6.40229675416e-12	1.15344833319	0.132682809223	0.46315186201
0.053974445118	9.21616223144e-18	5.51303892449e-12	1.15344875435	0.132682388065	0.463153145693
0.053974445118	7.2451148255e-18	4.74729641334e-12	1.15344913884	0.132682003575	0.463154317621
0.053974445118	5.69561212973e-18	4.08791278767e-12	1.15344948985	0.132681652561	0.463155387521
0.053974445118	4.47749916641e-18	3.52011521576e-12	1.1534498103	0.132681332107	0.463156364275
0.053974445118	3.5199022043e-18	3.03118274661e-12	1.15345010286	0.132681039554	0.463157255993
0.053974445118	2.76710512936e-18	2.61016131448e-12	1.15345036994	0.132680772472	0.463158070077
0.053974445118	2.17530772276e-18	2.24761832736e-12	1.15345061377	0.132680528643	0.463158813286
0.053974445118	1.71007723627e-18	1.93543134173e-12	1.15345083637	0.132680306043	0.46315949179
0.053974445118	1.34434498687e-18	1.66660617861e-12	1.15345103959	0.132680102824	0.463160111222
0.053974445118	1.0568314277e-18	1.43511997779e-12	1.15345122511	0.132679917298	0.463160676725
0.053974445118	8.3080804568e-19	1.2357864363e-12	1.15345139449	0.132679747925	0.463161192994
0.053974445118	6.53124018409e-19	1.06413966246e-12	1.15345154911	0.132679593299	0.463161664315
0.053974445118	5.13441070292e-19	9.16334060162e-13	1.15345169028	0.132679452134	0.463162094602
0.053974445118	4.03631957928e-19	7.8905817242e-13	1.15345181915	0.132679323261	0.463162487426
0.053974445118	3.17307600246e-19	6.79460491573e-13	1.1534519368	0.132679205608	0.463162846049
0.053974445118	2.49445340433e-19	5.85085574161e-13	1.15345204421	0.132679098198	0.46316317345
0.053974445118	1.96096709874e-19	5.03819048647e-13	1.15345214227	0.13267900014	0.463163472346
0.053974445118	1.54157695943e-19	4.33840182248e-13	1.15345223179	0.132678910619	0.463163745219
0.053974445118	1.21188136564e-19	3.73581154691e-13	1.15345231352	0.132678828893	0.463163994334
0.053974445118	9.52697440717e-20	3.21691912466e-13	1.15345238813	0.132678754282	0.463164221761
0.053974445118	7.48944927898e-20	2.77009919876e-13	1.15345245624	0.132678686167	0.463164429386
0.053974445118	5.88768768067e-20	2.38534113487e-13	1.15345251843	0.132678623982	0.463164618935
0.053974445118	4.62849330658e-20	2.05402474207e-13	1.1534525752	0.132678567212	0.463164791981
0.053974445118	3.63860164455e-20	1.76872715321e-13	1.15345262703	0.132678515384	0.463164949961
0.053974445118	2.8604171809e-20	1.52305652074e-13	1.15345267434	0.132678468069	0.463165094186
0.053974445118	2.24866231099e-20	1.31150875901e-13	1.15345271754	0.132678424873	0.463165225855
0.053974445118	1.76774289617e-20	1.12934431104e-13	1.15345275697	0.132678385438	0.463165346059
0.053974445118	1.38967728089e-20	9.7248192876e-14	1.15345279297	0.132678349437	0.463165455798
0.053974445118	1.09246821885e-20	8.37407236142e-14	1.15345282584	0.13267831657	0.463165555983
0.053974445118	8.588229936e-21	7.2109399256e-14	1.15345285585	0.132678286565	0.463165647445
0.053974445118	6.75147265465e-21	6.20936292417e-14	1.15345288324	0.132678259172	0.463165730944
0.053974445118	5.30754103252e-21	5.34690184989e-14	1.15345290825	0.132678234164	0.463165807173
0.053974445118	4.172421796e-21	4.60423392957e-14	1.15345293108	0.132678211333	0.463165876766
0.053974445118	3.2800695217e-21	3.96472024774e-14	1.15345295192	0.13267819049	0.463165940299
0.053974445118	2.57856385453e-21	3.41403300714e-14	1.15345297095	0.132678171462	0.4631659983
0.053974445118	2.02708859867e-21	2.93983449576e-14	1.15345298832	0.13267815409	0.463166051252
0.053974445118	1.59355688148e-21	2.53150067047e-14	1.15345300418	0.132678138231	0.463166099594
0.053974445118	1.25274422109e-21	2.17988313391e-14	1.15345301866	0.132678123753	0.463166143726
0.053974445118	9.84820873266e-22	1.87710417211e-14	1.15345303188	0.132678110535	0.463166184017
0.053974445118	7.74198063297e-22	1.61638026745e-14	1.15345304394	0.132678098468	0.463166220799
0.053974445118	6.08620974753e-22	1.39187009807e-14	1.15345305496	0.132678087452	0.463166254379
0.053974445118	4.78455717954e-22	1.19854368843e-14	1.15345306502	0.132678077395	0.463166285035
0.053974445118	3.7612879468e-22	1.0320697122e-14	1.1534530742	0.132678068213	0.463166313022
0.053974445118	2.95686444235e-22	8.88718450643e-15	1.15345308258	0.132678059831	0.463166338573
0.053974445118	2.32448231606e-22	7.65278231183e-15	1.15345309023	0.132678052179	0.463166361898
0.053974445118	1.82734722406e-22	6.58983472465e-15	1.15345309722	0.132678045193	0.463166383193
