0.0	1.39471896234	4.69793267929	1.0	0.0	0.0
1.96786375542e-11	1.39471747925	4.69792812156	1.00000024342	1.96786414297e-07	0.0001
2.4560588852e-11	1.3947172988	4.69792756702	1.00000027304	2.28116983224e-07	0.000107666663392
3.06536726229e-11	1.39471708963	4.69792692418	1.00000030737	2.64435721005e-07	0.000115921104036
3.82583508063e-11	1.39471684715	4.69792617901	1.00000034717	3.0653679735e-07	0.000124808384713
4.77496248605e-11	1.39471656606	4.69792531519	1.00000039331	3.55340822176e-07	0.000134377022991
5.95955277013e-11	1.39471624022	4.69792431384	1.00000044679	4.11914975652e-07	0.000144679256086
7.43802031401e-11	1.3947158625	4.69792315307	1.00000050878	4.77496343835e-07	0.000155771326027
9.28327108825e-11	1.39471542465	4.69792180749	1.00000058065	5.5351896892e-07	0.000167713786675
1.15862977473e-10	1.39471491709	4.69792024768	1.00000066396	6.41645206041e-07	0.00018057183429
1.44606665927e-10	1.39471432872	4.69791843953	1.00000076053	7.43802073027e-07	0.000194415663423
1.80481176569e-10	1.39471364667	4.69791634351	1.00000087247	8.6222338622e-07	0.000209320850103
2.2525554043e-10	1.39471285604	4.69791391377	1.00000100224	9.99498604862e-07	0.000225368764385
2.81137651588e-10	1.39471193953	4.6979110972	1.00000115267	1.15862945133e-06	0.000242647014529
3.50883139739e-10	1.3947108771	4.69790783221	1.00000132705	1.34309554621e-06	0.000261249925217
4.37931251269e-10	1.39470964552	4.6979040474	1.00000152919	1.55693049056e-06	0.000281279052428
5.46574438746e-10	1.39470821786	4.69789966001	1.00000176352	1.80481006223e-06	0.00030284373777
6.82170020683e-10	1.39470656291	4.6978945741	1.00000203515	2.09215445051e-06	0.000326061705302
8.51404347554e-10	1.39470464447	4.69788867848	1.00000235003	2.42524676721e-06	0.000351059704079
1.06262249864e-09	1.39470242061	4.69788184423	1.00000271504	2.81137042221e-06	0.000377974199947
1.32623976482e-09	1.39469984269	4.69787392191	1.00000313817	3.25896836689e-06	0.000406952120337
1.65525520414e-09	1.39469685434	4.6978647383	1.00000362866	3.77782768658e-06	0.000438151656122
2.06589258859e-09	1.39469339023	4.6978540926	1.00000419724	4.37929357461e-06	0.000471743124899
2.57840033959e-09	1.39468937462	4.69784175203	1.00000485634	5.07651736441e-06	0.000507909900399
3.21804988604e-09	1.3946847197	4.69782744679	1.00000562038	5.88474403835e-06	0.000546849413071
4.01638165723e-09	1.3946793237	4.69781086409	1.00000650606	6.82164549586e-06	0.000588774227285
5.01276012673e-09	1.39467306864	4.69779164138	1.00000753275	7.90770685692e-06	0.000633913201001
6.25631455054e-09	1.39466581777	4.69776935838	1.00000872289	9.16667424191e-06	0.000682512734193
7.80836104554e-09	1.39465741256	4.69774352791	1.0000101025	1.06260738004e-05	0.000734838112809
9.74542536468e-09	1.39464766926	4.69771358527	1.00001170176	1.23178133223e-05	0.000791174955529
1.21630153108e-08	1.39463637487	4.69767887587	1.00001355563	1.42788795589e-05	0.000851830771153
1.51803286449e-08	1.39462328249	4.69763864093	1.00001570464	1.65521464669e-05	0.000917136635033
1.89461283994e-08	1.39460810592	4.69759200092	1.00001819578	1.91873120031e-05	0.000987448993579
2.36460749653e-08	1.39459051343	4.69753793636	1.0000210835	2.22419838894e-05	0.00106315160655
2.95118759991e-08	1.39457012051	4.69747526554	1.00002443094	2.57829380075e-05	0.00114465763754
3.68327046046e-08	1.39454648146	4.69740261873	1.00002831129	2.98875768234e-05	0.0012324119039
4.59694477702e-08	1.39451907969	4.6973184083	1.00003280936	3.46456195819e-05	0.00132689329801
5.73724861205e-08	1.39448731644	4.69722079408	1.00003802348	4.01610610219e-05	0.00142861739285
7.16038794881e-08	1.3944504977	4.69710764321	1.00004406763	4.65544411669e-05	0.00153813924566
8.9365049061e-08	1.39440781914	4.69697648367	1.00005107391	5.39654754518e-05	0.00165605641434
1.11531316456e-07	1.39435834853	4.69682445043	1.00005919545	6.25561021982e-05	0.00178301220259
1.39194996092e-07	1.3943010055	4.69664822301	1.00006860974	7.25140134036e-05	0.00191969915041
1.73719155972e-07	1.39423453798	4.69644395329	1.00007952249	8.40567451506e-05	0.00206686278819
2.1680468367e-07	1.39415749502	4.6962071818	1.00009217214	9.74364158675e-05	0.00222530567341
2.70573944049e-07	1.39406819529	4.69593274085	1.00010683504	0.000112945214422	0.00239589173049
3.37675124223e-07	1.39396469056	4.69561464239	1.00012383147	0.000130921755866	0.00257955091526
4.21412368085e-07	1.39384472354	4.69524594822	1.00014353264	0.000151758440885	0.00277728422713
5.25908055256e-07	1.39370567903	4.69481861978	1.00016636872	0.000175909975915	0.00299016909313
6.56305136596e-07	1.39354452744	4.69432334451	1.00019283824	0.000203903234962	0.00321936514913
8.19019373563e-07	1.3933577595	4.69374933494	1.00022351887	0.000236348671651	0.00346612044498
1.02205373153e-06	1.3931413108	4.69308409656	1.00025907999	0.000273953521505	0.00373177810128
1.27539015834e-06	1.39289047463	4.69231315962	1.0003002972	0.000317537070345	0.00401778344644
1.5914776743e-06	1.39259980138	4.69141976944	1.00034806907	0.000368048305498	0.00432569166339
1.98584027464e-06	1.39226298243	4.6903845291	1.00040343656	0.000426586312743	0.00465717597597
2.4778338014e-06	1.3918727164	4.68918498736	1.0004676055	0.00049442383408	0.00501403640464
3.09158792411e-06	1.39142055503	4.68779516405	1.00054197248	0.000573034460036	0.00539820912118
3.85717797265e-06	1.3908967259	4.68618500372	1.00062815483	0.000664123995552	0.00581177643034
4.81208194454e-06	1.3902899288	4.6843197477	1.00072802522	0.000769666610913	0.00625697740458
6.0029909838e-06	1.38958710199	4.68215921321	1.00084375159	0.000891946468607	0.00673621919455
7.48805749355e-06	1.38877315458	4.67965696722	1.00097784313	0.001033605603	0.00725208903334
9.33968437473e-06	1.38783066063	4.67675938142	1.00113320329	0.00119769892153	0.00780736694541
1.16479825025e-05	1.3867395102	4.6734064322	1.00131319081	0.00138775731171	0.0084050391624
1.45250523021e-05	1.38547651247	4.66952825953	1.00152168972	0.00160786001759	0.0090483119865
1.81102739359e-05	1.38401494714	4.66503997102	1.00176318976	0.00186271683379	0.00974062662919
2.25768454991e-05	1.3823240558	4.65984692462	1.00204287878	0.00215776244713	0.0104856751202
2.81398370417e-05	1.3803684723	4.65384025433	1.002366748	0.00249926331224	0.0112874159181
3.50660979205e-05	1.3781075859	4.64689488831	1.00274171231	0.00289443877592	0.0121500903083
4.36864134531e-05	1.37549483492	4.63886734443	1.00317574713	0.00335159771724	0.0130782391009
5.44103797355e-05	1.3724769298	4.62959329775	1.00367804367	0.0038802919415	0.0140767194315
6.77445450446e-05	1.36899300762	4.61888574886	1.00425918444	0.00449148740394	0.0151507214074
8.43144746642e-05	1.36497371938	4.60654410187	1.00493134056	0.005197755572	0.0163057840673
0.00010489133768	1.36034028637	4.59231259806	1.00570849095	0.00601347852741	0.0175478075394
0.000130424025714	1.35500349602	4.57591533566	1.00660667148	0.00695507761316	0.0188830729488
0.00016207745796	1.34886271984	4.55704357834	1.00764424468	0.00804125594691	0.0203182511231
0.000201278053574	1.34180496886	4.53534901457	1.00884219574	0.00929325535245	0.0218604104393
0.000249767091178	1.33370406738	4.51043546493	1.01022445317	0.0107351162098	0.0235170220361
0.000309663145252	1.32441996556	4.48190635788	1.01181823208	0.0123939526716	0.0252959616318
0.000383532644589	1.31379849359	4.44925268027	1.01365437654	0.014300180561	0.0272054868235
0.000474471102298	1.30167132583	4.41196854035	1.01576774518	0.0164877616587	0.0292542476264
0.000586191352645	1.28785677174	4.36950204687	1.01819755294	0.0189943578901	0.0314512435336
0.000723119108191	1.27216127763	4.32124902115	1.0209877044	0.0218614263686	0.0338057867482
0.000890492111938	1.25438195968	4.26657476262	1.02418709075	0.0251341944836	0.0363274591017
0.00109445748811	1.23431047102	4.20483601635	1.02784980594	0.0288614679882	0.0390260471192
0.00134216075652	1.21173838223	4.13539084781	1.03203524109	0.0330952474846	0.0419114522298
0.00164181441459	1.18646443275	4.05760740978	1.03680802481	0.0378900325845	0.0449935858476
0.00200273911444	1.1583033853	3.97093547434	1.04223776596	0.0433018977134	0.048282251377
0.00243535020511	1.12709732596	3.87486124218	1.04839848203	0.0493870226448	0.0517869765179
0.00295108809166	1.0927280709	3.76899635336	1.05536779191	0.0561999368858	0.0555168833446
0.00356226255596	1.05513117599	3.65316957838	1.06322568268	0.0637912195544	0.0594805106406
0.0042817949067	1.01431068185	3.52733085884	1.0720527351	0.0722047288021	0.063685569028
0.00512286602645	0.970352291221	3.391763034	1.08192818235	0.0814745249938	0.0681388379058
0.00609843749839	0.923435575071	3.24698734532	1.09292715645	0.0916213666178	0.0728458849044
0.00722069546945	0.873841219053	3.09384740498	1.10511783065	0.10264928986	0.0778109438249
0.0085004112153	0.821953503574	2.93351677724	1.11855811511	0.114542165496	0.0830367496341
0.0099462893566	0.768255374886	2.76744745915	1.13329215499	0.127260973645	0.0885243934657
0.011564334618	0.713316082462	2.59737265899	1.14934701424	0.140741615741	0.0942732771117
0.0133573507129	0.657770240356	2.42524985311	1.16672943235	0.154894558207	0.100281029782
0.0153245405175	0.602291766789	2.25313659627	1.18542298983	0.169605238078	0.106543427719
0.0174613510934	0.547562071276	2.08310267995	1.20538617219	0.184736646625	0.113054397258
0.0197595591752	0.494236629063	1.9172255952	1.22655130602	0.200133769133	0.11980599727
0.0222074581339	0.442915780974	1.75731580565	1.24882352659	0.21562872679	0.126788051004
0.0247903630232	0.394116869724	1.6049973824	1.27208225726	0.231047887132	0.133988202389
0.0274910978506	0.348256645853	1.46158195829	1.29618205182	0.246218957944	0.141391358666
0.0302905749133	0.305640651079	1.32803977818	1.32095476744	0.260978464785	0.148979168866
0.0331682960299	0.266461702972	1.20500154076	1.34621229783	0.275178189341	0.156729328816
0.0361027859065	0.230805536623	1.09276446321	1.37174965543	0.288690910183	0.164614701607
0.0390718281974	0.198662929737	0.991343472773	1.39734858518	0.30141377891	0.172602392103
0.0420526646656	0.169944607624	0.900501053882	1.42278128336	0.313271241067	0.180652730218
0.0450059966223	0.144613546372	0.806705273808	1.44781206084	0.324052886148	0.188718468057
0.0479071539191	0.122443391818	0.721620567203	1.47254693007	0.333445403113	0.196866061983
0.050760385684	0.103068339035	0.650200211595	1.49683854117	0.341630687732	0.205078967639
0.0535478677361	0.086268029155	0.589999697288	1.52036906782	0.348740414733	0.213269236713
0.0562492629015	0.0718052231201	0.538921606388	1.54286463929	0.354889476328	0.221346118315
0.0588422605984	0.0594408640938	0.495011743477	1.56410207731	0.360169700517	0.229220022637
0.0613036883638	0.0489433588003	0.456443457501	1.58391923443	0.364643125963	0.236809473287
0.0636108497012	0.0400950092994	0.421523460052	1.60222220763	0.36833734468	0.244048451913
0.0657442596246	0.0326916087911	0.388620525017	1.61898841037	0.371254991536	0.2508929642
0.0676882381023	0.0265474944436	0.355787521157	1.6342667376	0.373366844844	0.257326661598
0.0694310740108	0.0214981615207	0.3204088621	1.64818959705	0.374591785786	0.263371779141
0.0709651002792	0.0174003451222	0.277965946254	1.66100208471	0.374761431745	0.269108921037
0.0723718271033	0.0139341126459	0.259618792549	1.67317269455	0.374167912483	0.274735812825
0.0736040002001	0.0111252377041	0.241378420167	1.68384743228	0.373346859549	0.279826365586
0.0746722598613	0.00885431891653	0.223964483147	1.69320109171	0.372317542522	0.284415678006
0.0755872196701	0.00702734110571	0.207255734986	1.70136919046	0.371114311745	0.288529356709
0.0763624343737	0.0055636834547	0.191288977241	1.70848541026	0.369776025667	0.292200035546
0.0770131732952	0.0043949357458	0.176326645064	1.71467369345	0.368346613348	0.295462580292
0.0775546602694	0.00346474002311	0.162316470828	1.72004005615	0.366873024934	0.298348610135
0.0780014736893	0.00272689534536	0.149161733347	1.72468293653	0.365393485523	0.300890918546
0.0783674530274	0.0021432791286	0.136790496756	1.72869418437	0.363938115331	0.303123328513
0.0786652667472	0.00168278000798	0.125135746831	1.73215762234	0.362529364435	0.305079215831
0.0789062074847	0.00132020512463	0.114127288961	1.73514881223	0.36118262738	0.306790683808
0.0791001614931	0.00103523643382	0.103708087481	1.73773539308	0.359907196473	0.308288111523
0.0792556076045	0.000811608693943	0.0938090661902	1.73997721276	0.358707333967	0.309599655028
0.0793797454906	0.000636311669661	0.0843837079423	1.74192729155	0.357583119773	0.310751312764
0.0794785662588	0.000499042414115	0.0754049500884	1.74363205175	0.356531419818	0.311766646912
0.079557053507	0.000391600340076	0.066872996688	1.74513193996	0.355547140664	0.3126668062
0.0796195117377	0.000307213863977	0.0599637216264	1.74646174557	0.354625453536	0.313470433653
0.0796695845227	0.000240355354949	0.0535206518971	1.74762731961	0.353785464475	0.314179221122
0.0797083826064	0.000189082476741	0.0463259744064	1.74865057792	0.353013417639	0.314804950411
0.0797390365908	0.000148945988309	0.0396328611646	1.74958155784	0.352280169667	0.315377159392
0.0797633959926	0.000117323399229	0.0338921561889	1.75043948834	0.351578820205	0.315906985501
0.0797827100427	9.24496359857e-05	0.0287293837343	1.75123031863	0.350911735323	0.3163975577
0.0797979626531	7.29515145738e-05	0.0242003365589	1.75196590911	0.350273573773	0.316855782358
0.0798100808767	5.75679621306e-05	0.0203300872741	1.75265532824	0.349661341694	0.317286954746
0.0798196827519	4.54588061182e-05	0.0170147718043	1.75330321158	0.349074453238	0.317693681583
0.0798273111829	3.58982608492e-05	0.0142266611926	1.75391472304	0.348511277039	0.318078955427
0.0798333706746	2.83489092045e-05	0.0118919773598	1.75449245157	0.347971849566	0.318444191642
0.0798381862832	2.23829683884e-05	0.00995171648934	1.75503841448	0.347456255061	0.318790471335
0.0798420094739	1.76717539367e-05	0.00832814798667	1.75555366599	0.346965060621	0.319118284992
0.0798450462122	1.39485729669e-05	0.00698166483031	1.7560398939	0.346497901303	0.319428542948
0.0798474551011	1.10092904528e-05	0.00585320947144	1.75649780678	0.346055084688	0.319721547197
0.0798493655686	8.68870795285e-06	0.00490999068115	1.75692900105	0.345635840788	0.319998181687
0.0798508802921	6.85667497933e-06	0.00411977021943	1.75733476329	0.345239536733	0.320259147817
0.0798520805553	5.41082063371e-06	0.00345655342705	1.75771646228	0.344865319921	0.320505214056
0.0798530306772	4.27063248849e-06	0.00289568195634	1.75807553112	0.344512164645	0.320737204178
0.079853783071	3.37095693718e-06	0.00242103676456	1.75841388366	0.344178488096	0.320956266622
0.0798543781466	2.66179716563e-06	0.00202083637071	1.75873336347	0.343862701422	0.321163518747
0.0798548482061	2.10340821626e-06	0.00167556472526	1.759035632	0.343563346331	0.321359972405
0.0798552204152	1.66259597422e-06	0.00138722131457	1.75932374224	0.343277540182	0.321547557304
0.0798555131517	1.31690243649e-06	0.00113066162681	1.75959883583	0.343004256602	0.321726971674
0.0798557453553	1.04345080538e-06	0.00091493435766	1.75986618961	0.342738336935	0.321901624052
0.0798559127984	8.46762383365e-07	0.000615043066068	1.76012798743	0.342477572291	0.322072920788
0.0798560490236	6.87167445158e-07	0.000413468923232	1.76044389985	0.342162499669	0.322279987176
0.0798561599124	5.57670252138e-07	0.000277975561661	1.76082507171	0.341782010666	0.322530356939
0.0798562543709	4.47803074435e-07	0.000213107205461	1.76128492447	0.341322738751	0.322833180112
0.0798563357722	3.53582972938e-07	0.000177481039052	1.76176650242	0.340841660379	0.323151219014
0.0798563995006	2.80175701222e-07	0.000144541543011	1.76222316649	0.340385386651	0.323453667417
0.0798564509688	2.21168083136e-07	0.000121014056103	1.76266752596	0.339941341823	0.32374877616
0.0798564913616	1.75065915224e-07	9.91231800394e-05	1.7630865746	0.339522539667	0.324027809998
0.0798565232916	1.38777641357e-07	7.99380776803e-05	1.76349156903	0.339117739744	0.324298165636
0.079856549121	1.09545253124e-07	6.69279907738e-05	1.76388968557	0.338719780281	0.324564583903
0.0798565695338	8.65367063856e-08	5.53475478057e-05	1.76426509316	0.338344496626	0.324816401472
0.0798565855282	6.85769090095e-08	4.39679823702e-05	1.76462374489	0.337985941855	0.325057521704
0.0798565984425	5.4129707167e-08	3.68129756787e-05	1.7649815238	0.337628241111	0.325298584791
0.0798566086743	4.27252908048e-08	3.08228370011e-05	1.76531886838	0.337290958367	0.325526365772
0.0798566167278	3.3779693721e-08	2.52945380636e-05	1.76563693153	0.336972943825	0.325741560998
0.079856623075	2.67524745623e-08	2.07949811122e-05	1.76594338679	0.336666526823	0.325949301612
0.0798566281828	2.11152339847e-08	1.74119589593e-05	1.76623862971	0.33637131465	0.326149813006
0.0798566322269	1.6665582359e-08	1.45794860444e-05	1.7665169704	0.336092998275	0.326339180088
0.0798566353872	1.31982453021e-08	1.18934383549e-05	1.76677936689	0.33583062076	0.326517997835
0.0798566379107	1.04371380462e-08	9.87740426336e-06	1.7670341162	0.335575886585	0.326691881709
0.0798566399264	8.23738682316e-09	8.27119604194e-06	1.76727671126	0.335333303602	0.326857724213
0.0798566415214	6.50116098439e-09	6.92633035959e-06	1.76750538136	0.335104643055	0.32701427537
0.0798566427832	5.13080471468e-09	5.80028171927e-06	1.76772091659	0.334889115364	0.327162037196
0.0798566437697	4.0618649692e-09	4.74297319958e-06	1.76792406196	0.334685975895	0.327301485735
0.0798566445562	3.2113564383e-09	3.94238779142e-06	1.76812074463	0.334489297915	0.327436665349
0.0798566451836	2.53435214355e-09	3.30182403922e-06	1.76830783499	0.334302211302	0.327565405262
0.0798566456797	2.00003772958e-09	2.7655057225e-06	1.76848414219	0.334125907051	0.327686861945
0.079856646072	1.57833925046e-09	2.31646666344e-06	1.76865027428	0.333959777303	0.327801430753
0.0798566463821	1.24554453612e-09	1.94032779667e-06	1.76880680342	0.333803250005	0.327909485329
0.0798566466266	9.83528801316e-10	1.61305818801e-06	1.76895428382	0.333655771064	0.328011389594
0.0798566468194	7.77272213323e-10	1.33634340743e-06	1.76909437508	0.333515680945	0.328108274743
0.079856646972	6.14252157892e-10	1.10767214803e-06	1.76922801922	0.333382037717	0.328200779832
0.0798566470935	4.84698443736e-10	9.28184092089e-07	1.76935544297	0.333254614686	0.328289050966
0.0798566471895	3.82467048708e-10	7.77777031901e-07	1.76947544165	0.333134616579	0.328372242485
0.0798566472651	3.02001131082e-10	6.41349033707e-07	1.76958844738	0.333021611294	0.328450642832
0.079856647324	2.39336102141e-10	5.21504513649e-07	1.7696966633	0.332913395718	0.32852577186
0.0798566473716	1.88844605844e-10	4.37167036955e-07	1.76980213503	0.332807924274	0.328599044464
0.0798566474092	1.49001498781e-10	3.6650800348e-07	1.76990141534	0.332708644186	0.328668059811
0.0798566474389	1.17559170823e-10	3.0736799197e-07	1.76999485517	0.332615204534	0.328733054124
0.0798566474623	9.27511601072e-11	2.57772853053e-07	1.77008276565	0.332527294196	0.328794236933
0.0798566474808	7.31773429338e-11	2.16223597673e-07	1.77016547255	0.332444587398	0.328851828852
0.0798566474954	5.77303478982e-11	1.81433916008e-07	1.77024326709	0.332366792952	0.328906027216
0.079856647507	4.55438891238e-11	1.52241367398e-07	1.77031641068	0.332293649427	0.328957009329
0.079856647516	3.59922434902e-11	1.25428990605e-07	1.77038518118	0.332224878978	0.329004964561
0.0798566475232	2.84596529752e-11	1.04297133252e-07	1.77045114789	0.33215891231	0.329050983986
0.0798566475289	2.24479730353e-11	8.76287404793e-08	1.7705138788	0.332096181439	0.329094763639
0.0798566475334	1.77061173768e-11	7.36240654672e-08	1.77057277229	0.332037287971	0.329135880784
0.0798566475369	1.39658798509e-11	6.18574635322e-08	1.77062806298	0.331981997305	0.329174496351
0.0798566475398	1.10149151187e-11	5.20246182214e-08	1.77067997113	0.331930089166	0.329210761659
0.079856647542	8.68618978119e-12	4.3781410908e-08	1.77072865019	0.331881410125	0.329244781659
0.0798566475437	6.84977665257e-12	3.68442595486e-08	1.77077426642	0.331835793907	0.329276670551
0.0798566475451	5.40160114202e-12	3.1006246111e-08	1.77081701244	0.331793047894	0.329306561219
0.0798566475462	4.2591915152e-12	2.61288519144e-08	1.77085706877	0.33175299157	0.329334578335
0.079856647547	3.35772160637e-12	2.20368731605e-08	1.77089454993	0.331715510414	0.329360800617
0.0798566475477	2.64704515411e-12	1.85857035642e-08	1.77092958547	0.331680474876	0.329385317469
0.0798566475483	2.08678265002e-12	1.56749971079e-08	1.77096233491	0.331647725439	0.329408239428
0.0798566475487	1.6449642475e-12	1.32410939627e-08	1.77099294737	0.331617112982	0.329429669916
0.079856647549	1.2963112336e-12	1.11985820099e-08	1.77102151457	0.331588545782	0.329449672304
0.0798566475493	1.02155422165e-12	9.47112834174e-09	1.77104813332	0.331561927032	0.329468313628
0.0798566475495	8.05031593605e-13	8.01013731112e-09	1.77107293648	0.331537123873	0.329485686271
0.0798566475496	6.34361327601e-13	6.78442410111e-09	1.77109604786	0.331514012499	0.329501876378
0.0798566475498	4.99681855694e-13	5.75704029347e-09	1.77111755	0.331492510357	0.329516941277
0.0798566475499	3.93595310953e-13	4.88523179949e-09	1.77113750986	0.331472550504	0.329530927426
0.07985664755	3.1003144659e-13	4.14544095784e-09	1.77115603802	0.331454022338	0.329543911933
0.07985664755	2.4425366757e-13	3.50273779936e-09	1.77117323717	0.331436823187	0.329555966416
0.0798566475501	1.9289076658e-13	2.91549324164e-09	1.77118927366	0.331420786701	0.329567207182
0.0798566475501	1.51867014426e-13	2.48476360175e-09	1.77120448887	0.331405571495	0.329577873315
0.0798566475501	1.19537070212e-13	2.11994656745e-09	1.77121854483	0.331391515533	0.329587727699
0.0798566475502	9.40895456429e-14	1.80869149147e-09	1.77123151254	0.331378547819	0.329596819899
0.0798566475502	7.40593297473e-14	1.54313470552e-09	1.77124347625	0.331366584109	0.329605208805
0.0798566475502	5.82931941333e-14	1.31656699275e-09	1.77125451368	0.33135554668	0.329612948764
0.0798566475502	4.58818133217e-14	1.1241565584e-09	1.77126469654	0.331345363822	0.329620089931
0.0798566475502	3.60903252462e-14	9.63847102707e-10	1.7712740832	0.331335977161	0.329626673133
0.0798566475502	2.83883884547e-14	8.26398109688e-10	1.77128269477	0.331327365587	0.32963271308
0.0798566475502	2.23300875937e-14	7.08549702302e-10	1.77129059526	0.331319465105	0.32963825457
0.0798566475502	1.75646653239e-14	6.07506842926e-10	1.77129784336	0.331312217001	0.329643338715
0.0798566475502	1.38162160615e-14	5.20873053277e-10	1.77130449295	0.33130556741	0.32964800324
0.0798566475502	1.08673548565e-14	4.46930122193e-10	1.77131059345	0.331299466912	0.329652282759
0.0798566475502	8.54320554789e-15	3.84853035706e-10	1.77131618579	0.331293874568	0.329656205951
0.0798566475502	6.71610822555e-15	3.31398163363e-10	1.77132129128	0.331288769081	0.329659787719
0.0798566475503	5.27976210937e-15	2.85367938256e-10	1.77132595229	0.331284108068	0.329663057764
0.0798566475503	4.15059995209e-15	2.45731123544e-10	1.77133020752	0.331279852837	0.329666043206
0.0798566475503	3.26292629709e-15	2.11599711691e-10	1.7713340923	0.331275968061	0.329668768809
0.0798566475503	2.56509543888e-15	1.82209033302e-10	1.77133763887	0.331272421491	0.32967125718
0.0798566475503	2.01650642601e-15	1.56900811163e-10	1.77134087668	0.331269183684	0.329673528964
0.0798566475503	1.58524207192e-15	1.35107796213e-10	1.7713438326	0.331266227764	0.329675603003
0.0798566475503	1.24621070069e-15	1.16341744969e-10	1.77134653117	0.331263529191	0.329677496507
0.0798566475503	9.79686845995e-16	1.00182227452e-10	1.7713489948	0.331261065559	0.329679225188
0.0798566475503	7.7016361971e-16	8.62672085746e-11	1.77135124394	0.331258816416	0.32968080339
0.0798566475503	6.05450513577e-16	7.42849376345e-11	1.77135329727	0.331256763088	0.32968224421
0.0798566475503	4.75964146112e-16	6.39669642518e-11	1.77135517183	0.331254888526	0.329683559605
0.0798566475503	3.74170688027e-16	5.50821368808e-11	1.77135688319	0.331253177169	0.329684760492
0.0798566475503	2.94147522711e-16	4.74314053837e-11	1.77135844555	0.331251614806	0.329685856838
0.0798566475503	2.31238731545e-16	4.08433329774e-11	1.77135987189	0.331250188469	0.329686857742
0.0798566475503	1.81784109292e-16	3.51703207527e-11	1.77136117405	0.331248886313	0.329687771512
0.0798566475503	1.42906246886e-16	3.02852705409e-11	1.77136236283	0.331247697527	0.329688605732
0.0798566475503	1.12343117954e-16	2.60787374921e-11	1.77136344812	0.331246612241	0.329689367327
0.0798566475503	8.83164692233e-17	2.2456478138e-11	1.77136443892	0.331245621445	0.32969006262
0.0798566475503	6.94283576577e-17	1.93373390072e-11	1.77136534345	0.331244716911	0.329690697381
0.0798566475503	5.4579813887e-17	1.66514421677e-11	1.77136616923	0.331243891129	0.329691276881
0.0798566475503	4.29069030686e-17	1.43386094404e-11	1.77136692312	0.331243137243	0.32969180593
0.0798566475503	3.37304600149e-17	1.23470214533e-11	1.77136761137	0.331242448994	0.329692288919
0.0798566475503	2.6516569467e-17	1.06320584753e-11	1.77136823969	0.331241820666	0.32969272986
0.0798566475503	2.08455035549e-17	9.15529827469e-12	1.77136881332	0.331241247044	0.329693132411
0.0798566475503	1.63873008104e-17	7.88365531652e-12	1.771369337	0.331240723364	0.329693499916
0.0798566475503	1.28825680277e-17	6.78863951922e-12	1.77136981508	0.331240245278	0.329693835425
0.0798566475503	1.01273879777e-17	5.8457179665e-12	1.77137025154	0.331239808816	0.329694141724
0.0798566475503	7.96145471536e-18	5.03376607162e-12	1.77137065001	0.331239410355	0.329694421356
0.0798566475503	6.25874699974e-18	4.33459173475e-12	1.77137101378	0.331239046586	0.329694676642
0.0798566475503	4.92019541281e-18	3.7325304614e-12	1.77137134587	0.331238714488	0.329694909703
0.0798566475503	3.8679183415e-18	3.21409357294e-12	1.77137164906	0.331238411304	0.329695122472
0.0798566475503	3.04069060499e-18	2.76766592017e-12	1.77137192584	0.331238134517	0.329695316717
0.0798566475503	2.39038116959e-18	2.38324565727e-12	1.77137217853	0.331237881829	0.329695494051
0.0798566475503	1.87915272323e-18	2.05222016017e-12	1.77137240922	0.331237651141	0.329695655945
0.0798566475503	1.47726017085e-18	1.76717310254e-12	1.77137261982	0.331237440537	0.329695803744
0.0798566475503	1.16131995477e-18	1.52171829021e-12	1.77137281209	0.33123724827	0.329695938675
0.0798566475503	9.12949556946e-19	1.31035637159e-12	1.77137298762	0.331237072743	0.329696061859
0.0798566475503	7.1769789149e-19	1.12835195449e-12	1.77137314786	0.331236912498	0.329696174317
0.0798566475503	5.64204510012e-19	9.71627376776e-13	1.77137329416	0.331236766204	0.329696276985
0.0798566475503	4.43538610748e-19	8.36671350016e-13	1.77137342771	0.331236632648	0.329696370713
0.0798566475503	3.4867941291e-19	7.20460292125e-13	1.77137354964	0.33123651072	0.329696456282
0.0798566475503	2.74107662699e-19	6.20390586647e-13	1.77137366095	0.331236399407	0.3296965344
0.0798566475503	2.15484503182e-19	5.34220263223e-13	1.77137376257	0.331236297786	0.329696605717
0.0798566475503	1.69399024073e-19	4.60018736703e-13	1.77137385535	0.331236205013	0.329696670825
0.0798566475503	1.33169804507e-19	3.9612356887e-13	1.77137394004	0.331236120317	0.329696730264
0.0798566475503	1.04688895466e-19	3.41103239267e-13	1.77137401737	0.331236042995	0.329696784528
0.0798566475503	8.22991729451e-20	2.93725061005e-13	1.77137408796	0.331235972405	0.329696834068
0.0798566475503	6.46979204671e-20	2.52927563432e-13	1.7713741524	0.331235907961	0.329696879294
0.0798566475503	5.08610322966e-20	2.17796710769e-13	1.77137421123	0.331235849128	0.329696920583
0.0798566475503	3.99834272341e-20	1.87545423884e-13	1.77137426494	0.331235795417	0.329696958277
0.0798566475503	3.14322059904e-20	1.61495949238e-13	1.77137431398	0.331235746383	0.329696992689
0.0798566475503	2.47098269797e-20	1.39064665612e-13	1.77137435874	0.331235701618	0.329697024105
0.0798566475503	1.9425157355e-20	1.19749017074e-13	1.77137439961	0.33123566075	0.329697052786
0.0798566475503	1.5270715471e-20	1.03116251713e-13	1.77137443692	0.33123562344	0.32969707897
0.0798566475503	1.20047805071e-20	8.87937254871e-14	1.77137447098	0.331235589379	0.329697102874
0.0798566475503	9.43732826007e-21	7.64605534312e-14	1.77137450208	0.331235558284	0.329697124697
0.0798566475503	7.41897483542e-21	6.58404204883e-14	1.77137453047	0.331235529895	0.32969714462
0.0798566475503	5.83228494073e-21	5.66953909623e-14	1.77137455638	0.331235503979	0.329697162808
0.0798566475503	4.58493906155e-21	4.88205779731e-14	1.77137458004	0.331235480318	0.329697179413
0.0798566475503	3.60436199116e-21	4.20395519039e-14	1.77137460164	0.331235458718	0.329697194572
0.0798566475503	2.83350011167e-21	3.62003891788e-14	1.77137462136	0.331235438999	0.329697208411
0.0798566475503	2.22750181335e-21	3.11722679281e-14	1.77137463937	0.331235420996	0.329697221045
0.0798566475503	1.75110786182e-21	2.68425370288e-14	1.7713746558	0.331235404561	0.329697232579
0.0798566475503	1.37659988498e-21	2.31141922452e-14	1.7713746708	0.331235389556	0.329697243109
0.0798566475503	1.08218761538e-21	1.99037029254e-14	1.7713746845	0.331235375858	0.329697252723
0.0798566475503	8.50741051464e-22	1.71391406023e-14	1.77137469701	0.331235363353	0.329697261499
0.0798566475503	6.68793770388e-22	1.47585674072e-14	1.77137470842	0.331235351936	0.329697269511
0.0798566475503	5.25759402544e-22	1.27086484004e-14	1.77137471885	0.331235341514	0.329697276825
0.0798566475503	4.13315675763e-22	1.09434567484e-14	1.77137472836	0.331235331999	0.329697283503
0.0798566475503	3.24920195219e-22	9.42344471099e-15	1.77137473705	0.331235323312	0.329697289599
0.0798566475503	2.55429782574e-22	8.11455760532e-15	1.77137474498	0.331235315381	0.329697295165
0.0798566475503	2.00801226727e-22	6.98747083746e-15	1.77137475222	0.331235308142	0.329697300246
